UChXOhG9bRDb3vSTg-qkPAZg,Gweilo-60,2019-03-14 17:30:51.886947,11131,0
UChXOhG9bRDb3vSTg-qkPAZg,Gweilo-60,2019-03-14 17:29:50.482687,11131,0
UChXOhG9bRDb3vSTg-qkPAZg,Gweilo-60,2019-03-14 17:28:51.629588,11131,0
UChXOhG9bRDb3vSTg-qkPAZg,Gweilo-60,2019-03-14 17:27:51.449132,11131,0
UChXOhG9bRDb3vSTg-qkPAZg,Gweilo-60,2019-03-14 17:26:51.263559,11131,0
UChXOhG9bRDb3vSTg-qkPAZg,Gweilo-60,2019-03-14 17:25:51.604603,11131,0
UChXOhG9bRDb3vSTg-qkPAZg,Gweilo-60,2019-03-14 17:24:51.774918,11131,0
UChXOhG9bRDb3vSTg-qkPAZg,Gweilo-60,2019-03-14 17:23:51.338049,11131,0
UChXOhG9bRDb3vSTg-qkPAZg,Gweilo-60,2019-03-14 17:22:51.396261,11131,0
UChXOhG9bRDb3vSTg-qkPAZg,Gweilo-60,2019-03-14 17:21:51.244867,11131,0
UChXOhG9bRDb3vSTg-qkPAZg,Gweilo-60,2019-03-14 17:20:51.251866,11131,0
UChXOhG9bRDb3vSTg-qkPAZg,Gweilo-60,2019-03-14 17:19:52.013156,11131,0
UChXOhG9bRDb3vSTg-qkPAZg,Gweilo-60,2019-03-14 17:18:51.345459,11131,0
UChXOhG9bRDb3vSTg-qkPAZg,Gweilo-60,2019-03-14 17:17:51.324943,11131,0
UChXOhG9bRDb3vSTg-qkPAZg,Gweilo-60,2019-03-14 17:16:51.55073,11131,0
UChXOhG9bRDb3vSTg-qkPAZg,Gweilo-60,2019-03-14 17:15:52.006605,11131,0
UChXOhG9bRDb3vSTg-qkPAZg,Gweilo-60,2019-03-14 17:14:51.719274,11131,0
UChXOhG9bRDb3vSTg-qkPAZg,Gweilo-60,2019-03-14 17:13:51.108656,11131,0
UChXOhG9bRDb3vSTg-qkPAZg,Gweilo-60,2019-03-14 17:12:51.615848,11131,0
UChXOhG9bRDb3vSTg-qkPAZg,Gweilo-60,2019-03-14 17:11:51.61672,11131,0
UChXOhG9bRDb3vSTg-qkPAZg,Gweilo-60,2019-03-14 17:10:51.360529,11131,0
UChXOhG9bRDb3vSTg-qkPAZg,Gweilo-60,2019-03-14 17:09:51.729168,11131,0
UChXOhG9bRDb3vSTg-qkPAZg,Gweilo-60,2019-03-14 17:08:51.645758,11131,0
UChXOhG9bRDb3vSTg-qkPAZg,Gweilo-60,2019-03-14 17:07:51.794735,11131,0
UChXOhG9bRDb3vSTg-qkPAZg,Gweilo-60,2019-03-14 17:06:51.992165,11131,0
UChXOhG9bRDb3vSTg-qkPAZg,Gweilo-60,2019-03-14 17:05:51.310953,11131,0
UChXOhG9bRDb3vSTg-qkPAZg,Gweilo-60,2019-03-14 17:04:51.525064,11131,0
UChXOhG9bRDb3vSTg-qkPAZg,Gweilo-60,2019-03-14 17:03:51.776076,11131,0
UChXOhG9bRDb3vSTg-qkPAZg,Gweilo-60,2019-03-14 17:02:52.095672,11131,0
UChXOhG9bRDb3vSTg-qkPAZg,Gweilo-60,2019-03-14 17:01:51.31863,11131,0
UChXOhG9bRDb3vSTg-qkPAZg,Gweilo-60,2019-03-14 17:00:51.207823,11131,0
UChXOhG9bRDb3vSTg-qkPAZg,Gweilo-60,2019-03-14 16:59:51.190737,11131,0
UChXOhG9bRDb3vSTg-qkPAZg,Gweilo-60,2019-03-14 16:58:51.911697,11131,0
UChXOhG9bRDb3vSTg-qkPAZg,Gweilo-60,2019-03-14 16:57:51.521727,11131,0
UChXOhG9bRDb3vSTg-qkPAZg,Gweilo-60,2019-03-14 16:56:51.644791,11131,0
UChXOhG9bRDb3vSTg-qkPAZg,Gweilo-60,2019-03-14 16:55:51.556454,11131,0
UChXOhG9bRDb3vSTg-qkPAZg,Gweilo-60,2019-03-14 16:54:52.074023,11131,0
UChXOhG9bRDb3vSTg-qkPAZg,Gweilo-60,2019-03-14 16:53:51.134051,11131,0
UChXOhG9bRDb3vSTg-qkPAZg,Gweilo-60,2019-03-14 16:52:51.003858,11131,0
UChXOhG9bRDb3vSTg-qkPAZg,Gweilo-60,2019-03-14 16:51:50.746522,11131,0
UChXOhG9bRDb3vSTg-qkPAZg,Gweilo-60,2019-03-14 16:50:51.871867,11131,0
UChXOhG9bRDb3vSTg-qkPAZg,Gweilo-60,2019-03-14 16:49:51.4578,11131,0
UChXOhG9bRDb3vSTg-qkPAZg,Gweilo-60,2019-03-14 16:48:51.789272,11131,0
UChXOhG9bRDb3vSTg-qkPAZg,Gweilo-60,2019-03-14 16:47:53.44698,11131,0
UChXOhG9bRDb3vSTg-qkPAZg,Gweilo-60,2019-03-14 16:46:51.154612,11131,0
UChXOhG9bRDb3vSTg-qkPAZg,Gweilo-60,2019-03-14 16:45:51.506085,11131,0
UChXOhG9bRDb3vSTg-qkPAZg,Gweilo-60,2019-03-14 16:44:51.310233,11131,0
UChXOhG9bRDb3vSTg-qkPAZg,Gweilo-60,2019-03-14 16:43:50.997357,11131,0
UChXOhG9bRDb3vSTg-qkPAZg,Gweilo-60,2019-03-14 16:42:53.64397,11131,0
UChXOhG9bRDb3vSTg-qkPAZg,Gweilo-60,2019-03-14 16:41:51.38685,11131,0
UChXOhG9bRDb3vSTg-qkPAZg,Gweilo-60,2019-03-14 16:40:51.352324,11131,0
UChXOhG9bRDb3vSTg-qkPAZg,Gweilo-60,2019-03-14 16:39:51.159104,11131,0
UChXOhG9bRDb3vSTg-qkPAZg,Gweilo-60,2019-03-14 16:38:51.197596,11131,0
UChXOhG9bRDb3vSTg-qkPAZg,Gweilo-60,2019-03-14 16:37:51.58047,11131,0
UChXOhG9bRDb3vSTg-qkPAZg,Gweilo-60,2019-03-14 16:36:51.390817,11131,0
UChXOhG9bRDb3vSTg-qkPAZg,Gweilo-60,2019-03-14 16:35:51.055048,11131,0
UChXOhG9bRDb3vSTg-qkPAZg,Gweilo-60,2019-03-14 16:34:51.39769,11131,0
UChXOhG9bRDb3vSTg-qkPAZg,Gweilo-60,2019-03-14 16:33:52.416578,11131,0
UChXOhG9bRDb3vSTg-qkPAZg,Gweilo-60,2019-03-14 16:32:51.551195,11131,0
UChXOhG9bRDb3vSTg-qkPAZg,Gweilo-60,2019-03-14 16:31:51.180645,11131,0
UChXOhG9bRDb3vSTg-qkPAZg,Gweilo-60,2019-03-14 16:30:51.260061,11131,0
UChXOhG9bRDb3vSTg-qkPAZg,Gweilo-60,2019-03-14 16:29:51.032572,11131,0
UChXOhG9bRDb3vSTg-qkPAZg,Gweilo-60,2019-03-14 16:28:51.325888,11131,0
UChXOhG9bRDb3vSTg-qkPAZg,Gweilo-60,2019-03-14 16:27:51.145592,11131,0
UChXOhG9bRDb3vSTg-qkPAZg,Gweilo-60,2019-03-14 16:26:50.849854,11131,0
UChXOhG9bRDb3vSTg-qkPAZg,Gweilo-60,2019-03-14 16:25:51.608509,11131,0
UChXOhG9bRDb3vSTg-qkPAZg,Gweilo-60,2019-03-14 16:24:51.444302,11131,0
UChXOhG9bRDb3vSTg-qkPAZg,Gweilo-60,2019-03-14 16:23:51.256009,11131,0
UChXOhG9bRDb3vSTg-qkPAZg,Gweilo-60,2019-03-14 16:22:51.915862,11131,0
UChXOhG9bRDb3vSTg-qkPAZg,Gweilo-60,2019-03-14 16:21:52.013498,11131,0
UChXOhG9bRDb3vSTg-qkPAZg,Gweilo-60,2019-03-14 16:20:51.477016,11131,0
UChXOhG9bRDb3vSTg-qkPAZg,Gweilo-60,2019-03-14 16:19:51.516375,11131,0
UChXOhG9bRDb3vSTg-qkPAZg,Gweilo-60,2019-03-14 16:18:51.413826,11131,0
UChXOhG9bRDb3vSTg-qkPAZg,Gweilo-60,2019-03-14 16:17:51.198736,11131,0
UChXOhG9bRDb3vSTg-qkPAZg,Gweilo-60,2019-03-14 16:16:52.182107,11131,0
UChXOhG9bRDb3vSTg-qkPAZg,Gweilo-60,2019-03-14 16:15:51.075836,11131,0
UChXOhG9bRDb3vSTg-qkPAZg,Gweilo-60,2019-03-14 16:14:51.495073,11131,0
UChXOhG9bRDb3vSTg-qkPAZg,Gweilo-60,2019-03-14 16:13:51.636544,11131,0
UChXOhG9bRDb3vSTg-qkPAZg,Gweilo-60,2019-03-14 16:12:52.206869,11131,0
UChXOhG9bRDb3vSTg-qkPAZg,Gweilo-60,2019-03-14 16:11:51.20657,11131,0
UChXOhG9bRDb3vSTg-qkPAZg,Gweilo-60,2019-03-14 16:10:51.091039,11131,0
UChXOhG9bRDb3vSTg-qkPAZg,Gweilo-60,2019-03-14 16:09:51.173337,11131,0
UChXOhG9bRDb3vSTg-qkPAZg,Gweilo-60,2019-03-14 16:08:51.384423,11131,0
UChXOhG9bRDb3vSTg-qkPAZg,Gweilo-60,2019-03-14 16:07:51.867496,11131,0
UChXOhG9bRDb3vSTg-qkPAZg,Gweilo-60,2019-03-14 16:06:51.493991,11131,0
UChXOhG9bRDb3vSTg-qkPAZg,Gweilo-60,2019-03-14 16:05:51.90862,11131,0
UChXOhG9bRDb3vSTg-qkPAZg,Gweilo-60,2019-03-14 16:04:51.488147,11131,0
UChXOhG9bRDb3vSTg-qkPAZg,Gweilo-60,2019-03-14 16:03:53.018656,11131,0
UChXOhG9bRDb3vSTg-qkPAZg,Gweilo-60,2019-03-14 16:02:51.658312,11131,0
UChXOhG9bRDb3vSTg-qkPAZg,Gweilo-60,2019-03-14 16:01:51.709385,11131,0
UChXOhG9bRDb3vSTg-qkPAZg,Gweilo-60,2019-03-14 16:00:51.419685,11131,0
UChXOhG9bRDb3vSTg-qkPAZg,Gweilo-60,2019-03-14 15:59:51.508383,11131,0
UChXOhG9bRDb3vSTg-qkPAZg,Gweilo-60,2019-03-14 15:58:51.412037,11131,0
UChXOhG9bRDb3vSTg-qkPAZg,Gweilo-60,2019-03-14 15:57:51.116058,11131,0
UChXOhG9bRDb3vSTg-qkPAZg,Gweilo-60,2019-03-14 15:56:50.961394,11131,0
UChXOhG9bRDb3vSTg-qkPAZg,Gweilo-60,2019-03-14 15:55:51.548794,11131,0
UChXOhG9bRDb3vSTg-qkPAZg,Gweilo-60,2019-03-14 15:54:51.387311,11131,0
UChXOhG9bRDb3vSTg-qkPAZg,Gweilo-60,2019-03-14 15:53:51.354776,11131,0
UChXOhG9bRDb3vSTg-qkPAZg,Gweilo-60,2019-03-14 15:52:51.741135,11131,0
UChXOhG9bRDb3vSTg-qkPAZg,Gweilo-60,2019-03-14 15:51:52.5867,11131,0
UChXOhG9bRDb3vSTg-qkPAZg,Gweilo-60,2019-03-14 15:50:51.46841,11131,0
UChXOhG9bRDb3vSTg-qkPAZg,Gweilo-60,2019-03-14 15:49:51.911845,11131,0
UChXOhG9bRDb3vSTg-qkPAZg,Gweilo-60,2019-03-14 15:48:51.623943,11131,0
UChXOhG9bRDb3vSTg-qkPAZg,Gweilo-60,2019-03-14 15:47:51.045697,11131,0
UChXOhG9bRDb3vSTg-qkPAZg,Gweilo-60,2019-03-14 15:46:51.926292,11131,0
UChXOhG9bRDb3vSTg-qkPAZg,Gweilo-60,2019-03-14 15:45:51.331937,11131,0
UChXOhG9bRDb3vSTg-qkPAZg,Gweilo-60,2019-03-14 15:44:51.296423,11131,0
UChXOhG9bRDb3vSTg-qkPAZg,Gweilo-60,2019-03-14 15:43:51.460372,11131,0
UChXOhG9bRDb3vSTg-qkPAZg,Gweilo-60,2019-03-14 15:42:51.084343,11131,0
UChXOhG9bRDb3vSTg-qkPAZg,Gweilo-60,2019-03-14 15:41:52.179447,11131,0
UChXOhG9bRDb3vSTg-qkPAZg,Gweilo-60,2019-03-14 15:40:51.724646,11131,0
UChXOhG9bRDb3vSTg-qkPAZg,Gweilo-60,2019-03-14 15:39:50.708126,11131,0
UChXOhG9bRDb3vSTg-qkPAZg,Gweilo-60,2019-03-14 15:38:51.232884,11131,0
UChXOhG9bRDb3vSTg-qkPAZg,Gweilo-60,2019-03-14 15:37:51.336807,11131,0
UChXOhG9bRDb3vSTg-qkPAZg,Gweilo-60,2019-03-14 15:36:51.660324,11131,0
UChXOhG9bRDb3vSTg-qkPAZg,Gweilo-60,2019-03-14 15:35:51.368812,11131,0
UChXOhG9bRDb3vSTg-qkPAZg,Gweilo-60,2019-03-14 15:34:51.2814,11131,0
UChXOhG9bRDb3vSTg-qkPAZg,Gweilo-60,2019-03-14 15:33:51.820782,11131,0
UChXOhG9bRDb3vSTg-qkPAZg,Gweilo-60,2019-03-14 15:32:51.132945,11131,0
UChXOhG9bRDb3vSTg-qkPAZg,Gweilo-60,2019-03-14 15:31:52.059359,11131,0
UChXOhG9bRDb3vSTg-qkPAZg,Gweilo-60,2019-03-14 15:30:51.508614,11131,0
UChXOhG9bRDb3vSTg-qkPAZg,Gweilo-60,2019-03-14 15:29:51.139021,11131,0
UChXOhG9bRDb3vSTg-qkPAZg,Gweilo-60,2019-03-14 15:28:51.204433,11131,0
UChXOhG9bRDb3vSTg-qkPAZg,Gweilo-60,2019-03-14 15:27:51.246894,11131,0
UChXOhG9bRDb3vSTg-qkPAZg,Gweilo-60,2019-03-14 15:26:51.46912,11131,0
UChXOhG9bRDb3vSTg-qkPAZg,Gweilo-60,2019-03-14 15:25:53.088659,11131,0
UChXOhG9bRDb3vSTg-qkPAZg,Gweilo-60,2019-03-14 15:24:51.096011,11131,0
UChXOhG9bRDb3vSTg-qkPAZg,Gweilo-60,2019-03-14 15:23:51.292129,11131,0
UChXOhG9bRDb3vSTg-qkPAZg,Gweilo-60,2019-03-14 15:22:51.279942,11131,0
UChXOhG9bRDb3vSTg-qkPAZg,Gweilo-60,2019-03-14 15:21:51.915599,11131,0
UChXOhG9bRDb3vSTg-qkPAZg,Gweilo-60,2019-03-14 15:20:51.466664,11131,0
UChXOhG9bRDb3vSTg-qkPAZg,Gweilo-60,2019-03-14 15:19:51.14685,11131,0
UChXOhG9bRDb3vSTg-qkPAZg,Gweilo-60,2019-03-14 15:18:51.061832,11131,0
UChXOhG9bRDb3vSTg-qkPAZg,Gweilo-60,2019-03-14 15:17:51.774654,11131,0
UChXOhG9bRDb3vSTg-qkPAZg,Gweilo-60,2019-03-14 15:16:51.350354,11131,0
UChXOhG9bRDb3vSTg-qkPAZg,Gweilo-60,2019-03-14 15:15:51.383411,11131,0
UChXOhG9bRDb3vSTg-qkPAZg,Gweilo-60,2019-03-14 15:14:51.490978,11131,0
UChXOhG9bRDb3vSTg-qkPAZg,Gweilo-60,2019-03-14 15:13:51.400744,11131,0
UChXOhG9bRDb3vSTg-qkPAZg,Gweilo-60,2019-03-14 15:12:51.341937,11131,0
UChXOhG9bRDb3vSTg-qkPAZg,Gweilo-60,2019-03-14 15:11:51.210411,11131,0
UChXOhG9bRDb3vSTg-qkPAZg,Gweilo-60,2019-03-14 15:10:52.278087,11131,0
UChXOhG9bRDb3vSTg-qkPAZg,Gweilo-60,2019-03-14 15:09:51.661701,11131,0
UChXOhG9bRDb3vSTg-qkPAZg,Gweilo-60,2019-03-14 15:08:51.182168,11131,0
UChXOhG9bRDb3vSTg-qkPAZg,Gweilo-60,2019-03-14 15:07:50.770589,11131,0
UChXOhG9bRDb3vSTg-qkPAZg,Gweilo-60,2019-03-14 15:06:51.071692,11131,0
UChXOhG9bRDb3vSTg-qkPAZg,Gweilo-60,2019-03-14 15:05:51.31603,11131,0
UChXOhG9bRDb3vSTg-qkPAZg,Gweilo-60,2019-03-14 15:04:51.740144,11131,0
UChXOhG9bRDb3vSTg-qkPAZg,Gweilo-60,2019-03-14 15:03:51.200002,11131,0
UChXOhG9bRDb3vSTg-qkPAZg,Gweilo-60,2019-03-14 15:02:51.540558,11131,0
UChXOhG9bRDb3vSTg-qkPAZg,Gweilo-60,2019-03-14 15:01:51.269065,11131,0
UChXOhG9bRDb3vSTg-qkPAZg,Gweilo-60,2019-03-14 15:00:51.699657,11131,0
UChXOhG9bRDb3vSTg-qkPAZg,Gweilo-60,2019-03-14 14:59:51.995803,11131,0
UChXOhG9bRDb3vSTg-qkPAZg,Gweilo-60,2019-03-14 14:58:51.573005,11131,0
UChXOhG9bRDb3vSTg-qkPAZg,Gweilo-60,2019-03-14 14:57:51.661031,11131,0
UChXOhG9bRDb3vSTg-qkPAZg,Gweilo-60,2019-03-14 14:56:51.473517,11131,0
UChXOhG9bRDb3vSTg-qkPAZg,Gweilo-60,2019-03-14 14:55:51.314166,11131,0
UChXOhG9bRDb3vSTg-qkPAZg,Gweilo-60,2019-03-14 14:54:51.391509,11131,0
UChXOhG9bRDb3vSTg-qkPAZg,Gweilo-60,2019-03-14 14:53:51.748176,11131,0
UChXOhG9bRDb3vSTg-qkPAZg,Gweilo-60,2019-03-14 14:52:51.333809,11131,0
UChXOhG9bRDb3vSTg-qkPAZg,Gweilo-60,2019-03-14 14:51:51.220664,11131,0
UChXOhG9bRDb3vSTg-qkPAZg,Gweilo-60,2019-03-14 14:50:51.123782,11131,0
UChXOhG9bRDb3vSTg-qkPAZg,Gweilo-60,2019-03-14 14:49:51.310793,11131,0
UChXOhG9bRDb3vSTg-qkPAZg,Gweilo-60,2019-03-14 14:48:51.28517,11131,0
UChXOhG9bRDb3vSTg-qkPAZg,Gweilo-60,2019-03-14 14:47:50.602484,11131,0
UChXOhG9bRDb3vSTg-qkPAZg,Gweilo-60,2019-03-14 14:46:51.28467,11131,0
UChXOhG9bRDb3vSTg-qkPAZg,Gweilo-60,2019-03-14 14:45:51.387652,11131,0
UChXOhG9bRDb3vSTg-qkPAZg,Gweilo-60,2019-03-14 14:44:51.356328,11131,0
UChXOhG9bRDb3vSTg-qkPAZg,Gweilo-60,2019-03-14 14:43:52.225854,11131,1
UChXOhG9bRDb3vSTg-qkPAZg,Gweilo-60,2019-03-14 14:42:51.89315,11130,0
UChXOhG9bRDb3vSTg-qkPAZg,Gweilo-60,2019-03-14 14:41:51.360584,11130,0
UChXOhG9bRDb3vSTg-qkPAZg,Gweilo-60,2019-03-14 14:40:51.087959,11130,0
UChXOhG9bRDb3vSTg-qkPAZg,Gweilo-60,2019-03-14 14:39:51.45562,11130,0
UChXOhG9bRDb3vSTg-qkPAZg,Gweilo-60,2019-03-14 14:38:51.286253,11130,0
UChXOhG9bRDb3vSTg-qkPAZg,Gweilo-60,2019-03-14 14:37:51.514095,11130,0
UChXOhG9bRDb3vSTg-qkPAZg,Gweilo-60,2019-03-14 14:36:51.100387,11130,0
UChXOhG9bRDb3vSTg-qkPAZg,Gweilo-60,2019-03-14 14:35:54.457737,11130,0
UChXOhG9bRDb3vSTg-qkPAZg,Gweilo-60,2019-03-14 14:34:51.594253,11130,0
UChXOhG9bRDb3vSTg-qkPAZg,Gweilo-60,2019-03-14 14:33:51.299413,11130,0
UChXOhG9bRDb3vSTg-qkPAZg,Gweilo-60,2019-03-14 14:32:51.102213,11130,0
UChXOhG9bRDb3vSTg-qkPAZg,Gweilo-60,2019-03-14 14:31:51.497723,11130,0
UChXOhG9bRDb3vSTg-qkPAZg,Gweilo-60,2019-03-14 14:30:51.115061,11130,0
UChXOhG9bRDb3vSTg-qkPAZg,Gweilo-60,2019-03-14 14:29:51.341809,11130,0
UChXOhG9bRDb3vSTg-qkPAZg,Gweilo-60,2019-03-14 14:28:51.470057,11130,0
UChXOhG9bRDb3vSTg-qkPAZg,Gweilo-60,2019-03-14 14:27:51.136223,11130,0
UChXOhG9bRDb3vSTg-qkPAZg,Gweilo-60,2019-03-14 14:26:51.301417,11130,0
UChXOhG9bRDb3vSTg-qkPAZg,Gweilo-60,2019-03-14 14:25:51.509727,11130,0
UChXOhG9bRDb3vSTg-qkPAZg,Gweilo-60,2019-03-14 14:24:51.704051,11130,0
UChXOhG9bRDb3vSTg-qkPAZg,Gweilo-60,2019-03-14 14:23:51.270713,11130,0
UChXOhG9bRDb3vSTg-qkPAZg,Gweilo-60,2019-03-14 14:22:51.824834,11130,0
UChXOhG9bRDb3vSTg-qkPAZg,Gweilo-60,2019-03-14 14:21:51.794188,11130,0
UChXOhG9bRDb3vSTg-qkPAZg,Gweilo-60,2019-03-14 14:20:51.334952,11130,0
UChXOhG9bRDb3vSTg-qkPAZg,Gweilo-60,2019-03-14 14:19:51.348624,11130,0
UChXOhG9bRDb3vSTg-qkPAZg,Gweilo-60,2019-03-14 14:18:51.729904,11130,0
UChXOhG9bRDb3vSTg-qkPAZg,Gweilo-60,2019-03-14 14:17:51.147528,11130,0
UChXOhG9bRDb3vSTg-qkPAZg,Gweilo-60,2019-03-14 14:16:51.255855,11130,0
UChXOhG9bRDb3vSTg-qkPAZg,Gweilo-60,2019-03-14 14:15:51.311188,11130,0
UChXOhG9bRDb3vSTg-qkPAZg,Gweilo-60,2019-03-14 14:14:51.620362,11130,0
UChXOhG9bRDb3vSTg-qkPAZg,Gweilo-60,2019-03-14 14:13:51.682031,11130,0
UChXOhG9bRDb3vSTg-qkPAZg,Gweilo-60,2019-03-14 14:12:51.482068,11130,0
UChXOhG9bRDb3vSTg-qkPAZg,Gweilo-60,2019-03-14 14:11:51.176233,11130,0
UChXOhG9bRDb3vSTg-qkPAZg,Gweilo-60,2019-03-14 14:10:50.956468,11130,0
UChXOhG9bRDb3vSTg-qkPAZg,Gweilo-60,2019-03-14 14:09:51.290314,11130,0
UChXOhG9bRDb3vSTg-qkPAZg,Gweilo-60,2019-03-14 14:08:51.921744,11130,0
UChXOhG9bRDb3vSTg-qkPAZg,Gweilo-60,2019-03-14 14:07:51.521685,11130,0
UChXOhG9bRDb3vSTg-qkPAZg,Gweilo-60,2019-03-14 14:06:51.227113,11130,0
UChXOhG9bRDb3vSTg-qkPAZg,Gweilo-60,2019-03-14 14:05:51.772186,11130,0
UChXOhG9bRDb3vSTg-qkPAZg,Gweilo-60,2019-03-14 14:04:51.519205,11130,0
UChXOhG9bRDb3vSTg-qkPAZg,Gweilo-60,2019-03-14 14:03:51.972505,11130,0
UChXOhG9bRDb3vSTg-qkPAZg,Gweilo-60,2019-03-14 14:02:51.717098,11130,0
UChXOhG9bRDb3vSTg-qkPAZg,Gweilo-60,2019-03-14 14:01:51.077755,11130,0
UChXOhG9bRDb3vSTg-qkPAZg,Gweilo-60,2019-03-14 14:00:51.451043,11130,0
UChXOhG9bRDb3vSTg-qkPAZg,Gweilo-60,2019-03-14 13:59:51.494448,11130,0
UChXOhG9bRDb3vSTg-qkPAZg,Gweilo-60,2019-03-14 13:58:50.751988,11130,0
UChXOhG9bRDb3vSTg-qkPAZg,Gweilo-60,2019-03-14 13:57:50.912399,11130,0
UChXOhG9bRDb3vSTg-qkPAZg,Gweilo-60,2019-03-14 13:56:51.808844,11130,0
UChXOhG9bRDb3vSTg-qkPAZg,Gweilo-60,2019-03-14 13:55:51.301247,11130,0
UChXOhG9bRDb3vSTg-qkPAZg,Gweilo-60,2019-03-14 13:54:51.465765,11130,0
UChXOhG9bRDb3vSTg-qkPAZg,Gweilo-60,2019-03-14 13:53:51.774275,11130,0
UChXOhG9bRDb3vSTg-qkPAZg,Gweilo-60,2019-03-14 13:52:51.06996,11130,0
UChXOhG9bRDb3vSTg-qkPAZg,Gweilo-60,2019-03-14 13:51:51.439666,11130,0
UChXOhG9bRDb3vSTg-qkPAZg,Gweilo-60,2019-03-14 13:50:51.86231,11130,0
UChXOhG9bRDb3vSTg-qkPAZg,Gweilo-60,2019-03-14 13:49:51.481521,11130,0
UChXOhG9bRDb3vSTg-qkPAZg,Gweilo-60,2019-03-14 13:48:51.034928,11130,0
UChXOhG9bRDb3vSTg-qkPAZg,Gweilo-60,2019-03-14 13:47:50.943406,11130,0
UChXOhG9bRDb3vSTg-qkPAZg,Gweilo-60,2019-03-14 13:46:51.128115,11130,0
UChXOhG9bRDb3vSTg-qkPAZg,Gweilo-60,2019-03-14 13:45:50.949355,11130,0
UChXOhG9bRDb3vSTg-qkPAZg,Gweilo-60,2019-03-14 13:44:51.193456,11130,0
UChXOhG9bRDb3vSTg-qkPAZg,Gweilo-60,2019-03-14 13:43:51.233406,11130,0
UChXOhG9bRDb3vSTg-qkPAZg,Gweilo-60,2019-03-14 13:42:51.927479,11130,0
UChXOhG9bRDb3vSTg-qkPAZg,Gweilo-60,2019-03-14 13:41:51.800905,11130,0
UChXOhG9bRDb3vSTg-qkPAZg,Gweilo-60,2019-03-14 13:40:51.164167,11130,0
UChXOhG9bRDb3vSTg-qkPAZg,Gweilo-60,2019-03-14 13:39:51.813068,11130,0
UChXOhG9bRDb3vSTg-qkPAZg,Gweilo-60,2019-03-14 13:38:51.497787,11130,0
UChXOhG9bRDb3vSTg-qkPAZg,Gweilo-60,2019-03-14 13:37:51.507123,11130,0
UChXOhG9bRDb3vSTg-qkPAZg,Gweilo-60,2019-03-14 13:36:51.540332,11130,0
UChXOhG9bRDb3vSTg-qkPAZg,Gweilo-60,2019-03-14 13:35:52.108455,11130,0
UChXOhG9bRDb3vSTg-qkPAZg,Gweilo-60,2019-03-14 13:34:51.036852,11130,0
UChXOhG9bRDb3vSTg-qkPAZg,Gweilo-60,2019-03-14 13:33:51.51218,11130,0
UChXOhG9bRDb3vSTg-qkPAZg,Gweilo-60,2019-03-14 13:32:51.516561,11130,0
UChXOhG9bRDb3vSTg-qkPAZg,Gweilo-60,2019-03-14 13:31:51.52284,11130,-1
UChXOhG9bRDb3vSTg-qkPAZg,Gweilo-60,2019-03-14 13:30:51.466538,11131,0
UChXOhG9bRDb3vSTg-qkPAZg,Gweilo-60,2019-03-14 13:29:51.670868,11131,0
UChXOhG9bRDb3vSTg-qkPAZg,Gweilo-60,2019-03-14 13:28:51.759593,11131,0
UChXOhG9bRDb3vSTg-qkPAZg,Gweilo-60,2019-03-14 13:27:51.064923,11131,0
UChXOhG9bRDb3vSTg-qkPAZg,Gweilo-60,2019-03-14 13:26:51.055671,11131,0
UChXOhG9bRDb3vSTg-qkPAZg,Gweilo-60,2019-03-14 13:25:51.224243,11131,0
UChXOhG9bRDb3vSTg-qkPAZg,Gweilo-60,2019-03-14 13:24:51.680703,11131,0
UChXOhG9bRDb3vSTg-qkPAZg,Gweilo-60,2019-03-14 13:23:51.127237,11131,0
UChXOhG9bRDb3vSTg-qkPAZg,Gweilo-60,2019-03-14 13:22:51.23933,11131,0
UChXOhG9bRDb3vSTg-qkPAZg,Gweilo-60,2019-03-14 13:21:51.944694,11131,0
UChXOhG9bRDb3vSTg-qkPAZg,Gweilo-60,2019-03-14 13:20:51.238991,11131,0
UChXOhG9bRDb3vSTg-qkPAZg,Gweilo-60,2019-03-14 13:19:51.212506,11131,0
UChXOhG9bRDb3vSTg-qkPAZg,Gweilo-60,2019-03-14 13:18:51.080172,11131,0
UChXOhG9bRDb3vSTg-qkPAZg,Gweilo-60,2019-03-14 13:17:51.53421,11131,1
UChXOhG9bRDb3vSTg-qkPAZg,Gweilo-60,2019-03-14 13:16:51.588807,11130,0
UChXOhG9bRDb3vSTg-qkPAZg,Gweilo-60,2019-03-14 13:15:51.948946,11130,0
UChXOhG9bRDb3vSTg-qkPAZg,Gweilo-60,2019-03-14 13:14:51.806789,11130,0
UChXOhG9bRDb3vSTg-qkPAZg,Gweilo-60,2019-03-14 13:13:51.001182,11130,0
UChXOhG9bRDb3vSTg-qkPAZg,Gweilo-60,2019-03-14 13:12:51.488864,11130,0
UChXOhG9bRDb3vSTg-qkPAZg,Gweilo-60,2019-03-14 13:11:51.471341,11130,0
UChXOhG9bRDb3vSTg-qkPAZg,Gweilo-60,2019-03-14 13:10:51.637241,11130,0
UChXOhG9bRDb3vSTg-qkPAZg,Gweilo-60,2019-03-14 13:09:51.32401,11130,0
UChXOhG9bRDb3vSTg-qkPAZg,Gweilo-60,2019-03-14 13:08:51.036486,11130,0
UChXOhG9bRDb3vSTg-qkPAZg,Gweilo-60,2019-03-14 13:07:50.941859,11130,0
UChXOhG9bRDb3vSTg-qkPAZg,Gweilo-60,2019-03-14 13:06:51.479239,11130,0
UChXOhG9bRDb3vSTg-qkPAZg,Gweilo-60,2019-03-14 13:05:51.288068,11130,0
UChXOhG9bRDb3vSTg-qkPAZg,Gweilo-60,2019-03-14 13:04:51.481412,11130,0
UChXOhG9bRDb3vSTg-qkPAZg,Gweilo-60,2019-03-14 13:03:51.060845,11130,0
UChXOhG9bRDb3vSTg-qkPAZg,Gweilo-60,2019-03-14 13:02:51.506221,11130,0
UChXOhG9bRDb3vSTg-qkPAZg,Gweilo-60,2019-03-14 13:01:51.266744,11130,0
UChXOhG9bRDb3vSTg-qkPAZg,Gweilo-60,2019-03-14 13:00:51.583314,11130,0
UChXOhG9bRDb3vSTg-qkPAZg,Gweilo-60,2019-03-14 12:59:51.690205,11130,0
UChXOhG9bRDb3vSTg-qkPAZg,Gweilo-60,2019-03-14 12:58:51.726859,11130,0
UChXOhG9bRDb3vSTg-qkPAZg,Gweilo-60,2019-03-14 12:57:51.255826,11130,0
UChXOhG9bRDb3vSTg-qkPAZg,Gweilo-60,2019-03-14 12:56:50.824,11130,0
UChXOhG9bRDb3vSTg-qkPAZg,Gweilo-60,2019-03-14 12:55:51.229869,11130,0
UChXOhG9bRDb3vSTg-qkPAZg,Gweilo-60,2019-03-14 12:54:51.638553,11130,0
UChXOhG9bRDb3vSTg-qkPAZg,Gweilo-60,2019-03-14 12:53:51.799951,11130,0
UChXOhG9bRDb3vSTg-qkPAZg,Gweilo-60,2019-03-14 12:52:51.063277,11130,0
UChXOhG9bRDb3vSTg-qkPAZg,Gweilo-60,2019-03-14 12:51:51.216458,11130,0
UChXOhG9bRDb3vSTg-qkPAZg,Gweilo-60,2019-03-14 12:50:51.688756,11130,0
UChXOhG9bRDb3vSTg-qkPAZg,Gweilo-60,2019-03-14 12:49:51.382381,11130,0
UChXOhG9bRDb3vSTg-qkPAZg,Gweilo-60,2019-03-14 12:48:51.016748,11130,0
UChXOhG9bRDb3vSTg-qkPAZg,Gweilo-60,2019-03-14 12:47:51.557978,11130,0
UChXOhG9bRDb3vSTg-qkPAZg,Gweilo-60,2019-03-14 12:46:51.148697,11130,0
UChXOhG9bRDb3vSTg-qkPAZg,Gweilo-60,2019-03-14 12:45:51.4045,11130,0
UChXOhG9bRDb3vSTg-qkPAZg,Gweilo-60,2019-03-14 12:44:51.581624,11130,0
UChXOhG9bRDb3vSTg-qkPAZg,Gweilo-60,2019-03-14 12:43:51.80721,11130,0
UChXOhG9bRDb3vSTg-qkPAZg,Gweilo-60,2019-03-14 12:42:51.548675,11130,0
UChXOhG9bRDb3vSTg-qkPAZg,Gweilo-60,2019-03-14 12:41:51.447111,11130,0
UChXOhG9bRDb3vSTg-qkPAZg,Gweilo-60,2019-03-14 12:40:51.376352,11130,0
UChXOhG9bRDb3vSTg-qkPAZg,Gweilo-60,2019-03-14 12:39:51.655122,11130,0
UChXOhG9bRDb3vSTg-qkPAZg,Gweilo-60,2019-03-14 12:38:51.797296,11130,0
UChXOhG9bRDb3vSTg-qkPAZg,Gweilo-60,2019-03-14 12:37:51.261741,11130,0
UChXOhG9bRDb3vSTg-qkPAZg,Gweilo-60,2019-03-14 12:36:51.028879,11130,0
UChXOhG9bRDb3vSTg-qkPAZg,Gweilo-60,2019-03-14 12:35:51.441471,11130,0
UChXOhG9bRDb3vSTg-qkPAZg,Gweilo-60,2019-03-14 12:34:51.183973,11130,0
UChXOhG9bRDb3vSTg-qkPAZg,Gweilo-60,2019-03-14 12:33:51.394668,11130,0
UChXOhG9bRDb3vSTg-qkPAZg,Gweilo-60,2019-03-14 12:32:52.739458,11130,0
UChXOhG9bRDb3vSTg-qkPAZg,Gweilo-60,2019-03-14 12:31:51.495563,11130,0
UChXOhG9bRDb3vSTg-qkPAZg,Gweilo-60,2019-03-14 12:30:52.102615,11130,0
UChXOhG9bRDb3vSTg-qkPAZg,Gweilo-60,2019-03-14 12:29:51.67834,11130,0
UChXOhG9bRDb3vSTg-qkPAZg,Gweilo-60,2019-03-14 12:28:51.45641,11130,0
UChXOhG9bRDb3vSTg-qkPAZg,Gweilo-60,2019-03-14 12:27:51.803241,11130,0
UChXOhG9bRDb3vSTg-qkPAZg,Gweilo-60,2019-03-14 12:26:51.780747,11130,0
UChXOhG9bRDb3vSTg-qkPAZg,Gweilo-60,2019-03-14 12:25:51.093498,11130,0
UChXOhG9bRDb3vSTg-qkPAZg,Gweilo-60,2019-03-14 12:24:51.272016,11130,0
UChXOhG9bRDb3vSTg-qkPAZg,Gweilo-60,2019-03-14 12:23:51.043704,11130,0
UChXOhG9bRDb3vSTg-qkPAZg,Gweilo-60,2019-03-14 12:22:51.580551,11130,0
UChXOhG9bRDb3vSTg-qkPAZg,Gweilo-60,2019-03-14 12:21:51.635601,11130,0
UChXOhG9bRDb3vSTg-qkPAZg,Gweilo-60,2019-03-14 12:20:51.389917,11130,0
UChXOhG9bRDb3vSTg-qkPAZg,Gweilo-60,2019-03-14 12:19:51.339098,11130,0
UChXOhG9bRDb3vSTg-qkPAZg,Gweilo-60,2019-03-14 12:18:51.20602,11130,0
UChXOhG9bRDb3vSTg-qkPAZg,Gweilo-60,2019-03-14 12:17:51.602903,11130,0
UChXOhG9bRDb3vSTg-qkPAZg,Gweilo-60,2019-03-14 12:16:51.268493,11130,0
UChXOhG9bRDb3vSTg-qkPAZg,Gweilo-60,2019-03-14 12:15:51.549071,11130,0
UChXOhG9bRDb3vSTg-qkPAZg,Gweilo-60,2019-03-14 12:14:51.003177,11130,0
UChXOhG9bRDb3vSTg-qkPAZg,Gweilo-60,2019-03-14 12:13:51.496607,11130,0
UChXOhG9bRDb3vSTg-qkPAZg,Gweilo-60,2019-03-14 12:12:51.09368,11130,0
UChXOhG9bRDb3vSTg-qkPAZg,Gweilo-60,2019-03-14 12:11:51.736033,11130,0
UChXOhG9bRDb3vSTg-qkPAZg,Gweilo-60,2019-03-14 12:10:51.189769,11130,0
UChXOhG9bRDb3vSTg-qkPAZg,Gweilo-60,2019-03-14 12:09:50.963002,11130,0
UChXOhG9bRDb3vSTg-qkPAZg,Gweilo-60,2019-03-14 12:08:50.601207,11130,0
UChXOhG9bRDb3vSTg-qkPAZg,Gweilo-60,2019-03-14 12:07:51.877731,11130,0
UChXOhG9bRDb3vSTg-qkPAZg,Gweilo-60,2019-03-14 12:06:51.778099,11130,0
UChXOhG9bRDb3vSTg-qkPAZg,Gweilo-60,2019-03-14 12:05:51.540485,11130,0
UChXOhG9bRDb3vSTg-qkPAZg,Gweilo-60,2019-03-14 12:04:51.482053,11130,0
UChXOhG9bRDb3vSTg-qkPAZg,Gweilo-60,2019-03-14 12:03:51.429297,11130,0
UChXOhG9bRDb3vSTg-qkPAZg,Gweilo-60,2019-03-14 12:02:51.426778,11130,0
UChXOhG9bRDb3vSTg-qkPAZg,Gweilo-60,2019-03-14 12:01:51.448501,11130,0
UChXOhG9bRDb3vSTg-qkPAZg,Gweilo-60,2019-03-14 12:00:51.044074,11130,0
UChXOhG9bRDb3vSTg-qkPAZg,Gweilo-60,2019-03-14 11:59:51.2149,11130,0
UChXOhG9bRDb3vSTg-qkPAZg,Gweilo-60,2019-03-14 11:58:51.825169,11130,0
UChXOhG9bRDb3vSTg-qkPAZg,Gweilo-60,2019-03-14 11:57:51.568101,11130,0
UChXOhG9bRDb3vSTg-qkPAZg,Gweilo-60,2019-03-14 11:56:51.315102,11130,0
UChXOhG9bRDb3vSTg-qkPAZg,Gweilo-60,2019-03-14 11:55:51.34215,11130,0
UChXOhG9bRDb3vSTg-qkPAZg,Gweilo-60,2019-03-14 11:54:51.288495,11130,0
UChXOhG9bRDb3vSTg-qkPAZg,Gweilo-60,2019-03-14 11:53:51.413924,11130,0
UChXOhG9bRDb3vSTg-qkPAZg,Gweilo-60,2019-03-14 11:52:51.47619,11130,0
UChXOhG9bRDb3vSTg-qkPAZg,Gweilo-60,2019-03-14 11:51:52.053269,11130,0
UChXOhG9bRDb3vSTg-qkPAZg,Gweilo-60,2019-03-14 11:50:51.617957,11130,0
UChXOhG9bRDb3vSTg-qkPAZg,Gweilo-60,2019-03-14 11:49:51.832092,11130,0
UChXOhG9bRDb3vSTg-qkPAZg,Gweilo-60,2019-03-14 11:48:51.561286,11130,0
UChXOhG9bRDb3vSTg-qkPAZg,Gweilo-60,2019-03-14 11:47:51.846252,11130,0
UChXOhG9bRDb3vSTg-qkPAZg,Gweilo-60,2019-03-14 11:46:51.456201,11130,0
UChXOhG9bRDb3vSTg-qkPAZg,Gweilo-60,2019-03-14 11:45:51.963754,11130,0
UChXOhG9bRDb3vSTg-qkPAZg,Gweilo-60,2019-03-14 11:44:51.676734,11130,0
UChXOhG9bRDb3vSTg-qkPAZg,Gweilo-60,2019-03-14 11:43:51.177931,11130,0
UChXOhG9bRDb3vSTg-qkPAZg,Gweilo-60,2019-03-14 11:42:51.268629,11130,0
UChXOhG9bRDb3vSTg-qkPAZg,Gweilo-60,2019-03-14 11:41:51.041754,11130,0
UChXOhG9bRDb3vSTg-qkPAZg,Gweilo-60,2019-03-14 11:40:52.089246,11130,0
UChXOhG9bRDb3vSTg-qkPAZg,Gweilo-60,2019-03-14 11:39:51.248008,11130,0
UChXOhG9bRDb3vSTg-qkPAZg,Gweilo-60,2019-03-14 11:38:51.860869,11130,0
UChXOhG9bRDb3vSTg-qkPAZg,Gweilo-60,2019-03-14 11:37:51.26397,11130,0
UChXOhG9bRDb3vSTg-qkPAZg,Gweilo-60,2019-03-14 11:36:51.16945,11130,0
UChXOhG9bRDb3vSTg-qkPAZg,Gweilo-60,2019-03-14 11:35:51.536155,11130,0
UChXOhG9bRDb3vSTg-qkPAZg,Gweilo-60,2019-03-14 11:34:51.52291,11130,0
UChXOhG9bRDb3vSTg-qkPAZg,Gweilo-60,2019-03-14 11:33:51.380235,11130,0
UChXOhG9bRDb3vSTg-qkPAZg,Gweilo-60,2019-03-14 11:32:50.772833,11130,0
UChXOhG9bRDb3vSTg-qkPAZg,Gweilo-60,2019-03-14 11:31:51.346281,11130,0
UChXOhG9bRDb3vSTg-qkPAZg,Gweilo-60,2019-03-14 11:30:51.146292,11130,0
UChXOhG9bRDb3vSTg-qkPAZg,Gweilo-60,2019-03-14 11:29:51.240146,11130,0
UChXOhG9bRDb3vSTg-qkPAZg,Gweilo-60,2019-03-14 11:28:51.044569,11130,0
UChXOhG9bRDb3vSTg-qkPAZg,Gweilo-60,2019-03-14 11:27:51.591548,11130,0
UChXOhG9bRDb3vSTg-qkPAZg,Gweilo-60,2019-03-14 11:26:51.797878,11130,0
UChXOhG9bRDb3vSTg-qkPAZg,Gweilo-60,2019-03-14 11:25:51.507955,11130,0
UChXOhG9bRDb3vSTg-qkPAZg,Gweilo-60,2019-03-14 11:24:51.474399,11130,0
UChXOhG9bRDb3vSTg-qkPAZg,Gweilo-60,2019-03-14 11:23:50.959387,11130,0
UChXOhG9bRDb3vSTg-qkPAZg,Gweilo-60,2019-03-14 11:22:52.07552,11130,0
UChXOhG9bRDb3vSTg-qkPAZg,Gweilo-60,2019-03-14 11:21:51.354712,11130,0
UChXOhG9bRDb3vSTg-qkPAZg,Gweilo-60,2019-03-14 11:20:51.520968,11130,0
UChXOhG9bRDb3vSTg-qkPAZg,Gweilo-60,2019-03-14 11:19:51.566131,11130,0
UChXOhG9bRDb3vSTg-qkPAZg,Gweilo-60,2019-03-14 11:18:51.345168,11130,0
UChXOhG9bRDb3vSTg-qkPAZg,Gweilo-60,2019-03-14 11:17:51.331997,11130,0
UChXOhG9bRDb3vSTg-qkPAZg,Gweilo-60,2019-03-14 11:16:50.948028,11130,0
UChXOhG9bRDb3vSTg-qkPAZg,Gweilo-60,2019-03-14 11:15:51.849418,11130,0
UChXOhG9bRDb3vSTg-qkPAZg,Gweilo-60,2019-03-14 11:14:51.578498,11130,0
UChXOhG9bRDb3vSTg-qkPAZg,Gweilo-60,2019-03-14 11:13:51.115207,11130,0
UChXOhG9bRDb3vSTg-qkPAZg,Gweilo-60,2019-03-14 11:12:51.911713,11130,0
UChXOhG9bRDb3vSTg-qkPAZg,Gweilo-60,2019-03-14 11:11:51.683333,11130,0
UChXOhG9bRDb3vSTg-qkPAZg,Gweilo-60,2019-03-14 11:10:51.172037,11130,0
UChXOhG9bRDb3vSTg-qkPAZg,Gweilo-60,2019-03-14 11:09:51.11769,11130,0
UChXOhG9bRDb3vSTg-qkPAZg,Gweilo-60,2019-03-14 11:08:51.715121,11130,0
UChXOhG9bRDb3vSTg-qkPAZg,Gweilo-60,2019-03-14 11:07:50.942027,11130,0
UChXOhG9bRDb3vSTg-qkPAZg,Gweilo-60,2019-03-14 11:06:51.335309,11130,0
UChXOhG9bRDb3vSTg-qkPAZg,Gweilo-60,2019-03-14 11:05:51.235448,11130,0
UChXOhG9bRDb3vSTg-qkPAZg,Gweilo-60,2019-03-14 11:04:50.756631,11130,0
UChXOhG9bRDb3vSTg-qkPAZg,Gweilo-60,2019-03-14 11:03:52.105339,11130,0
UChXOhG9bRDb3vSTg-qkPAZg,Gweilo-60,2019-03-14 11:02:51.138706,11130,0
UChXOhG9bRDb3vSTg-qkPAZg,Gweilo-60,2019-03-14 11:01:51.301036,11130,0
UChXOhG9bRDb3vSTg-qkPAZg,Gweilo-60,2019-03-14 11:00:51.519184,11130,0
UChXOhG9bRDb3vSTg-qkPAZg,Gweilo-60,2019-03-14 10:59:51.122959,11130,0
UChXOhG9bRDb3vSTg-qkPAZg,Gweilo-60,2019-03-14 10:58:51.323654,11130,0
UChXOhG9bRDb3vSTg-qkPAZg,Gweilo-60,2019-03-14 10:57:51.540978,11130,0
UChXOhG9bRDb3vSTg-qkPAZg,Gweilo-60,2019-03-14 10:56:51.378756,11130,0
UChXOhG9bRDb3vSTg-qkPAZg,Gweilo-60,2019-03-14 10:55:51.219839,11130,0
UChXOhG9bRDb3vSTg-qkPAZg,Gweilo-60,2019-03-14 10:54:51.409784,11130,0
UChXOhG9bRDb3vSTg-qkPAZg,Gweilo-60,2019-03-14 10:53:51.36188,11130,0
UChXOhG9bRDb3vSTg-qkPAZg,Gweilo-60,2019-03-14 10:52:50.917415,11130,0
UChXOhG9bRDb3vSTg-qkPAZg,Gweilo-60,2019-03-14 10:51:51.473207,11130,0
UChXOhG9bRDb3vSTg-qkPAZg,Gweilo-60,2019-03-14 10:50:51.440881,11130,0
UChXOhG9bRDb3vSTg-qkPAZg,Gweilo-60,2019-03-14 10:49:51.311591,11130,0
UChXOhG9bRDb3vSTg-qkPAZg,Gweilo-60,2019-03-14 10:48:51.510195,11130,0
UChXOhG9bRDb3vSTg-qkPAZg,Gweilo-60,2019-03-14 10:47:51.488331,11130,0
UChXOhG9bRDb3vSTg-qkPAZg,Gweilo-60,2019-03-14 10:46:51.574238,11130,0
UChXOhG9bRDb3vSTg-qkPAZg,Gweilo-60,2019-03-14 10:45:52.288686,11130,0
UChXOhG9bRDb3vSTg-qkPAZg,Gweilo-60,2019-03-14 10:44:51.229994,11130,0
UChXOhG9bRDb3vSTg-qkPAZg,Gweilo-60,2019-03-14 10:43:51.726805,11130,0
UChXOhG9bRDb3vSTg-qkPAZg,Gweilo-60,2019-03-14 10:42:52.467209,11130,0
UChXOhG9bRDb3vSTg-qkPAZg,Gweilo-60,2019-03-14 10:41:51.858174,11130,0
UChXOhG9bRDb3vSTg-qkPAZg,Gweilo-60,2019-03-14 10:40:51.759646,11130,0
UChXOhG9bRDb3vSTg-qkPAZg,Gweilo-60,2019-03-14 10:39:51.552488,11130,0
UChXOhG9bRDb3vSTg-qkPAZg,Gweilo-60,2019-03-14 10:38:51.565902,11130,0
UChXOhG9bRDb3vSTg-qkPAZg,Gweilo-60,2019-03-14 10:37:51.682582,11130,0
UChXOhG9bRDb3vSTg-qkPAZg,Gweilo-60,2019-03-14 10:36:51.090954,11130,0
UChXOhG9bRDb3vSTg-qkPAZg,Gweilo-60,2019-03-14 10:35:51.253699,11130,0
UChXOhG9bRDb3vSTg-qkPAZg,Gweilo-60,2019-03-14 10:34:51.170198,11130,0
UChXOhG9bRDb3vSTg-qkPAZg,Gweilo-60,2019-03-14 10:33:50.954429,11130,0
UChXOhG9bRDb3vSTg-qkPAZg,Gweilo-60,2019-03-14 10:32:51.660316,11130,0
UChXOhG9bRDb3vSTg-qkPAZg,Gweilo-60,2019-03-14 10:31:51.553495,11130,0
UChXOhG9bRDb3vSTg-qkPAZg,Gweilo-60,2019-03-14 10:30:51.155175,11130,0
UChXOhG9bRDb3vSTg-qkPAZg,Gweilo-60,2019-03-14 10:29:51.934398,11130,0
UChXOhG9bRDb3vSTg-qkPAZg,Gweilo-60,2019-03-14 10:28:50.728679,11130,0
UChXOhG9bRDb3vSTg-qkPAZg,Gweilo-60,2019-03-14 10:27:51.043507,11130,0
UChXOhG9bRDb3vSTg-qkPAZg,Gweilo-60,2019-03-14 10:26:51.126939,11130,0
UChXOhG9bRDb3vSTg-qkPAZg,Gweilo-60,2019-03-14 10:25:51.493995,11130,0
UChXOhG9bRDb3vSTg-qkPAZg,Gweilo-60,2019-03-14 10:24:51.739709,11130,0
UChXOhG9bRDb3vSTg-qkPAZg,Gweilo-60,2019-03-14 10:23:51.004135,11130,0
UChXOhG9bRDb3vSTg-qkPAZg,Gweilo-60,2019-03-14 10:22:51.787787,11130,0
UChXOhG9bRDb3vSTg-qkPAZg,Gweilo-60,2019-03-14 10:21:51.725668,11130,0
UChXOhG9bRDb3vSTg-qkPAZg,Gweilo-60,2019-03-14 10:20:52.044023,11130,0
UChXOhG9bRDb3vSTg-qkPAZg,Gweilo-60,2019-03-14 10:19:51.344943,11130,0
UChXOhG9bRDb3vSTg-qkPAZg,Gweilo-60,2019-03-14 10:18:53.52162,11130,0
UChXOhG9bRDb3vSTg-qkPAZg,Gweilo-60,2019-03-14 10:17:51.095818,11130,0
UChXOhG9bRDb3vSTg-qkPAZg,Gweilo-60,2019-03-14 10:16:50.996075,11130,0
UChXOhG9bRDb3vSTg-qkPAZg,Gweilo-60,2019-03-14 10:15:51.498765,11130,0
UChXOhG9bRDb3vSTg-qkPAZg,Gweilo-60,2019-03-14 10:14:51.368739,11130,0
UChXOhG9bRDb3vSTg-qkPAZg,Gweilo-60,2019-03-14 10:13:51.130759,11130,0
UChXOhG9bRDb3vSTg-qkPAZg,Gweilo-60,2019-03-14 10:12:51.285039,11130,0
UChXOhG9bRDb3vSTg-qkPAZg,Gweilo-60,2019-03-14 10:11:51.87168,11130,0
UChXOhG9bRDb3vSTg-qkPAZg,Gweilo-60,2019-03-14 10:10:52.38285,11130,0
UChXOhG9bRDb3vSTg-qkPAZg,Gweilo-60,2019-03-14 10:09:51.496233,11130,0
UChXOhG9bRDb3vSTg-qkPAZg,Gweilo-60,2019-03-14 10:08:51.64721,11130,0
UChXOhG9bRDb3vSTg-qkPAZg,Gweilo-60,2019-03-14 10:07:51.234382,11130,0
UChXOhG9bRDb3vSTg-qkPAZg,Gweilo-60,2019-03-14 10:06:51.860027,11130,0
UChXOhG9bRDb3vSTg-qkPAZg,Gweilo-60,2019-03-14 10:05:51.076743,11130,0
UChXOhG9bRDb3vSTg-qkPAZg,Gweilo-60,2019-03-14 10:04:52.028171,11130,0
UChXOhG9bRDb3vSTg-qkPAZg,Gweilo-60,2019-03-14 10:03:51.13458,11130,0
UChXOhG9bRDb3vSTg-qkPAZg,Gweilo-60,2019-03-14 10:02:54.222109,11130,0
UChXOhG9bRDb3vSTg-qkPAZg,Gweilo-60,2019-03-14 10:01:51.135653,11130,0
UChXOhG9bRDb3vSTg-qkPAZg,Gweilo-60,2019-03-14 10:00:52.533169,11130,0
UChXOhG9bRDb3vSTg-qkPAZg,Gweilo-60,2019-03-14 09:59:51.232542,11130,0
UChXOhG9bRDb3vSTg-qkPAZg,Gweilo-60,2019-03-14 09:58:51.401922,11130,0
UChXOhG9bRDb3vSTg-qkPAZg,Gweilo-60,2019-03-14 09:57:51.689171,11130,0
UChXOhG9bRDb3vSTg-qkPAZg,Gweilo-60,2019-03-14 09:56:51.605942,11130,0
UChXOhG9bRDb3vSTg-qkPAZg,Gweilo-60,2019-03-14 09:55:51.79247,11130,0
UChXOhG9bRDb3vSTg-qkPAZg,Gweilo-60,2019-03-14 09:54:51.611169,11130,0
UChXOhG9bRDb3vSTg-qkPAZg,Gweilo-60,2019-03-14 09:53:51.47513,11130,0
UChXOhG9bRDb3vSTg-qkPAZg,Gweilo-60,2019-03-14 09:52:52.232164,11130,0
UChXOhG9bRDb3vSTg-qkPAZg,Gweilo-60,2019-03-14 09:51:51.86863,11130,0
UChXOhG9bRDb3vSTg-qkPAZg,Gweilo-60,2019-03-14 09:50:51.472274,11130,0
UChXOhG9bRDb3vSTg-qkPAZg,Gweilo-60,2019-03-14 09:49:51.570182,11130,0
UChXOhG9bRDb3vSTg-qkPAZg,Gweilo-60,2019-03-14 09:48:51.567002,11130,-1
UChXOhG9bRDb3vSTg-qkPAZg,Gweilo-60,2019-03-14 09:47:51.360375,11131,0
UChXOhG9bRDb3vSTg-qkPAZg,Gweilo-60,2019-03-14 09:46:51.615689,11131,0
UChXOhG9bRDb3vSTg-qkPAZg,Gweilo-60,2019-03-14 09:45:51.851129,11131,0
UChXOhG9bRDb3vSTg-qkPAZg,Gweilo-60,2019-03-14 09:44:51.190851,11131,0
UChXOhG9bRDb3vSTg-qkPAZg,Gweilo-60,2019-03-14 09:43:51.323018,11131,0
UChXOhG9bRDb3vSTg-qkPAZg,Gweilo-60,2019-03-14 09:42:51.008067,11131,0
UChXOhG9bRDb3vSTg-qkPAZg,Gweilo-60,2019-03-14 09:41:51.031465,11131,0
UChXOhG9bRDb3vSTg-qkPAZg,Gweilo-60,2019-03-14 09:40:51.666778,11131,0
UChXOhG9bRDb3vSTg-qkPAZg,Gweilo-60,2019-03-14 09:39:51.764724,11131,0
UChXOhG9bRDb3vSTg-qkPAZg,Gweilo-60,2019-03-14 09:38:51.266676,11131,0
UChXOhG9bRDb3vSTg-qkPAZg,Gweilo-60,2019-03-14 09:37:50.995129,11131,0
UChXOhG9bRDb3vSTg-qkPAZg,Gweilo-60,2019-03-14 09:36:50.738062,11131,0
UChXOhG9bRDb3vSTg-qkPAZg,Gweilo-60,2019-03-14 09:35:50.89346,11131,0
UChXOhG9bRDb3vSTg-qkPAZg,Gweilo-60,2019-03-14 09:34:51.91579,11131,0
UChXOhG9bRDb3vSTg-qkPAZg,Gweilo-60,2019-03-14 09:33:51.303089,11131,0
UChXOhG9bRDb3vSTg-qkPAZg,Gweilo-60,2019-03-14 09:32:51.713771,11131,0
UChXOhG9bRDb3vSTg-qkPAZg,Gweilo-60,2019-03-14 09:31:51.094017,11131,0
UChXOhG9bRDb3vSTg-qkPAZg,Gweilo-60,2019-03-14 09:30:51.184291,11131,0
UChXOhG9bRDb3vSTg-qkPAZg,Gweilo-60,2019-03-14 09:29:51.172493,11131,0
UChXOhG9bRDb3vSTg-qkPAZg,Gweilo-60,2019-03-14 09:28:51.530873,11131,0
UChXOhG9bRDb3vSTg-qkPAZg,Gweilo-60,2019-03-14 09:27:51.345242,11131,0
UChXOhG9bRDb3vSTg-qkPAZg,Gweilo-60,2019-03-14 09:26:51.232773,11131,0
UChXOhG9bRDb3vSTg-qkPAZg,Gweilo-60,2019-03-14 09:25:51.410156,11131,0
UChXOhG9bRDb3vSTg-qkPAZg,Gweilo-60,2019-03-14 09:24:51.53985,11131,0
UChXOhG9bRDb3vSTg-qkPAZg,Gweilo-60,2019-03-14 09:23:51.693476,11131,0
UChXOhG9bRDb3vSTg-qkPAZg,Gweilo-60,2019-03-14 09:22:51.153222,11131,0
UChXOhG9bRDb3vSTg-qkPAZg,Gweilo-60,2019-03-14 09:21:51.219628,11131,0
UChXOhG9bRDb3vSTg-qkPAZg,Gweilo-60,2019-03-14 09:20:50.937833,11131,0
UChXOhG9bRDb3vSTg-qkPAZg,Gweilo-60,2019-03-14 09:19:51.085947,11131,0
UChXOhG9bRDb3vSTg-qkPAZg,Gweilo-60,2019-03-14 09:18:51.770655,11131,0
UChXOhG9bRDb3vSTg-qkPAZg,Gweilo-60,2019-03-14 09:17:51.356273,11131,0
UChXOhG9bRDb3vSTg-qkPAZg,Gweilo-60,2019-03-14 09:16:51.78505,11131,0
UChXOhG9bRDb3vSTg-qkPAZg,Gweilo-60,2019-03-14 09:15:51.867433,11131,0
UChXOhG9bRDb3vSTg-qkPAZg,Gweilo-60,2019-03-14 09:14:51.983251,11131,0
UChXOhG9bRDb3vSTg-qkPAZg,Gweilo-60,2019-03-14 09:13:51.443447,11131,0
UChXOhG9bRDb3vSTg-qkPAZg,Gweilo-60,2019-03-14 09:12:51.508315,11131,0
UChXOhG9bRDb3vSTg-qkPAZg,Gweilo-60,2019-03-14 09:11:51.260274,11131,0
UChXOhG9bRDb3vSTg-qkPAZg,Gweilo-60,2019-03-14 09:10:54.849136,11131,0
UChXOhG9bRDb3vSTg-qkPAZg,Gweilo-60,2019-03-14 09:09:51.740406,11131,0
UChXOhG9bRDb3vSTg-qkPAZg,Gweilo-60,2019-03-14 09:08:51.383165,11131,0
UChXOhG9bRDb3vSTg-qkPAZg,Gweilo-60,2019-03-14 09:07:51.706249,11131,0
UChXOhG9bRDb3vSTg-qkPAZg,Gweilo-60,2019-03-14 09:06:52.218179,11131,0
UChXOhG9bRDb3vSTg-qkPAZg,Gweilo-60,2019-03-14 09:05:51.011269,11131,0
UChXOhG9bRDb3vSTg-qkPAZg,Gweilo-60,2019-03-14 09:04:51.264382,11131,0
UChXOhG9bRDb3vSTg-qkPAZg,Gweilo-60,2019-03-14 09:03:51.635477,11131,1
UChXOhG9bRDb3vSTg-qkPAZg,Gweilo-60,2019-03-14 09:02:51.482073,11130,0
UChXOhG9bRDb3vSTg-qkPAZg,Gweilo-60,2019-03-14 09:01:51.358776,11130,0
UChXOhG9bRDb3vSTg-qkPAZg,Gweilo-60,2019-03-14 09:00:51.675535,11130,0
UChXOhG9bRDb3vSTg-qkPAZg,Gweilo-60,2019-03-14 08:59:51.778564,11130,0
UChXOhG9bRDb3vSTg-qkPAZg,Gweilo-60,2019-03-14 08:58:51.756157,11130,0
UChXOhG9bRDb3vSTg-qkPAZg,Gweilo-60,2019-03-14 08:57:51.883654,11130,0
UChXOhG9bRDb3vSTg-qkPAZg,Gweilo-60,2019-03-14 08:56:51.264372,11130,0
UChXOhG9bRDb3vSTg-qkPAZg,Gweilo-60,2019-03-14 08:55:52.226802,11130,0
UChXOhG9bRDb3vSTg-qkPAZg,Gweilo-60,2019-03-14 08:54:51.639953,11130,0
UChXOhG9bRDb3vSTg-qkPAZg,Gweilo-60,2019-03-14 08:53:51.760057,11130,0
UChXOhG9bRDb3vSTg-qkPAZg,Gweilo-60,2019-03-14 08:52:51.53777,11130,1
UChXOhG9bRDb3vSTg-qkPAZg,Gweilo-60,2019-03-14 08:51:52.012211,11129,0
UChXOhG9bRDb3vSTg-qkPAZg,Gweilo-60,2019-03-14 08:50:51.339085,11129,0
UChXOhG9bRDb3vSTg-qkPAZg,Gweilo-60,2019-03-14 08:49:50.934696,11129,0
UChXOhG9bRDb3vSTg-qkPAZg,Gweilo-60,2019-03-14 08:48:52.206468,11129,1
UChXOhG9bRDb3vSTg-qkPAZg,Gweilo-60,2019-03-14 08:47:51.331523,11128,0
UChXOhG9bRDb3vSTg-qkPAZg,Gweilo-60,2019-03-14 08:46:51.885461,11128,0
UChXOhG9bRDb3vSTg-qkPAZg,Gweilo-60,2019-03-14 08:45:51.173247,11128,0
UChXOhG9bRDb3vSTg-qkPAZg,Gweilo-60,2019-03-14 08:44:51.725956,11128,0
UChXOhG9bRDb3vSTg-qkPAZg,Gweilo-60,2019-03-14 08:43:51.138214,11128,0
UChXOhG9bRDb3vSTg-qkPAZg,Gweilo-60,2019-03-14 08:42:51.500382,11128,0
UChXOhG9bRDb3vSTg-qkPAZg,Gweilo-60,2019-03-14 08:41:51.858604,11128,0
UChXOhG9bRDb3vSTg-qkPAZg,Gweilo-60,2019-03-14 08:40:51.625772,11128,0
UChXOhG9bRDb3vSTg-qkPAZg,Gweilo-60,2019-03-14 08:39:51.930233,11128,0
UChXOhG9bRDb3vSTg-qkPAZg,Gweilo-60,2019-03-14 08:38:51.461766,11128,0
UChXOhG9bRDb3vSTg-qkPAZg,Gweilo-60,2019-03-14 08:37:51.440399,11128,0
UChXOhG9bRDb3vSTg-qkPAZg,Gweilo-60,2019-03-14 08:36:51.874968,11128,1
UChXOhG9bRDb3vSTg-qkPAZg,Gweilo-60,2019-03-14 08:35:51.47564,11127,1
UChXOhG9bRDb3vSTg-qkPAZg,Gweilo-60,2019-03-14 08:34:51.914234,11126,0
UChXOhG9bRDb3vSTg-qkPAZg,Gweilo-60,2019-03-14 08:33:51.924946,11126,0
UChXOhG9bRDb3vSTg-qkPAZg,Gweilo-60,2019-03-14 08:32:52.616965,11126,0
UChXOhG9bRDb3vSTg-qkPAZg,Gweilo-60,2019-03-14 08:31:51.564751,11126,0
UChXOhG9bRDb3vSTg-qkPAZg,Gweilo-60,2019-03-14 08:30:51.133475,11126,0
UChXOhG9bRDb3vSTg-qkPAZg,Gweilo-60,2019-03-14 08:29:52.331844,11126,0
UChXOhG9bRDb3vSTg-qkPAZg,Gweilo-60,2019-03-14 08:28:51.284235,11126,0
UChXOhG9bRDb3vSTg-qkPAZg,Gweilo-60,2019-03-14 08:27:51.232706,11126,0
UChXOhG9bRDb3vSTg-qkPAZg,Gweilo-60,2019-03-14 08:26:51.514771,11126,0
UChXOhG9bRDb3vSTg-qkPAZg,Gweilo-60,2019-03-14 08:25:51.57317,11126,0
UChXOhG9bRDb3vSTg-qkPAZg,Gweilo-60,2019-03-14 08:24:51.764922,11126,0
UChXOhG9bRDb3vSTg-qkPAZg,Gweilo-60,2019-03-14 08:23:51.189418,11126,0
UChXOhG9bRDb3vSTg-qkPAZg,Gweilo-60,2019-03-14 08:22:51.745876,11126,0
UChXOhG9bRDb3vSTg-qkPAZg,Gweilo-60,2019-03-14 08:21:51.396939,11126,0
UChXOhG9bRDb3vSTg-qkPAZg,Gweilo-60,2019-03-14 08:20:51.183562,11126,0
UChXOhG9bRDb3vSTg-qkPAZg,Gweilo-60,2019-03-14 08:19:51.858661,11126,0
UChXOhG9bRDb3vSTg-qkPAZg,Gweilo-60,2019-03-14 08:18:51.024035,11126,0
UChXOhG9bRDb3vSTg-qkPAZg,Gweilo-60,2019-03-14 08:17:51.412934,11126,0
UChXOhG9bRDb3vSTg-qkPAZg,Gweilo-60,2019-03-14 08:16:51.206845,11126,0
UChXOhG9bRDb3vSTg-qkPAZg,Gweilo-60,2019-03-14 08:15:51.128215,11126,0
UChXOhG9bRDb3vSTg-qkPAZg,Gweilo-60,2019-03-14 08:14:52.058977,11126,0
UChXOhG9bRDb3vSTg-qkPAZg,Gweilo-60,2019-03-14 08:13:51.672893,11126,0
UChXOhG9bRDb3vSTg-qkPAZg,Gweilo-60,2019-03-14 08:12:51.386954,11126,0
UChXOhG9bRDb3vSTg-qkPAZg,Gweilo-60,2019-03-14 08:11:50.998462,11126,0
UChXOhG9bRDb3vSTg-qkPAZg,Gweilo-60,2019-03-14 08:10:52.682033,11126,0
UChXOhG9bRDb3vSTg-qkPAZg,Gweilo-60,2019-03-14 08:09:51.67649,11126,0
UChXOhG9bRDb3vSTg-qkPAZg,Gweilo-60,2019-03-14 08:08:51.72276,11126,0
UChXOhG9bRDb3vSTg-qkPAZg,Gweilo-60,2019-03-14 08:07:51.288826,11126,0
UChXOhG9bRDb3vSTg-qkPAZg,Gweilo-60,2019-03-14 08:06:52.278441,11126,0
UChXOhG9bRDb3vSTg-qkPAZg,Gweilo-60,2019-03-14 08:05:51.664326,11126,0
UChXOhG9bRDb3vSTg-qkPAZg,Gweilo-60,2019-03-14 08:04:52.003718,11126,0
UChXOhG9bRDb3vSTg-qkPAZg,Gweilo-60,2019-03-14 08:03:51.577974,11126,0
UChXOhG9bRDb3vSTg-qkPAZg,Gweilo-60,2019-03-14 08:02:51.774852,11126,0
UChXOhG9bRDb3vSTg-qkPAZg,Gweilo-60,2019-03-14 08:01:52.404281,11126,0
UChXOhG9bRDb3vSTg-qkPAZg,Gweilo-60,2019-03-14 08:00:51.171935,11126,0
UChXOhG9bRDb3vSTg-qkPAZg,Gweilo-60,2019-03-14 07:59:51.588107,11126,0
UChXOhG9bRDb3vSTg-qkPAZg,Gweilo-60,2019-03-14 07:58:51.619811,11126,0
UChXOhG9bRDb3vSTg-qkPAZg,Gweilo-60,2019-03-14 07:57:51.863189,11126,0
UChXOhG9bRDb3vSTg-qkPAZg,Gweilo-60,2019-03-14 07:56:51.269847,11126,0
UChXOhG9bRDb3vSTg-qkPAZg,Gweilo-60,2019-03-14 07:55:51.4179,11126,0
UChXOhG9bRDb3vSTg-qkPAZg,Gweilo-60,2019-03-14 07:54:51.595788,11126,0
UChXOhG9bRDb3vSTg-qkPAZg,Gweilo-60,2019-03-14 07:53:51.347639,11126,0
UChXOhG9bRDb3vSTg-qkPAZg,Gweilo-60,2019-03-14 07:52:51.418697,11126,0
UChXOhG9bRDb3vSTg-qkPAZg,Gweilo-60,2019-03-14 07:51:51.240449,11126,0
UChXOhG9bRDb3vSTg-qkPAZg,Gweilo-60,2019-03-14 07:50:51.412143,11126,0
UChXOhG9bRDb3vSTg-qkPAZg,Gweilo-60,2019-03-14 07:49:51.521517,11126,0
UChXOhG9bRDb3vSTg-qkPAZg,Gweilo-60,2019-03-14 07:48:51.725306,11126,0
UChXOhG9bRDb3vSTg-qkPAZg,Gweilo-60,2019-03-14 07:47:51.27103,11126,0
UChXOhG9bRDb3vSTg-qkPAZg,Gweilo-60,2019-03-14 07:46:51.226625,11126,0
UChXOhG9bRDb3vSTg-qkPAZg,Gweilo-60,2019-03-14 07:45:51.735077,11126,0
UChXOhG9bRDb3vSTg-qkPAZg,Gweilo-60,2019-03-14 07:44:51.271137,11126,0
UChXOhG9bRDb3vSTg-qkPAZg,Gweilo-60,2019-03-14 07:43:51.772747,11126,0
UChXOhG9bRDb3vSTg-qkPAZg,Gweilo-60,2019-03-14 07:42:51.055369,11126,0
UChXOhG9bRDb3vSTg-qkPAZg,Gweilo-60,2019-03-14 07:41:51.203941,11126,0
UChXOhG9bRDb3vSTg-qkPAZg,Gweilo-60,2019-03-14 07:40:50.752509,11126,0
UChXOhG9bRDb3vSTg-qkPAZg,Gweilo-60,2019-03-14 07:39:51.737189,11126,0
UChXOhG9bRDb3vSTg-qkPAZg,Gweilo-60,2019-03-14 07:38:51.791375,11126,0
UChXOhG9bRDb3vSTg-qkPAZg,Gweilo-60,2019-03-14 07:37:51.248485,11126,0
UChXOhG9bRDb3vSTg-qkPAZg,Gweilo-60,2019-03-14 07:36:51.535654,11126,0
UChXOhG9bRDb3vSTg-qkPAZg,Gweilo-60,2019-03-14 07:35:51.101961,11126,0
UChXOhG9bRDb3vSTg-qkPAZg,Gweilo-60,2019-03-14 07:34:51.56365,11126,0
UChXOhG9bRDb3vSTg-qkPAZg,Gweilo-60,2019-03-14 07:33:51.46278,11126,0
UChXOhG9bRDb3vSTg-qkPAZg,Gweilo-60,2019-03-14 07:32:52.558821,11126,0
UChXOhG9bRDb3vSTg-qkPAZg,Gweilo-60,2019-03-14 07:31:51.145107,11126,0
UChXOhG9bRDb3vSTg-qkPAZg,Gweilo-60,2019-03-14 07:30:51.525393,11126,0
UChXOhG9bRDb3vSTg-qkPAZg,Gweilo-60,2019-03-14 07:29:50.982561,11126,0
UChXOhG9bRDb3vSTg-qkPAZg,Gweilo-60,2019-03-14 07:28:51.92108,11126,0
UChXOhG9bRDb3vSTg-qkPAZg,Gweilo-60,2019-03-14 07:27:51.550096,11126,0
UChXOhG9bRDb3vSTg-qkPAZg,Gweilo-60,2019-03-14 07:26:51.357767,11126,0
UChXOhG9bRDb3vSTg-qkPAZg,Gweilo-60,2019-03-14 07:25:51.447544,11126,0
UChXOhG9bRDb3vSTg-qkPAZg,Gweilo-60,2019-03-14 07:24:50.964777,11126,0
UChXOhG9bRDb3vSTg-qkPAZg,Gweilo-60,2019-03-14 07:23:51.915815,11126,0
UChXOhG9bRDb3vSTg-qkPAZg,Gweilo-60,2019-03-14 07:22:51.376104,11126,0
UChXOhG9bRDb3vSTg-qkPAZg,Gweilo-60,2019-03-14 07:21:51.072532,11126,0
UChXOhG9bRDb3vSTg-qkPAZg,Gweilo-60,2019-03-14 07:20:51.533892,11126,0
UChXOhG9bRDb3vSTg-qkPAZg,Gweilo-60,2019-03-14 07:19:51.482313,11126,0
UChXOhG9bRDb3vSTg-qkPAZg,Gweilo-60,2019-03-14 07:18:51.997954,11126,0
UChXOhG9bRDb3vSTg-qkPAZg,Gweilo-60,2019-03-14 07:17:51.14523,11126,0
UChXOhG9bRDb3vSTg-qkPAZg,Gweilo-60,2019-03-14 07:16:51.541423,11126,0
UChXOhG9bRDb3vSTg-qkPAZg,Gweilo-60,2019-03-14 07:15:51.789656,11126,0
UChXOhG9bRDb3vSTg-qkPAZg,Gweilo-60,2019-03-14 07:14:51.267872,11126,0
UChXOhG9bRDb3vSTg-qkPAZg,Gweilo-60,2019-03-14 07:13:51.358981,11126,0
UChXOhG9bRDb3vSTg-qkPAZg,Gweilo-60,2019-03-14 07:12:51.59498,11126,0
UChXOhG9bRDb3vSTg-qkPAZg,Gweilo-60,2019-03-14 07:11:51.916635,11126,0
UChXOhG9bRDb3vSTg-qkPAZg,Gweilo-60,2019-03-14 07:10:51.154508,11126,0
UChXOhG9bRDb3vSTg-qkPAZg,Gweilo-60,2019-03-14 07:09:51.184881,11126,0
UChXOhG9bRDb3vSTg-qkPAZg,Gweilo-60,2019-03-14 07:08:51.52545,11126,0
UChXOhG9bRDb3vSTg-qkPAZg,Gweilo-60,2019-03-14 07:07:52.150689,11126,0
UChXOhG9bRDb3vSTg-qkPAZg,Gweilo-60,2019-03-14 07:06:51.868758,11126,0
UChXOhG9bRDb3vSTg-qkPAZg,Gweilo-60,2019-03-14 07:05:51.288192,11126,0
UChXOhG9bRDb3vSTg-qkPAZg,Gweilo-60,2019-03-14 07:04:51.330883,11126,0
UChXOhG9bRDb3vSTg-qkPAZg,Gweilo-60,2019-03-14 07:03:51.335029,11126,0
UChXOhG9bRDb3vSTg-qkPAZg,Gweilo-60,2019-03-14 07:02:51.310376,11126,0
UChXOhG9bRDb3vSTg-qkPAZg,Gweilo-60,2019-03-14 07:01:51.941303,11126,0
UChXOhG9bRDb3vSTg-qkPAZg,Gweilo-60,2019-03-14 07:00:51.382295,11126,0
UChXOhG9bRDb3vSTg-qkPAZg,Gweilo-60,2019-03-14 06:59:51.725351,11126,0
UChXOhG9bRDb3vSTg-qkPAZg,Gweilo-60,2019-03-14 06:58:50.990045,11126,0
UChXOhG9bRDb3vSTg-qkPAZg,Gweilo-60,2019-03-14 06:57:52.223053,11126,0
UChXOhG9bRDb3vSTg-qkPAZg,Gweilo-60,2019-03-14 06:56:51.706502,11126,0
UChXOhG9bRDb3vSTg-qkPAZg,Gweilo-60,2019-03-14 06:55:52.262778,11126,0
UChXOhG9bRDb3vSTg-qkPAZg,Gweilo-60,2019-03-14 06:54:51.587431,11126,0
UChXOhG9bRDb3vSTg-qkPAZg,Gweilo-60,2019-03-14 06:53:51.464791,11126,0
UChXOhG9bRDb3vSTg-qkPAZg,Gweilo-60,2019-03-14 06:52:51.372502,11126,0
UChXOhG9bRDb3vSTg-qkPAZg,Gweilo-60,2019-03-14 06:51:51.825039,11126,0
UChXOhG9bRDb3vSTg-qkPAZg,Gweilo-60,2019-03-14 06:50:51.938177,11126,0
UChXOhG9bRDb3vSTg-qkPAZg,Gweilo-60,2019-03-14 06:49:51.294011,11126,0
UChXOhG9bRDb3vSTg-qkPAZg,Gweilo-60,2019-03-14 06:48:51.10003,11126,0
UChXOhG9bRDb3vSTg-qkPAZg,Gweilo-60,2019-03-14 06:47:52.013052,11126,0
UChXOhG9bRDb3vSTg-qkPAZg,Gweilo-60,2019-03-14 06:46:52.085741,11126,0
UChXOhG9bRDb3vSTg-qkPAZg,Gweilo-60,2019-03-14 06:45:51.539824,11126,0
UChXOhG9bRDb3vSTg-qkPAZg,Gweilo-60,2019-03-14 06:44:51.834365,11126,0
UChXOhG9bRDb3vSTg-qkPAZg,Gweilo-60,2019-03-14 06:43:51.216176,11126,0
UChXOhG9bRDb3vSTg-qkPAZg,Gweilo-60,2019-03-14 06:42:51.701486,11126,0
UChXOhG9bRDb3vSTg-qkPAZg,Gweilo-60,2019-03-14 06:41:51.871864,11126,0
UChXOhG9bRDb3vSTg-qkPAZg,Gweilo-60,2019-03-14 06:40:51.337832,11126,0
UChXOhG9bRDb3vSTg-qkPAZg,Gweilo-60,2019-03-14 06:39:51.362864,11126,0
UChXOhG9bRDb3vSTg-qkPAZg,Gweilo-60,2019-03-14 06:38:51.360618,11126,0
UChXOhG9bRDb3vSTg-qkPAZg,Gweilo-60,2019-03-14 06:37:51.257126,11126,0
UChXOhG9bRDb3vSTg-qkPAZg,Gweilo-60,2019-03-14 06:36:50.908114,11126,0
UChXOhG9bRDb3vSTg-qkPAZg,Gweilo-60,2019-03-14 06:35:51.221395,11126,0
UChXOhG9bRDb3vSTg-qkPAZg,Gweilo-60,2019-03-14 06:34:50.957288,11126,0
UChXOhG9bRDb3vSTg-qkPAZg,Gweilo-60,2019-03-14 06:33:51.324925,11126,0
UChXOhG9bRDb3vSTg-qkPAZg,Gweilo-60,2019-03-14 06:32:51.177022,11126,0
UChXOhG9bRDb3vSTg-qkPAZg,Gweilo-60,2019-03-14 06:31:51.172337,11126,0
UChXOhG9bRDb3vSTg-qkPAZg,Gweilo-60,2019-03-14 06:30:51.651895,11126,0
UChXOhG9bRDb3vSTg-qkPAZg,Gweilo-60,2019-03-14 06:29:51.544577,11126,0
UChXOhG9bRDb3vSTg-qkPAZg,Gweilo-60,2019-03-14 06:28:51.719886,11126,1
UChXOhG9bRDb3vSTg-qkPAZg,Gweilo-60,2019-03-14 06:27:52.639733,11125,0
UChXOhG9bRDb3vSTg-qkPAZg,Gweilo-60,2019-03-14 06:26:51.702829,11125,0
UChXOhG9bRDb3vSTg-qkPAZg,Gweilo-60,2019-03-14 06:25:51.721722,11125,0
UChXOhG9bRDb3vSTg-qkPAZg,Gweilo-60,2019-03-14 06:24:51.360756,11125,0
UChXOhG9bRDb3vSTg-qkPAZg,Gweilo-60,2019-03-14 06:23:51.955963,11125,0
UChXOhG9bRDb3vSTg-qkPAZg,Gweilo-60,2019-03-14 06:22:51.353878,11125,0
UChXOhG9bRDb3vSTg-qkPAZg,Gweilo-60,2019-03-14 06:21:50.969652,11125,0
UChXOhG9bRDb3vSTg-qkPAZg,Gweilo-60,2019-03-14 06:20:51.544927,11125,0
UChXOhG9bRDb3vSTg-qkPAZg,Gweilo-60,2019-03-14 06:19:51.560904,11125,0
UChXOhG9bRDb3vSTg-qkPAZg,Gweilo-60,2019-03-14 06:18:51.060814,11125,0
UChXOhG9bRDb3vSTg-qkPAZg,Gweilo-60,2019-03-14 06:17:51.461007,11125,0
UChXOhG9bRDb3vSTg-qkPAZg,Gweilo-60,2019-03-14 06:16:52.095277,11125,0
UChXOhG9bRDb3vSTg-qkPAZg,Gweilo-60,2019-03-14 06:15:51.431077,11125,0
UChXOhG9bRDb3vSTg-qkPAZg,Gweilo-60,2019-03-14 06:14:51.065447,11125,0
UChXOhG9bRDb3vSTg-qkPAZg,Gweilo-60,2019-03-14 06:13:51.396995,11125,0
UChXOhG9bRDb3vSTg-qkPAZg,Gweilo-60,2019-03-14 06:12:51.301067,11125,0
UChXOhG9bRDb3vSTg-qkPAZg,Gweilo-60,2019-03-14 06:11:51.350862,11125,0
UChXOhG9bRDb3vSTg-qkPAZg,Gweilo-60,2019-03-14 06:10:51.672424,11125,0
UChXOhG9bRDb3vSTg-qkPAZg,Gweilo-60,2019-03-14 06:09:51.431215,11125,0
UChXOhG9bRDb3vSTg-qkPAZg,Gweilo-60,2019-03-14 06:08:51.187817,11125,0
UChXOhG9bRDb3vSTg-qkPAZg,Gweilo-60,2019-03-14 06:07:51.117947,11125,0
UChXOhG9bRDb3vSTg-qkPAZg,Gweilo-60,2019-03-14 06:06:50.947343,11125,0
UChXOhG9bRDb3vSTg-qkPAZg,Gweilo-60,2019-03-14 06:05:51.762871,11125,0
UChXOhG9bRDb3vSTg-qkPAZg,Gweilo-60,2019-03-14 06:04:51.195776,11125,0
UChXOhG9bRDb3vSTg-qkPAZg,Gweilo-60,2019-03-14 06:03:51.18922,11125,0
UChXOhG9bRDb3vSTg-qkPAZg,Gweilo-60,2019-03-14 06:02:51.84101,11125,0
UChXOhG9bRDb3vSTg-qkPAZg,Gweilo-60,2019-03-14 06:01:51.577344,11125,0
UChXOhG9bRDb3vSTg-qkPAZg,Gweilo-60,2019-03-14 06:00:51.25273,11125,0
UChXOhG9bRDb3vSTg-qkPAZg,Gweilo-60,2019-03-14 05:59:52.205754,11125,0
UChXOhG9bRDb3vSTg-qkPAZg,Gweilo-60,2019-03-14 05:58:51.297457,11125,0
UChXOhG9bRDb3vSTg-qkPAZg,Gweilo-60,2019-03-14 05:57:51.578528,11125,0
UChXOhG9bRDb3vSTg-qkPAZg,Gweilo-60,2019-03-14 05:56:51.292773,11125,0
UChXOhG9bRDb3vSTg-qkPAZg,Gweilo-60,2019-03-14 05:55:50.926704,11125,0
UChXOhG9bRDb3vSTg-qkPAZg,Gweilo-60,2019-03-14 05:54:51.730918,11125,0
UChXOhG9bRDb3vSTg-qkPAZg,Gweilo-60,2019-03-14 05:53:51.770597,11125,0
UChXOhG9bRDb3vSTg-qkPAZg,Gweilo-60,2019-03-14 05:52:51.683799,11125,0
UChXOhG9bRDb3vSTg-qkPAZg,Gweilo-60,2019-03-14 05:51:51.065679,11125,0
UChXOhG9bRDb3vSTg-qkPAZg,Gweilo-60,2019-03-14 05:50:51.760658,11125,0
UChXOhG9bRDb3vSTg-qkPAZg,Gweilo-60,2019-03-14 05:49:50.951326,11125,0
UChXOhG9bRDb3vSTg-qkPAZg,Gweilo-60,2019-03-14 05:48:51.41621,11125,0
UChXOhG9bRDb3vSTg-qkPAZg,Gweilo-60,2019-03-14 05:47:51.213048,11125,0
UChXOhG9bRDb3vSTg-qkPAZg,Gweilo-60,2019-03-14 05:46:51.681809,11125,0
UChXOhG9bRDb3vSTg-qkPAZg,Gweilo-60,2019-03-14 05:45:51.118846,11125,0
UChXOhG9bRDb3vSTg-qkPAZg,Gweilo-60,2019-03-14 05:44:51.156109,11125,0
UChXOhG9bRDb3vSTg-qkPAZg,Gweilo-60,2019-03-14 05:43:51.488965,11125,0
UChXOhG9bRDb3vSTg-qkPAZg,Gweilo-60,2019-03-14 05:42:51.398658,11125,0
UChXOhG9bRDb3vSTg-qkPAZg,Gweilo-60,2019-03-14 05:41:51.172333,11125,0
UChXOhG9bRDb3vSTg-qkPAZg,Gweilo-60,2019-03-14 05:40:51.021596,11125,0
UChXOhG9bRDb3vSTg-qkPAZg,Gweilo-60,2019-03-14 05:39:51.594462,11125,0
UChXOhG9bRDb3vSTg-qkPAZg,Gweilo-60,2019-03-14 05:38:51.833641,11125,0
UChXOhG9bRDb3vSTg-qkPAZg,Gweilo-60,2019-03-14 05:37:51.125499,11125,0
UChXOhG9bRDb3vSTg-qkPAZg,Gweilo-60,2019-03-14 05:36:51.241115,11125,0
UChXOhG9bRDb3vSTg-qkPAZg,Gweilo-60,2019-03-14 05:35:51.133504,11125,0
UChXOhG9bRDb3vSTg-qkPAZg,Gweilo-60,2019-03-14 05:34:51.628652,11125,0
UChXOhG9bRDb3vSTg-qkPAZg,Gweilo-60,2019-03-14 05:33:51.898959,11125,0
UChXOhG9bRDb3vSTg-qkPAZg,Gweilo-60,2019-03-14 05:32:51.245021,11125,0
UChXOhG9bRDb3vSTg-qkPAZg,Gweilo-60,2019-03-14 05:31:51.583434,11125,0
UChXOhG9bRDb3vSTg-qkPAZg,Gweilo-60,2019-03-14 05:30:51.826254,11125,0
UChXOhG9bRDb3vSTg-qkPAZg,Gweilo-60,2019-03-14 05:29:51.969003,11125,0
UChXOhG9bRDb3vSTg-qkPAZg,Gweilo-60,2019-03-14 05:28:51.500178,11125,0
UChXOhG9bRDb3vSTg-qkPAZg,Gweilo-60,2019-03-14 05:27:51.36826,11125,0
UChXOhG9bRDb3vSTg-qkPAZg,Gweilo-60,2019-03-14 05:26:51.679929,11125,0
UChXOhG9bRDb3vSTg-qkPAZg,Gweilo-60,2019-03-14 05:25:52.061013,11125,0
UChXOhG9bRDb3vSTg-qkPAZg,Gweilo-60,2019-03-14 05:24:51.714905,11125,0
UChXOhG9bRDb3vSTg-qkPAZg,Gweilo-60,2019-03-14 05:23:51.645942,11125,0
UChXOhG9bRDb3vSTg-qkPAZg,Gweilo-60,2019-03-14 05:22:51.529115,11125,0
UChXOhG9bRDb3vSTg-qkPAZg,Gweilo-60,2019-03-14 05:21:51.680901,11125,0
UChXOhG9bRDb3vSTg-qkPAZg,Gweilo-60,2019-03-14 05:20:51.419841,11125,0
UChXOhG9bRDb3vSTg-qkPAZg,Gweilo-60,2019-03-14 05:19:51.23724,11125,0
UChXOhG9bRDb3vSTg-qkPAZg,Gweilo-60,2019-03-14 05:18:51.852856,11125,0
UChXOhG9bRDb3vSTg-qkPAZg,Gweilo-60,2019-03-14 05:17:51.579772,11125,0
UChXOhG9bRDb3vSTg-qkPAZg,Gweilo-60,2019-03-14 05:16:51.833873,11125,0
UChXOhG9bRDb3vSTg-qkPAZg,Gweilo-60,2019-03-14 05:15:50.659804,11125,0
UChXOhG9bRDb3vSTg-qkPAZg,Gweilo-60,2019-03-14 05:14:51.355774,11125,0
UChXOhG9bRDb3vSTg-qkPAZg,Gweilo-60,2019-03-14 05:13:50.951995,11125,0
UChXOhG9bRDb3vSTg-qkPAZg,Gweilo-60,2019-03-14 05:12:51.309041,11125,0
UChXOhG9bRDb3vSTg-qkPAZg,Gweilo-60,2019-03-14 05:11:51.251999,11125,0
UChXOhG9bRDb3vSTg-qkPAZg,Gweilo-60,2019-03-14 05:10:51.517814,11125,0
UChXOhG9bRDb3vSTg-qkPAZg,Gweilo-60,2019-03-14 05:09:51.139643,11125,0
UChXOhG9bRDb3vSTg-qkPAZg,Gweilo-60,2019-03-14 05:08:51.473526,11125,0
UChXOhG9bRDb3vSTg-qkPAZg,Gweilo-60,2019-03-14 05:07:51.825688,11125,0
UChXOhG9bRDb3vSTg-qkPAZg,Gweilo-60,2019-03-14 05:06:51.379902,11125,0
UChXOhG9bRDb3vSTg-qkPAZg,Gweilo-60,2019-03-14 05:05:51.755261,11125,0
UChXOhG9bRDb3vSTg-qkPAZg,Gweilo-60,2019-03-14 05:04:51.563708,11125,0
UChXOhG9bRDb3vSTg-qkPAZg,Gweilo-60,2019-03-14 05:03:51.212516,11125,0
UChXOhG9bRDb3vSTg-qkPAZg,Gweilo-60,2019-03-14 05:02:51.208663,11125,0
UChXOhG9bRDb3vSTg-qkPAZg,Gweilo-60,2019-03-14 05:01:51.457874,11125,0
UChXOhG9bRDb3vSTg-qkPAZg,Gweilo-60,2019-03-14 05:00:51.49242,11125,0
UChXOhG9bRDb3vSTg-qkPAZg,Gweilo-60,2019-03-14 04:59:52.173632,11125,0
UChXOhG9bRDb3vSTg-qkPAZg,Gweilo-60,2019-03-14 04:58:51.223476,11125,0
UChXOhG9bRDb3vSTg-qkPAZg,Gweilo-60,2019-03-14 04:57:51.693031,11125,0
UChXOhG9bRDb3vSTg-qkPAZg,Gweilo-60,2019-03-14 04:56:52.80746,11125,0
UChXOhG9bRDb3vSTg-qkPAZg,Gweilo-60,2019-03-14 04:55:51.669299,11125,0
UChXOhG9bRDb3vSTg-qkPAZg,Gweilo-60,2019-03-14 04:54:50.812492,11125,0
UChXOhG9bRDb3vSTg-qkPAZg,Gweilo-60,2019-03-14 04:53:51.434649,11125,0
UChXOhG9bRDb3vSTg-qkPAZg,Gweilo-60,2019-03-14 04:52:51.500207,11125,0
UChXOhG9bRDb3vSTg-qkPAZg,Gweilo-60,2019-03-14 04:51:52.377961,11125,0
UChXOhG9bRDb3vSTg-qkPAZg,Gweilo-60,2019-03-14 04:50:51.715488,11125,0
UChXOhG9bRDb3vSTg-qkPAZg,Gweilo-60,2019-03-14 04:49:51.165338,11125,0
UChXOhG9bRDb3vSTg-qkPAZg,Gweilo-60,2019-03-14 04:48:51.559139,11125,0
UChXOhG9bRDb3vSTg-qkPAZg,Gweilo-60,2019-03-14 04:47:51.248834,11125,0
UChXOhG9bRDb3vSTg-qkPAZg,Gweilo-60,2019-03-14 04:46:51.616557,11125,0
UChXOhG9bRDb3vSTg-qkPAZg,Gweilo-60,2019-03-14 04:45:51.703428,11125,0
UChXOhG9bRDb3vSTg-qkPAZg,Gweilo-60,2019-03-14 04:44:51.134659,11125,0
UChXOhG9bRDb3vSTg-qkPAZg,Gweilo-60,2019-03-14 04:43:51.121806,11125,0
UChXOhG9bRDb3vSTg-qkPAZg,Gweilo-60,2019-03-14 04:42:50.978892,11125,0
UChXOhG9bRDb3vSTg-qkPAZg,Gweilo-60,2019-03-14 04:41:51.491564,11125,0
UChXOhG9bRDb3vSTg-qkPAZg,Gweilo-60,2019-03-14 04:40:51.232401,11125,0
UChXOhG9bRDb3vSTg-qkPAZg,Gweilo-60,2019-03-14 04:39:51.392359,11125,0
UChXOhG9bRDb3vSTg-qkPAZg,Gweilo-60,2019-03-14 04:38:51.704183,11125,0
UChXOhG9bRDb3vSTg-qkPAZg,Gweilo-60,2019-03-14 04:37:51.587055,11125,0
UChXOhG9bRDb3vSTg-qkPAZg,Gweilo-60,2019-03-14 04:36:51.559224,11125,0
UChXOhG9bRDb3vSTg-qkPAZg,Gweilo-60,2019-03-14 04:35:51.63129,11125,0
UChXOhG9bRDb3vSTg-qkPAZg,Gweilo-60,2019-03-14 04:34:51.190777,11125,0
UChXOhG9bRDb3vSTg-qkPAZg,Gweilo-60,2019-03-14 04:33:51.491215,11125,0
UChXOhG9bRDb3vSTg-qkPAZg,Gweilo-60,2019-03-14 04:32:51.613209,11125,0
UChXOhG9bRDb3vSTg-qkPAZg,Gweilo-60,2019-03-14 04:31:51.903364,11125,0
UChXOhG9bRDb3vSTg-qkPAZg,Gweilo-60,2019-03-14 04:30:51.798514,11125,0
UChXOhG9bRDb3vSTg-qkPAZg,Gweilo-60,2019-03-14 04:29:51.079397,11125,0
UChXOhG9bRDb3vSTg-qkPAZg,Gweilo-60,2019-03-14 04:28:52.044591,11125,0
UChXOhG9bRDb3vSTg-qkPAZg,Gweilo-60,2019-03-14 04:27:51.503256,11125,0
UChXOhG9bRDb3vSTg-qkPAZg,Gweilo-60,2019-03-14 04:26:51.410225,11125,0
UChXOhG9bRDb3vSTg-qkPAZg,Gweilo-60,2019-03-14 04:25:51.193786,11125,0
UChXOhG9bRDb3vSTg-qkPAZg,Gweilo-60,2019-03-14 04:24:51.805037,11125,0
UChXOhG9bRDb3vSTg-qkPAZg,Gweilo-60,2019-03-14 04:23:51.037929,11125,0
UChXOhG9bRDb3vSTg-qkPAZg,Gweilo-60,2019-03-14 04:22:50.970192,11125,0
UChXOhG9bRDb3vSTg-qkPAZg,Gweilo-60,2019-03-14 04:21:51.242488,11125,0
UChXOhG9bRDb3vSTg-qkPAZg,Gweilo-60,2019-03-14 04:20:51.421809,11125,0
UChXOhG9bRDb3vSTg-qkPAZg,Gweilo-60,2019-03-14 04:19:51.540025,11125,0
UChXOhG9bRDb3vSTg-qkPAZg,Gweilo-60,2019-03-14 04:18:51.270393,11125,0
UChXOhG9bRDb3vSTg-qkPAZg,Gweilo-60,2019-03-14 04:17:51.705909,11125,0
UChXOhG9bRDb3vSTg-qkPAZg,Gweilo-60,2019-03-14 04:16:51.305067,11125,0
UChXOhG9bRDb3vSTg-qkPAZg,Gweilo-60,2019-03-14 04:15:51.478764,11125,0
UChXOhG9bRDb3vSTg-qkPAZg,Gweilo-60,2019-03-14 04:14:51.151579,11125,0
UChXOhG9bRDb3vSTg-qkPAZg,Gweilo-60,2019-03-14 04:13:51.27311,11125,0
UChXOhG9bRDb3vSTg-qkPAZg,Gweilo-60,2019-03-14 04:12:51.627217,11125,0
UChXOhG9bRDb3vSTg-qkPAZg,Gweilo-60,2019-03-14 04:11:51.652524,11125,0
UChXOhG9bRDb3vSTg-qkPAZg,Gweilo-60,2019-03-14 04:10:51.116921,11125,0
UChXOhG9bRDb3vSTg-qkPAZg,Gweilo-60,2019-03-14 04:09:52.015181,11125,0
UChXOhG9bRDb3vSTg-qkPAZg,Gweilo-60,2019-03-14 04:08:51.435555,11125,0
UChXOhG9bRDb3vSTg-qkPAZg,Gweilo-60,2019-03-14 04:07:51.603381,11125,0
UChXOhG9bRDb3vSTg-qkPAZg,Gweilo-60,2019-03-14 04:06:51.052607,11125,0
UChXOhG9bRDb3vSTg-qkPAZg,Gweilo-60,2019-03-14 04:05:51.236444,11125,0
UChXOhG9bRDb3vSTg-qkPAZg,Gweilo-60,2019-03-14 04:04:51.380661,11125,0
UChXOhG9bRDb3vSTg-qkPAZg,Gweilo-60,2019-03-14 04:03:51.864078,11125,0
UChXOhG9bRDb3vSTg-qkPAZg,Gweilo-60,2019-03-14 04:02:51.235094,11125,0
UChXOhG9bRDb3vSTg-qkPAZg,Gweilo-60,2019-03-14 04:01:51.53071,11125,0
UChXOhG9bRDb3vSTg-qkPAZg,Gweilo-60,2019-03-14 04:00:51.008836,11125,0
UChXOhG9bRDb3vSTg-qkPAZg,Gweilo-60,2019-03-14 03:59:51.145672,11125,0
UChXOhG9bRDb3vSTg-qkPAZg,Gweilo-60,2019-03-14 03:58:52.160872,11125,0
UChXOhG9bRDb3vSTg-qkPAZg,Gweilo-60,2019-03-14 03:57:51.693717,11125,0
UChXOhG9bRDb3vSTg-qkPAZg,Gweilo-60,2019-03-14 03:56:51.625054,11125,0
UChXOhG9bRDb3vSTg-qkPAZg,Gweilo-60,2019-03-14 03:55:51.071843,11125,0
UChXOhG9bRDb3vSTg-qkPAZg,Gweilo-60,2019-03-14 03:54:50.929739,11125,0
UChXOhG9bRDb3vSTg-qkPAZg,Gweilo-60,2019-03-14 03:53:50.949227,11125,0
UChXOhG9bRDb3vSTg-qkPAZg,Gweilo-60,2019-03-14 03:52:51.250563,11125,0
UChXOhG9bRDb3vSTg-qkPAZg,Gweilo-60,2019-03-14 03:51:51.637714,11125,0
UChXOhG9bRDb3vSTg-qkPAZg,Gweilo-60,2019-03-14 03:50:51.289399,11125,0
UChXOhG9bRDb3vSTg-qkPAZg,Gweilo-60,2019-03-14 03:49:51.265095,11125,0
UChXOhG9bRDb3vSTg-qkPAZg,Gweilo-60,2019-03-14 03:48:51.998221,11125,0
UChXOhG9bRDb3vSTg-qkPAZg,Gweilo-60,2019-03-14 03:47:51.836695,11125,0
UChXOhG9bRDb3vSTg-qkPAZg,Gweilo-60,2019-03-14 03:46:52.006004,11125,0
UChXOhG9bRDb3vSTg-qkPAZg,Gweilo-60,2019-03-14 03:45:51.156478,11125,0
UChXOhG9bRDb3vSTg-qkPAZg,Gweilo-60,2019-03-14 03:44:51.769697,11125,0
UChXOhG9bRDb3vSTg-qkPAZg,Gweilo-60,2019-03-14 03:43:51.546214,11125,0
UChXOhG9bRDb3vSTg-qkPAZg,Gweilo-60,2019-03-14 03:42:51.632319,11125,0
UChXOhG9bRDb3vSTg-qkPAZg,Gweilo-60,2019-03-14 03:41:51.799764,11125,0
UChXOhG9bRDb3vSTg-qkPAZg,Gweilo-60,2019-03-14 03:40:51.028292,11125,0
UChXOhG9bRDb3vSTg-qkPAZg,Gweilo-60,2019-03-14 03:39:51.585455,11125,0
UChXOhG9bRDb3vSTg-qkPAZg,Gweilo-60,2019-03-14 03:38:51.987324,11125,0
UChXOhG9bRDb3vSTg-qkPAZg,Gweilo-60,2019-03-14 03:37:51.675769,11125,0
UChXOhG9bRDb3vSTg-qkPAZg,Gweilo-60,2019-03-14 03:36:51.559594,11125,0
UChXOhG9bRDb3vSTg-qkPAZg,Gweilo-60,2019-03-14 03:35:51.250512,11125,0
UChXOhG9bRDb3vSTg-qkPAZg,Gweilo-60,2019-03-14 03:34:51.29134,11125,0
UChXOhG9bRDb3vSTg-qkPAZg,Gweilo-60,2019-03-14 03:33:50.977896,11125,0
UChXOhG9bRDb3vSTg-qkPAZg,Gweilo-60,2019-03-14 03:32:51.717433,11125,0
UChXOhG9bRDb3vSTg-qkPAZg,Gweilo-60,2019-03-14 03:31:51.168763,11125,0
UChXOhG9bRDb3vSTg-qkPAZg,Gweilo-60,2019-03-14 03:30:51.900902,11125,0
UChXOhG9bRDb3vSTg-qkPAZg,Gweilo-60,2019-03-14 03:29:51.012982,11125,0
UChXOhG9bRDb3vSTg-qkPAZg,Gweilo-60,2019-03-14 03:28:51.660276,11125,0
UChXOhG9bRDb3vSTg-qkPAZg,Gweilo-60,2019-03-14 03:27:52.073219,11125,0
UChXOhG9bRDb3vSTg-qkPAZg,Gweilo-60,2019-03-14 03:26:52.056533,11125,0
UChXOhG9bRDb3vSTg-qkPAZg,Gweilo-60,2019-03-14 03:25:51.607133,11125,0
UChXOhG9bRDb3vSTg-qkPAZg,Gweilo-60,2019-03-14 03:24:52.213212,11125,0
UChXOhG9bRDb3vSTg-qkPAZg,Gweilo-60,2019-03-14 03:23:51.386137,11125,0
UChXOhG9bRDb3vSTg-qkPAZg,Gweilo-60,2019-03-14 03:22:51.007517,11125,0
UChXOhG9bRDb3vSTg-qkPAZg,Gweilo-60,2019-03-14 03:21:51.501422,11125,0
UChXOhG9bRDb3vSTg-qkPAZg,Gweilo-60,2019-03-14 03:20:51.387159,11125,0
UChXOhG9bRDb3vSTg-qkPAZg,Gweilo-60,2019-03-14 03:19:51.368833,11125,0
UChXOhG9bRDb3vSTg-qkPAZg,Gweilo-60,2019-03-14 03:18:51.61706,11125,0
UChXOhG9bRDb3vSTg-qkPAZg,Gweilo-60,2019-03-14 03:17:52.000792,11125,0
UChXOhG9bRDb3vSTg-qkPAZg,Gweilo-60,2019-03-14 03:16:51.615545,11125,0
UChXOhG9bRDb3vSTg-qkPAZg,Gweilo-60,2019-03-14 03:15:52.485436,11125,0
UChXOhG9bRDb3vSTg-qkPAZg,Gweilo-60,2019-03-14 03:14:51.73319,11125,0
UChXOhG9bRDb3vSTg-qkPAZg,Gweilo-60,2019-03-14 03:13:51.316109,11125,0
UChXOhG9bRDb3vSTg-qkPAZg,Gweilo-60,2019-03-14 03:12:51.427037,11125,0
UChXOhG9bRDb3vSTg-qkPAZg,Gweilo-60,2019-03-14 03:11:51.234597,11125,0
UChXOhG9bRDb3vSTg-qkPAZg,Gweilo-60,2019-03-14 03:10:52.109856,11125,0
UChXOhG9bRDb3vSTg-qkPAZg,Gweilo-60,2019-03-14 03:09:51.8319,11125,0
UChXOhG9bRDb3vSTg-qkPAZg,Gweilo-60,2019-03-14 03:08:51.603132,11125,0
UChXOhG9bRDb3vSTg-qkPAZg,Gweilo-60,2019-03-14 03:07:51.641577,11125,0
UChXOhG9bRDb3vSTg-qkPAZg,Gweilo-60,2019-03-14 03:06:52.080098,11125,0
UChXOhG9bRDb3vSTg-qkPAZg,Gweilo-60,2019-03-14 03:05:52.219514,11125,0
UChXOhG9bRDb3vSTg-qkPAZg,Gweilo-60,2019-03-14 03:04:51.642215,11125,0
UChXOhG9bRDb3vSTg-qkPAZg,Gweilo-60,2019-03-14 03:03:51.317142,11125,0
UChXOhG9bRDb3vSTg-qkPAZg,Gweilo-60,2019-03-14 03:02:51.764828,11125,0
UChXOhG9bRDb3vSTg-qkPAZg,Gweilo-60,2019-03-14 03:01:51.362027,11125,0
UChXOhG9bRDb3vSTg-qkPAZg,Gweilo-60,2019-03-14 03:00:51.666877,11125,0
UChXOhG9bRDb3vSTg-qkPAZg,Gweilo-60,2019-03-14 02:59:51.528425,11125,0
UChXOhG9bRDb3vSTg-qkPAZg,Gweilo-60,2019-03-14 02:58:51.751644,11125,0
UChXOhG9bRDb3vSTg-qkPAZg,Gweilo-60,2019-03-14 02:57:51.108211,11125,0
UChXOhG9bRDb3vSTg-qkPAZg,Gweilo-60,2019-03-14 02:56:53.459841,11125,0
UChXOhG9bRDb3vSTg-qkPAZg,Gweilo-60,2019-03-14 02:55:51.703585,11125,0
UChXOhG9bRDb3vSTg-qkPAZg,Gweilo-60,2019-03-14 02:54:51.588582,11125,0
UChXOhG9bRDb3vSTg-qkPAZg,Gweilo-60,2019-03-14 02:53:51.879171,11125,0
UChXOhG9bRDb3vSTg-qkPAZg,Gweilo-60,2019-03-14 02:52:51.527009,11125,0
UChXOhG9bRDb3vSTg-qkPAZg,Gweilo-60,2019-03-14 02:51:51.490149,11125,0
UChXOhG9bRDb3vSTg-qkPAZg,Gweilo-60,2019-03-14 02:50:51.560287,11125,0
UChXOhG9bRDb3vSTg-qkPAZg,Gweilo-60,2019-03-14 02:49:51.352479,11125,0
UChXOhG9bRDb3vSTg-qkPAZg,Gweilo-60,2019-03-14 02:48:51.823676,11125,0
UChXOhG9bRDb3vSTg-qkPAZg,Gweilo-60,2019-03-14 02:47:51.354839,11125,0
UChXOhG9bRDb3vSTg-qkPAZg,Gweilo-60,2019-03-14 02:46:51.542216,11125,0
UChXOhG9bRDb3vSTg-qkPAZg,Gweilo-60,2019-03-14 02:45:52.408791,11125,0
UChXOhG9bRDb3vSTg-qkPAZg,Gweilo-60,2019-03-14 02:44:51.08134,11125,0
UChXOhG9bRDb3vSTg-qkPAZg,Gweilo-60,2019-03-14 02:43:51.336812,11125,0
UChXOhG9bRDb3vSTg-qkPAZg,Gweilo-60,2019-03-14 02:42:51.346,11125,0
UChXOhG9bRDb3vSTg-qkPAZg,Gweilo-60,2019-03-14 02:41:51.764095,11125,0
UChXOhG9bRDb3vSTg-qkPAZg,Gweilo-60,2019-03-14 02:40:51.237014,11125,0
UChXOhG9bRDb3vSTg-qkPAZg,Gweilo-60,2019-03-14 02:39:51.274312,11125,0
UChXOhG9bRDb3vSTg-qkPAZg,Gweilo-60,2019-03-14 02:38:51.808326,11125,0
UChXOhG9bRDb3vSTg-qkPAZg,Gweilo-60,2019-03-14 02:37:51.137734,11125,0
UChXOhG9bRDb3vSTg-qkPAZg,Gweilo-60,2019-03-14 02:36:51.896619,11125,0
UChXOhG9bRDb3vSTg-qkPAZg,Gweilo-60,2019-03-14 02:35:52.131335,11125,0
UChXOhG9bRDb3vSTg-qkPAZg,Gweilo-60,2019-03-14 02:34:51.717154,11125,0
UChXOhG9bRDb3vSTg-qkPAZg,Gweilo-60,2019-03-14 02:33:50.954136,11125,0
UChXOhG9bRDb3vSTg-qkPAZg,Gweilo-60,2019-03-14 02:32:51.038484,11125,0
UChXOhG9bRDb3vSTg-qkPAZg,Gweilo-60,2019-03-14 02:31:51.997084,11125,0
UChXOhG9bRDb3vSTg-qkPAZg,Gweilo-60,2019-03-14 02:30:50.996544,11125,0
UChXOhG9bRDb3vSTg-qkPAZg,Gweilo-60,2019-03-14 02:29:51.429496,11125,0
UChXOhG9bRDb3vSTg-qkPAZg,Gweilo-60,2019-03-14 02:28:51.520803,11125,0
UChXOhG9bRDb3vSTg-qkPAZg,Gweilo-60,2019-03-14 02:27:51.912621,11125,0
UChXOhG9bRDb3vSTg-qkPAZg,Gweilo-60,2019-03-14 02:26:51.330963,11125,0
UChXOhG9bRDb3vSTg-qkPAZg,Gweilo-60,2019-03-14 02:25:51.813313,11125,0
UChXOhG9bRDb3vSTg-qkPAZg,Gweilo-60,2019-03-14 02:24:52.229761,11125,0
UChXOhG9bRDb3vSTg-qkPAZg,Gweilo-60,2019-03-14 02:23:50.857319,11125,0
UChXOhG9bRDb3vSTg-qkPAZg,Gweilo-60,2019-03-14 02:22:51.381186,11125,0
UChXOhG9bRDb3vSTg-qkPAZg,Gweilo-60,2019-03-14 02:21:50.720082,11125,0
UChXOhG9bRDb3vSTg-qkPAZg,Gweilo-60,2019-03-14 02:20:52.106104,11125,0
UChXOhG9bRDb3vSTg-qkPAZg,Gweilo-60,2019-03-14 02:19:52.563386,11125,0
UChXOhG9bRDb3vSTg-qkPAZg,Gweilo-60,2019-03-14 02:18:51.626875,11125,0
UChXOhG9bRDb3vSTg-qkPAZg,Gweilo-60,2019-03-14 02:17:50.943518,11125,0
UChXOhG9bRDb3vSTg-qkPAZg,Gweilo-60,2019-03-14 02:16:51.263417,11125,0
UChXOhG9bRDb3vSTg-qkPAZg,Gweilo-60,2019-03-14 02:15:50.65705,11125,0
UChXOhG9bRDb3vSTg-qkPAZg,Gweilo-60,2019-03-14 02:14:50.80001,11125,0
UChXOhG9bRDb3vSTg-qkPAZg,Gweilo-60,2019-03-14 02:13:50.914525,11125,0
UChXOhG9bRDb3vSTg-qkPAZg,Gweilo-60,2019-03-14 02:12:51.680431,11125,0
UChXOhG9bRDb3vSTg-qkPAZg,Gweilo-60,2019-03-14 02:11:52.86582,11125,0
UChXOhG9bRDb3vSTg-qkPAZg,Gweilo-60,2019-03-14 02:10:51.013323,11125,0
UChXOhG9bRDb3vSTg-qkPAZg,Gweilo-60,2019-03-14 02:09:51.540783,11125,0
UChXOhG9bRDb3vSTg-qkPAZg,Gweilo-60,2019-03-14 02:08:51.654537,11125,0
UChXOhG9bRDb3vSTg-qkPAZg,Gweilo-60,2019-03-14 02:07:51.174899,11125,0
UChXOhG9bRDb3vSTg-qkPAZg,Gweilo-60,2019-03-14 02:06:50.969598,11125,0
UChXOhG9bRDb3vSTg-qkPAZg,Gweilo-60,2019-03-14 02:05:51.689692,11125,0
UChXOhG9bRDb3vSTg-qkPAZg,Gweilo-60,2019-03-14 02:04:50.818302,11125,0
UChXOhG9bRDb3vSTg-qkPAZg,Gweilo-60,2019-03-14 02:03:52.679309,11125,0
UChXOhG9bRDb3vSTg-qkPAZg,Gweilo-60,2019-03-14 02:02:51.441303,11125,0
UChXOhG9bRDb3vSTg-qkPAZg,Gweilo-60,2019-03-14 02:01:51.469412,11125,0
UChXOhG9bRDb3vSTg-qkPAZg,Gweilo-60,2019-03-14 02:00:51.082193,11125,0
UChXOhG9bRDb3vSTg-qkPAZg,Gweilo-60,2019-03-14 01:59:51.099209,11125,0
UChXOhG9bRDb3vSTg-qkPAZg,Gweilo-60,2019-03-14 01:58:51.666751,11125,0
UChXOhG9bRDb3vSTg-qkPAZg,Gweilo-60,2019-03-14 01:57:51.726112,11125,0
UChXOhG9bRDb3vSTg-qkPAZg,Gweilo-60,2019-03-14 01:56:51.145292,11125,0
UChXOhG9bRDb3vSTg-qkPAZg,Gweilo-60,2019-03-14 01:55:51.633454,11125,0
UChXOhG9bRDb3vSTg-qkPAZg,Gweilo-60,2019-03-14 01:54:51.15633,11125,0
UChXOhG9bRDb3vSTg-qkPAZg,Gweilo-60,2019-03-14 01:53:51.462224,11125,0
UChXOhG9bRDb3vSTg-qkPAZg,Gweilo-60,2019-03-14 01:52:51.298437,11125,0
UChXOhG9bRDb3vSTg-qkPAZg,Gweilo-60,2019-03-14 01:51:51.166763,11125,0
UChXOhG9bRDb3vSTg-qkPAZg,Gweilo-60,2019-03-14 01:50:50.921328,11125,0
UChXOhG9bRDb3vSTg-qkPAZg,Gweilo-60,2019-03-14 01:49:50.851444,11125,0
UChXOhG9bRDb3vSTg-qkPAZg,Gweilo-60,2019-03-14 01:48:51.217375,11125,0
UChXOhG9bRDb3vSTg-qkPAZg,Gweilo-60,2019-03-14 01:47:52.224664,11125,0
UChXOhG9bRDb3vSTg-qkPAZg,Gweilo-60,2019-03-14 01:46:51.565511,11125,0
UChXOhG9bRDb3vSTg-qkPAZg,Gweilo-60,2019-03-14 01:45:51.854929,11125,0
UChXOhG9bRDb3vSTg-qkPAZg,Gweilo-60,2019-03-14 01:44:51.312445,11125,0
UChXOhG9bRDb3vSTg-qkPAZg,Gweilo-60,2019-03-14 01:43:51.36835,11125,0
UChXOhG9bRDb3vSTg-qkPAZg,Gweilo-60,2019-03-14 01:42:51.51357,11125,0
UChXOhG9bRDb3vSTg-qkPAZg,Gweilo-60,2019-03-14 01:41:52.720382,11125,0
UChXOhG9bRDb3vSTg-qkPAZg,Gweilo-60,2019-03-14 01:40:51.468294,11125,0
UChXOhG9bRDb3vSTg-qkPAZg,Gweilo-60,2019-03-14 01:39:51.753255,11125,0
UChXOhG9bRDb3vSTg-qkPAZg,Gweilo-60,2019-03-14 01:38:51.66911,11125,0
UChXOhG9bRDb3vSTg-qkPAZg,Gweilo-60,2019-03-14 01:37:51.181914,11125,0
UChXOhG9bRDb3vSTg-qkPAZg,Gweilo-60,2019-03-14 01:36:51.839863,11125,0
UChXOhG9bRDb3vSTg-qkPAZg,Gweilo-60,2019-03-14 01:35:51.349979,11125,0
UChXOhG9bRDb3vSTg-qkPAZg,Gweilo-60,2019-03-14 01:34:51.450633,11125,0
UChXOhG9bRDb3vSTg-qkPAZg,Gweilo-60,2019-03-14 01:33:50.991388,11125,0
UChXOhG9bRDb3vSTg-qkPAZg,Gweilo-60,2019-03-14 01:32:51.324126,11125,0
UChXOhG9bRDb3vSTg-qkPAZg,Gweilo-60,2019-03-14 01:31:51.50941,11125,0
UChXOhG9bRDb3vSTg-qkPAZg,Gweilo-60,2019-03-14 01:30:52.128358,11125,0
UChXOhG9bRDb3vSTg-qkPAZg,Gweilo-60,2019-03-14 01:29:51.14182,11125,0
UChXOhG9bRDb3vSTg-qkPAZg,Gweilo-60,2019-03-14 01:28:51.149774,11125,0
UChXOhG9bRDb3vSTg-qkPAZg,Gweilo-60,2019-03-14 01:27:51.180755,11125,0
UChXOhG9bRDb3vSTg-qkPAZg,Gweilo-60,2019-03-14 01:26:51.634236,11125,0
UChXOhG9bRDb3vSTg-qkPAZg,Gweilo-60,2019-03-14 01:25:51.627299,11125,0
UChXOhG9bRDb3vSTg-qkPAZg,Gweilo-60,2019-03-14 01:24:51.314127,11125,0
UChXOhG9bRDb3vSTg-qkPAZg,Gweilo-60,2019-03-14 01:23:51.078193,11125,0
UChXOhG9bRDb3vSTg-qkPAZg,Gweilo-60,2019-03-14 01:22:51.827333,11125,0
UChXOhG9bRDb3vSTg-qkPAZg,Gweilo-60,2019-03-14 01:21:51.657218,11125,0
UChXOhG9bRDb3vSTg-qkPAZg,Gweilo-60,2019-03-14 01:20:50.880484,11125,0
UChXOhG9bRDb3vSTg-qkPAZg,Gweilo-60,2019-03-14 01:19:51.130004,11125,0
UChXOhG9bRDb3vSTg-qkPAZg,Gweilo-60,2019-03-14 01:18:50.99544,11125,0
UChXOhG9bRDb3vSTg-qkPAZg,Gweilo-60,2019-03-14 01:17:51.064291,11125,0
UChXOhG9bRDb3vSTg-qkPAZg,Gweilo-60,2019-03-14 01:16:52.13849,11125,0
UChXOhG9bRDb3vSTg-qkPAZg,Gweilo-60,2019-03-14 01:15:51.629013,11125,0
UChXOhG9bRDb3vSTg-qkPAZg,Gweilo-60,2019-03-14 01:14:51.967581,11125,0
UChXOhG9bRDb3vSTg-qkPAZg,Gweilo-60,2019-03-14 01:13:51.399901,11125,0
UChXOhG9bRDb3vSTg-qkPAZg,Gweilo-60,2019-03-14 01:12:51.020341,11125,0
UChXOhG9bRDb3vSTg-qkPAZg,Gweilo-60,2019-03-14 01:11:51.405468,11125,0
UChXOhG9bRDb3vSTg-qkPAZg,Gweilo-60,2019-03-14 01:10:51.246811,11125,0
UChXOhG9bRDb3vSTg-qkPAZg,Gweilo-60,2019-03-14 01:09:50.967055,11125,0
UChXOhG9bRDb3vSTg-qkPAZg,Gweilo-60,2019-03-14 01:08:51.356254,11125,0
UChXOhG9bRDb3vSTg-qkPAZg,Gweilo-60,2019-03-14 01:07:50.685649,11125,0
UChXOhG9bRDb3vSTg-qkPAZg,Gweilo-60,2019-03-14 01:06:51.341394,11125,0
UChXOhG9bRDb3vSTg-qkPAZg,Gweilo-60,2019-03-14 01:05:51.025299,11125,0
UChXOhG9bRDb3vSTg-qkPAZg,Gweilo-60,2019-03-14 01:04:51.670912,11125,0
UChXOhG9bRDb3vSTg-qkPAZg,Gweilo-60,2019-03-14 01:03:51.196029,11125,0
UChXOhG9bRDb3vSTg-qkPAZg,Gweilo-60,2019-03-14 01:02:51.853081,11125,0
UChXOhG9bRDb3vSTg-qkPAZg,Gweilo-60,2019-03-14 01:01:51.758445,11125,0
UChXOhG9bRDb3vSTg-qkPAZg,Gweilo-60,2019-03-14 01:00:51.355063,11125,0
UChXOhG9bRDb3vSTg-qkPAZg,Gweilo-60,2019-03-14 00:59:51.958692,11125,0
UChXOhG9bRDb3vSTg-qkPAZg,Gweilo-60,2019-03-14 00:58:51.204297,11125,0
UChXOhG9bRDb3vSTg-qkPAZg,Gweilo-60,2019-03-14 00:57:51.286596,11125,0
UChXOhG9bRDb3vSTg-qkPAZg,Gweilo-60,2019-03-14 00:56:51.821041,11125,0
UChXOhG9bRDb3vSTg-qkPAZg,Gweilo-60,2019-03-14 00:55:51.959785,11125,0
UChXOhG9bRDb3vSTg-qkPAZg,Gweilo-60,2019-03-14 00:54:51.360568,11125,0
UChXOhG9bRDb3vSTg-qkPAZg,Gweilo-60,2019-03-14 00:53:51.963346,11125,0
UChXOhG9bRDb3vSTg-qkPAZg,Gweilo-60,2019-03-14 00:52:51.913954,11125,0
UChXOhG9bRDb3vSTg-qkPAZg,Gweilo-60,2019-03-14 00:51:51.211548,11125,0
UChXOhG9bRDb3vSTg-qkPAZg,Gweilo-60,2019-03-14 00:50:51.292321,11125,0
UChXOhG9bRDb3vSTg-qkPAZg,Gweilo-60,2019-03-14 00:49:52.21384,11125,0
UChXOhG9bRDb3vSTg-qkPAZg,Gweilo-60,2019-03-14 00:48:51.780832,11125,0
UChXOhG9bRDb3vSTg-qkPAZg,Gweilo-60,2019-03-14 00:47:50.734145,11125,0
UChXOhG9bRDb3vSTg-qkPAZg,Gweilo-60,2019-03-14 00:46:51.353477,11125,1
UChXOhG9bRDb3vSTg-qkPAZg,Gweilo-60,2019-03-14 00:45:51.34544,11124,0
UChXOhG9bRDb3vSTg-qkPAZg,Gweilo-60,2019-03-14 00:44:51.178837,11124,0
UChXOhG9bRDb3vSTg-qkPAZg,Gweilo-60,2019-03-14 00:43:51.546641,11124,0
UChXOhG9bRDb3vSTg-qkPAZg,Gweilo-60,2019-03-14 00:42:50.677791,11124,0
UChXOhG9bRDb3vSTg-qkPAZg,Gweilo-60,2019-03-14 00:41:51.313294,11124,0
UChXOhG9bRDb3vSTg-qkPAZg,Gweilo-60,2019-03-14 00:40:51.422604,11124,0
UChXOhG9bRDb3vSTg-qkPAZg,Gweilo-60,2019-03-14 00:39:51.459895,11124,0
UChXOhG9bRDb3vSTg-qkPAZg,Gweilo-60,2019-03-14 00:38:51.55921,11124,0
UChXOhG9bRDb3vSTg-qkPAZg,Gweilo-60,2019-03-14 00:37:51.147409,11124,0
UChXOhG9bRDb3vSTg-qkPAZg,Gweilo-60,2019-03-14 00:36:51.868225,11124,0
UChXOhG9bRDb3vSTg-qkPAZg,Gweilo-60,2019-03-14 00:35:51.679399,11124,0
UChXOhG9bRDb3vSTg-qkPAZg,Gweilo-60,2019-03-14 00:34:51.841699,11124,0
UChXOhG9bRDb3vSTg-qkPAZg,Gweilo-60,2019-03-14 00:33:51.241026,11124,0
UChXOhG9bRDb3vSTg-qkPAZg,Gweilo-60,2019-03-14 00:32:51.340838,11124,0
UChXOhG9bRDb3vSTg-qkPAZg,Gweilo-60,2019-03-14 00:31:51.628586,11124,0
UChXOhG9bRDb3vSTg-qkPAZg,Gweilo-60,2019-03-14 00:30:51.203598,11124,0
UChXOhG9bRDb3vSTg-qkPAZg,Gweilo-60,2019-03-14 00:29:51.474009,11124,0
UChXOhG9bRDb3vSTg-qkPAZg,Gweilo-60,2019-03-14 00:28:51.116767,11124,0
UChXOhG9bRDb3vSTg-qkPAZg,Gweilo-60,2019-03-14 00:27:51.26819,11124,0
UChXOhG9bRDb3vSTg-qkPAZg,Gweilo-60,2019-03-14 00:26:51.330716,11124,0
UChXOhG9bRDb3vSTg-qkPAZg,Gweilo-60,2019-03-14 00:25:51.461627,11124,0
UChXOhG9bRDb3vSTg-qkPAZg,Gweilo-60,2019-03-14 00:24:51.385629,11124,0
UChXOhG9bRDb3vSTg-qkPAZg,Gweilo-60,2019-03-14 00:23:51.738373,11124,0
UChXOhG9bRDb3vSTg-qkPAZg,Gweilo-60,2019-03-14 00:22:51.505788,11124,0
UChXOhG9bRDb3vSTg-qkPAZg,Gweilo-60,2019-03-14 00:21:51.264289,11124,0
UChXOhG9bRDb3vSTg-qkPAZg,Gweilo-60,2019-03-14 00:20:51.288947,11124,0
UChXOhG9bRDb3vSTg-qkPAZg,Gweilo-60,2019-03-14 00:19:52.254403,11124,0
UChXOhG9bRDb3vSTg-qkPAZg,Gweilo-60,2019-03-14 00:18:51.258478,11124,0
UChXOhG9bRDb3vSTg-qkPAZg,Gweilo-60,2019-03-14 00:17:51.396631,11124,0
UChXOhG9bRDb3vSTg-qkPAZg,Gweilo-60,2019-03-14 00:16:51.101788,11124,1
UChXOhG9bRDb3vSTg-qkPAZg,Gweilo-60,2019-03-14 00:15:51.089858,11123,0
UChXOhG9bRDb3vSTg-qkPAZg,Gweilo-60,2019-03-14 00:14:51.27751,11123,0
UChXOhG9bRDb3vSTg-qkPAZg,Gweilo-60,2019-03-14 00:13:51.783356,11123,0
UChXOhG9bRDb3vSTg-qkPAZg,Gweilo-60,2019-03-14 00:12:51.917075,11123,0
UChXOhG9bRDb3vSTg-qkPAZg,Gweilo-60,2019-03-14 00:11:51.181867,11123,0
UChXOhG9bRDb3vSTg-qkPAZg,Gweilo-60,2019-03-14 00:10:52.736817,11123,0
UChXOhG9bRDb3vSTg-qkPAZg,Gweilo-60,2019-03-14 00:09:51.852137,11123,0
UChXOhG9bRDb3vSTg-qkPAZg,Gweilo-60,2019-03-14 00:08:51.32178,11123,0
UChXOhG9bRDb3vSTg-qkPAZg,Gweilo-60,2019-03-14 00:07:51.704552,11123,0
UChXOhG9bRDb3vSTg-qkPAZg,Gweilo-60,2019-03-14 00:06:51.450332,11123,1
UChXOhG9bRDb3vSTg-qkPAZg,Gweilo-60,2019-03-14 00:05:51.222898,11122,0
UChXOhG9bRDb3vSTg-qkPAZg,Gweilo-60,2019-03-14 00:04:52.010797,11122,0
UChXOhG9bRDb3vSTg-qkPAZg,Gweilo-60,2019-03-14 00:03:51.380515,11122,0
UChXOhG9bRDb3vSTg-qkPAZg,Gweilo-60,2019-03-14 00:02:51.686325,11122,0
UChXOhG9bRDb3vSTg-qkPAZg,Gweilo-60,2019-03-14 00:01:50.949383,11122,0
UChXOhG9bRDb3vSTg-qkPAZg,Gweilo-60,2019-03-14 00:00:51.882248,11122,0
UChXOhG9bRDb3vSTg-qkPAZg,Gweilo-60,2019-03-13 23:59:51.54077,11122,0
UChXOhG9bRDb3vSTg-qkPAZg,Gweilo-60,2019-03-13 23:58:51.222252,11122,0
UChXOhG9bRDb3vSTg-qkPAZg,Gweilo-60,2019-03-13 23:57:51.077691,11122,0
UChXOhG9bRDb3vSTg-qkPAZg,Gweilo-60,2019-03-13 23:56:51.699289,11122,0
UChXOhG9bRDb3vSTg-qkPAZg,Gweilo-60,2019-03-13 23:55:51.679134,11122,0
UChXOhG9bRDb3vSTg-qkPAZg,Gweilo-60,2019-03-13 23:54:51.493943,11122,0
UChXOhG9bRDb3vSTg-qkPAZg,Gweilo-60,2019-03-13 23:53:50.891409,11122,0
UChXOhG9bRDb3vSTg-qkPAZg,Gweilo-60,2019-03-13 23:52:51.587034,11122,0
UChXOhG9bRDb3vSTg-qkPAZg,Gweilo-60,2019-03-13 23:51:50.969337,11122,0
UChXOhG9bRDb3vSTg-qkPAZg,Gweilo-60,2019-03-13 23:50:51.435132,11122,0
UChXOhG9bRDb3vSTg-qkPAZg,Gweilo-60,2019-03-13 23:49:51.500291,11122,0
UChXOhG9bRDb3vSTg-qkPAZg,Gweilo-60,2019-03-13 23:48:50.959894,11122,0
UChXOhG9bRDb3vSTg-qkPAZg,Gweilo-60,2019-03-13 23:47:51.067346,11122,0
UChXOhG9bRDb3vSTg-qkPAZg,Gweilo-60,2019-03-13 23:46:51.37982,11122,0
UChXOhG9bRDb3vSTg-qkPAZg,Gweilo-60,2019-03-13 23:45:51.404582,11122,0
UChXOhG9bRDb3vSTg-qkPAZg,Gweilo-60,2019-03-13 23:44:51.410328,11122,0
UChXOhG9bRDb3vSTg-qkPAZg,Gweilo-60,2019-03-13 23:43:51.960398,11122,0
UChXOhG9bRDb3vSTg-qkPAZg,Gweilo-60,2019-03-13 23:42:51.49009,11122,1
UChXOhG9bRDb3vSTg-qkPAZg,Gweilo-60,2019-03-13 23:41:50.973597,11121,0
UChXOhG9bRDb3vSTg-qkPAZg,Gweilo-60,2019-03-13 23:40:51.915395,11121,0
UChXOhG9bRDb3vSTg-qkPAZg,Gweilo-60,2019-03-13 23:39:51.259816,11121,0
UChXOhG9bRDb3vSTg-qkPAZg,Gweilo-60,2019-03-13 23:38:51.116525,11121,0
UChXOhG9bRDb3vSTg-qkPAZg,Gweilo-60,2019-03-13 23:37:50.665689,11121,0
UChXOhG9bRDb3vSTg-qkPAZg,Gweilo-60,2019-03-13 23:36:50.831279,11121,0
UChXOhG9bRDb3vSTg-qkPAZg,Gweilo-60,2019-03-13 23:35:50.757288,11121,0
UChXOhG9bRDb3vSTg-qkPAZg,Gweilo-60,2019-03-13 23:34:51.585129,11121,0
UChXOhG9bRDb3vSTg-qkPAZg,Gweilo-60,2019-03-13 23:33:51.601193,11121,0
UChXOhG9bRDb3vSTg-qkPAZg,Gweilo-60,2019-03-13 23:32:50.786131,11121,0
UChXOhG9bRDb3vSTg-qkPAZg,Gweilo-60,2019-03-13 23:31:51.089895,11121,0
UChXOhG9bRDb3vSTg-qkPAZg,Gweilo-60,2019-03-13 23:30:52.265151,11121,0
UChXOhG9bRDb3vSTg-qkPAZg,Gweilo-60,2019-03-13 23:29:51.140664,11121,0
UChXOhG9bRDb3vSTg-qkPAZg,Gweilo-60,2019-03-13 23:28:51.302148,11121,0
UChXOhG9bRDb3vSTg-qkPAZg,Gweilo-60,2019-03-13 23:27:51.943162,11121,0
UChXOhG9bRDb3vSTg-qkPAZg,Gweilo-60,2019-03-13 23:26:52.867243,11121,0
UChXOhG9bRDb3vSTg-qkPAZg,Gweilo-60,2019-03-13 23:25:51.024055,11121,0
UChXOhG9bRDb3vSTg-qkPAZg,Gweilo-60,2019-03-13 23:24:51.396662,11121,0
UChXOhG9bRDb3vSTg-qkPAZg,Gweilo-60,2019-03-13 23:23:51.580463,11121,0
UChXOhG9bRDb3vSTg-qkPAZg,Gweilo-60,2019-03-13 23:22:51.339865,11121,0
UChXOhG9bRDb3vSTg-qkPAZg,Gweilo-60,2019-03-13 23:21:51.300176,11121,0
UChXOhG9bRDb3vSTg-qkPAZg,Gweilo-60,2019-03-13 23:20:51.262062,11121,0
UChXOhG9bRDb3vSTg-qkPAZg,Gweilo-60,2019-03-13 23:19:51.353064,11121,0
UChXOhG9bRDb3vSTg-qkPAZg,Gweilo-60,2019-03-13 23:18:51.585028,11121,0
UChXOhG9bRDb3vSTg-qkPAZg,Gweilo-60,2019-03-13 23:17:51.542838,11121,0
UChXOhG9bRDb3vSTg-qkPAZg,Gweilo-60,2019-03-13 23:16:51.397291,11121,0
UChXOhG9bRDb3vSTg-qkPAZg,Gweilo-60,2019-03-13 23:15:51.440959,11121,0
UChXOhG9bRDb3vSTg-qkPAZg,Gweilo-60,2019-03-13 23:14:51.257181,11121,0
UChXOhG9bRDb3vSTg-qkPAZg,Gweilo-60,2019-03-13 23:13:51.480357,11121,0
UChXOhG9bRDb3vSTg-qkPAZg,Gweilo-60,2019-03-13 23:12:51.335511,11121,0
UChXOhG9bRDb3vSTg-qkPAZg,Gweilo-60,2019-03-13 23:11:51.224779,11121,0
UChXOhG9bRDb3vSTg-qkPAZg,Gweilo-60,2019-03-13 23:10:51.429567,11121,0
UChXOhG9bRDb3vSTg-qkPAZg,Gweilo-60,2019-03-13 23:09:51.320468,11121,0
UChXOhG9bRDb3vSTg-qkPAZg,Gweilo-60,2019-03-13 23:08:52.007986,11121,0
UChXOhG9bRDb3vSTg-qkPAZg,Gweilo-60,2019-03-13 23:07:51.091266,11121,0
UChXOhG9bRDb3vSTg-qkPAZg,Gweilo-60,2019-03-13 23:06:51.761293,11121,0
UChXOhG9bRDb3vSTg-qkPAZg,Gweilo-60,2019-03-13 23:05:51.812046,11121,0
UChXOhG9bRDb3vSTg-qkPAZg,Gweilo-60,2019-03-13 23:04:51.199908,11121,0
UChXOhG9bRDb3vSTg-qkPAZg,Gweilo-60,2019-03-13 23:03:51.506505,11121,0
UChXOhG9bRDb3vSTg-qkPAZg,Gweilo-60,2019-03-13 23:02:51.580181,11121,0
UChXOhG9bRDb3vSTg-qkPAZg,Gweilo-60,2019-03-13 23:01:51.394376,11121,0
UChXOhG9bRDb3vSTg-qkPAZg,Gweilo-60,2019-03-13 23:00:52.135332,11121,0
UChXOhG9bRDb3vSTg-qkPAZg,Gweilo-60,2019-03-13 22:59:50.928066,11121,0
UChXOhG9bRDb3vSTg-qkPAZg,Gweilo-60,2019-03-13 22:58:52.245004,11121,0
UChXOhG9bRDb3vSTg-qkPAZg,Gweilo-60,2019-03-13 22:57:51.195504,11121,0
UChXOhG9bRDb3vSTg-qkPAZg,Gweilo-60,2019-03-13 22:56:51.189244,11121,0
UChXOhG9bRDb3vSTg-qkPAZg,Gweilo-60,2019-03-13 22:55:51.248803,11121,0
UChXOhG9bRDb3vSTg-qkPAZg,Gweilo-60,2019-03-13 22:54:51.794557,11121,0
UChXOhG9bRDb3vSTg-qkPAZg,Gweilo-60,2019-03-13 22:53:51.256581,11121,0
UChXOhG9bRDb3vSTg-qkPAZg,Gweilo-60,2019-03-13 22:52:51.107322,11121,0
UChXOhG9bRDb3vSTg-qkPAZg,Gweilo-60,2019-03-13 22:51:51.603233,11121,0
UChXOhG9bRDb3vSTg-qkPAZg,Gweilo-60,2019-03-13 22:50:51.769082,11121,0
UChXOhG9bRDb3vSTg-qkPAZg,Gweilo-60,2019-03-13 22:49:51.393867,11121,0
UChXOhG9bRDb3vSTg-qkPAZg,Gweilo-60,2019-03-13 22:48:51.663034,11121,0
UChXOhG9bRDb3vSTg-qkPAZg,Gweilo-60,2019-03-13 22:47:52.13207,11121,0
UChXOhG9bRDb3vSTg-qkPAZg,Gweilo-60,2019-03-13 22:46:51.088839,11121,0
UChXOhG9bRDb3vSTg-qkPAZg,Gweilo-60,2019-03-13 22:45:51.217507,11121,0
UChXOhG9bRDb3vSTg-qkPAZg,Gweilo-60,2019-03-13 22:44:51.396142,11121,0
UChXOhG9bRDb3vSTg-qkPAZg,Gweilo-60,2019-03-13 22:43:51.295547,11121,0
UChXOhG9bRDb3vSTg-qkPAZg,Gweilo-60,2019-03-13 22:42:50.84197,11121,0
UChXOhG9bRDb3vSTg-qkPAZg,Gweilo-60,2019-03-13 22:41:51.402019,11121,0
UChXOhG9bRDb3vSTg-qkPAZg,Gweilo-60,2019-03-13 22:40:51.207799,11121,0
UChXOhG9bRDb3vSTg-qkPAZg,Gweilo-60,2019-03-13 22:39:51.380236,11121,0
UChXOhG9bRDb3vSTg-qkPAZg,Gweilo-60,2019-03-13 22:38:51.675317,11121,0
UChXOhG9bRDb3vSTg-qkPAZg,Gweilo-60,2019-03-13 22:37:50.91178,11121,0
UChXOhG9bRDb3vSTg-qkPAZg,Gweilo-60,2019-03-13 22:36:51.546889,11121,0
UChXOhG9bRDb3vSTg-qkPAZg,Gweilo-60,2019-03-13 22:35:51.326307,11121,0
UChXOhG9bRDb3vSTg-qkPAZg,Gweilo-60,2019-03-13 22:34:51.669305,11121,0
UChXOhG9bRDb3vSTg-qkPAZg,Gweilo-60,2019-03-13 22:33:51.398339,11121,0
UChXOhG9bRDb3vSTg-qkPAZg,Gweilo-60,2019-03-13 22:32:51.461941,11121,0
UChXOhG9bRDb3vSTg-qkPAZg,Gweilo-60,2019-03-13 22:31:51.899382,11121,0
UChXOhG9bRDb3vSTg-qkPAZg,Gweilo-60,2019-03-13 22:30:51.442654,11121,0
UChXOhG9bRDb3vSTg-qkPAZg,Gweilo-60,2019-03-13 22:29:51.521185,11121,0
UChXOhG9bRDb3vSTg-qkPAZg,Gweilo-60,2019-03-13 22:28:51.513972,11121,0
UChXOhG9bRDb3vSTg-qkPAZg,Gweilo-60,2019-03-13 22:27:52.106253,11121,0
UChXOhG9bRDb3vSTg-qkPAZg,Gweilo-60,2019-03-13 22:26:50.999804,11121,0
UChXOhG9bRDb3vSTg-qkPAZg,Gweilo-60,2019-03-13 22:25:51.127655,11121,0
UChXOhG9bRDb3vSTg-qkPAZg,Gweilo-60,2019-03-13 22:24:51.43904,11121,0
UChXOhG9bRDb3vSTg-qkPAZg,Gweilo-60,2019-03-13 22:23:51.771278,11121,0
UChXOhG9bRDb3vSTg-qkPAZg,Gweilo-60,2019-03-13 22:22:50.94822,11121,0
UChXOhG9bRDb3vSTg-qkPAZg,Gweilo-60,2019-03-13 22:21:51.479581,11121,0
UChXOhG9bRDb3vSTg-qkPAZg,Gweilo-60,2019-03-13 22:20:51.424192,11121,0
UChXOhG9bRDb3vSTg-qkPAZg,Gweilo-60,2019-03-13 22:19:51.428085,11121,0
UChXOhG9bRDb3vSTg-qkPAZg,Gweilo-60,2019-03-13 22:18:51.544339,11121,0
UChXOhG9bRDb3vSTg-qkPAZg,Gweilo-60,2019-03-13 22:17:50.88903,11121,0
UChXOhG9bRDb3vSTg-qkPAZg,Gweilo-60,2019-03-13 22:16:51.491216,11121,0
UChXOhG9bRDb3vSTg-qkPAZg,Gweilo-60,2019-03-13 22:15:52.071385,11121,0
UChXOhG9bRDb3vSTg-qkPAZg,Gweilo-60,2019-03-13 22:14:51.529456,11121,0
UChXOhG9bRDb3vSTg-qkPAZg,Gweilo-60,2019-03-13 22:13:51.517441,11121,0
UChXOhG9bRDb3vSTg-qkPAZg,Gweilo-60,2019-03-13 22:12:51.273766,11121,0
UChXOhG9bRDb3vSTg-qkPAZg,Gweilo-60,2019-03-13 22:11:51.380806,11121,0
UChXOhG9bRDb3vSTg-qkPAZg,Gweilo-60,2019-03-13 22:10:50.996621,11121,0
UChXOhG9bRDb3vSTg-qkPAZg,Gweilo-60,2019-03-13 22:09:51.235776,11121,0
UChXOhG9bRDb3vSTg-qkPAZg,Gweilo-60,2019-03-13 22:08:51.609579,11121,0
UChXOhG9bRDb3vSTg-qkPAZg,Gweilo-60,2019-03-13 22:07:52.910776,11121,0
UChXOhG9bRDb3vSTg-qkPAZg,Gweilo-60,2019-03-13 22:06:51.593693,11121,0
UChXOhG9bRDb3vSTg-qkPAZg,Gweilo-60,2019-03-13 22:05:51.515758,11121,0
UChXOhG9bRDb3vSTg-qkPAZg,Gweilo-60,2019-03-13 22:04:51.466041,11121,0
UChXOhG9bRDb3vSTg-qkPAZg,Gweilo-60,2019-03-13 22:03:51.39461,11121,0
UChXOhG9bRDb3vSTg-qkPAZg,Gweilo-60,2019-03-13 22:02:52.012054,11121,0
UChXOhG9bRDb3vSTg-qkPAZg,Gweilo-60,2019-03-13 22:01:50.935777,11121,0
UChXOhG9bRDb3vSTg-qkPAZg,Gweilo-60,2019-03-13 22:00:51.247746,11121,0
UChXOhG9bRDb3vSTg-qkPAZg,Gweilo-60,2019-03-13 21:59:51.883068,11121,0
UChXOhG9bRDb3vSTg-qkPAZg,Gweilo-60,2019-03-13 21:58:51.009054,11121,0
UChXOhG9bRDb3vSTg-qkPAZg,Gweilo-60,2019-03-13 21:57:52.070116,11121,0
UChXOhG9bRDb3vSTg-qkPAZg,Gweilo-60,2019-03-13 21:56:51.600815,11121,0
UChXOhG9bRDb3vSTg-qkPAZg,Gweilo-60,2019-03-13 21:55:51.756469,11121,0
UChXOhG9bRDb3vSTg-qkPAZg,Gweilo-60,2019-03-13 21:54:51.155011,11121,0
UChXOhG9bRDb3vSTg-qkPAZg,Gweilo-60,2019-03-13 21:53:51.515916,11121,0
UChXOhG9bRDb3vSTg-qkPAZg,Gweilo-60,2019-03-13 21:52:51.504198,11121,0
UChXOhG9bRDb3vSTg-qkPAZg,Gweilo-60,2019-03-13 21:51:51.860795,11121,0
UChXOhG9bRDb3vSTg-qkPAZg,Gweilo-60,2019-03-13 21:50:52.047447,11121,0
UChXOhG9bRDb3vSTg-qkPAZg,Gweilo-60,2019-03-13 21:49:51.285824,11121,0
UChXOhG9bRDb3vSTg-qkPAZg,Gweilo-60,2019-03-13 21:48:51.738222,11121,0
UChXOhG9bRDb3vSTg-qkPAZg,Gweilo-60,2019-03-13 21:47:51.427779,11121,0
UChXOhG9bRDb3vSTg-qkPAZg,Gweilo-60,2019-03-13 21:46:52.158815,11121,0
UChXOhG9bRDb3vSTg-qkPAZg,Gweilo-60,2019-03-13 21:45:51.418863,11121,0
UChXOhG9bRDb3vSTg-qkPAZg,Gweilo-60,2019-03-13 21:44:52.031977,11121,0
UChXOhG9bRDb3vSTg-qkPAZg,Gweilo-60,2019-03-13 21:43:51.320532,11121,0
UChXOhG9bRDb3vSTg-qkPAZg,Gweilo-60,2019-03-13 21:42:51.49782,11121,0
UChXOhG9bRDb3vSTg-qkPAZg,Gweilo-60,2019-03-13 21:41:51.877223,11121,0
UChXOhG9bRDb3vSTg-qkPAZg,Gweilo-60,2019-03-13 21:40:51.809384,11121,0
UChXOhG9bRDb3vSTg-qkPAZg,Gweilo-60,2019-03-13 21:39:51.799085,11121,0
UChXOhG9bRDb3vSTg-qkPAZg,Gweilo-60,2019-03-13 21:38:51.309,11121,0
UChXOhG9bRDb3vSTg-qkPAZg,Gweilo-60,2019-03-13 21:37:51.833259,11121,0
UChXOhG9bRDb3vSTg-qkPAZg,Gweilo-60,2019-03-13 21:36:51.749336,11121,0
UChXOhG9bRDb3vSTg-qkPAZg,Gweilo-60,2019-03-13 21:35:50.925972,11121,0
UChXOhG9bRDb3vSTg-qkPAZg,Gweilo-60,2019-03-13 21:34:52.232707,11121,0
UChXOhG9bRDb3vSTg-qkPAZg,Gweilo-60,2019-03-13 21:33:51.82908,11121,0
UChXOhG9bRDb3vSTg-qkPAZg,Gweilo-60,2019-03-13 21:32:52.098583,11121,0
UChXOhG9bRDb3vSTg-qkPAZg,Gweilo-60,2019-03-13 21:31:51.774856,11121,0
UChXOhG9bRDb3vSTg-qkPAZg,Gweilo-60,2019-03-13 21:30:51.463945,11121,0
UChXOhG9bRDb3vSTg-qkPAZg,Gweilo-60,2019-03-13 21:29:52.187366,11121,0
UChXOhG9bRDb3vSTg-qkPAZg,Gweilo-60,2019-03-13 21:28:51.348503,11121,-1
UChXOhG9bRDb3vSTg-qkPAZg,Gweilo-60,2019-03-13 21:27:51.387691,11122,0
UChXOhG9bRDb3vSTg-qkPAZg,Gweilo-60,2019-03-13 21:26:51.04708,11122,0
UChXOhG9bRDb3vSTg-qkPAZg,Gweilo-60,2019-03-13 21:25:51.122072,11122,0
UChXOhG9bRDb3vSTg-qkPAZg,Gweilo-60,2019-03-13 21:24:50.987464,11122,0
UChXOhG9bRDb3vSTg-qkPAZg,Gweilo-60,2019-03-13 21:23:51.195155,11122,0
UChXOhG9bRDb3vSTg-qkPAZg,Gweilo-60,2019-03-13 21:22:51.809057,11122,0
UChXOhG9bRDb3vSTg-qkPAZg,Gweilo-60,2019-03-13 21:21:51.646877,11122,0
UChXOhG9bRDb3vSTg-qkPAZg,Gweilo-60,2019-03-13 21:20:51.970521,11122,0
UChXOhG9bRDb3vSTg-qkPAZg,Gweilo-60,2019-03-13 21:19:51.470099,11122,0
UChXOhG9bRDb3vSTg-qkPAZg,Gweilo-60,2019-03-13 21:18:51.928136,11122,0
UChXOhG9bRDb3vSTg-qkPAZg,Gweilo-60,2019-03-13 21:17:51.208614,11122,0
UChXOhG9bRDb3vSTg-qkPAZg,Gweilo-60,2019-03-13 21:16:51.499511,11122,0
UChXOhG9bRDb3vSTg-qkPAZg,Gweilo-60,2019-03-13 21:15:51.419729,11122,0
UChXOhG9bRDb3vSTg-qkPAZg,Gweilo-60,2019-03-13 21:14:51.447521,11122,0
UChXOhG9bRDb3vSTg-qkPAZg,Gweilo-60,2019-03-13 21:13:51.780072,11122,1
UChXOhG9bRDb3vSTg-qkPAZg,Gweilo-60,2019-03-13 21:12:51.765952,11121,0
UChXOhG9bRDb3vSTg-qkPAZg,Gweilo-60,2019-03-13 21:11:51.316828,11121,0
UChXOhG9bRDb3vSTg-qkPAZg,Gweilo-60,2019-03-13 21:10:51.843841,11121,0
UChXOhG9bRDb3vSTg-qkPAZg,Gweilo-60,2019-03-13 21:09:51.291914,11121,0
UChXOhG9bRDb3vSTg-qkPAZg,Gweilo-60,2019-03-13 21:08:51.788053,11121,0
UChXOhG9bRDb3vSTg-qkPAZg,Gweilo-60,2019-03-13 21:07:51.473376,11121,0
UChXOhG9bRDb3vSTg-qkPAZg,Gweilo-60,2019-03-13 21:06:51.586687,11121,0
UChXOhG9bRDb3vSTg-qkPAZg,Gweilo-60,2019-03-13 21:05:51.651016,11121,0
UChXOhG9bRDb3vSTg-qkPAZg,Gweilo-60,2019-03-13 21:04:51.906019,11121,0
UChXOhG9bRDb3vSTg-qkPAZg,Gweilo-60,2019-03-13 21:03:51.433735,11121,0
UChXOhG9bRDb3vSTg-qkPAZg,Gweilo-60,2019-03-13 21:02:51.958254,11121,0
UChXOhG9bRDb3vSTg-qkPAZg,Gweilo-60,2019-03-13 21:01:51.015967,11121,0
UChXOhG9bRDb3vSTg-qkPAZg,Gweilo-60,2019-03-13 21:00:51.826824,11121,0
UChXOhG9bRDb3vSTg-qkPAZg,Gweilo-60,2019-03-13 20:59:51.588543,11121,0
UChXOhG9bRDb3vSTg-qkPAZg,Gweilo-60,2019-03-13 20:58:51.048354,11121,0
UChXOhG9bRDb3vSTg-qkPAZg,Gweilo-60,2019-03-13 20:57:51.302355,11121,0
UChXOhG9bRDb3vSTg-qkPAZg,Gweilo-60,2019-03-13 20:56:51.021714,11121,0
UChXOhG9bRDb3vSTg-qkPAZg,Gweilo-60,2019-03-13 20:55:51.631613,11121,0
UChXOhG9bRDb3vSTg-qkPAZg,Gweilo-60,2019-03-13 20:54:51.621829,11121,0
UChXOhG9bRDb3vSTg-qkPAZg,Gweilo-60,2019-03-13 20:53:51.243986,11121,0
UChXOhG9bRDb3vSTg-qkPAZg,Gweilo-60,2019-03-13 20:52:51.12063,11121,0
UChXOhG9bRDb3vSTg-qkPAZg,Gweilo-60,2019-03-13 20:51:51.32519,11121,0
UChXOhG9bRDb3vSTg-qkPAZg,Gweilo-60,2019-03-13 20:50:51.670257,11121,0
UChXOhG9bRDb3vSTg-qkPAZg,Gweilo-60,2019-03-13 20:49:51.253483,11121,0
UChXOhG9bRDb3vSTg-qkPAZg,Gweilo-60,2019-03-13 20:48:51.614617,11121,0
UChXOhG9bRDb3vSTg-qkPAZg,Gweilo-60,2019-03-13 20:47:52.05983,11121,0
UChXOhG9bRDb3vSTg-qkPAZg,Gweilo-60,2019-03-13 20:46:51.216145,11121,0
UChXOhG9bRDb3vSTg-qkPAZg,Gweilo-60,2019-03-13 20:45:50.840971,11121,0
UChXOhG9bRDb3vSTg-qkPAZg,Gweilo-60,2019-03-13 20:44:51.305891,11121,0
UChXOhG9bRDb3vSTg-qkPAZg,Gweilo-60,2019-03-13 20:43:51.151727,11121,0
UChXOhG9bRDb3vSTg-qkPAZg,Gweilo-60,2019-03-13 20:42:51.685788,11121,0
UChXOhG9bRDb3vSTg-qkPAZg,Gweilo-60,2019-03-13 20:41:51.643392,11121,0
UChXOhG9bRDb3vSTg-qkPAZg,Gweilo-60,2019-03-13 20:40:51.052162,11121,0
UChXOhG9bRDb3vSTg-qkPAZg,Gweilo-60,2019-03-13 20:39:51.345593,11121,0
UChXOhG9bRDb3vSTg-qkPAZg,Gweilo-60,2019-03-13 20:38:51.748842,11121,0
UChXOhG9bRDb3vSTg-qkPAZg,Gweilo-60,2019-03-13 20:37:51.386648,11121,0
UChXOhG9bRDb3vSTg-qkPAZg,Gweilo-60,2019-03-13 20:36:51.225296,11121,0
UChXOhG9bRDb3vSTg-qkPAZg,Gweilo-60,2019-03-13 20:35:51.203073,11121,0
UChXOhG9bRDb3vSTg-qkPAZg,Gweilo-60,2019-03-13 20:34:51.648296,11121,0
UChXOhG9bRDb3vSTg-qkPAZg,Gweilo-60,2019-03-13 20:33:51.477057,11121,0
UChXOhG9bRDb3vSTg-qkPAZg,Gweilo-60,2019-03-13 20:32:51.798417,11121,0
UChXOhG9bRDb3vSTg-qkPAZg,Gweilo-60,2019-03-13 20:31:51.633432,11121,0
UChXOhG9bRDb3vSTg-qkPAZg,Gweilo-60,2019-03-13 20:30:51.680337,11121,0
UChXOhG9bRDb3vSTg-qkPAZg,Gweilo-60,2019-03-13 20:29:51.087302,11121,0
UChXOhG9bRDb3vSTg-qkPAZg,Gweilo-60,2019-03-13 20:28:51.233345,11121,0
UChXOhG9bRDb3vSTg-qkPAZg,Gweilo-60,2019-03-13 20:27:51.956851,11121,0
UChXOhG9bRDb3vSTg-qkPAZg,Gweilo-60,2019-03-13 20:26:51.359463,11121,0
UChXOhG9bRDb3vSTg-qkPAZg,Gweilo-60,2019-03-13 20:25:51.205313,11121,0
UChXOhG9bRDb3vSTg-qkPAZg,Gweilo-60,2019-03-13 20:24:51.184016,11121,0
UChXOhG9bRDb3vSTg-qkPAZg,Gweilo-60,2019-03-13 20:23:51.535298,11121,0
UChXOhG9bRDb3vSTg-qkPAZg,Gweilo-60,2019-03-13 20:22:51.522397,11121,0
UChXOhG9bRDb3vSTg-qkPAZg,Gweilo-60,2019-03-13 20:21:51.198577,11121,0
UChXOhG9bRDb3vSTg-qkPAZg,Gweilo-60,2019-03-13 20:20:51.359615,11121,0
UChXOhG9bRDb3vSTg-qkPAZg,Gweilo-60,2019-03-13 20:19:51.886564,11121,0
UChXOhG9bRDb3vSTg-qkPAZg,Gweilo-60,2019-03-13 20:18:51.218548,11121,0
UChXOhG9bRDb3vSTg-qkPAZg,Gweilo-60,2019-03-13 20:17:52.488034,11121,0
UChXOhG9bRDb3vSTg-qkPAZg,Gweilo-60,2019-03-13 20:16:51.279271,11121,0
UChXOhG9bRDb3vSTg-qkPAZg,Gweilo-60,2019-03-13 20:15:51.714773,11121,0
UChXOhG9bRDb3vSTg-qkPAZg,Gweilo-60,2019-03-13 20:14:51.132199,11121,0
UChXOhG9bRDb3vSTg-qkPAZg,Gweilo-60,2019-03-13 20:13:50.950439,11121,0
UChXOhG9bRDb3vSTg-qkPAZg,Gweilo-60,2019-03-13 20:12:51.798509,11121,0
UChXOhG9bRDb3vSTg-qkPAZg,Gweilo-60,2019-03-13 20:11:51.369095,11121,0
UChXOhG9bRDb3vSTg-qkPAZg,Gweilo-60,2019-03-13 20:10:51.081469,11121,0
UChXOhG9bRDb3vSTg-qkPAZg,Gweilo-60,2019-03-13 20:09:51.213758,11121,0
UChXOhG9bRDb3vSTg-qkPAZg,Gweilo-60,2019-03-13 20:08:51.658487,11121,0
UChXOhG9bRDb3vSTg-qkPAZg,Gweilo-60,2019-03-13 20:07:51.235726,11121,0
UChXOhG9bRDb3vSTg-qkPAZg,Gweilo-60,2019-03-13 20:06:51.282706,11121,0
UChXOhG9bRDb3vSTg-qkPAZg,Gweilo-60,2019-03-13 20:05:51.163978,11121,0
UChXOhG9bRDb3vSTg-qkPAZg,Gweilo-60,2019-03-13 20:04:52.019123,11121,0
UChXOhG9bRDb3vSTg-qkPAZg,Gweilo-60,2019-03-13 20:03:51.522325,11121,0
UChXOhG9bRDb3vSTg-qkPAZg,Gweilo-60,2019-03-13 20:02:51.419791,11121,0
UChXOhG9bRDb3vSTg-qkPAZg,Gweilo-60,2019-03-13 20:01:51.434653,11121,0
UChXOhG9bRDb3vSTg-qkPAZg,Gweilo-60,2019-03-13 20:00:52.732535,11121,0
UChXOhG9bRDb3vSTg-qkPAZg,Gweilo-60,2019-03-13 19:59:51.371862,11121,0
UChXOhG9bRDb3vSTg-qkPAZg,Gweilo-60,2019-03-13 19:58:51.20257,11121,0
UChXOhG9bRDb3vSTg-qkPAZg,Gweilo-60,2019-03-13 19:57:51.08387,11121,0
UChXOhG9bRDb3vSTg-qkPAZg,Gweilo-60,2019-03-13 19:56:51.925705,11121,0
UChXOhG9bRDb3vSTg-qkPAZg,Gweilo-60,2019-03-13 19:55:51.115472,11121,0
UChXOhG9bRDb3vSTg-qkPAZg,Gweilo-60,2019-03-13 19:54:51.457094,11121,0
UChXOhG9bRDb3vSTg-qkPAZg,Gweilo-60,2019-03-13 19:53:51.576919,11121,0
UChXOhG9bRDb3vSTg-qkPAZg,Gweilo-60,2019-03-13 19:52:51.729941,11121,0
UChXOhG9bRDb3vSTg-qkPAZg,Gweilo-60,2019-03-13 19:51:51.550874,11121,0
UChXOhG9bRDb3vSTg-qkPAZg,Gweilo-60,2019-03-13 19:50:51.235469,11121,0
UChXOhG9bRDb3vSTg-qkPAZg,Gweilo-60,2019-03-13 19:49:51.358596,11121,0
UChXOhG9bRDb3vSTg-qkPAZg,Gweilo-60,2019-03-13 19:48:51.403999,11121,0
UChXOhG9bRDb3vSTg-qkPAZg,Gweilo-60,2019-03-13 19:47:52.012812,11121,0
UChXOhG9bRDb3vSTg-qkPAZg,Gweilo-60,2019-03-13 19:46:51.091536,11121,0
UChXOhG9bRDb3vSTg-qkPAZg,Gweilo-60,2019-03-13 19:45:51.124693,11121,0
UChXOhG9bRDb3vSTg-qkPAZg,Gweilo-60,2019-03-13 19:44:51.277748,11121,0
UChXOhG9bRDb3vSTg-qkPAZg,Gweilo-60,2019-03-13 19:43:51.264502,11121,0
UChXOhG9bRDb3vSTg-qkPAZg,Gweilo-60,2019-03-13 19:42:51.523011,11121,0
UChXOhG9bRDb3vSTg-qkPAZg,Gweilo-60,2019-03-13 19:41:52.31901,11121,0
UChXOhG9bRDb3vSTg-qkPAZg,Gweilo-60,2019-03-13 19:40:51.294418,11121,0
UChXOhG9bRDb3vSTg-qkPAZg,Gweilo-60,2019-03-13 19:39:51.912215,11121,0
UChXOhG9bRDb3vSTg-qkPAZg,Gweilo-60,2019-03-13 19:38:53.953049,11121,0
UChXOhG9bRDb3vSTg-qkPAZg,Gweilo-60,2019-03-13 19:37:51.460902,11121,0
UChXOhG9bRDb3vSTg-qkPAZg,Gweilo-60,2019-03-13 19:36:51.680832,11121,0
UChXOhG9bRDb3vSTg-qkPAZg,Gweilo-60,2019-03-13 19:35:51.973664,11121,0
UChXOhG9bRDb3vSTg-qkPAZg,Gweilo-60,2019-03-13 19:34:50.96449,11121,0
UChXOhG9bRDb3vSTg-qkPAZg,Gweilo-60,2019-03-13 19:33:51.005973,11121,0
UChXOhG9bRDb3vSTg-qkPAZg,Gweilo-60,2019-03-13 19:32:50.860944,11121,0
UChXOhG9bRDb3vSTg-qkPAZg,Gweilo-60,2019-03-13 19:31:51.341421,11121,0
UChXOhG9bRDb3vSTg-qkPAZg,Gweilo-60,2019-03-13 19:30:51.448221,11121,0
UChXOhG9bRDb3vSTg-qkPAZg,Gweilo-60,2019-03-13 19:29:51.709666,11121,0
UChXOhG9bRDb3vSTg-qkPAZg,Gweilo-60,2019-03-13 19:28:51.294669,11121,0
UChXOhG9bRDb3vSTg-qkPAZg,Gweilo-60,2019-03-13 19:27:51.852936,11121,0
UChXOhG9bRDb3vSTg-qkPAZg,Gweilo-60,2019-03-13 19:26:51.200061,11121,0
UChXOhG9bRDb3vSTg-qkPAZg,Gweilo-60,2019-03-13 19:25:51.747072,11121,0
UChXOhG9bRDb3vSTg-qkPAZg,Gweilo-60,2019-03-13 19:24:51.773968,11121,0
UChXOhG9bRDb3vSTg-qkPAZg,Gweilo-60,2019-03-13 19:23:51.947167,11121,0
UChXOhG9bRDb3vSTg-qkPAZg,Gweilo-60,2019-03-13 19:22:51.606165,11121,0
UChXOhG9bRDb3vSTg-qkPAZg,Gweilo-60,2019-03-13 19:21:51.726402,11121,0
UChXOhG9bRDb3vSTg-qkPAZg,Gweilo-60,2019-03-13 19:20:51.32463,11121,0
UChXOhG9bRDb3vSTg-qkPAZg,Gweilo-60,2019-03-13 19:19:51.284308,11121,0
UChXOhG9bRDb3vSTg-qkPAZg,Gweilo-60,2019-03-13 19:18:51.980767,11121,-1
UChXOhG9bRDb3vSTg-qkPAZg,Gweilo-60,2019-03-13 19:17:50.60284,11122,0
UChXOhG9bRDb3vSTg-qkPAZg,Gweilo-60,2019-03-13 19:16:51.004274,11122,0
UChXOhG9bRDb3vSTg-qkPAZg,Gweilo-60,2019-03-13 19:15:51.364867,11122,0
UChXOhG9bRDb3vSTg-qkPAZg,Gweilo-60,2019-03-13 19:14:51.543388,11122,0
UChXOhG9bRDb3vSTg-qkPAZg,Gweilo-60,2019-03-13 19:13:51.384743,11122,0
UChXOhG9bRDb3vSTg-qkPAZg,Gweilo-60,2019-03-13 19:12:52.110539,11122,0
UChXOhG9bRDb3vSTg-qkPAZg,Gweilo-60,2019-03-13 19:11:51.534232,11122,0
UChXOhG9bRDb3vSTg-qkPAZg,Gweilo-60,2019-03-13 19:10:51.089228,11122,0
UChXOhG9bRDb3vSTg-qkPAZg,Gweilo-60,2019-03-13 19:09:51.808703,11122,0
UChXOhG9bRDb3vSTg-qkPAZg,Gweilo-60,2019-03-13 19:08:51.313665,11122,0
UChXOhG9bRDb3vSTg-qkPAZg,Gweilo-60,2019-03-13 19:07:50.863026,11122,0
UChXOhG9bRDb3vSTg-qkPAZg,Gweilo-60,2019-03-13 19:06:51.517679,11122,0
UChXOhG9bRDb3vSTg-qkPAZg,Gweilo-60,2019-03-13 19:05:51.176121,11122,0
UChXOhG9bRDb3vSTg-qkPAZg,Gweilo-60,2019-03-13 19:04:51.50934,11122,0
UChXOhG9bRDb3vSTg-qkPAZg,Gweilo-60,2019-03-13 19:03:51.305878,11122,0
UChXOhG9bRDb3vSTg-qkPAZg,Gweilo-60,2019-03-13 19:02:50.838393,11122,0
UChXOhG9bRDb3vSTg-qkPAZg,Gweilo-60,2019-03-13 19:01:51.162848,11122,0
UChXOhG9bRDb3vSTg-qkPAZg,Gweilo-60,2019-03-13 19:00:51.150852,11122,0
UChXOhG9bRDb3vSTg-qkPAZg,Gweilo-60,2019-03-13 18:59:51.107648,11122,0
UChXOhG9bRDb3vSTg-qkPAZg,Gweilo-60,2019-03-13 18:58:51.594232,11122,0
UChXOhG9bRDb3vSTg-qkPAZg,Gweilo-60,2019-03-13 18:57:52.509014,11122,0
UChXOhG9bRDb3vSTg-qkPAZg,Gweilo-60,2019-03-13 18:56:51.325484,11122,0
UChXOhG9bRDb3vSTg-qkPAZg,Gweilo-60,2019-03-13 18:55:51.292821,11122,0
UChXOhG9bRDb3vSTg-qkPAZg,Gweilo-60,2019-03-13 18:54:51.025788,11122,0
UChXOhG9bRDb3vSTg-qkPAZg,Gweilo-60,2019-03-13 18:53:52.010538,11122,0
UChXOhG9bRDb3vSTg-qkPAZg,Gweilo-60,2019-03-13 18:52:51.391927,11122,0
UChXOhG9bRDb3vSTg-qkPAZg,Gweilo-60,2019-03-13 18:51:51.14464,11122,0
UChXOhG9bRDb3vSTg-qkPAZg,Gweilo-60,2019-03-13 18:50:51.386685,11122,0
UChXOhG9bRDb3vSTg-qkPAZg,Gweilo-60,2019-03-13 18:49:51.260802,11122,0
UChXOhG9bRDb3vSTg-qkPAZg,Gweilo-60,2019-03-13 18:48:51.491865,11122,0
UChXOhG9bRDb3vSTg-qkPAZg,Gweilo-60,2019-03-13 18:47:51.137932,11122,0
UChXOhG9bRDb3vSTg-qkPAZg,Gweilo-60,2019-03-13 18:46:51.367751,11122,0
UChXOhG9bRDb3vSTg-qkPAZg,Gweilo-60,2019-03-13 18:45:51.875977,11122,0
UChXOhG9bRDb3vSTg-qkPAZg,Gweilo-60,2019-03-13 18:44:51.782119,11122,0
UChXOhG9bRDb3vSTg-qkPAZg,Gweilo-60,2019-03-13 18:43:51.957953,11122,0
UChXOhG9bRDb3vSTg-qkPAZg,Gweilo-60,2019-03-13 18:42:51.313271,11122,0
UChXOhG9bRDb3vSTg-qkPAZg,Gweilo-60,2019-03-13 18:41:51.718752,11122,0
UChXOhG9bRDb3vSTg-qkPAZg,Gweilo-60,2019-03-13 18:40:51.51638,11122,0
UChXOhG9bRDb3vSTg-qkPAZg,Gweilo-60,2019-03-13 18:39:51.445037,11122,0
UChXOhG9bRDb3vSTg-qkPAZg,Gweilo-60,2019-03-13 18:38:51.486012,11122,0
UChXOhG9bRDb3vSTg-qkPAZg,Gweilo-60,2019-03-13 18:37:51.816486,11122,0
UChXOhG9bRDb3vSTg-qkPAZg,Gweilo-60,2019-03-13 18:36:51.725834,11122,0
UChXOhG9bRDb3vSTg-qkPAZg,Gweilo-60,2019-03-13 18:35:51.275455,11122,0
UChXOhG9bRDb3vSTg-qkPAZg,Gweilo-60,2019-03-13 18:34:52.022398,11122,0
UChXOhG9bRDb3vSTg-qkPAZg,Gweilo-60,2019-03-13 18:33:52.183816,11122,0
UChXOhG9bRDb3vSTg-qkPAZg,Gweilo-60,2019-03-13 18:32:51.268357,11122,0
UChXOhG9bRDb3vSTg-qkPAZg,Gweilo-60,2019-03-13 18:31:51.358404,11122,0
UChXOhG9bRDb3vSTg-qkPAZg,Gweilo-60,2019-03-13 18:30:51.183926,11122,0
UChXOhG9bRDb3vSTg-qkPAZg,Gweilo-60,2019-03-13 18:29:51.267497,11122,0
UChXOhG9bRDb3vSTg-qkPAZg,Gweilo-60,2019-03-13 18:28:51.053713,11122,0
UChXOhG9bRDb3vSTg-qkPAZg,Gweilo-60,2019-03-13 18:27:53.203646,11122,0
UChXOhG9bRDb3vSTg-qkPAZg,Gweilo-60,2019-03-13 18:26:51.301584,11122,0
UChXOhG9bRDb3vSTg-qkPAZg,Gweilo-60,2019-03-13 18:25:51.396499,11122,0
UChXOhG9bRDb3vSTg-qkPAZg,Gweilo-60,2019-03-13 18:24:50.996733,11122,0
UChXOhG9bRDb3vSTg-qkPAZg,Gweilo-60,2019-03-13 18:23:51.83547,11122,0
UChXOhG9bRDb3vSTg-qkPAZg,Gweilo-60,2019-03-13 18:22:51.216025,11122,0
UChXOhG9bRDb3vSTg-qkPAZg,Gweilo-60,2019-03-13 18:21:51.400688,11122,0
UChXOhG9bRDb3vSTg-qkPAZg,Gweilo-60,2019-03-13 18:20:51.399257,11122,0
UChXOhG9bRDb3vSTg-qkPAZg,Gweilo-60,2019-03-13 18:19:51.67994,11122,0
UChXOhG9bRDb3vSTg-qkPAZg,Gweilo-60,2019-03-13 18:18:50.93434,11122,0
UChXOhG9bRDb3vSTg-qkPAZg,Gweilo-60,2019-03-13 18:17:52.124546,11122,0
UChXOhG9bRDb3vSTg-qkPAZg,Gweilo-60,2019-03-13 18:16:51.205462,11122,0
UChXOhG9bRDb3vSTg-qkPAZg,Gweilo-60,2019-03-13 18:15:51.43866,11122,0
UChXOhG9bRDb3vSTg-qkPAZg,Gweilo-60,2019-03-13 18:14:50.984621,11122,0
UChXOhG9bRDb3vSTg-qkPAZg,Gweilo-60,2019-03-13 18:13:51.730345,11122,0
UChXOhG9bRDb3vSTg-qkPAZg,Gweilo-60,2019-03-13 18:12:51.901637,11122,0
UChXOhG9bRDb3vSTg-qkPAZg,Gweilo-60,2019-03-13 18:11:51.276585,11122,1
UChXOhG9bRDb3vSTg-qkPAZg,Gweilo-60,2019-03-13 18:10:51.475994,11121,0
UChXOhG9bRDb3vSTg-qkPAZg,Gweilo-60,2019-03-13 18:09:51.545102,11121,0
UChXOhG9bRDb3vSTg-qkPAZg,Gweilo-60,2019-03-13 18:08:51.55226,11121,0
UChXOhG9bRDb3vSTg-qkPAZg,Gweilo-60,2019-03-13 18:07:51.332905,11121,0
UChXOhG9bRDb3vSTg-qkPAZg,Gweilo-60,2019-03-13 18:06:52.414927,11121,0
UChXOhG9bRDb3vSTg-qkPAZg,Gweilo-60,2019-03-13 18:05:50.912271,11121,0
UChXOhG9bRDb3vSTg-qkPAZg,Gweilo-60,2019-03-13 18:04:51.247236,11121,0
UChXOhG9bRDb3vSTg-qkPAZg,Gweilo-60,2019-03-13 18:03:51.135715,11121,0
UChXOhG9bRDb3vSTg-qkPAZg,Gweilo-60,2019-03-13 18:02:51.219402,11121,0
UChXOhG9bRDb3vSTg-qkPAZg,Gweilo-60,2019-03-13 18:01:51.387651,11121,0
UChXOhG9bRDb3vSTg-qkPAZg,Gweilo-60,2019-03-13 18:00:51.335173,11121,0
UChXOhG9bRDb3vSTg-qkPAZg,Gweilo-60,2019-03-13 17:59:51.900093,11121,0
UChXOhG9bRDb3vSTg-qkPAZg,Gweilo-60,2019-03-13 17:58:51.254579,11121,0
UChXOhG9bRDb3vSTg-qkPAZg,Gweilo-60,2019-03-13 17:57:51.970042,11121,0
UChXOhG9bRDb3vSTg-qkPAZg,Gweilo-60,2019-03-13 17:56:51.679724,11121,0
UChXOhG9bRDb3vSTg-qkPAZg,Gweilo-60,2019-03-13 17:55:51.311402,11121,0
UChXOhG9bRDb3vSTg-qkPAZg,Gweilo-60,2019-03-13 17:54:51.878086,11121,0
UChXOhG9bRDb3vSTg-qkPAZg,Gweilo-60,2019-03-13 17:53:51.75289,11121,0
UChXOhG9bRDb3vSTg-qkPAZg,Gweilo-60,2019-03-13 17:52:52.344509,11121,0
UChXOhG9bRDb3vSTg-qkPAZg,Gweilo-60,2019-03-13 17:51:50.839402,11121,0
UChXOhG9bRDb3vSTg-qkPAZg,Gweilo-60,2019-03-13 17:50:51.296204,11121,0
UChXOhG9bRDb3vSTg-qkPAZg,Gweilo-60,2019-03-13 17:49:51.272468,11121,0
UChXOhG9bRDb3vSTg-qkPAZg,Gweilo-60,2019-03-13 17:48:51.518096,11121,0
UChXOhG9bRDb3vSTg-qkPAZg,Gweilo-60,2019-03-13 17:47:51.449725,11121,0
UChXOhG9bRDb3vSTg-qkPAZg,Gweilo-60,2019-03-13 17:46:50.99819,11121,0
UChXOhG9bRDb3vSTg-qkPAZg,Gweilo-60,2019-03-13 17:45:51.455234,11121,0
UChXOhG9bRDb3vSTg-qkPAZg,Gweilo-60,2019-03-13 17:44:51.556278,11121,0
UChXOhG9bRDb3vSTg-qkPAZg,Gweilo-60,2019-03-13 17:43:51.164165,11121,0
UChXOhG9bRDb3vSTg-qkPAZg,Gweilo-60,2019-03-13 17:42:51.894522,11121,0
UChXOhG9bRDb3vSTg-qkPAZg,Gweilo-60,2019-03-13 17:41:55.116215,11121,0
UChXOhG9bRDb3vSTg-qkPAZg,Gweilo-60,2019-03-13 17:40:51.463656,11121,0
UChXOhG9bRDb3vSTg-qkPAZg,Gweilo-60,2019-03-13 17:39:51.239871,11121,0
UChXOhG9bRDb3vSTg-qkPAZg,Gweilo-60,2019-03-13 17:38:51.430201,11121,0
UChXOhG9bRDb3vSTg-qkPAZg,Gweilo-60,2019-03-13 17:37:50.964143,11121,0
UChXOhG9bRDb3vSTg-qkPAZg,Gweilo-60,2019-03-13 17:36:51.840492,11121,0
UChXOhG9bRDb3vSTg-qkPAZg,Gweilo-60,2019-03-13 17:35:52.142613,11121,0
UChXOhG9bRDb3vSTg-qkPAZg,Gweilo-60,2019-03-13 17:34:51.534177,11121,0
UChXOhG9bRDb3vSTg-qkPAZg,Gweilo-60,2019-03-13 17:33:51.385043,11121,0
UChXOhG9bRDb3vSTg-qkPAZg,Gweilo-60,2019-03-13 17:32:51.085612,11121,0
UChXOhG9bRDb3vSTg-qkPAZg,Gweilo-60,2019-03-13 17:31:51.788872,11121,0
UChXOhG9bRDb3vSTg-qkPAZg,Gweilo-60,2019-03-13 17:30:51.696403,11121,0
UChXOhG9bRDb3vSTg-qkPAZg,Gweilo-60,2019-03-13 17:29:50.806995,11121,0
UChXOhG9bRDb3vSTg-qkPAZg,Gweilo-60,2019-03-13 17:28:51.261231,11121,0
UChXOhG9bRDb3vSTg-qkPAZg,Gweilo-60,2019-03-13 17:27:51.051661,11121,0
UChXOhG9bRDb3vSTg-qkPAZg,Gweilo-60,2019-03-13 17:26:52.257986,11121,0
UChXOhG9bRDb3vSTg-qkPAZg,Gweilo-60,2019-03-13 17:25:51.434737,11121,0
UChXOhG9bRDb3vSTg-qkPAZg,Gweilo-60,2019-03-13 17:24:51.370164,11121,0
UChXOhG9bRDb3vSTg-qkPAZg,Gweilo-60,2019-03-13 17:23:51.347938,11121,0
UChXOhG9bRDb3vSTg-qkPAZg,Gweilo-60,2019-03-13 17:22:51.764499,11121,0
UChXOhG9bRDb3vSTg-qkPAZg,Gweilo-60,2019-03-13 17:21:51.478111,11121,0
UChXOhG9bRDb3vSTg-qkPAZg,Gweilo-60,2019-03-13 17:20:51.491339,11121,0
UChXOhG9bRDb3vSTg-qkPAZg,Gweilo-60,2019-03-13 17:19:51.716321,11121,0
UChXOhG9bRDb3vSTg-qkPAZg,Gweilo-60,2019-03-13 17:18:51.326736,11121,0
UChXOhG9bRDb3vSTg-qkPAZg,Gweilo-60,2019-03-13 17:17:51.586728,11121,0
UChXOhG9bRDb3vSTg-qkPAZg,Gweilo-60,2019-03-13 17:16:51.136816,11121,0
UChXOhG9bRDb3vSTg-qkPAZg,Gweilo-60,2019-03-13 17:15:51.326741,11121,0
UChXOhG9bRDb3vSTg-qkPAZg,Gweilo-60,2019-03-13 17:14:51.806269,11121,0
UChXOhG9bRDb3vSTg-qkPAZg,Gweilo-60,2019-03-13 17:13:53.698245,11121,0
UChXOhG9bRDb3vSTg-qkPAZg,Gweilo-60,2019-03-13 17:12:51.325112,11121,0
UChXOhG9bRDb3vSTg-qkPAZg,Gweilo-60,2019-03-13 17:11:51.561693,11121,0
UChXOhG9bRDb3vSTg-qkPAZg,Gweilo-60,2019-03-13 17:10:51.298349,11121,0
UChXOhG9bRDb3vSTg-qkPAZg,Gweilo-60,2019-03-13 17:09:52.217907,11121,0
UChXOhG9bRDb3vSTg-qkPAZg,Gweilo-60,2019-03-13 17:08:51.249865,11121,0
UChXOhG9bRDb3vSTg-qkPAZg,Gweilo-60,2019-03-13 17:07:51.395701,11121,0
UChXOhG9bRDb3vSTg-qkPAZg,Gweilo-60,2019-03-13 17:06:51.105656,11121,0
UChXOhG9bRDb3vSTg-qkPAZg,Gweilo-60,2019-03-13 17:05:51.501078,11121,0
UChXOhG9bRDb3vSTg-qkPAZg,Gweilo-60,2019-03-13 17:04:51.042343,11121,0
UChXOhG9bRDb3vSTg-qkPAZg,Gweilo-60,2019-03-13 17:03:51.603491,11121,0
UChXOhG9bRDb3vSTg-qkPAZg,Gweilo-60,2019-03-13 17:02:51.540465,11121,0
UChXOhG9bRDb3vSTg-qkPAZg,Gweilo-60,2019-03-13 17:01:51.431688,11121,0
UChXOhG9bRDb3vSTg-qkPAZg,Gweilo-60,2019-03-13 17:00:51.481484,11121,0
UChXOhG9bRDb3vSTg-qkPAZg,Gweilo-60,2019-03-13 16:59:51.032116,11121,0
UChXOhG9bRDb3vSTg-qkPAZg,Gweilo-60,2019-03-13 16:58:52.430439,11121,0
UChXOhG9bRDb3vSTg-qkPAZg,Gweilo-60,2019-03-13 16:57:50.717208,11121,0
UChXOhG9bRDb3vSTg-qkPAZg,Gweilo-60,2019-03-13 16:56:51.542807,11121,0
UChXOhG9bRDb3vSTg-qkPAZg,Gweilo-60,2019-03-13 16:55:50.96843,11121,0
UChXOhG9bRDb3vSTg-qkPAZg,Gweilo-60,2019-03-13 16:54:51.466052,11121,0
UChXOhG9bRDb3vSTg-qkPAZg,Gweilo-60,2019-03-13 16:53:51.769871,11121,0
UChXOhG9bRDb3vSTg-qkPAZg,Gweilo-60,2019-03-13 16:52:52.859646,11121,0
UChXOhG9bRDb3vSTg-qkPAZg,Gweilo-60,2019-03-13 16:51:51.286375,11121,0
UChXOhG9bRDb3vSTg-qkPAZg,Gweilo-60,2019-03-13 16:50:51.862449,11121,0
UChXOhG9bRDb3vSTg-qkPAZg,Gweilo-60,2019-03-13 16:49:51.319231,11121,0
UChXOhG9bRDb3vSTg-qkPAZg,Gweilo-60,2019-03-13 16:48:51.185885,11121,0
UChXOhG9bRDb3vSTg-qkPAZg,Gweilo-60,2019-03-13 16:47:51.789338,11121,0
UChXOhG9bRDb3vSTg-qkPAZg,Gweilo-60,2019-03-13 16:46:50.994281,11121,0
UChXOhG9bRDb3vSTg-qkPAZg,Gweilo-60,2019-03-13 16:45:51.178263,11121,0
UChXOhG9bRDb3vSTg-qkPAZg,Gweilo-60,2019-03-13 16:44:50.925313,11121,0
UChXOhG9bRDb3vSTg-qkPAZg,Gweilo-60,2019-03-13 16:43:51.455853,11121,0
UChXOhG9bRDb3vSTg-qkPAZg,Gweilo-60,2019-03-13 16:42:51.037475,11121,0
UChXOhG9bRDb3vSTg-qkPAZg,Gweilo-60,2019-03-13 16:41:51.478772,11121,0
UChXOhG9bRDb3vSTg-qkPAZg,Gweilo-60,2019-03-13 16:40:51.286782,11121,0
UChXOhG9bRDb3vSTg-qkPAZg,Gweilo-60,2019-03-13 16:39:52.097303,11121,0
UChXOhG9bRDb3vSTg-qkPAZg,Gweilo-60,2019-03-13 16:38:51.427757,11121,0
UChXOhG9bRDb3vSTg-qkPAZg,Gweilo-60,2019-03-13 16:37:52.976376,11121,0
UChXOhG9bRDb3vSTg-qkPAZg,Gweilo-60,2019-03-13 16:36:51.472055,11121,0
UChXOhG9bRDb3vSTg-qkPAZg,Gweilo-60,2019-03-13 16:35:51.449326,11121,0
UChXOhG9bRDb3vSTg-qkPAZg,Gweilo-60,2019-03-13 16:34:51.435195,11121,0
UChXOhG9bRDb3vSTg-qkPAZg,Gweilo-60,2019-03-13 16:33:51.039249,11121,0
UChXOhG9bRDb3vSTg-qkPAZg,Gweilo-60,2019-03-13 16:32:51.428861,11121,0
UChXOhG9bRDb3vSTg-qkPAZg,Gweilo-60,2019-03-13 16:31:51.442243,11121,0
UChXOhG9bRDb3vSTg-qkPAZg,Gweilo-60,2019-03-13 16:30:51.41626,11121,0
UChXOhG9bRDb3vSTg-qkPAZg,Gweilo-60,2019-03-13 16:29:51.449978,11121,0
UChXOhG9bRDb3vSTg-qkPAZg,Gweilo-60,2019-03-13 16:28:51.287642,11121,0
UChXOhG9bRDb3vSTg-qkPAZg,Gweilo-60,2019-03-13 16:27:50.989752,11121,0
UChXOhG9bRDb3vSTg-qkPAZg,Gweilo-60,2019-03-13 16:26:51.266035,11121,0
UChXOhG9bRDb3vSTg-qkPAZg,Gweilo-60,2019-03-13 16:25:51.311421,11121,0
UChXOhG9bRDb3vSTg-qkPAZg,Gweilo-60,2019-03-13 16:24:51.124725,11121,0
UChXOhG9bRDb3vSTg-qkPAZg,Gweilo-60,2019-03-13 16:23:51.492787,11121,0
UChXOhG9bRDb3vSTg-qkPAZg,Gweilo-60,2019-03-13 16:22:51.064751,11121,0
UChXOhG9bRDb3vSTg-qkPAZg,Gweilo-60,2019-03-13 16:21:52.293985,11121,0
UChXOhG9bRDb3vSTg-qkPAZg,Gweilo-60,2019-03-13 16:20:51.371564,11121,0
UChXOhG9bRDb3vSTg-qkPAZg,Gweilo-60,2019-03-13 16:19:51.400142,11121,0
UChXOhG9bRDb3vSTg-qkPAZg,Gweilo-60,2019-03-13 16:18:51.893267,11121,0
UChXOhG9bRDb3vSTg-qkPAZg,Gweilo-60,2019-03-13 16:17:51.426058,11121,0
UChXOhG9bRDb3vSTg-qkPAZg,Gweilo-60,2019-03-13 16:16:51.837136,11121,0
UChXOhG9bRDb3vSTg-qkPAZg,Gweilo-60,2019-03-13 16:15:50.933449,11121,0
UChXOhG9bRDb3vSTg-qkPAZg,Gweilo-60,2019-03-13 16:14:51.493712,11121,0
UChXOhG9bRDb3vSTg-qkPAZg,Gweilo-60,2019-03-13 16:13:51.649122,11121,0
UChXOhG9bRDb3vSTg-qkPAZg,Gweilo-60,2019-03-13 16:12:51.484434,11121,0
UChXOhG9bRDb3vSTg-qkPAZg,Gweilo-60,2019-03-13 16:11:51.449336,11121,0
UChXOhG9bRDb3vSTg-qkPAZg,Gweilo-60,2019-03-13 16:10:51.542898,11121,0
UChXOhG9bRDb3vSTg-qkPAZg,Gweilo-60,2019-03-13 16:09:51.401773,11121,0
UChXOhG9bRDb3vSTg-qkPAZg,Gweilo-60,2019-03-13 16:08:51.227963,11121,0
UChXOhG9bRDb3vSTg-qkPAZg,Gweilo-60,2019-03-13 16:07:52.502129,11121,0
UChXOhG9bRDb3vSTg-qkPAZg,Gweilo-60,2019-03-13 16:06:51.855967,11121,0
UChXOhG9bRDb3vSTg-qkPAZg,Gweilo-60,2019-03-13 16:05:51.202185,11121,0
UChXOhG9bRDb3vSTg-qkPAZg,Gweilo-60,2019-03-13 16:04:51.12365,11121,0
UChXOhG9bRDb3vSTg-qkPAZg,Gweilo-60,2019-03-13 16:03:51.287918,11121,0
UChXOhG9bRDb3vSTg-qkPAZg,Gweilo-60,2019-03-13 16:02:51.767676,11121,0
UChXOhG9bRDb3vSTg-qkPAZg,Gweilo-60,2019-03-13 16:01:52.678991,11121,0
UChXOhG9bRDb3vSTg-qkPAZg,Gweilo-60,2019-03-13 16:00:51.328579,11121,0
UChXOhG9bRDb3vSTg-qkPAZg,Gweilo-60,2019-03-13 15:59:51.8303,11121,0
UChXOhG9bRDb3vSTg-qkPAZg,Gweilo-60,2019-03-13 15:58:51.5761,11121,0
UChXOhG9bRDb3vSTg-qkPAZg,Gweilo-60,2019-03-13 15:57:51.009659,11121,0
UChXOhG9bRDb3vSTg-qkPAZg,Gweilo-60,2019-03-13 15:56:51.436615,11121,0
UChXOhG9bRDb3vSTg-qkPAZg,Gweilo-60,2019-03-13 15:55:51.12968,11121,0
UChXOhG9bRDb3vSTg-qkPAZg,Gweilo-60,2019-03-13 15:54:51.251288,11121,0
UChXOhG9bRDb3vSTg-qkPAZg,Gweilo-60,2019-03-13 15:53:51.466858,11121,0
UChXOhG9bRDb3vSTg-qkPAZg,Gweilo-60,2019-03-13 15:52:51.474408,11121,0
UChXOhG9bRDb3vSTg-qkPAZg,Gweilo-60,2019-03-13 15:51:51.77797,11121,0
UChXOhG9bRDb3vSTg-qkPAZg,Gweilo-60,2019-03-13 15:50:52.099311,11121,0
UChXOhG9bRDb3vSTg-qkPAZg,Gweilo-60,2019-03-13 15:49:51.474265,11121,0
UChXOhG9bRDb3vSTg-qkPAZg,Gweilo-60,2019-03-13 15:48:51.101189,11121,0
UChXOhG9bRDb3vSTg-qkPAZg,Gweilo-60,2019-03-13 15:47:52.00877,11121,0
UChXOhG9bRDb3vSTg-qkPAZg,Gweilo-60,2019-03-13 15:46:51.624868,11121,0
UChXOhG9bRDb3vSTg-qkPAZg,Gweilo-60,2019-03-13 15:45:51.027708,11121,0
UChXOhG9bRDb3vSTg-qkPAZg,Gweilo-60,2019-03-13 15:44:51.15582,11121,0
UChXOhG9bRDb3vSTg-qkPAZg,Gweilo-60,2019-03-13 15:43:51.858314,11121,0
UChXOhG9bRDb3vSTg-qkPAZg,Gweilo-60,2019-03-13 15:42:51.54217,11121,0
UChXOhG9bRDb3vSTg-qkPAZg,Gweilo-60,2019-03-13 15:41:50.870976,11121,0
UChXOhG9bRDb3vSTg-qkPAZg,Gweilo-60,2019-03-13 15:40:52.264665,11121,0
UChXOhG9bRDb3vSTg-qkPAZg,Gweilo-60,2019-03-13 15:39:51.539091,11121,0
UChXOhG9bRDb3vSTg-qkPAZg,Gweilo-60,2019-03-13 15:38:51.5088,11121,0
UChXOhG9bRDb3vSTg-qkPAZg,Gweilo-60,2019-03-13 15:37:51.542177,11121,0
UChXOhG9bRDb3vSTg-qkPAZg,Gweilo-60,2019-03-13 15:36:51.333959,11121,0
UChXOhG9bRDb3vSTg-qkPAZg,Gweilo-60,2019-03-13 15:35:51.223897,11121,0
UChXOhG9bRDb3vSTg-qkPAZg,Gweilo-60,2019-03-13 15:34:51.532423,11121,0
UChXOhG9bRDb3vSTg-qkPAZg,Gweilo-60,2019-03-13 15:33:51.073981,11121,0
UChXOhG9bRDb3vSTg-qkPAZg,Gweilo-60,2019-03-13 15:32:51.068817,11121,0
UChXOhG9bRDb3vSTg-qkPAZg,Gweilo-60,2019-03-13 15:31:51.754949,11121,0
UChXOhG9bRDb3vSTg-qkPAZg,Gweilo-60,2019-03-13 15:30:51.339948,11121,0
UChXOhG9bRDb3vSTg-qkPAZg,Gweilo-60,2019-03-13 15:29:52.353254,11121,0
UChXOhG9bRDb3vSTg-qkPAZg,Gweilo-60,2019-03-13 15:28:51.628457,11121,0
UChXOhG9bRDb3vSTg-qkPAZg,Gweilo-60,2019-03-13 15:27:51.492242,11121,0
UChXOhG9bRDb3vSTg-qkPAZg,Gweilo-60,2019-03-13 15:26:51.655146,11121,0
UChXOhG9bRDb3vSTg-qkPAZg,Gweilo-60,2019-03-13 15:25:51.528464,11121,0
UChXOhG9bRDb3vSTg-qkPAZg,Gweilo-60,2019-03-13 15:24:52.538497,11121,0
UChXOhG9bRDb3vSTg-qkPAZg,Gweilo-60,2019-03-13 15:23:51.461404,11121,0
UChXOhG9bRDb3vSTg-qkPAZg,Gweilo-60,2019-03-13 15:22:51.784404,11121,0
UChXOhG9bRDb3vSTg-qkPAZg,Gweilo-60,2019-03-13 15:21:51.368558,11121,0
UChXOhG9bRDb3vSTg-qkPAZg,Gweilo-60,2019-03-13 15:20:51.380956,11121,0
UChXOhG9bRDb3vSTg-qkPAZg,Gweilo-60,2019-03-13 15:19:51.179655,11121,0
UChXOhG9bRDb3vSTg-qkPAZg,Gweilo-60,2019-03-13 15:18:51.969188,11121,0
UChXOhG9bRDb3vSTg-qkPAZg,Gweilo-60,2019-03-13 15:17:51.014299,11121,0
UChXOhG9bRDb3vSTg-qkPAZg,Gweilo-60,2019-03-13 15:16:51.559728,11121,0
UChXOhG9bRDb3vSTg-qkPAZg,Gweilo-60,2019-03-13 15:15:51.996272,11121,0
UChXOhG9bRDb3vSTg-qkPAZg,Gweilo-60,2019-03-13 15:14:51.540641,11121,0
UChXOhG9bRDb3vSTg-qkPAZg,Gweilo-60,2019-03-13 15:13:51.54775,11121,0
UChXOhG9bRDb3vSTg-qkPAZg,Gweilo-60,2019-03-13 15:12:51.594647,11121,0
UChXOhG9bRDb3vSTg-qkPAZg,Gweilo-60,2019-03-13 15:11:51.776161,11121,0
UChXOhG9bRDb3vSTg-qkPAZg,Gweilo-60,2019-03-13 15:10:51.516933,11121,0
UChXOhG9bRDb3vSTg-qkPAZg,Gweilo-60,2019-03-13 15:09:51.389818,11121,0
UChXOhG9bRDb3vSTg-qkPAZg,Gweilo-60,2019-03-13 15:08:51.491059,11121,0
UChXOhG9bRDb3vSTg-qkPAZg,Gweilo-60,2019-03-13 15:07:51.612396,11121,0
UChXOhG9bRDb3vSTg-qkPAZg,Gweilo-60,2019-03-13 15:06:51.13977,11121,0
UChXOhG9bRDb3vSTg-qkPAZg,Gweilo-60,2019-03-13 15:05:51.0205,11121,0
UChXOhG9bRDb3vSTg-qkPAZg,Gweilo-60,2019-03-13 15:04:51.023987,11121,0
UChXOhG9bRDb3vSTg-qkPAZg,Gweilo-60,2019-03-13 15:03:51.307679,11121,0
UChXOhG9bRDb3vSTg-qkPAZg,Gweilo-60,2019-03-13 15:02:51.135126,11121,0
UChXOhG9bRDb3vSTg-qkPAZg,Gweilo-60,2019-03-13 15:01:51.222592,11121,0
UChXOhG9bRDb3vSTg-qkPAZg,Gweilo-60,2019-03-13 15:00:51.035603,11121,0
UChXOhG9bRDb3vSTg-qkPAZg,Gweilo-60,2019-03-13 14:59:51.499545,11121,0
UChXOhG9bRDb3vSTg-qkPAZg,Gweilo-60,2019-03-13 14:58:51.466436,11121,0
UChXOhG9bRDb3vSTg-qkPAZg,Gweilo-60,2019-03-13 14:57:51.121882,11121,0
UChXOhG9bRDb3vSTg-qkPAZg,Gweilo-60,2019-03-13 14:56:51.246519,11121,0
UChXOhG9bRDb3vSTg-qkPAZg,Gweilo-60,2019-03-13 14:55:50.887718,11121,0
UChXOhG9bRDb3vSTg-qkPAZg,Gweilo-60,2019-03-13 14:54:50.769133,11121,0
UChXOhG9bRDb3vSTg-qkPAZg,Gweilo-60,2019-03-13 14:53:50.629787,11121,0
UChXOhG9bRDb3vSTg-qkPAZg,Gweilo-60,2019-03-13 14:52:51.057736,11121,0
UChXOhG9bRDb3vSTg-qkPAZg,Gweilo-60,2019-03-13 14:51:51.445449,11121,0
UChXOhG9bRDb3vSTg-qkPAZg,Gweilo-60,2019-03-13 14:50:51.21903,11121,0
UChXOhG9bRDb3vSTg-qkPAZg,Gweilo-60,2019-03-13 14:49:51.879997,11121,0
UChXOhG9bRDb3vSTg-qkPAZg,Gweilo-60,2019-03-13 14:48:51.227411,11121,0
UChXOhG9bRDb3vSTg-qkPAZg,Gweilo-60,2019-03-13 14:47:51.489246,11121,0
UChXOhG9bRDb3vSTg-qkPAZg,Gweilo-60,2019-03-13 14:46:51.195028,11121,0
UChXOhG9bRDb3vSTg-qkPAZg,Gweilo-60,2019-03-13 14:45:51.572072,11121,0
UChXOhG9bRDb3vSTg-qkPAZg,Gweilo-60,2019-03-13 14:44:51.343939,11121,0
UChXOhG9bRDb3vSTg-qkPAZg,Gweilo-60,2019-03-13 14:43:51.048921,11121,0
UChXOhG9bRDb3vSTg-qkPAZg,Gweilo-60,2019-03-13 14:42:51.590418,11121,0
UChXOhG9bRDb3vSTg-qkPAZg,Gweilo-60,2019-03-13 14:41:50.550382,11121,0
UChXOhG9bRDb3vSTg-qkPAZg,Gweilo-60,2019-03-13 14:40:50.933888,11121,0
UChXOhG9bRDb3vSTg-qkPAZg,Gweilo-60,2019-03-13 14:39:51.52129,11121,0
UChXOhG9bRDb3vSTg-qkPAZg,Gweilo-60,2019-03-13 14:38:51.017438,11121,0
UChXOhG9bRDb3vSTg-qkPAZg,Gweilo-60,2019-03-13 14:37:51.03779,11121,0
UChXOhG9bRDb3vSTg-qkPAZg,Gweilo-60,2019-03-13 14:36:51.17221,11121,0
UChXOhG9bRDb3vSTg-qkPAZg,Gweilo-60,2019-03-13 14:35:51.2013,11121,0
UChXOhG9bRDb3vSTg-qkPAZg,Gweilo-60,2019-03-13 14:34:50.908756,11121,0
UChXOhG9bRDb3vSTg-qkPAZg,Gweilo-60,2019-03-13 14:33:51.349188,11121,0
UChXOhG9bRDb3vSTg-qkPAZg,Gweilo-60,2019-03-13 14:32:50.963081,11121,0
UChXOhG9bRDb3vSTg-qkPAZg,Gweilo-60,2019-03-13 14:31:51.490451,11121,0
UChXOhG9bRDb3vSTg-qkPAZg,Gweilo-60,2019-03-13 14:30:50.739265,11121,0
UChXOhG9bRDb3vSTg-qkPAZg,Gweilo-60,2019-03-13 14:29:50.972865,11121,0
UChXOhG9bRDb3vSTg-qkPAZg,Gweilo-60,2019-03-13 14:28:51.622077,11121,0
UChXOhG9bRDb3vSTg-qkPAZg,Gweilo-60,2019-03-13 14:27:51.044643,11121,0
UChXOhG9bRDb3vSTg-qkPAZg,Gweilo-60,2019-03-13 14:26:50.891978,11121,0
UChXOhG9bRDb3vSTg-qkPAZg,Gweilo-60,2019-03-13 14:25:50.784767,11121,0
UChXOhG9bRDb3vSTg-qkPAZg,Gweilo-60,2019-03-13 14:24:50.869,11121,0
UChXOhG9bRDb3vSTg-qkPAZg,Gweilo-60,2019-03-13 14:23:50.921741,11121,0
UChXOhG9bRDb3vSTg-qkPAZg,Gweilo-60,2019-03-13 14:22:51.168798,11121,0
UChXOhG9bRDb3vSTg-qkPAZg,Gweilo-60,2019-03-13 14:21:52.327962,11121,0
UChXOhG9bRDb3vSTg-qkPAZg,Gweilo-60,2019-03-13 14:20:50.806658,11121,0
UChXOhG9bRDb3vSTg-qkPAZg,Gweilo-60,2019-03-13 14:19:51.403592,11121,0
UChXOhG9bRDb3vSTg-qkPAZg,Gweilo-60,2019-03-13 14:18:51.46928,11121,0
UChXOhG9bRDb3vSTg-qkPAZg,Gweilo-60,2019-03-13 14:17:50.940078,11121,0
UChXOhG9bRDb3vSTg-qkPAZg,Gweilo-60,2019-03-13 14:16:51.158724,11121,0
UChXOhG9bRDb3vSTg-qkPAZg,Gweilo-60,2019-03-13 14:15:50.839366,11121,0
UChXOhG9bRDb3vSTg-qkPAZg,Gweilo-60,2019-03-13 14:14:51.516914,11121,0
UChXOhG9bRDb3vSTg-qkPAZg,Gweilo-60,2019-03-13 14:13:50.928142,11121,0
UChXOhG9bRDb3vSTg-qkPAZg,Gweilo-60,2019-03-13 14:12:51.067378,11121,0
UChXOhG9bRDb3vSTg-qkPAZg,Gweilo-60,2019-03-13 14:11:50.953893,11121,0
UChXOhG9bRDb3vSTg-qkPAZg,Gweilo-60,2019-03-13 14:10:50.312832,11121,0
UChXOhG9bRDb3vSTg-qkPAZg,Gweilo-60,2019-03-13 14:09:51.139395,11121,0
UChXOhG9bRDb3vSTg-qkPAZg,Gweilo-60,2019-03-13 14:08:51.51917,11121,0
UChXOhG9bRDb3vSTg-qkPAZg,Gweilo-60,2019-03-13 14:07:50.870378,11121,0
UChXOhG9bRDb3vSTg-qkPAZg,Gweilo-60,2019-03-13 14:06:51.124751,11121,0
UChXOhG9bRDb3vSTg-qkPAZg,Gweilo-60,2019-03-13 14:05:51.060874,11121,0
UChXOhG9bRDb3vSTg-qkPAZg,Gweilo-60,2019-03-13 14:04:51.427963,11121,0
UChXOhG9bRDb3vSTg-qkPAZg,Gweilo-60,2019-03-13 14:03:51.285676,11121,0
UChXOhG9bRDb3vSTg-qkPAZg,Gweilo-60,2019-03-13 14:02:51.087861,11121,0
UChXOhG9bRDb3vSTg-qkPAZg,Gweilo-60,2019-03-13 14:01:51.019303,11121,0
UChXOhG9bRDb3vSTg-qkPAZg,Gweilo-60,2019-03-13 14:00:52.251365,11121,0
UChXOhG9bRDb3vSTg-qkPAZg,Gweilo-60,2019-03-13 13:59:51.546034,11121,0
UChXOhG9bRDb3vSTg-qkPAZg,Gweilo-60,2019-03-13 13:58:51.44964,11121,0
UChXOhG9bRDb3vSTg-qkPAZg,Gweilo-60,2019-03-13 13:57:51.315017,11121,0
UChXOhG9bRDb3vSTg-qkPAZg,Gweilo-60,2019-03-13 13:56:51.36533,11121,0
UChXOhG9bRDb3vSTg-qkPAZg,Gweilo-60,2019-03-13 13:55:51.226887,11121,0
UChXOhG9bRDb3vSTg-qkPAZg,Gweilo-60,2019-03-13 13:54:51.164662,11121,0
UChXOhG9bRDb3vSTg-qkPAZg,Gweilo-60,2019-03-13 13:53:51.400199,11121,0
UChXOhG9bRDb3vSTg-qkPAZg,Gweilo-60,2019-03-13 13:52:50.902199,11121,0
UChXOhG9bRDb3vSTg-qkPAZg,Gweilo-60,2019-03-13 13:51:51.408736,11121,0
UChXOhG9bRDb3vSTg-qkPAZg,Gweilo-60,2019-03-13 13:50:51.191316,11121,0
UChXOhG9bRDb3vSTg-qkPAZg,Gweilo-60,2019-03-13 13:49:51.408243,11121,0
UChXOhG9bRDb3vSTg-qkPAZg,Gweilo-60,2019-03-13 13:48:51.269138,11121,0
UChXOhG9bRDb3vSTg-qkPAZg,Gweilo-60,2019-03-13 13:47:50.925123,11121,0
UChXOhG9bRDb3vSTg-qkPAZg,Gweilo-60,2019-03-13 13:46:51.240784,11121,0
UChXOhG9bRDb3vSTg-qkPAZg,Gweilo-60,2019-03-13 13:45:51.24779,11121,0
UChXOhG9bRDb3vSTg-qkPAZg,Gweilo-60,2019-03-13 13:44:51.593864,11121,0
UChXOhG9bRDb3vSTg-qkPAZg,Gweilo-60,2019-03-13 13:43:51.472849,11121,0
UChXOhG9bRDb3vSTg-qkPAZg,Gweilo-60,2019-03-13 13:42:50.766217,11121,0
UChXOhG9bRDb3vSTg-qkPAZg,Gweilo-60,2019-03-13 13:41:51.295804,11121,0
UChXOhG9bRDb3vSTg-qkPAZg,Gweilo-60,2019-03-13 13:40:51.18479,11121,0
UChXOhG9bRDb3vSTg-qkPAZg,Gweilo-60,2019-03-13 13:39:51.058316,11121,0
UChXOhG9bRDb3vSTg-qkPAZg,Gweilo-60,2019-03-13 13:38:50.883904,11121,0
UChXOhG9bRDb3vSTg-qkPAZg,Gweilo-60,2019-03-13 13:37:51.3191,11121,0
UChXOhG9bRDb3vSTg-qkPAZg,Gweilo-60,2019-03-13 13:36:51.395136,11121,0
UChXOhG9bRDb3vSTg-qkPAZg,Gweilo-60,2019-03-13 13:35:51.372811,11121,0
UChXOhG9bRDb3vSTg-qkPAZg,Gweilo-60,2019-03-13 13:34:51.78569,11121,0
UChXOhG9bRDb3vSTg-qkPAZg,Gweilo-60,2019-03-13 13:33:50.950837,11121,0
UChXOhG9bRDb3vSTg-qkPAZg,Gweilo-60,2019-03-13 13:32:51.418652,11121,0
UChXOhG9bRDb3vSTg-qkPAZg,Gweilo-60,2019-03-13 13:31:50.930538,11121,0
UChXOhG9bRDb3vSTg-qkPAZg,Gweilo-60,2019-03-13 13:30:51.067272,11121,0
UChXOhG9bRDb3vSTg-qkPAZg,Gweilo-60,2019-03-13 13:29:50.995763,11121,0
UChXOhG9bRDb3vSTg-qkPAZg,Gweilo-60,2019-03-13 13:28:51.297251,11121,0
UChXOhG9bRDb3vSTg-qkPAZg,Gweilo-60,2019-03-13 13:27:51.612817,11121,0
UChXOhG9bRDb3vSTg-qkPAZg,Gweilo-60,2019-03-13 13:26:51.303388,11121,0
UChXOhG9bRDb3vSTg-qkPAZg,Gweilo-60,2019-03-13 13:25:51.014788,11121,0
UChXOhG9bRDb3vSTg-qkPAZg,Gweilo-60,2019-03-13 13:24:51.146012,11121,0
UChXOhG9bRDb3vSTg-qkPAZg,Gweilo-60,2019-03-13 13:23:51.017491,11121,0
UChXOhG9bRDb3vSTg-qkPAZg,Gweilo-60,2019-03-13 13:22:51.122357,11121,0
UChXOhG9bRDb3vSTg-qkPAZg,Gweilo-60,2019-03-13 13:21:50.679221,11121,0
UChXOhG9bRDb3vSTg-qkPAZg,Gweilo-60,2019-03-13 13:20:50.451762,11121,0
UChXOhG9bRDb3vSTg-qkPAZg,Gweilo-60,2019-03-13 13:19:50.916218,11121,0
UChXOhG9bRDb3vSTg-qkPAZg,Gweilo-60,2019-03-13 13:18:51.289236,11121,0
UChXOhG9bRDb3vSTg-qkPAZg,Gweilo-60,2019-03-13 13:17:50.892353,11121,0
UChXOhG9bRDb3vSTg-qkPAZg,Gweilo-60,2019-03-13 13:16:50.930874,11121,0
UChXOhG9bRDb3vSTg-qkPAZg,Gweilo-60,2019-03-13 13:15:51.149656,11121,0
UChXOhG9bRDb3vSTg-qkPAZg,Gweilo-60,2019-03-13 13:14:51.363987,11121,0
UChXOhG9bRDb3vSTg-qkPAZg,Gweilo-60,2019-03-13 13:13:51.304926,11121,0
UChXOhG9bRDb3vSTg-qkPAZg,Gweilo-60,2019-03-13 13:12:51.459359,11121,0
UChXOhG9bRDb3vSTg-qkPAZg,Gweilo-60,2019-03-13 13:11:51.171743,11121,0
UChXOhG9bRDb3vSTg-qkPAZg,Gweilo-60,2019-03-13 13:10:51.217673,11121,0
UChXOhG9bRDb3vSTg-qkPAZg,Gweilo-60,2019-03-13 13:09:50.971555,11121,0
UChXOhG9bRDb3vSTg-qkPAZg,Gweilo-60,2019-03-13 13:08:51.364342,11121,0
UChXOhG9bRDb3vSTg-qkPAZg,Gweilo-60,2019-03-13 13:07:51.119519,11121,0
UChXOhG9bRDb3vSTg-qkPAZg,Gweilo-60,2019-03-13 13:06:51.787182,11121,0
UChXOhG9bRDb3vSTg-qkPAZg,Gweilo-60,2019-03-13 13:05:50.778791,11121,0
UChXOhG9bRDb3vSTg-qkPAZg,Gweilo-60,2019-03-13 13:04:51.10433,11121,0
UChXOhG9bRDb3vSTg-qkPAZg,Gweilo-60,2019-03-13 13:03:50.698786,11121,0
UChXOhG9bRDb3vSTg-qkPAZg,Gweilo-60,2019-03-13 13:02:51.018228,11121,0
UChXOhG9bRDb3vSTg-qkPAZg,Gweilo-60,2019-03-13 13:01:51.03997,11121,0
UChXOhG9bRDb3vSTg-qkPAZg,Gweilo-60,2019-03-13 13:00:51.251232,11121,0
UChXOhG9bRDb3vSTg-qkPAZg,Gweilo-60,2019-03-13 12:59:51.038158,11121,0
UChXOhG9bRDb3vSTg-qkPAZg,Gweilo-60,2019-03-13 12:58:51.193628,11121,0
UChXOhG9bRDb3vSTg-qkPAZg,Gweilo-60,2019-03-13 12:57:51.59851,11121,0
UChXOhG9bRDb3vSTg-qkPAZg,Gweilo-60,2019-03-13 12:56:51.24579,11121,0
UChXOhG9bRDb3vSTg-qkPAZg,Gweilo-60,2019-03-13 12:55:51.731779,11121,0
UChXOhG9bRDb3vSTg-qkPAZg,Gweilo-60,2019-03-13 12:54:50.907606,11121,0
UChXOhG9bRDb3vSTg-qkPAZg,Gweilo-60,2019-03-13 12:53:51.469628,11121,0
UChXOhG9bRDb3vSTg-qkPAZg,Gweilo-60,2019-03-13 12:52:51.68669,11121,0
UChXOhG9bRDb3vSTg-qkPAZg,Gweilo-60,2019-03-13 12:51:51.028877,11121,0
UChXOhG9bRDb3vSTg-qkPAZg,Gweilo-60,2019-03-13 12:50:50.780378,11121,0
UChXOhG9bRDb3vSTg-qkPAZg,Gweilo-60,2019-03-13 12:49:50.718231,11121,0
UChXOhG9bRDb3vSTg-qkPAZg,Gweilo-60,2019-03-13 12:48:50.992005,11121,0
UChXOhG9bRDb3vSTg-qkPAZg,Gweilo-60,2019-03-13 12:47:51.523891,11121,0
UChXOhG9bRDb3vSTg-qkPAZg,Gweilo-60,2019-03-13 12:46:51.341274,11121,0
UChXOhG9bRDb3vSTg-qkPAZg,Gweilo-60,2019-03-13 12:45:51.225325,11121,0
UChXOhG9bRDb3vSTg-qkPAZg,Gweilo-60,2019-03-13 12:44:50.490388,11121,0
UChXOhG9bRDb3vSTg-qkPAZg,Gweilo-60,2019-03-13 12:43:50.969868,11121,0
UChXOhG9bRDb3vSTg-qkPAZg,Gweilo-60,2019-03-13 12:42:51.146522,11121,0
UChXOhG9bRDb3vSTg-qkPAZg,Gweilo-60,2019-03-13 12:41:51.444842,11121,0
UChXOhG9bRDb3vSTg-qkPAZg,Gweilo-60,2019-03-13 12:40:51.767281,11121,0
UChXOhG9bRDb3vSTg-qkPAZg,Gweilo-60,2019-03-13 12:39:51.018842,11121,0
UChXOhG9bRDb3vSTg-qkPAZg,Gweilo-60,2019-03-13 12:38:51.308299,11121,0
UChXOhG9bRDb3vSTg-qkPAZg,Gweilo-60,2019-03-13 12:37:50.992104,11121,0
UChXOhG9bRDb3vSTg-qkPAZg,Gweilo-60,2019-03-13 12:36:50.836002,11121,0
UChXOhG9bRDb3vSTg-qkPAZg,Gweilo-60,2019-03-13 12:35:51.120628,11121,0
UChXOhG9bRDb3vSTg-qkPAZg,Gweilo-60,2019-03-13 12:34:51.291242,11121,0
UChXOhG9bRDb3vSTg-qkPAZg,Gweilo-60,2019-03-13 12:33:51.335674,11121,0
UChXOhG9bRDb3vSTg-qkPAZg,Gweilo-60,2019-03-13 12:32:51.241357,11121,0
UChXOhG9bRDb3vSTg-qkPAZg,Gweilo-60,2019-03-13 12:31:51.641588,11121,0
UChXOhG9bRDb3vSTg-qkPAZg,Gweilo-60,2019-03-13 12:30:51.062493,11121,0
UChXOhG9bRDb3vSTg-qkPAZg,Gweilo-60,2019-03-13 12:29:51.376124,11121,0
UChXOhG9bRDb3vSTg-qkPAZg,Gweilo-60,2019-03-13 12:28:51.194755,11121,0
UChXOhG9bRDb3vSTg-qkPAZg,Gweilo-60,2019-03-13 12:27:51.135363,11121,0
UChXOhG9bRDb3vSTg-qkPAZg,Gweilo-60,2019-03-13 12:26:51.617057,11121,0
UChXOhG9bRDb3vSTg-qkPAZg,Gweilo-60,2019-03-13 12:25:51.437574,11121,0
UChXOhG9bRDb3vSTg-qkPAZg,Gweilo-60,2019-03-13 12:24:51.471128,11121,0
UChXOhG9bRDb3vSTg-qkPAZg,Gweilo-60,2019-03-13 12:23:50.913754,11121,0
UChXOhG9bRDb3vSTg-qkPAZg,Gweilo-60,2019-03-13 12:22:51.576972,11121,0
UChXOhG9bRDb3vSTg-qkPAZg,Gweilo-60,2019-03-13 12:21:51.87749,11121,0
UChXOhG9bRDb3vSTg-qkPAZg,Gweilo-60,2019-03-13 12:20:51.520613,11121,0
UChXOhG9bRDb3vSTg-qkPAZg,Gweilo-60,2019-03-13 12:19:51.343005,11121,0
UChXOhG9bRDb3vSTg-qkPAZg,Gweilo-60,2019-03-13 12:18:50.724151,11121,0
UChXOhG9bRDb3vSTg-qkPAZg,Gweilo-60,2019-03-13 12:17:51.002173,11121,0
UChXOhG9bRDb3vSTg-qkPAZg,Gweilo-60,2019-03-13 12:16:51.040568,11121,0
UChXOhG9bRDb3vSTg-qkPAZg,Gweilo-60,2019-03-13 12:15:51.007073,11121,0
UChXOhG9bRDb3vSTg-qkPAZg,Gweilo-60,2019-03-13 12:14:51.160024,11121,0
UChXOhG9bRDb3vSTg-qkPAZg,Gweilo-60,2019-03-13 12:13:51.238784,11121,0
UChXOhG9bRDb3vSTg-qkPAZg,Gweilo-60,2019-03-13 12:12:51.568243,11121,0
UChXOhG9bRDb3vSTg-qkPAZg,Gweilo-60,2019-03-13 12:11:51.192233,11121,0
UChXOhG9bRDb3vSTg-qkPAZg,Gweilo-60,2019-03-13 12:10:51.409242,11121,0
UChXOhG9bRDb3vSTg-qkPAZg,Gweilo-60,2019-03-13 12:09:50.779468,11121,0
UChXOhG9bRDb3vSTg-qkPAZg,Gweilo-60,2019-03-13 12:08:51.014634,11121,0
UChXOhG9bRDb3vSTg-qkPAZg,Gweilo-60,2019-03-13 12:07:51.156791,11121,0
UChXOhG9bRDb3vSTg-qkPAZg,Gweilo-60,2019-03-13 12:06:51.541692,11121,0
UChXOhG9bRDb3vSTg-qkPAZg,Gweilo-60,2019-03-13 12:05:51.627998,11121,0
UChXOhG9bRDb3vSTg-qkPAZg,Gweilo-60,2019-03-13 12:04:51.029804,11121,0
UChXOhG9bRDb3vSTg-qkPAZg,Gweilo-60,2019-03-13 12:03:51.131663,11121,0
UChXOhG9bRDb3vSTg-qkPAZg,Gweilo-60,2019-03-13 12:02:51.903669,11121,0
UChXOhG9bRDb3vSTg-qkPAZg,Gweilo-60,2019-03-13 12:01:51.482044,11121,0
UChXOhG9bRDb3vSTg-qkPAZg,Gweilo-60,2019-03-13 12:00:51.61153,11121,0
UChXOhG9bRDb3vSTg-qkPAZg,Gweilo-60,2019-03-13 11:59:51.436077,11121,0
UChXOhG9bRDb3vSTg-qkPAZg,Gweilo-60,2019-03-13 11:58:51.082035,11121,0
UChXOhG9bRDb3vSTg-qkPAZg,Gweilo-60,2019-03-13 11:57:51.101338,11121,0
UChXOhG9bRDb3vSTg-qkPAZg,Gweilo-60,2019-03-13 11:56:51.389884,11121,0
UChXOhG9bRDb3vSTg-qkPAZg,Gweilo-60,2019-03-13 11:55:50.570296,11121,0
UChXOhG9bRDb3vSTg-qkPAZg,Gweilo-60,2019-03-13 11:54:51.112156,11121,0
UChXOhG9bRDb3vSTg-qkPAZg,Gweilo-60,2019-03-13 11:53:51.187977,11121,0
UChXOhG9bRDb3vSTg-qkPAZg,Gweilo-60,2019-03-13 11:52:51.114271,11121,0
UChXOhG9bRDb3vSTg-qkPAZg,Gweilo-60,2019-03-13 11:51:50.952422,11121,0
UChXOhG9bRDb3vSTg-qkPAZg,Gweilo-60,2019-03-13 11:50:51.194066,11121,0
UChXOhG9bRDb3vSTg-qkPAZg,Gweilo-60,2019-03-13 11:49:51.343537,11121,0
UChXOhG9bRDb3vSTg-qkPAZg,Gweilo-60,2019-03-13 11:48:51.058339,11121,0
UChXOhG9bRDb3vSTg-qkPAZg,Gweilo-60,2019-03-13 11:47:51.140739,11121,0
UChXOhG9bRDb3vSTg-qkPAZg,Gweilo-60,2019-03-13 11:46:51.82256,11121,0
UChXOhG9bRDb3vSTg-qkPAZg,Gweilo-60,2019-03-13 11:45:51.214874,11121,0
UChXOhG9bRDb3vSTg-qkPAZg,Gweilo-60,2019-03-13 11:44:51.832134,11121,0
UChXOhG9bRDb3vSTg-qkPAZg,Gweilo-60,2019-03-13 11:43:51.451505,11121,0
UChXOhG9bRDb3vSTg-qkPAZg,Gweilo-60,2019-03-13 11:42:50.813876,11121,0
UChXOhG9bRDb3vSTg-qkPAZg,Gweilo-60,2019-03-13 11:41:51.195767,11121,0
UChXOhG9bRDb3vSTg-qkPAZg,Gweilo-60,2019-03-13 11:40:51.720035,11121,0
UChXOhG9bRDb3vSTg-qkPAZg,Gweilo-60,2019-03-13 11:39:51.698573,11121,0
UChXOhG9bRDb3vSTg-qkPAZg,Gweilo-60,2019-03-13 11:38:51.349671,11121,0
UChXOhG9bRDb3vSTg-qkPAZg,Gweilo-60,2019-03-13 11:37:51.265203,11121,0
UChXOhG9bRDb3vSTg-qkPAZg,Gweilo-60,2019-03-13 11:36:51.076702,11121,0
UChXOhG9bRDb3vSTg-qkPAZg,Gweilo-60,2019-03-13 11:35:51.216585,11121,0
UChXOhG9bRDb3vSTg-qkPAZg,Gweilo-60,2019-03-13 11:34:50.914669,11121,0
UChXOhG9bRDb3vSTg-qkPAZg,Gweilo-60,2019-03-13 11:33:50.874601,11121,0
UChXOhG9bRDb3vSTg-qkPAZg,Gweilo-60,2019-03-13 11:32:51.688871,11121,0
UChXOhG9bRDb3vSTg-qkPAZg,Gweilo-60,2019-03-13 11:31:51.181322,11121,0
UChXOhG9bRDb3vSTg-qkPAZg,Gweilo-60,2019-03-13 11:30:51.143353,11121,0
UChXOhG9bRDb3vSTg-qkPAZg,Gweilo-60,2019-03-13 11:29:51.27571,11121,0
UChXOhG9bRDb3vSTg-qkPAZg,Gweilo-60,2019-03-13 11:28:50.871281,11121,0
UChXOhG9bRDb3vSTg-qkPAZg,Gweilo-60,2019-03-13 11:27:51.122089,11121,0
UChXOhG9bRDb3vSTg-qkPAZg,Gweilo-60,2019-03-13 11:26:50.964415,11121,0
UChXOhG9bRDb3vSTg-qkPAZg,Gweilo-60,2019-03-13 11:25:51.775639,11121,0
UChXOhG9bRDb3vSTg-qkPAZg,Gweilo-60,2019-03-13 11:24:51.590922,11121,0
UChXOhG9bRDb3vSTg-qkPAZg,Gweilo-60,2019-03-13 11:23:51.798702,11121,0
UChXOhG9bRDb3vSTg-qkPAZg,Gweilo-60,2019-03-13 11:22:51.401908,11121,0
UChXOhG9bRDb3vSTg-qkPAZg,Gweilo-60,2019-03-13 11:21:51.355718,11121,0
UChXOhG9bRDb3vSTg-qkPAZg,Gweilo-60,2019-03-13 11:20:51.336622,11121,0
UChXOhG9bRDb3vSTg-qkPAZg,Gweilo-60,2019-03-13 11:19:51.087832,11121,0
UChXOhG9bRDb3vSTg-qkPAZg,Gweilo-60,2019-03-13 11:18:51.083082,11121,0
UChXOhG9bRDb3vSTg-qkPAZg,Gweilo-60,2019-03-13 11:17:51.656098,11121,0
UChXOhG9bRDb3vSTg-qkPAZg,Gweilo-60,2019-03-13 11:16:51.590866,11121,0
UChXOhG9bRDb3vSTg-qkPAZg,Gweilo-60,2019-03-13 11:15:51.442867,11121,0
UChXOhG9bRDb3vSTg-qkPAZg,Gweilo-60,2019-03-13 11:14:50.943318,11121,0
UChXOhG9bRDb3vSTg-qkPAZg,Gweilo-60,2019-03-13 11:13:51.857105,11121,0
UChXOhG9bRDb3vSTg-qkPAZg,Gweilo-60,2019-03-13 11:12:51.325256,11121,0
UChXOhG9bRDb3vSTg-qkPAZg,Gweilo-60,2019-03-13 11:11:51.911684,11121,0
UChXOhG9bRDb3vSTg-qkPAZg,Gweilo-60,2019-03-13 11:10:52.451209,11121,0
UChXOhG9bRDb3vSTg-qkPAZg,Gweilo-60,2019-03-13 11:09:51.369728,11121,0
UChXOhG9bRDb3vSTg-qkPAZg,Gweilo-60,2019-03-13 11:08:51.003923,11121,0
UChXOhG9bRDb3vSTg-qkPAZg,Gweilo-60,2019-03-13 11:07:51.445702,11121,0
UChXOhG9bRDb3vSTg-qkPAZg,Gweilo-60,2019-03-13 11:06:51.322669,11121,0
UChXOhG9bRDb3vSTg-qkPAZg,Gweilo-60,2019-03-13 11:05:51.384663,11121,0
UChXOhG9bRDb3vSTg-qkPAZg,Gweilo-60,2019-03-13 11:04:50.946789,11121,0
UChXOhG9bRDb3vSTg-qkPAZg,Gweilo-60,2019-03-13 11:03:51.648022,11121,0
UChXOhG9bRDb3vSTg-qkPAZg,Gweilo-60,2019-03-13 11:02:51.343794,11121,0
UChXOhG9bRDb3vSTg-qkPAZg,Gweilo-60,2019-03-13 11:01:51.828604,11121,0
UChXOhG9bRDb3vSTg-qkPAZg,Gweilo-60,2019-03-13 11:00:51.448835,11121,1
UChXOhG9bRDb3vSTg-qkPAZg,Gweilo-60,2019-03-13 10:59:51.088375,11120,0
UChXOhG9bRDb3vSTg-qkPAZg,Gweilo-60,2019-03-13 10:58:51.233726,11120,0
UChXOhG9bRDb3vSTg-qkPAZg,Gweilo-60,2019-03-13 10:57:52.160999,11120,1
UChXOhG9bRDb3vSTg-qkPAZg,Gweilo-60,2019-03-13 10:56:51.709879,11119,0
UChXOhG9bRDb3vSTg-qkPAZg,Gweilo-60,2019-03-13 10:55:51.588323,11119,0
UChXOhG9bRDb3vSTg-qkPAZg,Gweilo-60,2019-03-13 10:54:51.57297,11119,0
UChXOhG9bRDb3vSTg-qkPAZg,Gweilo-60,2019-03-13 10:53:51.011695,11119,0
UChXOhG9bRDb3vSTg-qkPAZg,Gweilo-60,2019-03-13 10:52:51.434727,11119,0
UChXOhG9bRDb3vSTg-qkPAZg,Gweilo-60,2019-03-13 10:51:51.408093,11119,0
UChXOhG9bRDb3vSTg-qkPAZg,Gweilo-60,2019-03-13 10:50:51.707886,11119,0
UChXOhG9bRDb3vSTg-qkPAZg,Gweilo-60,2019-03-13 10:49:51.757043,11119,0
UChXOhG9bRDb3vSTg-qkPAZg,Gweilo-60,2019-03-13 10:48:51.39295,11119,0
UChXOhG9bRDb3vSTg-qkPAZg,Gweilo-60,2019-03-13 10:47:51.168512,11119,0
UChXOhG9bRDb3vSTg-qkPAZg,Gweilo-60,2019-03-13 10:46:51.421473,11119,0
UChXOhG9bRDb3vSTg-qkPAZg,Gweilo-60,2019-03-13 10:45:51.915681,11119,0
UChXOhG9bRDb3vSTg-qkPAZg,Gweilo-60,2019-03-13 10:44:51.329637,11119,0
UChXOhG9bRDb3vSTg-qkPAZg,Gweilo-60,2019-03-13 10:43:50.819484,11119,0
UChXOhG9bRDb3vSTg-qkPAZg,Gweilo-60,2019-03-13 10:42:51.685598,11119,0
UChXOhG9bRDb3vSTg-qkPAZg,Gweilo-60,2019-03-13 10:41:51.397625,11119,0
UChXOhG9bRDb3vSTg-qkPAZg,Gweilo-60,2019-03-13 10:40:51.138856,11119,0
UChXOhG9bRDb3vSTg-qkPAZg,Gweilo-60,2019-03-13 10:39:51.901709,11119,1
UChXOhG9bRDb3vSTg-qkPAZg,Gweilo-60,2019-03-13 10:38:51.636141,11118,0
UChXOhG9bRDb3vSTg-qkPAZg,Gweilo-60,2019-03-13 10:37:51.65214,11118,0
UChXOhG9bRDb3vSTg-qkPAZg,Gweilo-60,2019-03-13 10:36:51.249697,11118,0
UChXOhG9bRDb3vSTg-qkPAZg,Gweilo-60,2019-03-13 10:35:51.458181,11118,0
UChXOhG9bRDb3vSTg-qkPAZg,Gweilo-60,2019-03-13 10:34:51.969697,11118,1
UChXOhG9bRDb3vSTg-qkPAZg,Gweilo-60,2019-03-13 10:33:51.241182,11117,0
UChXOhG9bRDb3vSTg-qkPAZg,Gweilo-60,2019-03-13 10:32:51.136714,11117,0
UChXOhG9bRDb3vSTg-qkPAZg,Gweilo-60,2019-03-13 10:31:51.357188,11117,0
UChXOhG9bRDb3vSTg-qkPAZg,Gweilo-60,2019-03-13 10:30:51.550316,11117,0
UChXOhG9bRDb3vSTg-qkPAZg,Gweilo-60,2019-03-13 10:29:51.398262,11117,0
UChXOhG9bRDb3vSTg-qkPAZg,Gweilo-60,2019-03-13 10:28:51.208501,11117,0
UChXOhG9bRDb3vSTg-qkPAZg,Gweilo-60,2019-03-13 10:27:51.232075,11117,0
UChXOhG9bRDb3vSTg-qkPAZg,Gweilo-60,2019-03-13 10:26:51.948807,11117,0
UChXOhG9bRDb3vSTg-qkPAZg,Gweilo-60,2019-03-13 10:25:51.622258,11117,0
UChXOhG9bRDb3vSTg-qkPAZg,Gweilo-60,2019-03-13 10:24:51.668045,11117,0
UChXOhG9bRDb3vSTg-qkPAZg,Gweilo-60,2019-03-13 10:23:51.152397,11117,0
UChXOhG9bRDb3vSTg-qkPAZg,Gweilo-60,2019-03-13 10:22:51.488293,11117,0
UChXOhG9bRDb3vSTg-qkPAZg,Gweilo-60,2019-03-13 10:21:51.129041,11117,0
UChXOhG9bRDb3vSTg-qkPAZg,Gweilo-60,2019-03-13 10:20:51.354005,11117,0
UChXOhG9bRDb3vSTg-qkPAZg,Gweilo-60,2019-03-13 10:19:51.650123,11117,0
UChXOhG9bRDb3vSTg-qkPAZg,Gweilo-60,2019-03-13 10:18:51.399847,11117,0
UChXOhG9bRDb3vSTg-qkPAZg,Gweilo-60,2019-03-13 10:17:51.375048,11117,0
UChXOhG9bRDb3vSTg-qkPAZg,Gweilo-60,2019-03-13 10:16:51.299041,11117,0
UChXOhG9bRDb3vSTg-qkPAZg,Gweilo-60,2019-03-13 10:15:52.501105,11117,0
UChXOhG9bRDb3vSTg-qkPAZg,Gweilo-60,2019-03-13 10:14:51.504155,11117,0
UChXOhG9bRDb3vSTg-qkPAZg,Gweilo-60,2019-03-13 10:13:51.345138,11117,0
UChXOhG9bRDb3vSTg-qkPAZg,Gweilo-60,2019-03-13 10:12:51.27022,11117,0
UChXOhG9bRDb3vSTg-qkPAZg,Gweilo-60,2019-03-13 10:11:51.243661,11117,0
UChXOhG9bRDb3vSTg-qkPAZg,Gweilo-60,2019-03-13 10:10:52.054847,11117,0
UChXOhG9bRDb3vSTg-qkPAZg,Gweilo-60,2019-03-13 10:09:51.561897,11117,0
UChXOhG9bRDb3vSTg-qkPAZg,Gweilo-60,2019-03-13 10:08:51.329182,11117,0
UChXOhG9bRDb3vSTg-qkPAZg,Gweilo-60,2019-03-13 10:07:51.361207,11117,0
UChXOhG9bRDb3vSTg-qkPAZg,Gweilo-60,2019-03-13 10:06:51.758762,11117,0
UChXOhG9bRDb3vSTg-qkPAZg,Gweilo-60,2019-03-13 10:05:51.811512,11117,0
UChXOhG9bRDb3vSTg-qkPAZg,Gweilo-60,2019-03-13 10:04:51.354614,11117,0
UChXOhG9bRDb3vSTg-qkPAZg,Gweilo-60,2019-03-13 10:03:51.586416,11117,0
UChXOhG9bRDb3vSTg-qkPAZg,Gweilo-60,2019-03-13 10:02:50.811554,11117,0
UChXOhG9bRDb3vSTg-qkPAZg,Gweilo-60,2019-03-13 10:01:50.925366,11117,0
UChXOhG9bRDb3vSTg-qkPAZg,Gweilo-60,2019-03-13 10:00:51.56269,11117,0
UChXOhG9bRDb3vSTg-qkPAZg,Gweilo-60,2019-03-13 09:59:51.821328,11117,0
UChXOhG9bRDb3vSTg-qkPAZg,Gweilo-60,2019-03-13 09:58:51.605717,11117,0
UChXOhG9bRDb3vSTg-qkPAZg,Gweilo-60,2019-03-13 09:57:51.164118,11117,0
UChXOhG9bRDb3vSTg-qkPAZg,Gweilo-60,2019-03-13 09:56:51.546361,11117,0
UChXOhG9bRDb3vSTg-qkPAZg,Gweilo-60,2019-03-13 09:55:52.137983,11117,0
UChXOhG9bRDb3vSTg-qkPAZg,Gweilo-60,2019-03-13 09:54:51.580908,11117,0
UChXOhG9bRDb3vSTg-qkPAZg,Gweilo-60,2019-03-13 09:53:50.913059,11117,0
UChXOhG9bRDb3vSTg-qkPAZg,Gweilo-60,2019-03-13 09:52:51.525091,11117,0
UChXOhG9bRDb3vSTg-qkPAZg,Gweilo-60,2019-03-13 09:51:51.908605,11117,0
UChXOhG9bRDb3vSTg-qkPAZg,Gweilo-60,2019-03-13 09:50:51.789283,11117,0
UChXOhG9bRDb3vSTg-qkPAZg,Gweilo-60,2019-03-13 09:49:52.096443,11117,1
UChXOhG9bRDb3vSTg-qkPAZg,Gweilo-60,2019-03-13 09:48:51.190659,11116,0
UChXOhG9bRDb3vSTg-qkPAZg,Gweilo-60,2019-03-13 09:47:51.419421,11116,0
UChXOhG9bRDb3vSTg-qkPAZg,Gweilo-60,2019-03-13 09:46:51.365953,11116,0
UChXOhG9bRDb3vSTg-qkPAZg,Gweilo-60,2019-03-13 09:45:51.529179,11116,0
UChXOhG9bRDb3vSTg-qkPAZg,Gweilo-60,2019-03-13 09:44:52.479866,11116,0
UChXOhG9bRDb3vSTg-qkPAZg,Gweilo-60,2019-03-13 09:43:51.023144,11116,0
UChXOhG9bRDb3vSTg-qkPAZg,Gweilo-60,2019-03-13 09:42:51.445784,11116,0
UChXOhG9bRDb3vSTg-qkPAZg,Gweilo-60,2019-03-13 09:41:51.203638,11116,0
UChXOhG9bRDb3vSTg-qkPAZg,Gweilo-60,2019-03-13 09:40:51.677572,11116,1
UChXOhG9bRDb3vSTg-qkPAZg,Gweilo-60,2019-03-13 09:39:52.012607,11115,0
UChXOhG9bRDb3vSTg-qkPAZg,Gweilo-60,2019-03-13 09:38:52.027599,11115,0
UChXOhG9bRDb3vSTg-qkPAZg,Gweilo-60,2019-03-13 09:37:51.483773,11115,0
UChXOhG9bRDb3vSTg-qkPAZg,Gweilo-60,2019-03-13 09:36:52.153754,11115,0
UChXOhG9bRDb3vSTg-qkPAZg,Gweilo-60,2019-03-13 09:35:51.490931,11115,0
UChXOhG9bRDb3vSTg-qkPAZg,Gweilo-60,2019-03-13 09:34:51.699101,11115,0
UChXOhG9bRDb3vSTg-qkPAZg,Gweilo-60,2019-03-13 09:33:51.276262,11115,0
UChXOhG9bRDb3vSTg-qkPAZg,Gweilo-60,2019-03-13 09:32:51.707457,11115,0
UChXOhG9bRDb3vSTg-qkPAZg,Gweilo-60,2019-03-13 09:31:51.697224,11115,0
UChXOhG9bRDb3vSTg-qkPAZg,Gweilo-60,2019-03-13 09:30:51.754761,11115,0
UChXOhG9bRDb3vSTg-qkPAZg,Gweilo-60,2019-03-13 09:29:51.983792,11115,0
UChXOhG9bRDb3vSTg-qkPAZg,Gweilo-60,2019-03-13 09:28:52.127117,11115,0
UChXOhG9bRDb3vSTg-qkPAZg,Gweilo-60,2019-03-13 09:27:51.883212,11115,0
UChXOhG9bRDb3vSTg-qkPAZg,Gweilo-60,2019-03-13 09:26:51.429105,11115,0
UChXOhG9bRDb3vSTg-qkPAZg,Gweilo-60,2019-03-13 09:25:51.587562,11115,0
UChXOhG9bRDb3vSTg-qkPAZg,Gweilo-60,2019-03-13 09:24:51.411989,11115,0
UChXOhG9bRDb3vSTg-qkPAZg,Gweilo-60,2019-03-13 09:23:51.455194,11115,0
UChXOhG9bRDb3vSTg-qkPAZg,Gweilo-60,2019-03-13 09:22:51.405646,11115,0
UChXOhG9bRDb3vSTg-qkPAZg,Gweilo-60,2019-03-13 09:21:51.830093,11115,0
UChXOhG9bRDb3vSTg-qkPAZg,Gweilo-60,2019-03-13 09:20:50.888358,11115,0
UChXOhG9bRDb3vSTg-qkPAZg,Gweilo-60,2019-03-13 09:19:51.956203,11115,0
UChXOhG9bRDb3vSTg-qkPAZg,Gweilo-60,2019-03-13 09:18:51.870632,11115,0
UChXOhG9bRDb3vSTg-qkPAZg,Gweilo-60,2019-03-13 09:17:51.814833,11115,0
UChXOhG9bRDb3vSTg-qkPAZg,Gweilo-60,2019-03-13 09:16:51.993211,11115,0
UChXOhG9bRDb3vSTg-qkPAZg,Gweilo-60,2019-03-13 09:15:51.622125,11115,0
UChXOhG9bRDb3vSTg-qkPAZg,Gweilo-60,2019-03-13 09:14:51.825068,11115,0
UChXOhG9bRDb3vSTg-qkPAZg,Gweilo-60,2019-03-13 09:13:51.391438,11115,0
UChXOhG9bRDb3vSTg-qkPAZg,Gweilo-60,2019-03-13 09:12:51.425223,11115,0
UChXOhG9bRDb3vSTg-qkPAZg,Gweilo-60,2019-03-13 09:11:52.067942,11115,0
UChXOhG9bRDb3vSTg-qkPAZg,Gweilo-60,2019-03-13 09:10:51.450196,11115,0
UChXOhG9bRDb3vSTg-qkPAZg,Gweilo-60,2019-03-13 09:09:51.95417,11115,0
UChXOhG9bRDb3vSTg-qkPAZg,Gweilo-60,2019-03-13 09:08:51.701389,11115,0
UChXOhG9bRDb3vSTg-qkPAZg,Gweilo-60,2019-03-13 09:07:51.909846,11115,0
UChXOhG9bRDb3vSTg-qkPAZg,Gweilo-60,2019-03-13 09:06:51.542054,11115,0
UChXOhG9bRDb3vSTg-qkPAZg,Gweilo-60,2019-03-13 09:05:51.189144,11115,0
UChXOhG9bRDb3vSTg-qkPAZg,Gweilo-60,2019-03-13 09:04:51.522227,11115,0
UChXOhG9bRDb3vSTg-qkPAZg,Gweilo-60,2019-03-13 09:03:51.006211,11115,0
UChXOhG9bRDb3vSTg-qkPAZg,Gweilo-60,2019-03-13 09:02:51.580778,11115,0
UChXOhG9bRDb3vSTg-qkPAZg,Gweilo-60,2019-03-13 09:01:51.717211,11115,0
UChXOhG9bRDb3vSTg-qkPAZg,Gweilo-60,2019-03-13 09:00:51.566832,11115,0
UChXOhG9bRDb3vSTg-qkPAZg,Gweilo-60,2019-03-13 08:59:51.088087,11115,0
UChXOhG9bRDb3vSTg-qkPAZg,Gweilo-60,2019-03-13 08:58:51.481459,11115,0
UChXOhG9bRDb3vSTg-qkPAZg,Gweilo-60,2019-03-13 08:57:51.288433,11115,0
UChXOhG9bRDb3vSTg-qkPAZg,Gweilo-60,2019-03-13 08:56:51.399876,11115,0
UChXOhG9bRDb3vSTg-qkPAZg,Gweilo-60,2019-03-13 08:55:51.790728,11115,0
UChXOhG9bRDb3vSTg-qkPAZg,Gweilo-60,2019-03-13 08:54:51.676457,11115,0
UChXOhG9bRDb3vSTg-qkPAZg,Gweilo-60,2019-03-13 08:53:51.64563,11115,0
UChXOhG9bRDb3vSTg-qkPAZg,Gweilo-60,2019-03-13 08:52:51.747026,11115,0
UChXOhG9bRDb3vSTg-qkPAZg,Gweilo-60,2019-03-13 08:51:51.251519,11115,0
UChXOhG9bRDb3vSTg-qkPAZg,Gweilo-60,2019-03-13 08:50:51.842579,11115,0
UChXOhG9bRDb3vSTg-qkPAZg,Gweilo-60,2019-03-13 08:49:52.419177,11115,0
UChXOhG9bRDb3vSTg-qkPAZg,Gweilo-60,2019-03-13 08:48:52.074978,11115,0
UChXOhG9bRDb3vSTg-qkPAZg,Gweilo-60,2019-03-13 08:47:51.949275,11115,0
UChXOhG9bRDb3vSTg-qkPAZg,Gweilo-60,2019-03-13 08:46:51.720737,11115,0
UChXOhG9bRDb3vSTg-qkPAZg,Gweilo-60,2019-03-13 08:45:52.051113,11115,0
UChXOhG9bRDb3vSTg-qkPAZg,Gweilo-60,2019-03-13 08:44:51.366167,11115,0
UChXOhG9bRDb3vSTg-qkPAZg,Gweilo-60,2019-03-13 08:43:51.762715,11115,0
UChXOhG9bRDb3vSTg-qkPAZg,Gweilo-60,2019-03-13 08:42:51.434444,11115,0
UChXOhG9bRDb3vSTg-qkPAZg,Gweilo-60,2019-03-13 08:41:51.49226,11115,0
UChXOhG9bRDb3vSTg-qkPAZg,Gweilo-60,2019-03-13 08:40:51.745176,11115,0
UChXOhG9bRDb3vSTg-qkPAZg,Gweilo-60,2019-03-13 08:39:51.177024,11115,0
UChXOhG9bRDb3vSTg-qkPAZg,Gweilo-60,2019-03-13 08:38:51.576676,11115,0
UChXOhG9bRDb3vSTg-qkPAZg,Gweilo-60,2019-03-13 08:37:51.274631,11115,0
UChXOhG9bRDb3vSTg-qkPAZg,Gweilo-60,2019-03-13 08:36:50.778642,11115,0
UChXOhG9bRDb3vSTg-qkPAZg,Gweilo-60,2019-03-13 08:35:50.910397,11115,0
UChXOhG9bRDb3vSTg-qkPAZg,Gweilo-60,2019-03-13 08:34:51.078508,11115,0
UChXOhG9bRDb3vSTg-qkPAZg,Gweilo-60,2019-03-13 08:33:51.292571,11115,0
UChXOhG9bRDb3vSTg-qkPAZg,Gweilo-60,2019-03-13 08:32:51.860567,11115,0
UChXOhG9bRDb3vSTg-qkPAZg,Gweilo-60,2019-03-13 08:31:50.973067,11115,0
UChXOhG9bRDb3vSTg-qkPAZg,Gweilo-60,2019-03-13 08:30:51.118104,11115,0
UChXOhG9bRDb3vSTg-qkPAZg,Gweilo-60,2019-03-13 08:29:51.162679,11115,0
UChXOhG9bRDb3vSTg-qkPAZg,Gweilo-60,2019-03-13 08:28:51.627757,11115,0
UChXOhG9bRDb3vSTg-qkPAZg,Gweilo-60,2019-03-13 08:27:51.050904,11115,0
UChXOhG9bRDb3vSTg-qkPAZg,Gweilo-60,2019-03-13 08:26:51.032548,11115,0
UChXOhG9bRDb3vSTg-qkPAZg,Gweilo-60,2019-03-13 08:25:51.99752,11115,0
UChXOhG9bRDb3vSTg-qkPAZg,Gweilo-60,2019-03-13 08:24:51.78892,11115,0
UChXOhG9bRDb3vSTg-qkPAZg,Gweilo-60,2019-03-13 08:23:51.61119,11115,0
UChXOhG9bRDb3vSTg-qkPAZg,Gweilo-60,2019-03-13 08:22:51.256983,11115,0
UChXOhG9bRDb3vSTg-qkPAZg,Gweilo-60,2019-03-13 08:21:51.42004,11115,0
UChXOhG9bRDb3vSTg-qkPAZg,Gweilo-60,2019-03-13 08:20:50.879598,11115,0
UChXOhG9bRDb3vSTg-qkPAZg,Gweilo-60,2019-03-13 08:19:51.27587,11115,0
UChXOhG9bRDb3vSTg-qkPAZg,Gweilo-60,2019-03-13 08:18:51.463831,11115,0
UChXOhG9bRDb3vSTg-qkPAZg,Gweilo-60,2019-03-13 08:17:51.342702,11115,0
UChXOhG9bRDb3vSTg-qkPAZg,Gweilo-60,2019-03-13 08:16:51.828244,11115,0
UChXOhG9bRDb3vSTg-qkPAZg,Gweilo-60,2019-03-13 08:15:51.141093,11115,0
UChXOhG9bRDb3vSTg-qkPAZg,Gweilo-60,2019-03-13 08:14:51.478519,11115,0
UChXOhG9bRDb3vSTg-qkPAZg,Gweilo-60,2019-03-13 08:13:51.318402,11115,0
UChXOhG9bRDb3vSTg-qkPAZg,Gweilo-60,2019-03-13 08:12:50.948409,11115,0
UChXOhG9bRDb3vSTg-qkPAZg,Gweilo-60,2019-03-13 08:11:51.32308,11115,0
UChXOhG9bRDb3vSTg-qkPAZg,Gweilo-60,2019-03-13 08:10:51.36122,11115,0
UChXOhG9bRDb3vSTg-qkPAZg,Gweilo-60,2019-03-13 08:09:51.592868,11115,0
UChXOhG9bRDb3vSTg-qkPAZg,Gweilo-60,2019-03-13 08:08:51.654057,11115,0
UChXOhG9bRDb3vSTg-qkPAZg,Gweilo-60,2019-03-13 08:07:51.126951,11115,0
UChXOhG9bRDb3vSTg-qkPAZg,Gweilo-60,2019-03-13 08:06:51.045104,11115,0
UChXOhG9bRDb3vSTg-qkPAZg,Gweilo-60,2019-03-13 08:05:51.870012,11115,0
UChXOhG9bRDb3vSTg-qkPAZg,Gweilo-60,2019-03-13 08:04:51.999432,11115,0
UChXOhG9bRDb3vSTg-qkPAZg,Gweilo-60,2019-03-13 08:03:51.433433,11115,0
UChXOhG9bRDb3vSTg-qkPAZg,Gweilo-60,2019-03-13 08:02:52.314572,11115,0
UChXOhG9bRDb3vSTg-qkPAZg,Gweilo-60,2019-03-13 08:01:51.940835,11115,0
UChXOhG9bRDb3vSTg-qkPAZg,Gweilo-60,2019-03-13 08:00:50.933364,11115,1
UChXOhG9bRDb3vSTg-qkPAZg,Gweilo-60,2019-03-13 07:59:51.778006,11114,0
UChXOhG9bRDb3vSTg-qkPAZg,Gweilo-60,2019-03-13 07:58:52.116495,11114,0
UChXOhG9bRDb3vSTg-qkPAZg,Gweilo-60,2019-03-13 07:57:51.547403,11114,0
UChXOhG9bRDb3vSTg-qkPAZg,Gweilo-60,2019-03-13 07:56:51.147238,11114,0
UChXOhG9bRDb3vSTg-qkPAZg,Gweilo-60,2019-03-13 07:55:51.422948,11114,0
UChXOhG9bRDb3vSTg-qkPAZg,Gweilo-60,2019-03-13 07:54:51.141279,11114,0
UChXOhG9bRDb3vSTg-qkPAZg,Gweilo-60,2019-03-13 07:53:51.804774,11114,0
UChXOhG9bRDb3vSTg-qkPAZg,Gweilo-60,2019-03-13 07:52:52.337036,11114,0
UChXOhG9bRDb3vSTg-qkPAZg,Gweilo-60,2019-03-13 07:51:51.617931,11114,0
UChXOhG9bRDb3vSTg-qkPAZg,Gweilo-60,2019-03-13 07:50:51.964344,11114,0
UChXOhG9bRDb3vSTg-qkPAZg,Gweilo-60,2019-03-13 07:49:51.069495,11114,0
UChXOhG9bRDb3vSTg-qkPAZg,Gweilo-60,2019-03-13 07:48:51.402221,11114,0
UChXOhG9bRDb3vSTg-qkPAZg,Gweilo-60,2019-03-13 07:47:51.725405,11114,0
UChXOhG9bRDb3vSTg-qkPAZg,Gweilo-60,2019-03-13 07:46:51.657522,11114,0
UChXOhG9bRDb3vSTg-qkPAZg,Gweilo-60,2019-03-13 07:45:50.782893,11114,0
UChXOhG9bRDb3vSTg-qkPAZg,Gweilo-60,2019-03-13 07:44:51.881725,11114,0
UChXOhG9bRDb3vSTg-qkPAZg,Gweilo-60,2019-03-13 07:43:51.143424,11114,0
UChXOhG9bRDb3vSTg-qkPAZg,Gweilo-60,2019-03-13 07:42:51.37215,11114,0
UChXOhG9bRDb3vSTg-qkPAZg,Gweilo-60,2019-03-13 07:41:51.250391,11114,0
UChXOhG9bRDb3vSTg-qkPAZg,Gweilo-60,2019-03-13 07:40:50.968859,11114,0
UChXOhG9bRDb3vSTg-qkPAZg,Gweilo-60,2019-03-13 07:39:51.634733,11114,0
UChXOhG9bRDb3vSTg-qkPAZg,Gweilo-60,2019-03-13 07:38:52.029881,11114,0
UChXOhG9bRDb3vSTg-qkPAZg,Gweilo-60,2019-03-13 07:37:51.729254,11114,0
UChXOhG9bRDb3vSTg-qkPAZg,Gweilo-60,2019-03-13 07:36:51.689981,11114,0
UChXOhG9bRDb3vSTg-qkPAZg,Gweilo-60,2019-03-13 07:35:51.404216,11114,0
UChXOhG9bRDb3vSTg-qkPAZg,Gweilo-60,2019-03-13 07:34:51.646786,11114,0
UChXOhG9bRDb3vSTg-qkPAZg,Gweilo-60,2019-03-13 07:33:51.422677,11114,0
UChXOhG9bRDb3vSTg-qkPAZg,Gweilo-60,2019-03-13 07:32:51.355631,11114,0
UChXOhG9bRDb3vSTg-qkPAZg,Gweilo-60,2019-03-13 07:31:51.480465,11114,0
UChXOhG9bRDb3vSTg-qkPAZg,Gweilo-60,2019-03-13 07:30:51.333231,11114,0
UChXOhG9bRDb3vSTg-qkPAZg,Gweilo-60,2019-03-13 07:29:52.39966,11114,0
UChXOhG9bRDb3vSTg-qkPAZg,Gweilo-60,2019-03-13 07:28:52.573403,11114,0
UChXOhG9bRDb3vSTg-qkPAZg,Gweilo-60,2019-03-13 07:27:51.579527,11114,0
UChXOhG9bRDb3vSTg-qkPAZg,Gweilo-60,2019-03-13 07:26:50.994852,11114,0
UChXOhG9bRDb3vSTg-qkPAZg,Gweilo-60,2019-03-13 07:25:51.771899,11114,0
UChXOhG9bRDb3vSTg-qkPAZg,Gweilo-60,2019-03-13 07:24:50.936194,11114,0
UChXOhG9bRDb3vSTg-qkPAZg,Gweilo-60,2019-03-13 07:23:51.936058,11114,0
UChXOhG9bRDb3vSTg-qkPAZg,Gweilo-60,2019-03-13 07:22:52.123639,11114,0
UChXOhG9bRDb3vSTg-qkPAZg,Gweilo-60,2019-03-13 07:21:51.77664,11114,0
UChXOhG9bRDb3vSTg-qkPAZg,Gweilo-60,2019-03-13 07:20:51.576103,11114,0
UChXOhG9bRDb3vSTg-qkPAZg,Gweilo-60,2019-03-13 07:19:51.883388,11114,0
UChXOhG9bRDb3vSTg-qkPAZg,Gweilo-60,2019-03-13 07:18:51.593885,11114,0
UChXOhG9bRDb3vSTg-qkPAZg,Gweilo-60,2019-03-13 07:17:51.749628,11114,0
UChXOhG9bRDb3vSTg-qkPAZg,Gweilo-60,2019-03-13 07:16:51.581741,11114,0
UChXOhG9bRDb3vSTg-qkPAZg,Gweilo-60,2019-03-13 07:15:51.417601,11114,0
UChXOhG9bRDb3vSTg-qkPAZg,Gweilo-60,2019-03-13 07:14:51.264371,11114,0
UChXOhG9bRDb3vSTg-qkPAZg,Gweilo-60,2019-03-13 07:13:52.594552,11114,0
UChXOhG9bRDb3vSTg-qkPAZg,Gweilo-60,2019-03-13 07:12:51.443801,11114,0
UChXOhG9bRDb3vSTg-qkPAZg,Gweilo-60,2019-03-13 07:11:51.051441,11114,0
UChXOhG9bRDb3vSTg-qkPAZg,Gweilo-60,2019-03-13 07:10:50.950651,11114,0
UChXOhG9bRDb3vSTg-qkPAZg,Gweilo-60,2019-03-13 07:09:51.454204,11114,0
UChXOhG9bRDb3vSTg-qkPAZg,Gweilo-60,2019-03-13 07:08:51.265819,11114,0
UChXOhG9bRDb3vSTg-qkPAZg,Gweilo-60,2019-03-13 07:07:50.718201,11114,0
UChXOhG9bRDb3vSTg-qkPAZg,Gweilo-60,2019-03-13 07:06:51.29414,11114,0
UChXOhG9bRDb3vSTg-qkPAZg,Gweilo-60,2019-03-13 07:05:51.382591,11114,0
UChXOhG9bRDb3vSTg-qkPAZg,Gweilo-60,2019-03-13 07:04:51.15541,11114,0
UChXOhG9bRDb3vSTg-qkPAZg,Gweilo-60,2019-03-13 07:03:50.931078,11114,0
UChXOhG9bRDb3vSTg-qkPAZg,Gweilo-60,2019-03-13 07:02:51.500413,11114,0
UChXOhG9bRDb3vSTg-qkPAZg,Gweilo-60,2019-03-13 07:01:51.380852,11114,0
UChXOhG9bRDb3vSTg-qkPAZg,Gweilo-60,2019-03-13 07:00:51.576546,11114,0
UChXOhG9bRDb3vSTg-qkPAZg,Gweilo-60,2019-03-13 06:59:52.20645,11114,0
UChXOhG9bRDb3vSTg-qkPAZg,Gweilo-60,2019-03-13 06:58:51.577176,11114,0
UChXOhG9bRDb3vSTg-qkPAZg,Gweilo-60,2019-03-13 06:57:51.515271,11114,0
UChXOhG9bRDb3vSTg-qkPAZg,Gweilo-60,2019-03-13 06:56:52.36465,11114,0
UChXOhG9bRDb3vSTg-qkPAZg,Gweilo-60,2019-03-13 06:55:52.137066,11114,0
UChXOhG9bRDb3vSTg-qkPAZg,Gweilo-60,2019-03-13 06:54:51.699071,11114,0
UChXOhG9bRDb3vSTg-qkPAZg,Gweilo-60,2019-03-13 06:53:51.428914,11114,0
UChXOhG9bRDb3vSTg-qkPAZg,Gweilo-60,2019-03-13 06:52:51.26795,11114,0
UChXOhG9bRDb3vSTg-qkPAZg,Gweilo-60,2019-03-13 06:51:52.479734,11114,0
UChXOhG9bRDb3vSTg-qkPAZg,Gweilo-60,2019-03-13 06:50:51.41984,11114,0
UChXOhG9bRDb3vSTg-qkPAZg,Gweilo-60,2019-03-13 06:49:51.605068,11114,0
UChXOhG9bRDb3vSTg-qkPAZg,Gweilo-60,2019-03-13 06:48:51.542875,11114,0
UChXOhG9bRDb3vSTg-qkPAZg,Gweilo-60,2019-03-13 06:47:51.609184,11114,0
UChXOhG9bRDb3vSTg-qkPAZg,Gweilo-60,2019-03-13 06:46:51.916341,11114,0
UChXOhG9bRDb3vSTg-qkPAZg,Gweilo-60,2019-03-13 06:45:50.962176,11114,0
UChXOhG9bRDb3vSTg-qkPAZg,Gweilo-60,2019-03-13 06:44:51.560921,11114,0
UChXOhG9bRDb3vSTg-qkPAZg,Gweilo-60,2019-03-13 06:43:51.302319,11114,0
UChXOhG9bRDb3vSTg-qkPAZg,Gweilo-60,2019-03-13 06:42:51.884775,11114,0
UChXOhG9bRDb3vSTg-qkPAZg,Gweilo-60,2019-03-13 06:41:51.338183,11114,0
UChXOhG9bRDb3vSTg-qkPAZg,Gweilo-60,2019-03-13 06:40:51.227163,11114,0
UChXOhG9bRDb3vSTg-qkPAZg,Gweilo-60,2019-03-13 06:39:51.703491,11114,0
UChXOhG9bRDb3vSTg-qkPAZg,Gweilo-60,2019-03-13 06:38:51.798522,11114,0
UChXOhG9bRDb3vSTg-qkPAZg,Gweilo-60,2019-03-13 06:37:51.752598,11114,0
UChXOhG9bRDb3vSTg-qkPAZg,Gweilo-60,2019-03-13 06:36:52.095405,11114,0
UChXOhG9bRDb3vSTg-qkPAZg,Gweilo-60,2019-03-13 06:35:51.39665,11114,0
UChXOhG9bRDb3vSTg-qkPAZg,Gweilo-60,2019-03-13 06:34:51.888998,11114,0
UChXOhG9bRDb3vSTg-qkPAZg,Gweilo-60,2019-03-13 06:33:51.95999,11114,0
UChXOhG9bRDb3vSTg-qkPAZg,Gweilo-60,2019-03-13 06:32:51.680087,11114,0
UChXOhG9bRDb3vSTg-qkPAZg,Gweilo-60,2019-03-13 06:31:51.303436,11114,0
UChXOhG9bRDb3vSTg-qkPAZg,Gweilo-60,2019-03-13 06:30:51.864447,11114,0
UChXOhG9bRDb3vSTg-qkPAZg,Gweilo-60,2019-03-13 06:29:51.110063,11114,0
UChXOhG9bRDb3vSTg-qkPAZg,Gweilo-60,2019-03-13 06:28:51.884004,11114,0
UChXOhG9bRDb3vSTg-qkPAZg,Gweilo-60,2019-03-13 06:27:51.657634,11114,0
UChXOhG9bRDb3vSTg-qkPAZg,Gweilo-60,2019-03-13 06:26:51.864377,11114,0
UChXOhG9bRDb3vSTg-qkPAZg,Gweilo-60,2019-03-13 06:25:52.190914,11114,0
UChXOhG9bRDb3vSTg-qkPAZg,Gweilo-60,2019-03-13 06:24:51.376049,11114,0
UChXOhG9bRDb3vSTg-qkPAZg,Gweilo-60,2019-03-13 06:23:51.072527,11114,0
UChXOhG9bRDb3vSTg-qkPAZg,Gweilo-60,2019-03-13 06:22:51.870683,11114,0
UChXOhG9bRDb3vSTg-qkPAZg,Gweilo-60,2019-03-13 06:21:50.991391,11114,0
UChXOhG9bRDb3vSTg-qkPAZg,Gweilo-60,2019-03-13 06:20:51.564993,11114,0
UChXOhG9bRDb3vSTg-qkPAZg,Gweilo-60,2019-03-13 06:19:51.314828,11114,0
UChXOhG9bRDb3vSTg-qkPAZg,Gweilo-60,2019-03-13 06:18:51.593272,11114,0
UChXOhG9bRDb3vSTg-qkPAZg,Gweilo-60,2019-03-13 06:17:51.726693,11114,0
UChXOhG9bRDb3vSTg-qkPAZg,Gweilo-60,2019-03-13 06:16:51.57045,11114,0
UChXOhG9bRDb3vSTg-qkPAZg,Gweilo-60,2019-03-13 06:15:51.910732,11114,0
UChXOhG9bRDb3vSTg-qkPAZg,Gweilo-60,2019-03-13 06:14:51.319272,11114,0
UChXOhG9bRDb3vSTg-qkPAZg,Gweilo-60,2019-03-13 06:13:51.463705,11114,0
UChXOhG9bRDb3vSTg-qkPAZg,Gweilo-60,2019-03-13 06:12:51.077689,11114,0
UChXOhG9bRDb3vSTg-qkPAZg,Gweilo-60,2019-03-13 06:11:51.454415,11114,0
UChXOhG9bRDb3vSTg-qkPAZg,Gweilo-60,2019-03-13 06:10:51.615239,11114,0
UChXOhG9bRDb3vSTg-qkPAZg,Gweilo-60,2019-03-13 06:09:51.536186,11114,0
UChXOhG9bRDb3vSTg-qkPAZg,Gweilo-60,2019-03-13 06:08:51.053884,11114,0
UChXOhG9bRDb3vSTg-qkPAZg,Gweilo-60,2019-03-13 06:07:51.093031,11114,0
UChXOhG9bRDb3vSTg-qkPAZg,Gweilo-60,2019-03-13 06:06:52.411276,11114,0
UChXOhG9bRDb3vSTg-qkPAZg,Gweilo-60,2019-03-13 06:05:50.838817,11114,0
UChXOhG9bRDb3vSTg-qkPAZg,Gweilo-60,2019-03-13 06:04:50.972538,11114,0
UChXOhG9bRDb3vSTg-qkPAZg,Gweilo-60,2019-03-13 06:03:51.677595,11114,0
UChXOhG9bRDb3vSTg-qkPAZg,Gweilo-60,2019-03-13 06:02:51.841845,11114,0
UChXOhG9bRDb3vSTg-qkPAZg,Gweilo-60,2019-03-13 06:01:51.680424,11114,0
UChXOhG9bRDb3vSTg-qkPAZg,Gweilo-60,2019-03-13 06:00:51.460998,11114,0
UChXOhG9bRDb3vSTg-qkPAZg,Gweilo-60,2019-03-13 05:59:50.979707,11114,0
UChXOhG9bRDb3vSTg-qkPAZg,Gweilo-60,2019-03-13 05:58:51.646539,11114,0
UChXOhG9bRDb3vSTg-qkPAZg,Gweilo-60,2019-03-13 05:57:50.820677,11114,0
UChXOhG9bRDb3vSTg-qkPAZg,Gweilo-60,2019-03-13 05:56:51.112998,11114,0
UChXOhG9bRDb3vSTg-qkPAZg,Gweilo-60,2019-03-13 05:55:51.270452,11114,0
UChXOhG9bRDb3vSTg-qkPAZg,Gweilo-60,2019-03-13 05:54:51.869298,11114,0
UChXOhG9bRDb3vSTg-qkPAZg,Gweilo-60,2019-03-13 05:53:51.479145,11114,0
UChXOhG9bRDb3vSTg-qkPAZg,Gweilo-60,2019-03-13 05:52:51.220299,11114,0
UChXOhG9bRDb3vSTg-qkPAZg,Gweilo-60,2019-03-13 05:51:51.088325,11114,0
UChXOhG9bRDb3vSTg-qkPAZg,Gweilo-60,2019-03-13 05:50:51.517522,11114,0
UChXOhG9bRDb3vSTg-qkPAZg,Gweilo-60,2019-03-13 05:49:51.398186,11114,0
UChXOhG9bRDb3vSTg-qkPAZg,Gweilo-60,2019-03-13 05:48:51.600355,11114,0
UChXOhG9bRDb3vSTg-qkPAZg,Gweilo-60,2019-03-13 05:47:51.2159,11114,0
UChXOhG9bRDb3vSTg-qkPAZg,Gweilo-60,2019-03-13 05:46:51.585416,11114,0
UChXOhG9bRDb3vSTg-qkPAZg,Gweilo-60,2019-03-13 05:45:51.206126,11114,0
UChXOhG9bRDb3vSTg-qkPAZg,Gweilo-60,2019-03-13 05:44:50.830192,11114,0
UChXOhG9bRDb3vSTg-qkPAZg,Gweilo-60,2019-03-13 05:43:51.607334,11114,0
UChXOhG9bRDb3vSTg-qkPAZg,Gweilo-60,2019-03-13 05:42:51.412405,11114,-1
UChXOhG9bRDb3vSTg-qkPAZg,Gweilo-60,2019-03-13 05:41:51.830055,11115,0
UChXOhG9bRDb3vSTg-qkPAZg,Gweilo-60,2019-03-13 05:40:51.012179,11115,0
UChXOhG9bRDb3vSTg-qkPAZg,Gweilo-60,2019-03-13 05:39:50.640484,11115,0
UChXOhG9bRDb3vSTg-qkPAZg,Gweilo-60,2019-03-13 05:38:51.302698,11115,0
UChXOhG9bRDb3vSTg-qkPAZg,Gweilo-60,2019-03-13 05:37:51.264992,11115,0
UChXOhG9bRDb3vSTg-qkPAZg,Gweilo-60,2019-03-13 05:36:51.335272,11115,0
UChXOhG9bRDb3vSTg-qkPAZg,Gweilo-60,2019-03-13 05:35:51.095224,11115,0
UChXOhG9bRDb3vSTg-qkPAZg,Gweilo-60,2019-03-13 05:34:52.208314,11115,0
UChXOhG9bRDb3vSTg-qkPAZg,Gweilo-60,2019-03-13 05:33:52.196797,11115,0
UChXOhG9bRDb3vSTg-qkPAZg,Gweilo-60,2019-03-13 05:32:52.005358,11115,0
UChXOhG9bRDb3vSTg-qkPAZg,Gweilo-60,2019-03-13 05:31:51.993899,11115,0
UChXOhG9bRDb3vSTg-qkPAZg,Gweilo-60,2019-03-13 05:30:51.164108,11115,0
UChXOhG9bRDb3vSTg-qkPAZg,Gweilo-60,2019-03-13 05:29:51.146111,11115,0
UChXOhG9bRDb3vSTg-qkPAZg,Gweilo-60,2019-03-13 05:28:51.300275,11115,0
UChXOhG9bRDb3vSTg-qkPAZg,Gweilo-60,2019-03-13 05:27:51.285228,11115,0
UChXOhG9bRDb3vSTg-qkPAZg,Gweilo-60,2019-03-13 05:26:51.680559,11115,0
UChXOhG9bRDb3vSTg-qkPAZg,Gweilo-60,2019-03-13 05:25:51.400923,11115,0
UChXOhG9bRDb3vSTg-qkPAZg,Gweilo-60,2019-03-13 05:24:50.824156,11115,0
UChXOhG9bRDb3vSTg-qkPAZg,Gweilo-60,2019-03-13 05:23:51.208294,11115,-1
UChXOhG9bRDb3vSTg-qkPAZg,Gweilo-60,2019-03-13 05:22:51.926391,11116,0
UChXOhG9bRDb3vSTg-qkPAZg,Gweilo-60,2019-03-13 05:21:51.488791,11116,0
UChXOhG9bRDb3vSTg-qkPAZg,Gweilo-60,2019-03-13 05:20:51.80342,11116,0
UChXOhG9bRDb3vSTg-qkPAZg,Gweilo-60,2019-03-13 05:19:52.049578,11116,0
UChXOhG9bRDb3vSTg-qkPAZg,Gweilo-60,2019-03-13 05:18:51.906349,11116,0
UChXOhG9bRDb3vSTg-qkPAZg,Gweilo-60,2019-03-13 05:17:51.337377,11116,0
UChXOhG9bRDb3vSTg-qkPAZg,Gweilo-60,2019-03-13 05:16:51.31392,11116,0
UChXOhG9bRDb3vSTg-qkPAZg,Gweilo-60,2019-03-13 05:15:51.821744,11116,0
UChXOhG9bRDb3vSTg-qkPAZg,Gweilo-60,2019-03-13 05:14:51.593555,11116,0
UChXOhG9bRDb3vSTg-qkPAZg,Gweilo-60,2019-03-13 05:13:51.413617,11116,0
UChXOhG9bRDb3vSTg-qkPAZg,Gweilo-60,2019-03-13 05:12:51.432388,11116,0
UChXOhG9bRDb3vSTg-qkPAZg,Gweilo-60,2019-03-13 05:11:51.296872,11116,0
UChXOhG9bRDb3vSTg-qkPAZg,Gweilo-60,2019-03-13 05:10:51.496197,11116,0
UChXOhG9bRDb3vSTg-qkPAZg,Gweilo-60,2019-03-13 05:09:51.49676,11116,0
UChXOhG9bRDb3vSTg-qkPAZg,Gweilo-60,2019-03-13 05:08:51.846253,11116,0
UChXOhG9bRDb3vSTg-qkPAZg,Gweilo-60,2019-03-13 05:07:51.691412,11116,0
UChXOhG9bRDb3vSTg-qkPAZg,Gweilo-60,2019-03-13 05:06:51.820674,11116,0
UChXOhG9bRDb3vSTg-qkPAZg,Gweilo-60,2019-03-13 05:05:51.648184,11116,0
UChXOhG9bRDb3vSTg-qkPAZg,Gweilo-60,2019-03-13 05:04:50.764937,11116,0
UChXOhG9bRDb3vSTg-qkPAZg,Gweilo-60,2019-03-13 05:03:52.045509,11116,0
UChXOhG9bRDb3vSTg-qkPAZg,Gweilo-60,2019-03-13 05:02:50.699109,11116,0
UChXOhG9bRDb3vSTg-qkPAZg,Gweilo-60,2019-03-13 05:01:51.881098,11116,0
UChXOhG9bRDb3vSTg-qkPAZg,Gweilo-60,2019-03-13 05:00:51.806502,11116,0
UChXOhG9bRDb3vSTg-qkPAZg,Gweilo-60,2019-03-13 04:59:51.161221,11116,0
UChXOhG9bRDb3vSTg-qkPAZg,Gweilo-60,2019-03-13 04:58:51.723729,11116,0
UChXOhG9bRDb3vSTg-qkPAZg,Gweilo-60,2019-03-13 04:57:51.774221,11116,0
UChXOhG9bRDb3vSTg-qkPAZg,Gweilo-60,2019-03-13 04:56:51.650023,11116,0
UChXOhG9bRDb3vSTg-qkPAZg,Gweilo-60,2019-03-13 04:55:51.672058,11116,0
UChXOhG9bRDb3vSTg-qkPAZg,Gweilo-60,2019-03-13 04:54:51.782609,11116,0
UChXOhG9bRDb3vSTg-qkPAZg,Gweilo-60,2019-03-13 04:53:51.763022,11116,0
UChXOhG9bRDb3vSTg-qkPAZg,Gweilo-60,2019-03-13 04:52:51.341237,11116,0
UChXOhG9bRDb3vSTg-qkPAZg,Gweilo-60,2019-03-13 04:51:51.674049,11116,0
UChXOhG9bRDb3vSTg-qkPAZg,Gweilo-60,2019-03-13 04:50:51.840753,11116,0
UChXOhG9bRDb3vSTg-qkPAZg,Gweilo-60,2019-03-13 04:49:51.286704,11116,0
UChXOhG9bRDb3vSTg-qkPAZg,Gweilo-60,2019-03-13 04:48:51.494023,11116,0
UChXOhG9bRDb3vSTg-qkPAZg,Gweilo-60,2019-03-13 04:47:52.141314,11116,0
UChXOhG9bRDb3vSTg-qkPAZg,Gweilo-60,2019-03-13 04:46:51.655451,11116,0
UChXOhG9bRDb3vSTg-qkPAZg,Gweilo-60,2019-03-13 04:45:51.650683,11116,0
UChXOhG9bRDb3vSTg-qkPAZg,Gweilo-60,2019-03-13 04:44:51.433144,11116,0
UChXOhG9bRDb3vSTg-qkPAZg,Gweilo-60,2019-03-13 04:43:51.084978,11116,0
UChXOhG9bRDb3vSTg-qkPAZg,Gweilo-60,2019-03-13 04:42:51.406299,11116,0
UChXOhG9bRDb3vSTg-qkPAZg,Gweilo-60,2019-03-13 04:41:51.792359,11116,0
UChXOhG9bRDb3vSTg-qkPAZg,Gweilo-60,2019-03-13 04:40:51.755283,11116,0
UChXOhG9bRDb3vSTg-qkPAZg,Gweilo-60,2019-03-13 04:39:52.089612,11116,0
UChXOhG9bRDb3vSTg-qkPAZg,Gweilo-60,2019-03-13 04:38:51.33639,11116,0
UChXOhG9bRDb3vSTg-qkPAZg,Gweilo-60,2019-03-13 04:37:51.098265,11116,0
UChXOhG9bRDb3vSTg-qkPAZg,Gweilo-60,2019-03-13 04:36:51.49571,11116,0
UChXOhG9bRDb3vSTg-qkPAZg,Gweilo-60,2019-03-13 04:35:51.832272,11116,0
UChXOhG9bRDb3vSTg-qkPAZg,Gweilo-60,2019-03-13 04:34:51.686732,11116,0
UChXOhG9bRDb3vSTg-qkPAZg,Gweilo-60,2019-03-13 04:33:50.960229,11116,0
UChXOhG9bRDb3vSTg-qkPAZg,Gweilo-60,2019-03-13 04:32:50.940577,11116,0
UChXOhG9bRDb3vSTg-qkPAZg,Gweilo-60,2019-03-13 04:31:51.353023,11116,0
UChXOhG9bRDb3vSTg-qkPAZg,Gweilo-60,2019-03-13 04:30:50.926255,11116,0
UChXOhG9bRDb3vSTg-qkPAZg,Gweilo-60,2019-03-13 04:29:51.505778,11116,0
UChXOhG9bRDb3vSTg-qkPAZg,Gweilo-60,2019-03-13 04:28:51.639384,11116,0
UChXOhG9bRDb3vSTg-qkPAZg,Gweilo-60,2019-03-13 04:27:52.152305,11116,0
UChXOhG9bRDb3vSTg-qkPAZg,Gweilo-60,2019-03-13 04:26:51.747443,11116,0
UChXOhG9bRDb3vSTg-qkPAZg,Gweilo-60,2019-03-13 04:25:51.584112,11116,0
UChXOhG9bRDb3vSTg-qkPAZg,Gweilo-60,2019-03-13 04:24:51.136454,11116,0
UChXOhG9bRDb3vSTg-qkPAZg,Gweilo-60,2019-03-13 04:23:51.086338,11116,0
UChXOhG9bRDb3vSTg-qkPAZg,Gweilo-60,2019-03-13 04:22:51.364899,11116,0
UChXOhG9bRDb3vSTg-qkPAZg,Gweilo-60,2019-03-13 04:21:51.347586,11116,0
UChXOhG9bRDb3vSTg-qkPAZg,Gweilo-60,2019-03-13 04:20:51.716277,11116,0
UChXOhG9bRDb3vSTg-qkPAZg,Gweilo-60,2019-03-13 04:19:51.60753,11116,0
UChXOhG9bRDb3vSTg-qkPAZg,Gweilo-60,2019-03-13 04:18:51.677369,11116,0
UChXOhG9bRDb3vSTg-qkPAZg,Gweilo-60,2019-03-13 04:17:51.024164,11116,0
UChXOhG9bRDb3vSTg-qkPAZg,Gweilo-60,2019-03-13 04:16:51.036179,11116,0
UChXOhG9bRDb3vSTg-qkPAZg,Gweilo-60,2019-03-13 04:15:51.335324,11116,0
UChXOhG9bRDb3vSTg-qkPAZg,Gweilo-60,2019-03-13 04:14:51.56902,11116,0
UChXOhG9bRDb3vSTg-qkPAZg,Gweilo-60,2019-03-13 04:13:51.791939,11116,0
UChXOhG9bRDb3vSTg-qkPAZg,Gweilo-60,2019-03-13 04:12:51.211016,11116,0
UChXOhG9bRDb3vSTg-qkPAZg,Gweilo-60,2019-03-13 04:11:51.456225,11116,0
UChXOhG9bRDb3vSTg-qkPAZg,Gweilo-60,2019-03-13 04:10:50.549746,11116,0
UChXOhG9bRDb3vSTg-qkPAZg,Gweilo-60,2019-03-13 04:09:51.120165,11116,0
UChXOhG9bRDb3vSTg-qkPAZg,Gweilo-60,2019-03-13 04:08:51.655722,11116,0
UChXOhG9bRDb3vSTg-qkPAZg,Gweilo-60,2019-03-13 04:07:51.766154,11116,0
UChXOhG9bRDb3vSTg-qkPAZg,Gweilo-60,2019-03-13 04:06:51.164479,11116,0
UChXOhG9bRDb3vSTg-qkPAZg,Gweilo-60,2019-03-13 04:05:51.546499,11116,0
UChXOhG9bRDb3vSTg-qkPAZg,Gweilo-60,2019-03-13 04:04:50.904425,11116,0
UChXOhG9bRDb3vSTg-qkPAZg,Gweilo-60,2019-03-13 04:03:51.327287,11116,0
UChXOhG9bRDb3vSTg-qkPAZg,Gweilo-60,2019-03-13 04:02:51.920128,11116,0
UChXOhG9bRDb3vSTg-qkPAZg,Gweilo-60,2019-03-13 04:01:51.622959,11116,0
UChXOhG9bRDb3vSTg-qkPAZg,Gweilo-60,2019-03-13 04:00:51.338928,11116,0
UChXOhG9bRDb3vSTg-qkPAZg,Gweilo-60,2019-03-13 03:59:51.64381,11116,0
UChXOhG9bRDb3vSTg-qkPAZg,Gweilo-60,2019-03-13 03:58:51.329699,11116,0
UChXOhG9bRDb3vSTg-qkPAZg,Gweilo-60,2019-03-13 03:57:51.406006,11116,0
UChXOhG9bRDb3vSTg-qkPAZg,Gweilo-60,2019-03-13 03:56:51.737301,11116,0
UChXOhG9bRDb3vSTg-qkPAZg,Gweilo-60,2019-03-13 03:55:51.542779,11116,0
UChXOhG9bRDb3vSTg-qkPAZg,Gweilo-60,2019-03-13 03:54:51.298767,11116,0
UChXOhG9bRDb3vSTg-qkPAZg,Gweilo-60,2019-03-13 03:53:51.716732,11116,0
UChXOhG9bRDb3vSTg-qkPAZg,Gweilo-60,2019-03-13 03:52:51.949346,11116,0
UChXOhG9bRDb3vSTg-qkPAZg,Gweilo-60,2019-03-13 03:51:51.742479,11116,0
UChXOhG9bRDb3vSTg-qkPAZg,Gweilo-60,2019-03-13 03:50:51.528771,11116,0
UChXOhG9bRDb3vSTg-qkPAZg,Gweilo-60,2019-03-13 03:49:51.373007,11116,0
UChXOhG9bRDb3vSTg-qkPAZg,Gweilo-60,2019-03-13 03:48:51.44574,11116,0
UChXOhG9bRDb3vSTg-qkPAZg,Gweilo-60,2019-03-13 03:47:51.552525,11116,0
UChXOhG9bRDb3vSTg-qkPAZg,Gweilo-60,2019-03-13 03:46:51.638636,11116,0
UChXOhG9bRDb3vSTg-qkPAZg,Gweilo-60,2019-03-13 03:45:51.287184,11116,0
UChXOhG9bRDb3vSTg-qkPAZg,Gweilo-60,2019-03-13 03:44:51.350917,11116,0
UChXOhG9bRDb3vSTg-qkPAZg,Gweilo-60,2019-03-13 03:43:52.057961,11116,0
UChXOhG9bRDb3vSTg-qkPAZg,Gweilo-60,2019-03-13 03:42:51.450369,11116,0
UChXOhG9bRDb3vSTg-qkPAZg,Gweilo-60,2019-03-13 03:41:51.662205,11116,0
UChXOhG9bRDb3vSTg-qkPAZg,Gweilo-60,2019-03-13 03:40:51.432477,11116,0
UChXOhG9bRDb3vSTg-qkPAZg,Gweilo-60,2019-03-13 03:39:51.794771,11116,0
UChXOhG9bRDb3vSTg-qkPAZg,Gweilo-60,2019-03-13 03:38:51.314972,11116,0
UChXOhG9bRDb3vSTg-qkPAZg,Gweilo-60,2019-03-13 03:37:51.491442,11116,0
UChXOhG9bRDb3vSTg-qkPAZg,Gweilo-60,2019-03-13 03:36:51.400039,11116,0
UChXOhG9bRDb3vSTg-qkPAZg,Gweilo-60,2019-03-13 03:35:51.433366,11116,0
UChXOhG9bRDb3vSTg-qkPAZg,Gweilo-60,2019-03-13 03:34:51.855659,11116,0
UChXOhG9bRDb3vSTg-qkPAZg,Gweilo-60,2019-03-13 03:33:52.264283,11116,0
UChXOhG9bRDb3vSTg-qkPAZg,Gweilo-60,2019-03-13 03:32:52.703208,11116,0
UChXOhG9bRDb3vSTg-qkPAZg,Gweilo-60,2019-03-13 03:31:51.324195,11116,0
UChXOhG9bRDb3vSTg-qkPAZg,Gweilo-60,2019-03-13 03:30:51.118367,11116,0
UChXOhG9bRDb3vSTg-qkPAZg,Gweilo-60,2019-03-13 03:29:51.25745,11116,0
UChXOhG9bRDb3vSTg-qkPAZg,Gweilo-60,2019-03-13 03:28:51.21402,11116,0
UChXOhG9bRDb3vSTg-qkPAZg,Gweilo-60,2019-03-13 03:27:51.129926,11116,0
UChXOhG9bRDb3vSTg-qkPAZg,Gweilo-60,2019-03-13 03:26:51.30383,11116,0
UChXOhG9bRDb3vSTg-qkPAZg,Gweilo-60,2019-03-13 03:25:51.450672,11116,0
UChXOhG9bRDb3vSTg-qkPAZg,Gweilo-60,2019-03-13 03:24:51.693216,11116,0
UChXOhG9bRDb3vSTg-qkPAZg,Gweilo-60,2019-03-13 03:23:51.659189,11116,0
UChXOhG9bRDb3vSTg-qkPAZg,Gweilo-60,2019-03-13 03:22:51.392208,11116,0
UChXOhG9bRDb3vSTg-qkPAZg,Gweilo-60,2019-03-13 03:21:51.430284,11116,0
UChXOhG9bRDb3vSTg-qkPAZg,Gweilo-60,2019-03-13 03:20:51.408707,11116,0
UChXOhG9bRDb3vSTg-qkPAZg,Gweilo-60,2019-03-13 03:19:52.091977,11116,0
UChXOhG9bRDb3vSTg-qkPAZg,Gweilo-60,2019-03-13 03:18:52.603403,11116,0
UChXOhG9bRDb3vSTg-qkPAZg,Gweilo-60,2019-03-13 03:17:51.278843,11116,0
UChXOhG9bRDb3vSTg-qkPAZg,Gweilo-60,2019-03-13 03:16:51.344038,11116,0
UChXOhG9bRDb3vSTg-qkPAZg,Gweilo-60,2019-03-13 03:15:51.610355,11116,0
UChXOhG9bRDb3vSTg-qkPAZg,Gweilo-60,2019-03-13 03:14:51.096501,11116,0
UChXOhG9bRDb3vSTg-qkPAZg,Gweilo-60,2019-03-13 03:13:51.649141,11116,0
UChXOhG9bRDb3vSTg-qkPAZg,Gweilo-60,2019-03-13 03:12:51.592725,11116,0
UChXOhG9bRDb3vSTg-qkPAZg,Gweilo-60,2019-03-13 03:11:52.09741,11116,0
UChXOhG9bRDb3vSTg-qkPAZg,Gweilo-60,2019-03-13 03:10:50.774457,11116,0
UChXOhG9bRDb3vSTg-qkPAZg,Gweilo-60,2019-03-13 03:09:51.462877,11116,0
UChXOhG9bRDb3vSTg-qkPAZg,Gweilo-60,2019-03-13 03:08:51.527009,11116,0
UChXOhG9bRDb3vSTg-qkPAZg,Gweilo-60,2019-03-13 03:07:51.01991,11116,0
UChXOhG9bRDb3vSTg-qkPAZg,Gweilo-60,2019-03-13 03:06:52.287727,11116,0
UChXOhG9bRDb3vSTg-qkPAZg,Gweilo-60,2019-03-13 03:05:51.519921,11116,0
UChXOhG9bRDb3vSTg-qkPAZg,Gweilo-60,2019-03-13 03:04:51.801833,11116,0
UChXOhG9bRDb3vSTg-qkPAZg,Gweilo-60,2019-03-13 03:03:51.433028,11116,0
UChXOhG9bRDb3vSTg-qkPAZg,Gweilo-60,2019-03-13 03:02:51.598533,11116,0
UChXOhG9bRDb3vSTg-qkPAZg,Gweilo-60,2019-03-13 03:01:51.267478,11116,0
UChXOhG9bRDb3vSTg-qkPAZg,Gweilo-60,2019-03-13 03:00:51.87632,11116,0
UChXOhG9bRDb3vSTg-qkPAZg,Gweilo-60,2019-03-13 02:59:51.211429,11116,0
UChXOhG9bRDb3vSTg-qkPAZg,Gweilo-60,2019-03-13 02:58:51.919126,11116,0
UChXOhG9bRDb3vSTg-qkPAZg,Gweilo-60,2019-03-13 02:57:51.4206,11116,0
UChXOhG9bRDb3vSTg-qkPAZg,Gweilo-60,2019-03-13 02:56:52.148541,11116,0
UChXOhG9bRDb3vSTg-qkPAZg,Gweilo-60,2019-03-13 02:55:51.269611,11116,0
UChXOhG9bRDb3vSTg-qkPAZg,Gweilo-60,2019-03-13 02:54:51.327336,11116,0
UChXOhG9bRDb3vSTg-qkPAZg,Gweilo-60,2019-03-13 02:53:51.42508,11116,0
UChXOhG9bRDb3vSTg-qkPAZg,Gweilo-60,2019-03-13 02:52:50.989777,11116,0
UChXOhG9bRDb3vSTg-qkPAZg,Gweilo-60,2019-03-13 02:51:51.826762,11116,0
UChXOhG9bRDb3vSTg-qkPAZg,Gweilo-60,2019-03-13 02:50:52.293235,11116,0
UChXOhG9bRDb3vSTg-qkPAZg,Gweilo-60,2019-03-13 02:49:51.294318,11116,0
UChXOhG9bRDb3vSTg-qkPAZg,Gweilo-60,2019-03-13 02:48:51.709503,11116,0
UChXOhG9bRDb3vSTg-qkPAZg,Gweilo-60,2019-03-13 02:47:51.160879,11116,0
UChXOhG9bRDb3vSTg-qkPAZg,Gweilo-60,2019-03-13 02:46:51.394463,11116,0
UChXOhG9bRDb3vSTg-qkPAZg,Gweilo-60,2019-03-13 02:45:52.419057,11116,0
UChXOhG9bRDb3vSTg-qkPAZg,Gweilo-60,2019-03-13 02:44:51.047838,11116,0
UChXOhG9bRDb3vSTg-qkPAZg,Gweilo-60,2019-03-13 02:43:51.893878,11116,0
UChXOhG9bRDb3vSTg-qkPAZg,Gweilo-60,2019-03-13 02:42:51.74593,11116,0
UChXOhG9bRDb3vSTg-qkPAZg,Gweilo-60,2019-03-13 02:41:51.535631,11116,0
UChXOhG9bRDb3vSTg-qkPAZg,Gweilo-60,2019-03-13 02:40:50.991249,11116,0
UChXOhG9bRDb3vSTg-qkPAZg,Gweilo-60,2019-03-13 02:39:51.12707,11116,0
UChXOhG9bRDb3vSTg-qkPAZg,Gweilo-60,2019-03-13 02:38:51.412907,11116,0
UChXOhG9bRDb3vSTg-qkPAZg,Gweilo-60,2019-03-13 02:37:51.835237,11116,0
UChXOhG9bRDb3vSTg-qkPAZg,Gweilo-60,2019-03-13 02:36:52.008325,11116,0
UChXOhG9bRDb3vSTg-qkPAZg,Gweilo-60,2019-03-13 02:35:50.638298,11116,0
UChXOhG9bRDb3vSTg-qkPAZg,Gweilo-60,2019-03-13 02:34:51.762174,11116,0
UChXOhG9bRDb3vSTg-qkPAZg,Gweilo-60,2019-03-13 02:33:51.422508,11116,0
UChXOhG9bRDb3vSTg-qkPAZg,Gweilo-60,2019-03-13 02:32:52.084688,11116,0
UChXOhG9bRDb3vSTg-qkPAZg,Gweilo-60,2019-03-13 02:31:51.060311,11116,0
UChXOhG9bRDb3vSTg-qkPAZg,Gweilo-60,2019-03-13 02:30:51.108276,11116,0
UChXOhG9bRDb3vSTg-qkPAZg,Gweilo-60,2019-03-13 02:29:51.068147,11116,0
UChXOhG9bRDb3vSTg-qkPAZg,Gweilo-60,2019-03-13 02:28:50.798286,11116,0
UChXOhG9bRDb3vSTg-qkPAZg,Gweilo-60,2019-03-13 02:27:50.839015,11116,0
UChXOhG9bRDb3vSTg-qkPAZg,Gweilo-60,2019-03-13 02:26:51.199937,11116,0
UChXOhG9bRDb3vSTg-qkPAZg,Gweilo-60,2019-03-13 02:25:51.251077,11116,0
UChXOhG9bRDb3vSTg-qkPAZg,Gweilo-60,2019-03-13 02:24:51.848461,11116,0
UChXOhG9bRDb3vSTg-qkPAZg,Gweilo-60,2019-03-13 02:23:51.408123,11116,0
UChXOhG9bRDb3vSTg-qkPAZg,Gweilo-60,2019-03-13 02:22:51.685427,11116,0
UChXOhG9bRDb3vSTg-qkPAZg,Gweilo-60,2019-03-13 02:21:51.106001,11116,0
UChXOhG9bRDb3vSTg-qkPAZg,Gweilo-60,2019-03-13 02:20:51.099942,11116,0
UChXOhG9bRDb3vSTg-qkPAZg,Gweilo-60,2019-03-13 02:19:51.15828,11116,0
UChXOhG9bRDb3vSTg-qkPAZg,Gweilo-60,2019-03-13 02:18:51.492127,11116,0
UChXOhG9bRDb3vSTg-qkPAZg,Gweilo-60,2019-03-13 02:17:51.516105,11116,0
UChXOhG9bRDb3vSTg-qkPAZg,Gweilo-60,2019-03-13 02:16:51.239166,11116,0
UChXOhG9bRDb3vSTg-qkPAZg,Gweilo-60,2019-03-13 02:15:51.659975,11116,0
UChXOhG9bRDb3vSTg-qkPAZg,Gweilo-60,2019-03-13 02:14:50.91723,11116,0
UChXOhG9bRDb3vSTg-qkPAZg,Gweilo-60,2019-03-13 02:13:51.029457,11116,0
UChXOhG9bRDb3vSTg-qkPAZg,Gweilo-60,2019-03-13 02:12:51.458296,11116,0
UChXOhG9bRDb3vSTg-qkPAZg,Gweilo-60,2019-03-13 02:11:51.610468,11116,0
UChXOhG9bRDb3vSTg-qkPAZg,Gweilo-60,2019-03-13 02:10:51.860515,11116,0
UChXOhG9bRDb3vSTg-qkPAZg,Gweilo-60,2019-03-13 02:09:51.256114,11116,0
UChXOhG9bRDb3vSTg-qkPAZg,Gweilo-60,2019-03-13 02:08:50.833495,11116,0
UChXOhG9bRDb3vSTg-qkPAZg,Gweilo-60,2019-03-13 02:07:51.545149,11116,0
UChXOhG9bRDb3vSTg-qkPAZg,Gweilo-60,2019-03-13 02:06:51.333025,11116,0
UChXOhG9bRDb3vSTg-qkPAZg,Gweilo-60,2019-03-13 02:05:51.664964,11116,0
UChXOhG9bRDb3vSTg-qkPAZg,Gweilo-60,2019-03-13 02:04:51.040867,11116,0
UChXOhG9bRDb3vSTg-qkPAZg,Gweilo-60,2019-03-13 02:03:52.378238,11116,0
UChXOhG9bRDb3vSTg-qkPAZg,Gweilo-60,2019-03-13 02:02:51.695965,11116,0
UChXOhG9bRDb3vSTg-qkPAZg,Gweilo-60,2019-03-13 02:01:51.222449,11116,0
UChXOhG9bRDb3vSTg-qkPAZg,Gweilo-60,2019-03-13 02:00:51.446432,11116,0
UChXOhG9bRDb3vSTg-qkPAZg,Gweilo-60,2019-03-13 01:59:50.766204,11116,0
UChXOhG9bRDb3vSTg-qkPAZg,Gweilo-60,2019-03-13 01:58:51.412275,11116,0
UChXOhG9bRDb3vSTg-qkPAZg,Gweilo-60,2019-03-13 01:57:52.556694,11116,0
UChXOhG9bRDb3vSTg-qkPAZg,Gweilo-60,2019-03-13 01:56:50.888685,11116,0
UChXOhG9bRDb3vSTg-qkPAZg,Gweilo-60,2019-03-13 01:55:51.608227,11116,0
UChXOhG9bRDb3vSTg-qkPAZg,Gweilo-60,2019-03-13 01:54:51.346893,11116,0
UChXOhG9bRDb3vSTg-qkPAZg,Gweilo-60,2019-03-13 01:53:51.650429,11116,0
UChXOhG9bRDb3vSTg-qkPAZg,Gweilo-60,2019-03-13 01:52:51.647474,11116,0
UChXOhG9bRDb3vSTg-qkPAZg,Gweilo-60,2019-03-13 01:51:51.885794,11116,0
UChXOhG9bRDb3vSTg-qkPAZg,Gweilo-60,2019-03-13 01:50:51.264385,11116,0
UChXOhG9bRDb3vSTg-qkPAZg,Gweilo-60,2019-03-13 01:49:51.224207,11116,0
UChXOhG9bRDb3vSTg-qkPAZg,Gweilo-60,2019-03-13 01:48:51.238705,11116,0
UChXOhG9bRDb3vSTg-qkPAZg,Gweilo-60,2019-03-13 01:47:51.746362,11116,0
UChXOhG9bRDb3vSTg-qkPAZg,Gweilo-60,2019-03-13 01:46:51.283472,11116,0
UChXOhG9bRDb3vSTg-qkPAZg,Gweilo-60,2019-03-13 01:45:51.692055,11116,0
UChXOhG9bRDb3vSTg-qkPAZg,Gweilo-60,2019-03-13 01:44:52.192992,11116,0
UChXOhG9bRDb3vSTg-qkPAZg,Gweilo-60,2019-03-13 01:43:51.402523,11116,0
UChXOhG9bRDb3vSTg-qkPAZg,Gweilo-60,2019-03-13 01:42:51.430847,11116,0
UChXOhG9bRDb3vSTg-qkPAZg,Gweilo-60,2019-03-13 01:41:51.084295,11116,0
UChXOhG9bRDb3vSTg-qkPAZg,Gweilo-60,2019-03-13 01:40:50.872339,11116,0
UChXOhG9bRDb3vSTg-qkPAZg,Gweilo-60,2019-03-13 01:39:51.719971,11116,0
UChXOhG9bRDb3vSTg-qkPAZg,Gweilo-60,2019-03-13 01:38:51.011833,11116,0
UChXOhG9bRDb3vSTg-qkPAZg,Gweilo-60,2019-03-13 01:37:51.78762,11116,0
UChXOhG9bRDb3vSTg-qkPAZg,Gweilo-60,2019-03-13 01:36:50.921911,11116,0
UChXOhG9bRDb3vSTg-qkPAZg,Gweilo-60,2019-03-13 01:35:51.218624,11116,0
UChXOhG9bRDb3vSTg-qkPAZg,Gweilo-60,2019-03-13 01:34:51.136798,11116,0
UChXOhG9bRDb3vSTg-qkPAZg,Gweilo-60,2019-03-13 01:33:51.744165,11116,0
UChXOhG9bRDb3vSTg-qkPAZg,Gweilo-60,2019-03-13 01:32:51.599126,11116,0
UChXOhG9bRDb3vSTg-qkPAZg,Gweilo-60,2019-03-13 01:31:51.240323,11116,0
UChXOhG9bRDb3vSTg-qkPAZg,Gweilo-60,2019-03-13 01:30:51.535243,11116,0
UChXOhG9bRDb3vSTg-qkPAZg,Gweilo-60,2019-03-13 01:29:51.32978,11116,0
UChXOhG9bRDb3vSTg-qkPAZg,Gweilo-60,2019-03-13 01:28:51.298958,11116,0
UChXOhG9bRDb3vSTg-qkPAZg,Gweilo-60,2019-03-13 01:27:51.298858,11116,0
UChXOhG9bRDb3vSTg-qkPAZg,Gweilo-60,2019-03-13 01:26:51.218844,11116,0
UChXOhG9bRDb3vSTg-qkPAZg,Gweilo-60,2019-03-13 01:25:50.683156,11116,0
UChXOhG9bRDb3vSTg-qkPAZg,Gweilo-60,2019-03-13 01:24:51.192352,11116,0
UChXOhG9bRDb3vSTg-qkPAZg,Gweilo-60,2019-03-13 01:23:50.835034,11116,0
UChXOhG9bRDb3vSTg-qkPAZg,Gweilo-60,2019-03-13 01:22:51.17235,11116,0
UChXOhG9bRDb3vSTg-qkPAZg,Gweilo-60,2019-03-13 01:21:52.441577,11116,0
UChXOhG9bRDb3vSTg-qkPAZg,Gweilo-60,2019-03-13 01:20:50.827731,11116,0
UChXOhG9bRDb3vSTg-qkPAZg,Gweilo-60,2019-03-13 01:19:50.659932,11116,0
UChXOhG9bRDb3vSTg-qkPAZg,Gweilo-60,2019-03-13 01:18:51.667302,11116,0
UChXOhG9bRDb3vSTg-qkPAZg,Gweilo-60,2019-03-13 01:17:51.488193,11116,0
UChXOhG9bRDb3vSTg-qkPAZg,Gweilo-60,2019-03-13 01:16:50.779454,11116,0
UChXOhG9bRDb3vSTg-qkPAZg,Gweilo-60,2019-03-13 01:15:51.3834,11116,0
UChXOhG9bRDb3vSTg-qkPAZg,Gweilo-60,2019-03-13 01:14:51.212024,11116,0
UChXOhG9bRDb3vSTg-qkPAZg,Gweilo-60,2019-03-13 01:13:51.347038,11116,0
UChXOhG9bRDb3vSTg-qkPAZg,Gweilo-60,2019-03-13 01:12:51.085667,11116,0
UChXOhG9bRDb3vSTg-qkPAZg,Gweilo-60,2019-03-13 01:11:51.496595,11116,0
UChXOhG9bRDb3vSTg-qkPAZg,Gweilo-60,2019-03-13 01:10:51.358907,11116,0
UChXOhG9bRDb3vSTg-qkPAZg,Gweilo-60,2019-03-13 01:09:51.35722,11116,0
UChXOhG9bRDb3vSTg-qkPAZg,Gweilo-60,2019-03-13 01:08:51.022832,11116,0
UChXOhG9bRDb3vSTg-qkPAZg,Gweilo-60,2019-03-13 01:07:51.509869,11116,1
UChXOhG9bRDb3vSTg-qkPAZg,Gweilo-60,2019-03-13 01:06:52.048401,11115,0
UChXOhG9bRDb3vSTg-qkPAZg,Gweilo-60,2019-03-13 01:05:50.584387,11115,0
UChXOhG9bRDb3vSTg-qkPAZg,Gweilo-60,2019-03-13 01:04:51.409362,11115,0
UChXOhG9bRDb3vSTg-qkPAZg,Gweilo-60,2019-03-13 01:03:52.178604,11115,0
UChXOhG9bRDb3vSTg-qkPAZg,Gweilo-60,2019-03-13 01:02:51.253041,11115,0
UChXOhG9bRDb3vSTg-qkPAZg,Gweilo-60,2019-03-13 01:01:50.976396,11115,0
UChXOhG9bRDb3vSTg-qkPAZg,Gweilo-60,2019-03-13 01:00:51.430261,11115,0
UChXOhG9bRDb3vSTg-qkPAZg,Gweilo-60,2019-03-13 00:59:51.92583,11115,0
UChXOhG9bRDb3vSTg-qkPAZg,Gweilo-60,2019-03-13 00:58:51.340522,11115,0
UChXOhG9bRDb3vSTg-qkPAZg,Gweilo-60,2019-03-13 00:57:51.187751,11115,0
UChXOhG9bRDb3vSTg-qkPAZg,Gweilo-60,2019-03-13 00:56:50.712165,11115,0
UChXOhG9bRDb3vSTg-qkPAZg,Gweilo-60,2019-03-13 00:55:50.982964,11115,0
UChXOhG9bRDb3vSTg-qkPAZg,Gweilo-60,2019-03-13 00:54:51.207117,11115,0
UChXOhG9bRDb3vSTg-qkPAZg,Gweilo-60,2019-03-13 00:53:51.346092,11115,0
UChXOhG9bRDb3vSTg-qkPAZg,Gweilo-60,2019-03-13 00:52:51.554138,11115,0
UChXOhG9bRDb3vSTg-qkPAZg,Gweilo-60,2019-03-13 00:51:51.482429,11115,0
UChXOhG9bRDb3vSTg-qkPAZg,Gweilo-60,2019-03-13 00:50:50.916876,11115,0
UChXOhG9bRDb3vSTg-qkPAZg,Gweilo-60,2019-03-13 00:49:52.240139,11115,0
UChXOhG9bRDb3vSTg-qkPAZg,Gweilo-60,2019-03-13 00:48:51.045478,11115,0
UChXOhG9bRDb3vSTg-qkPAZg,Gweilo-60,2019-03-13 00:47:51.878065,11115,0
UChXOhG9bRDb3vSTg-qkPAZg,Gweilo-60,2019-03-13 00:46:51.959236,11115,0
UChXOhG9bRDb3vSTg-qkPAZg,Gweilo-60,2019-03-13 00:45:51.160227,11115,0
UChXOhG9bRDb3vSTg-qkPAZg,Gweilo-60,2019-03-13 00:44:51.529218,11115,0
UChXOhG9bRDb3vSTg-qkPAZg,Gweilo-60,2019-03-13 00:43:51.096684,11115,0
UChXOhG9bRDb3vSTg-qkPAZg,Gweilo-60,2019-03-13 00:42:51.362163,11115,0
UChXOhG9bRDb3vSTg-qkPAZg,Gweilo-60,2019-03-13 00:41:50.84441,11115,0
UChXOhG9bRDb3vSTg-qkPAZg,Gweilo-60,2019-03-13 00:40:51.08609,11115,0
UChXOhG9bRDb3vSTg-qkPAZg,Gweilo-60,2019-03-13 00:39:51.346124,11115,0
UChXOhG9bRDb3vSTg-qkPAZg,Gweilo-60,2019-03-13 00:38:51.194169,11115,0
UChXOhG9bRDb3vSTg-qkPAZg,Gweilo-60,2019-03-13 00:37:51.351285,11115,0
UChXOhG9bRDb3vSTg-qkPAZg,Gweilo-60,2019-03-13 00:36:51.270256,11115,0
UChXOhG9bRDb3vSTg-qkPAZg,Gweilo-60,2019-03-13 00:35:50.948577,11115,0
UChXOhG9bRDb3vSTg-qkPAZg,Gweilo-60,2019-03-13 00:34:52.17117,11115,0
UChXOhG9bRDb3vSTg-qkPAZg,Gweilo-60,2019-03-13 00:33:51.686818,11115,0
UChXOhG9bRDb3vSTg-qkPAZg,Gweilo-60,2019-03-13 00:32:50.795197,11115,0
UChXOhG9bRDb3vSTg-qkPAZg,Gweilo-60,2019-03-13 00:31:51.653823,11115,0
UChXOhG9bRDb3vSTg-qkPAZg,Gweilo-60,2019-03-13 00:30:50.948576,11115,0
UChXOhG9bRDb3vSTg-qkPAZg,Gweilo-60,2019-03-13 00:29:51.838825,11115,0
UChXOhG9bRDb3vSTg-qkPAZg,Gweilo-60,2019-03-13 00:28:51.396064,11115,0
UChXOhG9bRDb3vSTg-qkPAZg,Gweilo-60,2019-03-13 00:27:50.994421,11115,0
UChXOhG9bRDb3vSTg-qkPAZg,Gweilo-60,2019-03-13 00:26:51.284469,11115,0
UChXOhG9bRDb3vSTg-qkPAZg,Gweilo-60,2019-03-13 00:25:50.867138,11115,0
UChXOhG9bRDb3vSTg-qkPAZg,Gweilo-60,2019-03-13 00:24:51.360998,11115,0
UChXOhG9bRDb3vSTg-qkPAZg,Gweilo-60,2019-03-13 00:23:50.843986,11115,0
UChXOhG9bRDb3vSTg-qkPAZg,Gweilo-60,2019-03-13 00:22:51.887999,11115,0
UChXOhG9bRDb3vSTg-qkPAZg,Gweilo-60,2019-03-13 00:21:51.428986,11115,0
UChXOhG9bRDb3vSTg-qkPAZg,Gweilo-60,2019-03-13 00:20:51.373058,11115,0
UChXOhG9bRDb3vSTg-qkPAZg,Gweilo-60,2019-03-13 00:19:51.376427,11115,0
UChXOhG9bRDb3vSTg-qkPAZg,Gweilo-60,2019-03-13 00:18:51.210925,11115,0
UChXOhG9bRDb3vSTg-qkPAZg,Gweilo-60,2019-03-13 00:17:51.506672,11115,0
UChXOhG9bRDb3vSTg-qkPAZg,Gweilo-60,2019-03-13 00:16:50.850458,11115,0
UChXOhG9bRDb3vSTg-qkPAZg,Gweilo-60,2019-03-13 00:15:51.77876,11115,0
UChXOhG9bRDb3vSTg-qkPAZg,Gweilo-60,2019-03-13 00:14:52.957384,11115,0
UChXOhG9bRDb3vSTg-qkPAZg,Gweilo-60,2019-03-13 00:13:51.858416,11115,0
UChXOhG9bRDb3vSTg-qkPAZg,Gweilo-60,2019-03-13 00:12:52.046384,11115,0
UChXOhG9bRDb3vSTg-qkPAZg,Gweilo-60,2019-03-13 00:11:51.72122,11115,0
UChXOhG9bRDb3vSTg-qkPAZg,Gweilo-60,2019-03-13 00:10:51.35728,11115,0
UChXOhG9bRDb3vSTg-qkPAZg,Gweilo-60,2019-03-13 00:09:51.257068,11115,0
UChXOhG9bRDb3vSTg-qkPAZg,Gweilo-60,2019-03-13 00:08:51.613232,11115,0
UChXOhG9bRDb3vSTg-qkPAZg,Gweilo-60,2019-03-13 00:07:51.457328,11115,0
UChXOhG9bRDb3vSTg-qkPAZg,Gweilo-60,2019-03-13 00:06:51.146545,11115,0
UChXOhG9bRDb3vSTg-qkPAZg,Gweilo-60,2019-03-13 00:05:51.177734,11115,0
UChXOhG9bRDb3vSTg-qkPAZg,Gweilo-60,2019-03-13 00:04:51.686721,11115,0
UChXOhG9bRDb3vSTg-qkPAZg,Gweilo-60,2019-03-13 00:03:50.921013,11115,0
UChXOhG9bRDb3vSTg-qkPAZg,Gweilo-60,2019-03-13 00:02:51.423216,11115,0
UChXOhG9bRDb3vSTg-qkPAZg,Gweilo-60,2019-03-13 00:01:51.672717,11115,0
UChXOhG9bRDb3vSTg-qkPAZg,Gweilo-60,2019-03-13 00:00:50.779437,11115,0
UChXOhG9bRDb3vSTg-qkPAZg,Gweilo-60,2019-03-12 23:59:51.539741,11115,0
UChXOhG9bRDb3vSTg-qkPAZg,Gweilo-60,2019-03-12 23:58:51.013905,11115,0
UChXOhG9bRDb3vSTg-qkPAZg,Gweilo-60,2019-03-12 23:57:51.413249,11115,0
UChXOhG9bRDb3vSTg-qkPAZg,Gweilo-60,2019-03-12 23:56:51.476583,11115,0
UChXOhG9bRDb3vSTg-qkPAZg,Gweilo-60,2019-03-12 23:55:51.449403,11115,0
UChXOhG9bRDb3vSTg-qkPAZg,Gweilo-60,2019-03-12 23:54:51.431847,11115,0
UChXOhG9bRDb3vSTg-qkPAZg,Gweilo-60,2019-03-12 23:53:51.475063,11115,0
UChXOhG9bRDb3vSTg-qkPAZg,Gweilo-60,2019-03-12 23:52:52.12322,11115,0
UChXOhG9bRDb3vSTg-qkPAZg,Gweilo-60,2019-03-12 23:51:51.581744,11115,0
UChXOhG9bRDb3vSTg-qkPAZg,Gweilo-60,2019-03-12 23:50:51.486818,11115,0
UChXOhG9bRDb3vSTg-qkPAZg,Gweilo-60,2019-03-12 23:49:50.975451,11115,0
UChXOhG9bRDb3vSTg-qkPAZg,Gweilo-60,2019-03-12 23:48:51.775049,11115,0
UChXOhG9bRDb3vSTg-qkPAZg,Gweilo-60,2019-03-12 23:47:51.016321,11115,0
UChXOhG9bRDb3vSTg-qkPAZg,Gweilo-60,2019-03-12 23:46:51.469808,11115,0
UChXOhG9bRDb3vSTg-qkPAZg,Gweilo-60,2019-03-12 23:45:50.853716,11115,0
UChXOhG9bRDb3vSTg-qkPAZg,Gweilo-60,2019-03-12 23:44:51.340045,11115,0
UChXOhG9bRDb3vSTg-qkPAZg,Gweilo-60,2019-03-12 23:43:51.704289,11115,0
UChXOhG9bRDb3vSTg-qkPAZg,Gweilo-60,2019-03-12 23:42:50.848091,11115,0
UChXOhG9bRDb3vSTg-qkPAZg,Gweilo-60,2019-03-12 23:41:51.354155,11115,0
UChXOhG9bRDb3vSTg-qkPAZg,Gweilo-60,2019-03-12 23:40:51.003746,11115,0
UChXOhG9bRDb3vSTg-qkPAZg,Gweilo-60,2019-03-12 23:39:50.841309,11115,0
UChXOhG9bRDb3vSTg-qkPAZg,Gweilo-60,2019-03-12 23:38:51.491034,11115,0
UChXOhG9bRDb3vSTg-qkPAZg,Gweilo-60,2019-03-12 23:37:51.755419,11115,0
UChXOhG9bRDb3vSTg-qkPAZg,Gweilo-60,2019-03-12 23:36:51.425581,11115,1
UChXOhG9bRDb3vSTg-qkPAZg,Gweilo-60,2019-03-12 23:35:51.162887,11114,0
UChXOhG9bRDb3vSTg-qkPAZg,Gweilo-60,2019-03-12 23:34:51.155394,11114,0
UChXOhG9bRDb3vSTg-qkPAZg,Gweilo-60,2019-03-12 23:33:51.576276,11114,0
UChXOhG9bRDb3vSTg-qkPAZg,Gweilo-60,2019-03-12 23:32:51.549457,11114,0
UChXOhG9bRDb3vSTg-qkPAZg,Gweilo-60,2019-03-12 23:31:52.532721,11114,0
UChXOhG9bRDb3vSTg-qkPAZg,Gweilo-60,2019-03-12 23:30:51.29269,11114,0
UChXOhG9bRDb3vSTg-qkPAZg,Gweilo-60,2019-03-12 23:29:51.176985,11114,0
UChXOhG9bRDb3vSTg-qkPAZg,Gweilo-60,2019-03-12 23:28:51.391367,11114,0
UChXOhG9bRDb3vSTg-qkPAZg,Gweilo-60,2019-03-12 23:27:51.2582,11114,0
UChXOhG9bRDb3vSTg-qkPAZg,Gweilo-60,2019-03-12 23:26:51.3781,11114,0
UChXOhG9bRDb3vSTg-qkPAZg,Gweilo-60,2019-03-12 23:25:51.611791,11114,0
UChXOhG9bRDb3vSTg-qkPAZg,Gweilo-60,2019-03-12 23:24:51.106289,11114,1
UChXOhG9bRDb3vSTg-qkPAZg,Gweilo-60,2019-03-12 23:23:51.210684,11113,0
UChXOhG9bRDb3vSTg-qkPAZg,Gweilo-60,2019-03-12 23:22:51.148748,11113,0
UChXOhG9bRDb3vSTg-qkPAZg,Gweilo-60,2019-03-12 23:21:51.666048,11113,0
UChXOhG9bRDb3vSTg-qkPAZg,Gweilo-60,2019-03-12 23:20:51.446499,11113,0
UChXOhG9bRDb3vSTg-qkPAZg,Gweilo-60,2019-03-12 23:19:51.188803,11113,0
UChXOhG9bRDb3vSTg-qkPAZg,Gweilo-60,2019-03-12 23:18:51.915923,11113,0
UChXOhG9bRDb3vSTg-qkPAZg,Gweilo-60,2019-03-12 23:17:50.915603,11113,0
UChXOhG9bRDb3vSTg-qkPAZg,Gweilo-60,2019-03-12 23:16:51.316775,11113,0
UChXOhG9bRDb3vSTg-qkPAZg,Gweilo-60,2019-03-12 23:15:51.279648,11113,0
UChXOhG9bRDb3vSTg-qkPAZg,Gweilo-60,2019-03-12 23:14:51.161757,11113,0
UChXOhG9bRDb3vSTg-qkPAZg,Gweilo-60,2019-03-12 23:13:50.872516,11113,0
UChXOhG9bRDb3vSTg-qkPAZg,Gweilo-60,2019-03-12 23:12:51.218486,11113,0
UChXOhG9bRDb3vSTg-qkPAZg,Gweilo-60,2019-03-12 23:11:51.711208,11113,0
UChXOhG9bRDb3vSTg-qkPAZg,Gweilo-60,2019-03-12 23:10:51.883555,11113,0
UChXOhG9bRDb3vSTg-qkPAZg,Gweilo-60,2019-03-12 23:09:50.852704,11113,0
UChXOhG9bRDb3vSTg-qkPAZg,Gweilo-60,2019-03-12 23:08:51.086061,11113,0
UChXOhG9bRDb3vSTg-qkPAZg,Gweilo-60,2019-03-12 23:07:51.318926,11113,0
UChXOhG9bRDb3vSTg-qkPAZg,Gweilo-60,2019-03-12 23:06:51.169203,11113,0
UChXOhG9bRDb3vSTg-qkPAZg,Gweilo-60,2019-03-12 23:05:51.886616,11113,0
UChXOhG9bRDb3vSTg-qkPAZg,Gweilo-60,2019-03-12 23:04:51.295628,11113,0
UChXOhG9bRDb3vSTg-qkPAZg,Gweilo-60,2019-03-12 23:03:51.548993,11113,0
UChXOhG9bRDb3vSTg-qkPAZg,Gweilo-60,2019-03-12 23:02:51.066306,11113,0
UChXOhG9bRDb3vSTg-qkPAZg,Gweilo-60,2019-03-12 23:01:51.131998,11113,0
UChXOhG9bRDb3vSTg-qkPAZg,Gweilo-60,2019-03-12 23:00:51.730984,11113,0
UChXOhG9bRDb3vSTg-qkPAZg,Gweilo-60,2019-03-12 22:59:51.657818,11113,0
UChXOhG9bRDb3vSTg-qkPAZg,Gweilo-60,2019-03-12 22:58:51.360485,11113,0
UChXOhG9bRDb3vSTg-qkPAZg,Gweilo-60,2019-03-12 22:57:51.12359,11113,0
UChXOhG9bRDb3vSTg-qkPAZg,Gweilo-60,2019-03-12 22:56:51.314257,11113,0
UChXOhG9bRDb3vSTg-qkPAZg,Gweilo-60,2019-03-12 22:55:51.388702,11113,0
UChXOhG9bRDb3vSTg-qkPAZg,Gweilo-60,2019-03-12 22:54:51.712261,11113,0
UChXOhG9bRDb3vSTg-qkPAZg,Gweilo-60,2019-03-12 22:53:51.728426,11113,0
UChXOhG9bRDb3vSTg-qkPAZg,Gweilo-60,2019-03-12 22:52:51.633163,11113,0
UChXOhG9bRDb3vSTg-qkPAZg,Gweilo-60,2019-03-12 22:51:51.122997,11113,0
UChXOhG9bRDb3vSTg-qkPAZg,Gweilo-60,2019-03-12 22:50:51.776494,11113,0
UChXOhG9bRDb3vSTg-qkPAZg,Gweilo-60,2019-03-12 22:49:51.297245,11113,0
UChXOhG9bRDb3vSTg-qkPAZg,Gweilo-60,2019-03-12 22:48:52.183457,11113,0
UChXOhG9bRDb3vSTg-qkPAZg,Gweilo-60,2019-03-12 22:47:52.010556,11113,0
UChXOhG9bRDb3vSTg-qkPAZg,Gweilo-60,2019-03-12 22:46:51.519345,11113,0
UChXOhG9bRDb3vSTg-qkPAZg,Gweilo-60,2019-03-12 22:45:51.271667,11113,0
UChXOhG9bRDb3vSTg-qkPAZg,Gweilo-60,2019-03-12 22:44:51.77053,11113,0
UChXOhG9bRDb3vSTg-qkPAZg,Gweilo-60,2019-03-12 22:43:51.226484,11113,0
UChXOhG9bRDb3vSTg-qkPAZg,Gweilo-60,2019-03-12 22:42:51.387614,11113,0
UChXOhG9bRDb3vSTg-qkPAZg,Gweilo-60,2019-03-12 22:41:51.311663,11113,0
UChXOhG9bRDb3vSTg-qkPAZg,Gweilo-60,2019-03-12 22:40:51.830437,11113,0
UChXOhG9bRDb3vSTg-qkPAZg,Gweilo-60,2019-03-12 22:39:51.525868,11113,0
UChXOhG9bRDb3vSTg-qkPAZg,Gweilo-60,2019-03-12 22:38:52.426241,11113,0
UChXOhG9bRDb3vSTg-qkPAZg,Gweilo-60,2019-03-12 22:37:51.849791,11113,0
UChXOhG9bRDb3vSTg-qkPAZg,Gweilo-60,2019-03-12 22:36:51.883843,11113,0
UChXOhG9bRDb3vSTg-qkPAZg,Gweilo-60,2019-03-12 22:35:51.640722,11113,0
UChXOhG9bRDb3vSTg-qkPAZg,Gweilo-60,2019-03-12 22:34:51.367208,11113,0
UChXOhG9bRDb3vSTg-qkPAZg,Gweilo-60,2019-03-12 22:33:51.403077,11113,0
UChXOhG9bRDb3vSTg-qkPAZg,Gweilo-60,2019-03-12 22:32:51.009596,11113,0
UChXOhG9bRDb3vSTg-qkPAZg,Gweilo-60,2019-03-12 22:31:51.067464,11113,0
UChXOhG9bRDb3vSTg-qkPAZg,Gweilo-60,2019-03-12 22:30:51.630689,11113,0
UChXOhG9bRDb3vSTg-qkPAZg,Gweilo-60,2019-03-12 22:29:52.085764,11113,0
UChXOhG9bRDb3vSTg-qkPAZg,Gweilo-60,2019-03-12 22:28:51.538573,11113,0
UChXOhG9bRDb3vSTg-qkPAZg,Gweilo-60,2019-03-12 22:27:50.963609,11113,0
UChXOhG9bRDb3vSTg-qkPAZg,Gweilo-60,2019-03-12 22:26:51.295536,11113,0
UChXOhG9bRDb3vSTg-qkPAZg,Gweilo-60,2019-03-12 22:25:50.76867,11113,0
UChXOhG9bRDb3vSTg-qkPAZg,Gweilo-60,2019-03-12 22:24:51.432487,11113,0
UChXOhG9bRDb3vSTg-qkPAZg,Gweilo-60,2019-03-12 22:23:52.267443,11113,0
UChXOhG9bRDb3vSTg-qkPAZg,Gweilo-60,2019-03-12 22:22:51.220527,11113,0
UChXOhG9bRDb3vSTg-qkPAZg,Gweilo-60,2019-03-12 22:21:51.847787,11113,0
UChXOhG9bRDb3vSTg-qkPAZg,Gweilo-60,2019-03-12 22:20:51.674862,11113,0
UChXOhG9bRDb3vSTg-qkPAZg,Gweilo-60,2019-03-12 22:19:51.583557,11113,0
UChXOhG9bRDb3vSTg-qkPAZg,Gweilo-60,2019-03-12 22:18:51.551916,11113,0
UChXOhG9bRDb3vSTg-qkPAZg,Gweilo-60,2019-03-12 22:17:52.509069,11113,0
UChXOhG9bRDb3vSTg-qkPAZg,Gweilo-60,2019-03-12 22:16:51.419181,11113,0
UChXOhG9bRDb3vSTg-qkPAZg,Gweilo-60,2019-03-12 22:15:51.971438,11113,0
UChXOhG9bRDb3vSTg-qkPAZg,Gweilo-60,2019-03-12 22:14:51.780899,11113,0
UChXOhG9bRDb3vSTg-qkPAZg,Gweilo-60,2019-03-12 22:13:51.422918,11113,0
UChXOhG9bRDb3vSTg-qkPAZg,Gweilo-60,2019-03-12 22:12:51.364019,11113,0
UChXOhG9bRDb3vSTg-qkPAZg,Gweilo-60,2019-03-12 22:11:50.897517,11113,0
UChXOhG9bRDb3vSTg-qkPAZg,Gweilo-60,2019-03-12 22:10:51.096803,11113,0
UChXOhG9bRDb3vSTg-qkPAZg,Gweilo-60,2019-03-12 22:09:51.546336,11113,0
UChXOhG9bRDb3vSTg-qkPAZg,Gweilo-60,2019-03-12 22:08:50.893525,11113,0
UChXOhG9bRDb3vSTg-qkPAZg,Gweilo-60,2019-03-12 22:07:51.15722,11113,0
UChXOhG9bRDb3vSTg-qkPAZg,Gweilo-60,2019-03-12 22:06:51.169157,11113,0
UChXOhG9bRDb3vSTg-qkPAZg,Gweilo-60,2019-03-12 22:05:51.858769,11113,0
UChXOhG9bRDb3vSTg-qkPAZg,Gweilo-60,2019-03-12 22:04:51.759294,11113,0
UChXOhG9bRDb3vSTg-qkPAZg,Gweilo-60,2019-03-12 22:03:51.503078,11113,0
UChXOhG9bRDb3vSTg-qkPAZg,Gweilo-60,2019-03-12 22:02:54.863708,11113,0
UChXOhG9bRDb3vSTg-qkPAZg,Gweilo-60,2019-03-12 22:01:51.346679,11113,0
UChXOhG9bRDb3vSTg-qkPAZg,Gweilo-60,2019-03-12 22:00:51.017769,11113,0
UChXOhG9bRDb3vSTg-qkPAZg,Gweilo-60,2019-03-12 21:59:51.989093,11113,0
UChXOhG9bRDb3vSTg-qkPAZg,Gweilo-60,2019-03-12 21:58:51.520412,11113,0
UChXOhG9bRDb3vSTg-qkPAZg,Gweilo-60,2019-03-12 21:57:51.651254,11113,0
UChXOhG9bRDb3vSTg-qkPAZg,Gweilo-60,2019-03-12 21:56:51.387416,11113,0
UChXOhG9bRDb3vSTg-qkPAZg,Gweilo-60,2019-03-12 21:55:51.065965,11113,0
UChXOhG9bRDb3vSTg-qkPAZg,Gweilo-60,2019-03-12 21:54:51.240242,11113,0
UChXOhG9bRDb3vSTg-qkPAZg,Gweilo-60,2019-03-12 21:53:51.12355,11113,0
UChXOhG9bRDb3vSTg-qkPAZg,Gweilo-60,2019-03-12 21:52:52.543041,11113,0
UChXOhG9bRDb3vSTg-qkPAZg,Gweilo-60,2019-03-12 21:51:52.176193,11113,0
UChXOhG9bRDb3vSTg-qkPAZg,Gweilo-60,2019-03-12 21:50:50.940163,11113,0
UChXOhG9bRDb3vSTg-qkPAZg,Gweilo-60,2019-03-12 21:49:51.591622,11113,0
UChXOhG9bRDb3vSTg-qkPAZg,Gweilo-60,2019-03-12 21:48:51.852147,11113,0
UChXOhG9bRDb3vSTg-qkPAZg,Gweilo-60,2019-03-12 21:47:51.478382,11113,0
UChXOhG9bRDb3vSTg-qkPAZg,Gweilo-60,2019-03-12 21:46:51.954327,11113,0
UChXOhG9bRDb3vSTg-qkPAZg,Gweilo-60,2019-03-12 21:45:50.978019,11113,0
UChXOhG9bRDb3vSTg-qkPAZg,Gweilo-60,2019-03-12 21:44:50.955352,11113,0
UChXOhG9bRDb3vSTg-qkPAZg,Gweilo-60,2019-03-12 21:43:51.414487,11113,0
UChXOhG9bRDb3vSTg-qkPAZg,Gweilo-60,2019-03-12 21:42:51.652361,11113,0
UChXOhG9bRDb3vSTg-qkPAZg,Gweilo-60,2019-03-12 21:41:51.281506,11113,0
UChXOhG9bRDb3vSTg-qkPAZg,Gweilo-60,2019-03-12 21:40:51.047537,11113,0
UChXOhG9bRDb3vSTg-qkPAZg,Gweilo-60,2019-03-12 21:39:51.07471,11113,0
UChXOhG9bRDb3vSTg-qkPAZg,Gweilo-60,2019-03-12 21:38:51.074951,11113,0
UChXOhG9bRDb3vSTg-qkPAZg,Gweilo-60,2019-03-12 21:37:51.349882,11113,0
UChXOhG9bRDb3vSTg-qkPAZg,Gweilo-60,2019-03-12 21:36:51.177747,11113,0
UChXOhG9bRDb3vSTg-qkPAZg,Gweilo-60,2019-03-12 21:35:51.219601,11113,0
UChXOhG9bRDb3vSTg-qkPAZg,Gweilo-60,2019-03-12 21:34:50.971743,11113,0
UChXOhG9bRDb3vSTg-qkPAZg,Gweilo-60,2019-03-12 21:33:51.2005,11113,0
UChXOhG9bRDb3vSTg-qkPAZg,Gweilo-60,2019-03-12 21:32:51.217822,11113,0
UChXOhG9bRDb3vSTg-qkPAZg,Gweilo-60,2019-03-12 21:31:51.479563,11113,0
UChXOhG9bRDb3vSTg-qkPAZg,Gweilo-60,2019-03-12 21:30:51.864602,11113,0
UChXOhG9bRDb3vSTg-qkPAZg,Gweilo-60,2019-03-12 21:29:52.034261,11113,0
UChXOhG9bRDb3vSTg-qkPAZg,Gweilo-60,2019-03-12 21:28:51.472968,11113,0
UChXOhG9bRDb3vSTg-qkPAZg,Gweilo-60,2019-03-12 21:27:51.448995,11113,0
UChXOhG9bRDb3vSTg-qkPAZg,Gweilo-60,2019-03-12 21:26:51.082204,11113,0
UChXOhG9bRDb3vSTg-qkPAZg,Gweilo-60,2019-03-12 21:25:50.997237,11113,0
UChXOhG9bRDb3vSTg-qkPAZg,Gweilo-60,2019-03-12 21:24:51.168852,11113,0
UChXOhG9bRDb3vSTg-qkPAZg,Gweilo-60,2019-03-12 21:23:51.007893,11113,0
UChXOhG9bRDb3vSTg-qkPAZg,Gweilo-60,2019-03-12 21:22:50.95013,11113,0
UChXOhG9bRDb3vSTg-qkPAZg,Gweilo-60,2019-03-12 21:21:51.156729,11113,0
UChXOhG9bRDb3vSTg-qkPAZg,Gweilo-60,2019-03-12 21:20:51.965819,11113,0
UChXOhG9bRDb3vSTg-qkPAZg,Gweilo-60,2019-03-12 21:19:51.192878,11113,0
UChXOhG9bRDb3vSTg-qkPAZg,Gweilo-60,2019-03-12 21:18:50.974049,11113,0
UChXOhG9bRDb3vSTg-qkPAZg,Gweilo-60,2019-03-12 21:17:51.329585,11113,0
UChXOhG9bRDb3vSTg-qkPAZg,Gweilo-60,2019-03-12 21:16:50.826715,11113,0
UChXOhG9bRDb3vSTg-qkPAZg,Gweilo-60,2019-03-12 21:15:52.079845,11113,0
UChXOhG9bRDb3vSTg-qkPAZg,Gweilo-60,2019-03-12 21:14:51.568209,11113,0
UChXOhG9bRDb3vSTg-qkPAZg,Gweilo-60,2019-03-12 21:13:50.684462,11113,0
UChXOhG9bRDb3vSTg-qkPAZg,Gweilo-60,2019-03-12 21:12:51.090331,11113,0
UChXOhG9bRDb3vSTg-qkPAZg,Gweilo-60,2019-03-12 21:11:53.051109,11113,0
UChXOhG9bRDb3vSTg-qkPAZg,Gweilo-60,2019-03-12 21:10:51.033662,11113,0
UChXOhG9bRDb3vSTg-qkPAZg,Gweilo-60,2019-03-12 21:09:51.118172,11113,0
UChXOhG9bRDb3vSTg-qkPAZg,Gweilo-60,2019-03-12 21:08:51.540659,11113,0
UChXOhG9bRDb3vSTg-qkPAZg,Gweilo-60,2019-03-12 21:07:51.612709,11113,0
UChXOhG9bRDb3vSTg-qkPAZg,Gweilo-60,2019-03-12 21:06:51.064669,11113,0
UChXOhG9bRDb3vSTg-qkPAZg,Gweilo-60,2019-03-12 21:05:51.522504,11113,0
UChXOhG9bRDb3vSTg-qkPAZg,Gweilo-60,2019-03-12 21:04:51.113303,11113,0
UChXOhG9bRDb3vSTg-qkPAZg,Gweilo-60,2019-03-12 21:03:50.988542,11113,0
UChXOhG9bRDb3vSTg-qkPAZg,Gweilo-60,2019-03-12 21:02:50.78487,11113,0
UChXOhG9bRDb3vSTg-qkPAZg,Gweilo-60,2019-03-12 21:01:51.346565,11113,0
UChXOhG9bRDb3vSTg-qkPAZg,Gweilo-60,2019-03-12 21:00:50.774469,11113,0
UChXOhG9bRDb3vSTg-qkPAZg,Gweilo-60,2019-03-12 20:59:51.583997,11113,0
UChXOhG9bRDb3vSTg-qkPAZg,Gweilo-60,2019-03-12 20:58:51.119954,11113,0
UChXOhG9bRDb3vSTg-qkPAZg,Gweilo-60,2019-03-12 20:57:51.012492,11113,0
UChXOhG9bRDb3vSTg-qkPAZg,Gweilo-60,2019-03-12 20:56:51.224929,11113,0
UChXOhG9bRDb3vSTg-qkPAZg,Gweilo-60,2019-03-12 20:55:51.389609,11113,0
UChXOhG9bRDb3vSTg-qkPAZg,Gweilo-60,2019-03-12 20:54:52.289086,11113,0
UChXOhG9bRDb3vSTg-qkPAZg,Gweilo-60,2019-03-12 20:53:51.24624,11113,0
UChXOhG9bRDb3vSTg-qkPAZg,Gweilo-60,2019-03-12 20:52:51.018684,11113,0
UChXOhG9bRDb3vSTg-qkPAZg,Gweilo-60,2019-03-12 20:51:51.195759,11113,0
UChXOhG9bRDb3vSTg-qkPAZg,Gweilo-60,2019-03-12 20:50:51.107076,11113,0
UChXOhG9bRDb3vSTg-qkPAZg,Gweilo-60,2019-03-12 20:49:51.159399,11113,0
UChXOhG9bRDb3vSTg-qkPAZg,Gweilo-60,2019-03-12 20:48:50.697703,11113,0
UChXOhG9bRDb3vSTg-qkPAZg,Gweilo-60,2019-03-12 20:47:51.168467,11113,0
UChXOhG9bRDb3vSTg-qkPAZg,Gweilo-60,2019-03-12 20:46:51.966741,11113,0
UChXOhG9bRDb3vSTg-qkPAZg,Gweilo-60,2019-03-12 20:45:51.573151,11113,0
UChXOhG9bRDb3vSTg-qkPAZg,Gweilo-60,2019-03-12 20:44:50.847059,11113,0
UChXOhG9bRDb3vSTg-qkPAZg,Gweilo-60,2019-03-12 20:43:51.432968,11113,0
UChXOhG9bRDb3vSTg-qkPAZg,Gweilo-60,2019-03-12 20:42:51.052722,11113,0
UChXOhG9bRDb3vSTg-qkPAZg,Gweilo-60,2019-03-12 20:41:50.917251,11113,0
UChXOhG9bRDb3vSTg-qkPAZg,Gweilo-60,2019-03-12 20:40:51.496398,11113,0
UChXOhG9bRDb3vSTg-qkPAZg,Gweilo-60,2019-03-12 20:39:50.872423,11113,0
UChXOhG9bRDb3vSTg-qkPAZg,Gweilo-60,2019-03-12 20:38:51.529412,11113,0
UChXOhG9bRDb3vSTg-qkPAZg,Gweilo-60,2019-03-12 20:37:51.0283,11113,0
UChXOhG9bRDb3vSTg-qkPAZg,Gweilo-60,2019-03-12 20:36:51.338296,11113,0
UChXOhG9bRDb3vSTg-qkPAZg,Gweilo-60,2019-03-12 20:35:51.459578,11113,0
UChXOhG9bRDb3vSTg-qkPAZg,Gweilo-60,2019-03-12 20:34:51.273166,11113,0
UChXOhG9bRDb3vSTg-qkPAZg,Gweilo-60,2019-03-12 20:33:51.503098,11113,0
UChXOhG9bRDb3vSTg-qkPAZg,Gweilo-60,2019-03-12 20:32:52.055138,11113,0
UChXOhG9bRDb3vSTg-qkPAZg,Gweilo-60,2019-03-12 20:31:51.430885,11113,0
UChXOhG9bRDb3vSTg-qkPAZg,Gweilo-60,2019-03-12 20:30:51.50146,11113,0
UChXOhG9bRDb3vSTg-qkPAZg,Gweilo-60,2019-03-12 20:29:51.53994,11113,0
UChXOhG9bRDb3vSTg-qkPAZg,Gweilo-60,2019-03-12 20:28:51.006756,11113,0
UChXOhG9bRDb3vSTg-qkPAZg,Gweilo-60,2019-03-12 20:27:51.774657,11113,0
UChXOhG9bRDb3vSTg-qkPAZg,Gweilo-60,2019-03-12 20:26:51.600226,11113,0
UChXOhG9bRDb3vSTg-qkPAZg,Gweilo-60,2019-03-12 20:25:51.154692,11113,0
UChXOhG9bRDb3vSTg-qkPAZg,Gweilo-60,2019-03-12 20:24:51.471157,11113,0
UChXOhG9bRDb3vSTg-qkPAZg,Gweilo-60,2019-03-12 20:23:51.05966,11113,0
UChXOhG9bRDb3vSTg-qkPAZg,Gweilo-60,2019-03-12 20:22:51.90225,11113,0
UChXOhG9bRDb3vSTg-qkPAZg,Gweilo-60,2019-03-12 20:21:51.293812,11113,0
UChXOhG9bRDb3vSTg-qkPAZg,Gweilo-60,2019-03-12 20:20:51.131549,11113,0
UChXOhG9bRDb3vSTg-qkPAZg,Gweilo-60,2019-03-12 20:19:50.873501,11113,0
UChXOhG9bRDb3vSTg-qkPAZg,Gweilo-60,2019-03-12 20:18:51.289011,11113,0
UChXOhG9bRDb3vSTg-qkPAZg,Gweilo-60,2019-03-12 20:17:50.931955,11113,0
UChXOhG9bRDb3vSTg-qkPAZg,Gweilo-60,2019-03-12 20:16:51.25501,11113,0
UChXOhG9bRDb3vSTg-qkPAZg,Gweilo-60,2019-03-12 20:15:50.867877,11113,0
UChXOhG9bRDb3vSTg-qkPAZg,Gweilo-60,2019-03-12 20:14:51.697358,11113,0
UChXOhG9bRDb3vSTg-qkPAZg,Gweilo-60,2019-03-12 20:13:51.101124,11113,0
UChXOhG9bRDb3vSTg-qkPAZg,Gweilo-60,2019-03-12 20:12:51.183853,11113,0
UChXOhG9bRDb3vSTg-qkPAZg,Gweilo-60,2019-03-12 20:11:50.970608,11113,0
UChXOhG9bRDb3vSTg-qkPAZg,Gweilo-60,2019-03-12 20:10:50.887556,11113,0
UChXOhG9bRDb3vSTg-qkPAZg,Gweilo-60,2019-03-12 20:09:51.089585,11113,0
UChXOhG9bRDb3vSTg-qkPAZg,Gweilo-60,2019-03-12 20:08:51.592618,11113,0
UChXOhG9bRDb3vSTg-qkPAZg,Gweilo-60,2019-03-12 20:07:51.654,11113,0
UChXOhG9bRDb3vSTg-qkPAZg,Gweilo-60,2019-03-12 20:06:51.357998,11113,0
UChXOhG9bRDb3vSTg-qkPAZg,Gweilo-60,2019-03-12 20:05:51.104354,11113,0
UChXOhG9bRDb3vSTg-qkPAZg,Gweilo-60,2019-03-12 20:04:51.178207,11113,0
UChXOhG9bRDb3vSTg-qkPAZg,Gweilo-60,2019-03-12 20:03:51.1136,11113,0
UChXOhG9bRDb3vSTg-qkPAZg,Gweilo-60,2019-03-12 20:02:51.104319,11113,0
UChXOhG9bRDb3vSTg-qkPAZg,Gweilo-60,2019-03-12 20:01:50.762999,11113,0
UChXOhG9bRDb3vSTg-qkPAZg,Gweilo-60,2019-03-12 20:00:51.822476,11113,0
UChXOhG9bRDb3vSTg-qkPAZg,Gweilo-60,2019-03-12 19:59:51.262101,11113,0
UChXOhG9bRDb3vSTg-qkPAZg,Gweilo-60,2019-03-12 19:58:50.852432,11113,0
UChXOhG9bRDb3vSTg-qkPAZg,Gweilo-60,2019-03-12 19:57:51.034697,11113,0
UChXOhG9bRDb3vSTg-qkPAZg,Gweilo-60,2019-03-12 19:56:52.100565,11113,0
UChXOhG9bRDb3vSTg-qkPAZg,Gweilo-60,2019-03-12 19:55:51.857032,11113,0
UChXOhG9bRDb3vSTg-qkPAZg,Gweilo-60,2019-03-12 19:54:51.11987,11113,0
UChXOhG9bRDb3vSTg-qkPAZg,Gweilo-60,2019-03-12 19:53:50.978881,11113,0
UChXOhG9bRDb3vSTg-qkPAZg,Gweilo-60,2019-03-12 19:52:51.252943,11113,0
UChXOhG9bRDb3vSTg-qkPAZg,Gweilo-60,2019-03-12 19:51:50.512965,11113,0
UChXOhG9bRDb3vSTg-qkPAZg,Gweilo-60,2019-03-12 19:50:51.110877,11113,0
UChXOhG9bRDb3vSTg-qkPAZg,Gweilo-60,2019-03-12 19:49:51.310626,11113,0
UChXOhG9bRDb3vSTg-qkPAZg,Gweilo-60,2019-03-12 19:48:51.427327,11113,0
UChXOhG9bRDb3vSTg-qkPAZg,Gweilo-60,2019-03-12 19:47:52.098804,11113,0
UChXOhG9bRDb3vSTg-qkPAZg,Gweilo-60,2019-03-12 19:46:52.148933,11113,0
UChXOhG9bRDb3vSTg-qkPAZg,Gweilo-60,2019-03-12 19:45:51.930363,11113,0
UChXOhG9bRDb3vSTg-qkPAZg,Gweilo-60,2019-03-12 19:44:51.95333,11113,0
UChXOhG9bRDb3vSTg-qkPAZg,Gweilo-60,2019-03-12 19:43:50.628114,11113,0
UChXOhG9bRDb3vSTg-qkPAZg,Gweilo-60,2019-03-12 19:42:51.274776,11113,0
UChXOhG9bRDb3vSTg-qkPAZg,Gweilo-60,2019-03-12 19:41:51.19539,11113,0
UChXOhG9bRDb3vSTg-qkPAZg,Gweilo-60,2019-03-12 19:40:51.530603,11113,0
UChXOhG9bRDb3vSTg-qkPAZg,Gweilo-60,2019-03-12 19:39:51.340199,11113,0
UChXOhG9bRDb3vSTg-qkPAZg,Gweilo-60,2019-03-12 19:38:51.346128,11113,0
UChXOhG9bRDb3vSTg-qkPAZg,Gweilo-60,2019-03-12 19:37:51.321237,11113,0
UChXOhG9bRDb3vSTg-qkPAZg,Gweilo-60,2019-03-12 19:36:51.216616,11113,0
UChXOhG9bRDb3vSTg-qkPAZg,Gweilo-60,2019-03-12 19:35:51.640297,11113,0
UChXOhG9bRDb3vSTg-qkPAZg,Gweilo-60,2019-03-12 19:34:50.390239,11113,0
UChXOhG9bRDb3vSTg-qkPAZg,Gweilo-60,2019-03-12 19:33:51.278016,11113,0
UChXOhG9bRDb3vSTg-qkPAZg,Gweilo-60,2019-03-12 19:32:51.985925,11113,0
UChXOhG9bRDb3vSTg-qkPAZg,Gweilo-60,2019-03-12 19:31:50.980241,11113,0
UChXOhG9bRDb3vSTg-qkPAZg,Gweilo-60,2019-03-12 19:30:51.384649,11113,0
UChXOhG9bRDb3vSTg-qkPAZg,Gweilo-60,2019-03-12 19:29:51.780839,11113,0
UChXOhG9bRDb3vSTg-qkPAZg,Gweilo-60,2019-03-12 19:28:51.334637,11113,0
UChXOhG9bRDb3vSTg-qkPAZg,Gweilo-60,2019-03-12 19:27:51.76905,11113,0
UChXOhG9bRDb3vSTg-qkPAZg,Gweilo-60,2019-03-12 19:26:50.958413,11113,0
UChXOhG9bRDb3vSTg-qkPAZg,Gweilo-60,2019-03-12 19:25:52.5192,11113,0
UChXOhG9bRDb3vSTg-qkPAZg,Gweilo-60,2019-03-12 19:24:51.136821,11113,0
UChXOhG9bRDb3vSTg-qkPAZg,Gweilo-60,2019-03-12 19:23:51.189961,11113,0
UChXOhG9bRDb3vSTg-qkPAZg,Gweilo-60,2019-03-12 19:22:50.899494,11113,0
UChXOhG9bRDb3vSTg-qkPAZg,Gweilo-60,2019-03-12 19:21:51.755176,11113,0
UChXOhG9bRDb3vSTg-qkPAZg,Gweilo-60,2019-03-12 19:20:52.494803,11113,0
UChXOhG9bRDb3vSTg-qkPAZg,Gweilo-60,2019-03-12 19:19:50.971796,11113,0
UChXOhG9bRDb3vSTg-qkPAZg,Gweilo-60,2019-03-12 19:18:50.876913,11113,0
UChXOhG9bRDb3vSTg-qkPAZg,Gweilo-60,2019-03-12 19:17:50.892306,11113,0
UChXOhG9bRDb3vSTg-qkPAZg,Gweilo-60,2019-03-12 19:16:51.069781,11113,0
UChXOhG9bRDb3vSTg-qkPAZg,Gweilo-60,2019-03-12 19:15:51.057521,11113,0
UChXOhG9bRDb3vSTg-qkPAZg,Gweilo-60,2019-03-12 19:14:50.871773,11113,0
UChXOhG9bRDb3vSTg-qkPAZg,Gweilo-60,2019-03-12 19:13:50.94261,11113,0
UChXOhG9bRDb3vSTg-qkPAZg,Gweilo-60,2019-03-12 19:12:51.699104,11113,0
UChXOhG9bRDb3vSTg-qkPAZg,Gweilo-60,2019-03-12 19:11:50.994094,11113,0
UChXOhG9bRDb3vSTg-qkPAZg,Gweilo-60,2019-03-12 19:10:50.949358,11113,0
UChXOhG9bRDb3vSTg-qkPAZg,Gweilo-60,2019-03-12 19:09:50.790546,11113,0
UChXOhG9bRDb3vSTg-qkPAZg,Gweilo-60,2019-03-12 19:08:50.825117,11113,0
UChXOhG9bRDb3vSTg-qkPAZg,Gweilo-60,2019-03-12 19:07:51.731925,11113,0
UChXOhG9bRDb3vSTg-qkPAZg,Gweilo-60,2019-03-12 19:06:51.518096,11113,0
UChXOhG9bRDb3vSTg-qkPAZg,Gweilo-60,2019-03-12 19:05:51.127186,11113,0
UChXOhG9bRDb3vSTg-qkPAZg,Gweilo-60,2019-03-12 19:04:51.385674,11113,0
UChXOhG9bRDb3vSTg-qkPAZg,Gweilo-60,2019-03-12 19:03:51.286276,11113,0
UChXOhG9bRDb3vSTg-qkPAZg,Gweilo-60,2019-03-12 19:02:51.032745,11113,0
UChXOhG9bRDb3vSTg-qkPAZg,Gweilo-60,2019-03-12 19:01:51.275497,11113,0
UChXOhG9bRDb3vSTg-qkPAZg,Gweilo-60,2019-03-12 19:00:51.304888,11113,0
UChXOhG9bRDb3vSTg-qkPAZg,Gweilo-60,2019-03-12 18:59:51.990832,11113,0
UChXOhG9bRDb3vSTg-qkPAZg,Gweilo-60,2019-03-12 18:58:51.212185,11113,0
UChXOhG9bRDb3vSTg-qkPAZg,Gweilo-60,2019-03-12 18:57:51.109093,11113,-1
UChXOhG9bRDb3vSTg-qkPAZg,Gweilo-60,2019-03-12 18:56:51.213012,11114,0
UChXOhG9bRDb3vSTg-qkPAZg,Gweilo-60,2019-03-12 18:55:51.219021,11114,0
UChXOhG9bRDb3vSTg-qkPAZg,Gweilo-60,2019-03-12 18:54:51.000881,11114,0
UChXOhG9bRDb3vSTg-qkPAZg,Gweilo-60,2019-03-12 18:53:51.131583,11114,0
UChXOhG9bRDb3vSTg-qkPAZg,Gweilo-60,2019-03-12 18:52:50.853382,11114,0
UChXOhG9bRDb3vSTg-qkPAZg,Gweilo-60,2019-03-12 18:51:51.097922,11114,0
UChXOhG9bRDb3vSTg-qkPAZg,Gweilo-60,2019-03-12 18:50:51.02785,11114,0
UChXOhG9bRDb3vSTg-qkPAZg,Gweilo-60,2019-03-12 18:49:50.502912,11114,0
UChXOhG9bRDb3vSTg-qkPAZg,Gweilo-60,2019-03-12 18:48:51.304976,11114,0
UChXOhG9bRDb3vSTg-qkPAZg,Gweilo-60,2019-03-12 18:47:51.763735,11114,0
UChXOhG9bRDb3vSTg-qkPAZg,Gweilo-60,2019-03-12 18:46:51.480858,11114,0
UChXOhG9bRDb3vSTg-qkPAZg,Gweilo-60,2019-03-12 18:45:51.09148,11114,0
UChXOhG9bRDb3vSTg-qkPAZg,Gweilo-60,2019-03-12 18:44:51.629974,11114,0
UChXOhG9bRDb3vSTg-qkPAZg,Gweilo-60,2019-03-12 18:43:51.157054,11114,0
UChXOhG9bRDb3vSTg-qkPAZg,Gweilo-60,2019-03-12 18:42:50.83108,11114,0
UChXOhG9bRDb3vSTg-qkPAZg,Gweilo-60,2019-03-12 18:41:50.98469,11114,0
UChXOhG9bRDb3vSTg-qkPAZg,Gweilo-60,2019-03-12 18:40:51.355824,11114,0
UChXOhG9bRDb3vSTg-qkPAZg,Gweilo-60,2019-03-12 18:39:51.433178,11114,0
UChXOhG9bRDb3vSTg-qkPAZg,Gweilo-60,2019-03-12 18:38:51.512369,11114,0
UChXOhG9bRDb3vSTg-qkPAZg,Gweilo-60,2019-03-12 18:37:51.121278,11114,0
UChXOhG9bRDb3vSTg-qkPAZg,Gweilo-60,2019-03-12 18:36:51.150605,11114,0
UChXOhG9bRDb3vSTg-qkPAZg,Gweilo-60,2019-03-12 18:35:50.694995,11114,0
UChXOhG9bRDb3vSTg-qkPAZg,Gweilo-60,2019-03-12 18:34:50.679471,11114,0
UChXOhG9bRDb3vSTg-qkPAZg,Gweilo-60,2019-03-12 18:33:51.465899,11114,0
UChXOhG9bRDb3vSTg-qkPAZg,Gweilo-60,2019-03-12 18:32:51.32443,11114,0
UChXOhG9bRDb3vSTg-qkPAZg,Gweilo-60,2019-03-12 18:31:51.668904,11114,0
UChXOhG9bRDb3vSTg-qkPAZg,Gweilo-60,2019-03-12 18:30:50.878339,11114,0
UChXOhG9bRDb3vSTg-qkPAZg,Gweilo-60,2019-03-12 18:29:51.132091,11114,0
UChXOhG9bRDb3vSTg-qkPAZg,Gweilo-60,2019-03-12 18:28:51.384351,11114,0
UChXOhG9bRDb3vSTg-qkPAZg,Gweilo-60,2019-03-12 18:27:51.523235,11114,0
UChXOhG9bRDb3vSTg-qkPAZg,Gweilo-60,2019-03-12 18:26:51.104776,11114,0
UChXOhG9bRDb3vSTg-qkPAZg,Gweilo-60,2019-03-12 18:25:51.113083,11114,0
UChXOhG9bRDb3vSTg-qkPAZg,Gweilo-60,2019-03-12 18:24:51.112402,11114,0
UChXOhG9bRDb3vSTg-qkPAZg,Gweilo-60,2019-03-12 18:23:50.975435,11114,0
UChXOhG9bRDb3vSTg-qkPAZg,Gweilo-60,2019-03-12 18:22:51.812527,11114,0
UChXOhG9bRDb3vSTg-qkPAZg,Gweilo-60,2019-03-12 18:21:50.850643,11114,0
UChXOhG9bRDb3vSTg-qkPAZg,Gweilo-60,2019-03-12 18:20:51.172029,11114,0
UChXOhG9bRDb3vSTg-qkPAZg,Gweilo-60,2019-03-12 18:19:50.906469,11114,0
UChXOhG9bRDb3vSTg-qkPAZg,Gweilo-60,2019-03-12 18:18:51.46674,11114,0
UChXOhG9bRDb3vSTg-qkPAZg,Gweilo-60,2019-03-12 18:17:51.127254,11114,0
UChXOhG9bRDb3vSTg-qkPAZg,Gweilo-60,2019-03-12 18:16:50.705653,11114,0
UChXOhG9bRDb3vSTg-qkPAZg,Gweilo-60,2019-03-12 18:15:51.146546,11114,0
UChXOhG9bRDb3vSTg-qkPAZg,Gweilo-60,2019-03-12 18:14:50.635385,11114,0
UChXOhG9bRDb3vSTg-qkPAZg,Gweilo-60,2019-03-12 18:13:51.175935,11114,0
UChXOhG9bRDb3vSTg-qkPAZg,Gweilo-60,2019-03-12 18:12:52.118741,11114,0
UChXOhG9bRDb3vSTg-qkPAZg,Gweilo-60,2019-03-12 18:11:50.952623,11114,0
UChXOhG9bRDb3vSTg-qkPAZg,Gweilo-60,2019-03-12 18:10:50.894656,11114,0
UChXOhG9bRDb3vSTg-qkPAZg,Gweilo-60,2019-03-12 18:09:50.919497,11114,0
UChXOhG9bRDb3vSTg-qkPAZg,Gweilo-60,2019-03-12 18:08:50.555962,11114,0
UChXOhG9bRDb3vSTg-qkPAZg,Gweilo-60,2019-03-12 18:07:51.765171,11114,0
UChXOhG9bRDb3vSTg-qkPAZg,Gweilo-60,2019-03-12 18:06:51.371493,11114,0
UChXOhG9bRDb3vSTg-qkPAZg,Gweilo-60,2019-03-12 18:05:50.83766,11114,0
UChXOhG9bRDb3vSTg-qkPAZg,Gweilo-60,2019-03-12 18:04:50.918612,11114,0
UChXOhG9bRDb3vSTg-qkPAZg,Gweilo-60,2019-03-12 18:03:51.235455,11114,0
UChXOhG9bRDb3vSTg-qkPAZg,Gweilo-60,2019-03-12 18:02:50.87074,11114,0
UChXOhG9bRDb3vSTg-qkPAZg,Gweilo-60,2019-03-12 18:01:51.92536,11114,0
UChXOhG9bRDb3vSTg-qkPAZg,Gweilo-60,2019-03-12 18:00:50.984579,11114,0
UChXOhG9bRDb3vSTg-qkPAZg,Gweilo-60,2019-03-12 17:59:51.551351,11114,0
UChXOhG9bRDb3vSTg-qkPAZg,Gweilo-60,2019-03-12 17:58:50.940255,11114,0
UChXOhG9bRDb3vSTg-qkPAZg,Gweilo-60,2019-03-12 17:57:51.082844,11114,0
UChXOhG9bRDb3vSTg-qkPAZg,Gweilo-60,2019-03-12 17:56:51.176821,11114,0
UChXOhG9bRDb3vSTg-qkPAZg,Gweilo-60,2019-03-12 17:55:51.118567,11114,0
UChXOhG9bRDb3vSTg-qkPAZg,Gweilo-60,2019-03-12 17:54:51.327149,11114,0
UChXOhG9bRDb3vSTg-qkPAZg,Gweilo-60,2019-03-12 17:53:51.518161,11114,0
UChXOhG9bRDb3vSTg-qkPAZg,Gweilo-60,2019-03-12 17:52:50.701975,11114,0
UChXOhG9bRDb3vSTg-qkPAZg,Gweilo-60,2019-03-12 17:51:51.339919,11114,0
UChXOhG9bRDb3vSTg-qkPAZg,Gweilo-60,2019-03-12 17:50:51.46086,11114,0
UChXOhG9bRDb3vSTg-qkPAZg,Gweilo-60,2019-03-12 17:49:51.436936,11114,0
UChXOhG9bRDb3vSTg-qkPAZg,Gweilo-60,2019-03-12 17:48:50.874875,11114,0
UChXOhG9bRDb3vSTg-qkPAZg,Gweilo-60,2019-03-12 17:47:51.773581,11114,0
UChXOhG9bRDb3vSTg-qkPAZg,Gweilo-60,2019-03-12 17:46:51.162866,11114,0
UChXOhG9bRDb3vSTg-qkPAZg,Gweilo-60,2019-03-12 17:45:51.24596,11114,0
UChXOhG9bRDb3vSTg-qkPAZg,Gweilo-60,2019-03-12 17:44:50.95269,11114,0
UChXOhG9bRDb3vSTg-qkPAZg,Gweilo-60,2019-03-12 17:43:51.337902,11114,0
UChXOhG9bRDb3vSTg-qkPAZg,Gweilo-60,2019-03-12 17:42:51.656034,11114,0
UChXOhG9bRDb3vSTg-qkPAZg,Gweilo-60,2019-03-12 17:41:51.597853,11114,0
UChXOhG9bRDb3vSTg-qkPAZg,Gweilo-60,2019-03-12 17:40:51.201703,11114,0
UChXOhG9bRDb3vSTg-qkPAZg,Gweilo-60,2019-03-12 17:39:51.177386,11114,0
UChXOhG9bRDb3vSTg-qkPAZg,Gweilo-60,2019-03-12 17:38:51.876108,11114,0
UChXOhG9bRDb3vSTg-qkPAZg,Gweilo-60,2019-03-12 17:37:51.219349,11114,0
UChXOhG9bRDb3vSTg-qkPAZg,Gweilo-60,2019-03-12 17:36:52.412137,11114,0
UChXOhG9bRDb3vSTg-qkPAZg,Gweilo-60,2019-03-12 17:35:51.471645,11114,0
UChXOhG9bRDb3vSTg-qkPAZg,Gweilo-60,2019-03-12 17:34:51.088969,11114,0
UChXOhG9bRDb3vSTg-qkPAZg,Gweilo-60,2019-03-12 17:33:51.346204,11114,0
UChXOhG9bRDb3vSTg-qkPAZg,Gweilo-60,2019-03-12 17:32:51.394829,11114,0
UChXOhG9bRDb3vSTg-qkPAZg,Gweilo-60,2019-03-12 17:31:51.191343,11114,0
UChXOhG9bRDb3vSTg-qkPAZg,Gweilo-60,2019-03-12 17:30:51.187756,11114,0
UChXOhG9bRDb3vSTg-qkPAZg,Gweilo-60,2019-03-12 17:29:51.167435,11114,0
UChXOhG9bRDb3vSTg-qkPAZg,Gweilo-60,2019-03-12 17:28:50.949426,11114,0
UChXOhG9bRDb3vSTg-qkPAZg,Gweilo-60,2019-03-12 17:27:51.11667,11114,0
UChXOhG9bRDb3vSTg-qkPAZg,Gweilo-60,2019-03-12 17:26:51.22217,11114,0
UChXOhG9bRDb3vSTg-qkPAZg,Gweilo-60,2019-03-12 17:25:51.26095,11114,0
UChXOhG9bRDb3vSTg-qkPAZg,Gweilo-60,2019-03-12 17:24:50.988613,11114,0
UChXOhG9bRDb3vSTg-qkPAZg,Gweilo-60,2019-03-12 17:23:51.892744,11114,0
UChXOhG9bRDb3vSTg-qkPAZg,Gweilo-60,2019-03-12 17:22:51.18257,11114,0
UChXOhG9bRDb3vSTg-qkPAZg,Gweilo-60,2019-03-12 17:21:51.335431,11114,0
UChXOhG9bRDb3vSTg-qkPAZg,Gweilo-60,2019-03-12 17:20:50.990764,11114,0
UChXOhG9bRDb3vSTg-qkPAZg,Gweilo-60,2019-03-12 17:19:52.10166,11114,0
UChXOhG9bRDb3vSTg-qkPAZg,Gweilo-60,2019-03-12 17:18:51.469667,11114,0
UChXOhG9bRDb3vSTg-qkPAZg,Gweilo-60,2019-03-12 17:17:51.567664,11114,0
UChXOhG9bRDb3vSTg-qkPAZg,Gweilo-60,2019-03-12 17:16:51.988938,11114,0
UChXOhG9bRDb3vSTg-qkPAZg,Gweilo-60,2019-03-12 17:15:51.274331,11114,0
UChXOhG9bRDb3vSTg-qkPAZg,Gweilo-60,2019-03-12 17:14:51.851291,11114,0
UChXOhG9bRDb3vSTg-qkPAZg,Gweilo-60,2019-03-12 17:13:50.948708,11114,0
UChXOhG9bRDb3vSTg-qkPAZg,Gweilo-60,2019-03-12 17:12:51.02984,11114,0
UChXOhG9bRDb3vSTg-qkPAZg,Gweilo-60,2019-03-12 17:11:51.102764,11114,0
UChXOhG9bRDb3vSTg-qkPAZg,Gweilo-60,2019-03-12 17:10:50.890563,11114,0
UChXOhG9bRDb3vSTg-qkPAZg,Gweilo-60,2019-03-12 17:09:51.082323,11114,0
UChXOhG9bRDb3vSTg-qkPAZg,Gweilo-60,2019-03-12 17:08:50.863341,11114,0
UChXOhG9bRDb3vSTg-qkPAZg,Gweilo-60,2019-03-12 17:07:51.503256,11114,0
UChXOhG9bRDb3vSTg-qkPAZg,Gweilo-60,2019-03-12 17:06:52.490022,11114,0
UChXOhG9bRDb3vSTg-qkPAZg,Gweilo-60,2019-03-12 17:05:51.378801,11114,0
UChXOhG9bRDb3vSTg-qkPAZg,Gweilo-60,2019-03-12 17:04:51.910754,11114,0
UChXOhG9bRDb3vSTg-qkPAZg,Gweilo-60,2019-03-12 17:03:50.958336,11114,0
UChXOhG9bRDb3vSTg-qkPAZg,Gweilo-60,2019-03-12 17:02:51.529612,11114,0
UChXOhG9bRDb3vSTg-qkPAZg,Gweilo-60,2019-03-12 17:01:51.506708,11114,0
UChXOhG9bRDb3vSTg-qkPAZg,Gweilo-60,2019-03-12 17:00:51.660634,11114,0
UChXOhG9bRDb3vSTg-qkPAZg,Gweilo-60,2019-03-12 16:59:51.19199,11114,0
UChXOhG9bRDb3vSTg-qkPAZg,Gweilo-60,2019-03-12 16:58:51.070443,11114,0
UChXOhG9bRDb3vSTg-qkPAZg,Gweilo-60,2019-03-12 16:57:51.359927,11114,0
UChXOhG9bRDb3vSTg-qkPAZg,Gweilo-60,2019-03-12 16:56:51.076051,11114,0
UChXOhG9bRDb3vSTg-qkPAZg,Gweilo-60,2019-03-12 16:55:51.170912,11114,0
UChXOhG9bRDb3vSTg-qkPAZg,Gweilo-60,2019-03-12 16:54:51.067286,11114,0
UChXOhG9bRDb3vSTg-qkPAZg,Gweilo-60,2019-03-12 16:53:51.364752,11114,0
UChXOhG9bRDb3vSTg-qkPAZg,Gweilo-60,2019-03-12 16:52:51.489611,11114,0
UChXOhG9bRDb3vSTg-qkPAZg,Gweilo-60,2019-03-12 16:51:51.17093,11114,0
UChXOhG9bRDb3vSTg-qkPAZg,Gweilo-60,2019-03-12 16:50:51.086093,11114,0
UChXOhG9bRDb3vSTg-qkPAZg,Gweilo-60,2019-03-12 16:49:51.375366,11114,0
UChXOhG9bRDb3vSTg-qkPAZg,Gweilo-60,2019-03-12 16:48:51.11744,11114,1
UChXOhG9bRDb3vSTg-qkPAZg,Gweilo-60,2019-03-12 16:47:51.304744,11113,0
UChXOhG9bRDb3vSTg-qkPAZg,Gweilo-60,2019-03-12 16:46:51.383916,11113,0
UChXOhG9bRDb3vSTg-qkPAZg,Gweilo-60,2019-03-12 16:45:50.873022,11113,0
UChXOhG9bRDb3vSTg-qkPAZg,Gweilo-60,2019-03-12 16:44:51.603751,11113,0
UChXOhG9bRDb3vSTg-qkPAZg,Gweilo-60,2019-03-12 16:43:51.703259,11113,0
UChXOhG9bRDb3vSTg-qkPAZg,Gweilo-60,2019-03-12 16:42:50.857637,11113,0
UChXOhG9bRDb3vSTg-qkPAZg,Gweilo-60,2019-03-12 16:41:50.953835,11113,0
UChXOhG9bRDb3vSTg-qkPAZg,Gweilo-60,2019-03-12 16:40:51.085571,11113,0
UChXOhG9bRDb3vSTg-qkPAZg,Gweilo-60,2019-03-12 16:39:51.175442,11113,0
UChXOhG9bRDb3vSTg-qkPAZg,Gweilo-60,2019-03-12 16:38:51.486466,11113,0
UChXOhG9bRDb3vSTg-qkPAZg,Gweilo-60,2019-03-12 16:37:51.233948,11113,0
UChXOhG9bRDb3vSTg-qkPAZg,Gweilo-60,2019-03-12 16:36:51.669768,11113,0
UChXOhG9bRDb3vSTg-qkPAZg,Gweilo-60,2019-03-12 16:35:51.410623,11113,0
UChXOhG9bRDb3vSTg-qkPAZg,Gweilo-60,2019-03-12 16:34:51.19148,11113,0
UChXOhG9bRDb3vSTg-qkPAZg,Gweilo-60,2019-03-12 16:33:50.957114,11113,0
UChXOhG9bRDb3vSTg-qkPAZg,Gweilo-60,2019-03-12 16:32:51.013005,11113,0
UChXOhG9bRDb3vSTg-qkPAZg,Gweilo-60,2019-03-12 16:31:51.504484,11113,0
UChXOhG9bRDb3vSTg-qkPAZg,Gweilo-60,2019-03-12 16:30:51.121431,11113,0
UChXOhG9bRDb3vSTg-qkPAZg,Gweilo-60,2019-03-12 16:29:51.216302,11113,0
UChXOhG9bRDb3vSTg-qkPAZg,Gweilo-60,2019-03-12 16:28:51.444458,11113,0
UChXOhG9bRDb3vSTg-qkPAZg,Gweilo-60,2019-03-12 16:27:50.831736,11113,0
UChXOhG9bRDb3vSTg-qkPAZg,Gweilo-60,2019-03-12 16:26:51.078669,11113,0
UChXOhG9bRDb3vSTg-qkPAZg,Gweilo-60,2019-03-12 16:25:51.342976,11113,0
UChXOhG9bRDb3vSTg-qkPAZg,Gweilo-60,2019-03-12 16:24:51.499817,11113,0
UChXOhG9bRDb3vSTg-qkPAZg,Gweilo-60,2019-03-12 16:23:51.128233,11113,0
UChXOhG9bRDb3vSTg-qkPAZg,Gweilo-60,2019-03-12 16:22:50.825885,11113,0
UChXOhG9bRDb3vSTg-qkPAZg,Gweilo-60,2019-03-12 16:21:52.046224,11113,0
UChXOhG9bRDb3vSTg-qkPAZg,Gweilo-60,2019-03-12 16:20:51.274427,11113,0
UChXOhG9bRDb3vSTg-qkPAZg,Gweilo-60,2019-03-12 16:19:51.093153,11113,0
UChXOhG9bRDb3vSTg-qkPAZg,Gweilo-60,2019-03-12 16:18:51.140586,11113,0
UChXOhG9bRDb3vSTg-qkPAZg,Gweilo-60,2019-03-12 16:17:51.951481,11113,0
UChXOhG9bRDb3vSTg-qkPAZg,Gweilo-60,2019-03-12 16:16:51.263865,11113,0
UChXOhG9bRDb3vSTg-qkPAZg,Gweilo-60,2019-03-12 16:15:50.983026,11113,0
UChXOhG9bRDb3vSTg-qkPAZg,Gweilo-60,2019-03-12 16:14:51.121413,11113,0
UChXOhG9bRDb3vSTg-qkPAZg,Gweilo-60,2019-03-12 16:13:51.755236,11113,0
UChXOhG9bRDb3vSTg-qkPAZg,Gweilo-60,2019-03-12 16:12:50.762714,11113,0
UChXOhG9bRDb3vSTg-qkPAZg,Gweilo-60,2019-03-12 16:11:51.073656,11113,0
UChXOhG9bRDb3vSTg-qkPAZg,Gweilo-60,2019-03-12 16:10:51.282124,11113,0
UChXOhG9bRDb3vSTg-qkPAZg,Gweilo-60,2019-03-12 16:09:51.025442,11113,0
UChXOhG9bRDb3vSTg-qkPAZg,Gweilo-60,2019-03-12 16:08:51.013868,11113,0
UChXOhG9bRDb3vSTg-qkPAZg,Gweilo-60,2019-03-12 16:07:51.01666,11113,0
UChXOhG9bRDb3vSTg-qkPAZg,Gweilo-60,2019-03-12 16:06:51.198705,11113,0
UChXOhG9bRDb3vSTg-qkPAZg,Gweilo-60,2019-03-12 16:05:51.392977,11113,0
UChXOhG9bRDb3vSTg-qkPAZg,Gweilo-60,2019-03-12 16:04:50.811175,11113,0
UChXOhG9bRDb3vSTg-qkPAZg,Gweilo-60,2019-03-12 16:03:51.00468,11113,0
UChXOhG9bRDb3vSTg-qkPAZg,Gweilo-60,2019-03-12 16:02:51.523821,11113,0
UChXOhG9bRDb3vSTg-qkPAZg,Gweilo-60,2019-03-12 16:01:51.394777,11113,0
UChXOhG9bRDb3vSTg-qkPAZg,Gweilo-60,2019-03-12 16:00:52.004825,11113,0
UChXOhG9bRDb3vSTg-qkPAZg,Gweilo-60,2019-03-12 15:59:51.146461,11113,0
UChXOhG9bRDb3vSTg-qkPAZg,Gweilo-60,2019-03-12 15:58:51.27546,11113,0
UChXOhG9bRDb3vSTg-qkPAZg,Gweilo-60,2019-03-12 15:57:51.253408,11113,0
UChXOhG9bRDb3vSTg-qkPAZg,Gweilo-60,2019-03-12 15:56:51.461525,11113,0
UChXOhG9bRDb3vSTg-qkPAZg,Gweilo-60,2019-03-12 15:55:51.439487,11113,0
UChXOhG9bRDb3vSTg-qkPAZg,Gweilo-60,2019-03-12 15:54:51.321241,11113,0
UChXOhG9bRDb3vSTg-qkPAZg,Gweilo-60,2019-03-12 15:53:51.496983,11113,0
UChXOhG9bRDb3vSTg-qkPAZg,Gweilo-60,2019-03-12 15:52:51.125179,11113,0
UChXOhG9bRDb3vSTg-qkPAZg,Gweilo-60,2019-03-12 15:51:51.533684,11113,0
UChXOhG9bRDb3vSTg-qkPAZg,Gweilo-60,2019-03-12 15:50:51.097135,11113,0
UChXOhG9bRDb3vSTg-qkPAZg,Gweilo-60,2019-03-12 15:49:51.061207,11113,0
UChXOhG9bRDb3vSTg-qkPAZg,Gweilo-60,2019-03-12 15:48:51.665219,11113,0
UChXOhG9bRDb3vSTg-qkPAZg,Gweilo-60,2019-03-12 15:47:50.939174,11113,0
UChXOhG9bRDb3vSTg-qkPAZg,Gweilo-60,2019-03-12 15:46:50.957458,11113,0
UChXOhG9bRDb3vSTg-qkPAZg,Gweilo-60,2019-03-12 15:45:50.672146,11113,0
UChXOhG9bRDb3vSTg-qkPAZg,Gweilo-60,2019-03-12 15:44:51.54951,11113,0
UChXOhG9bRDb3vSTg-qkPAZg,Gweilo-60,2019-03-12 15:43:50.876584,11113,0
UChXOhG9bRDb3vSTg-qkPAZg,Gweilo-60,2019-03-12 15:42:50.576741,11113,0
UChXOhG9bRDb3vSTg-qkPAZg,Gweilo-60,2019-03-12 15:41:50.791028,11113,0
UChXOhG9bRDb3vSTg-qkPAZg,Gweilo-60,2019-03-12 15:40:50.648225,11113,0
UChXOhG9bRDb3vSTg-qkPAZg,Gweilo-60,2019-03-12 15:39:51.116815,11113,0
UChXOhG9bRDb3vSTg-qkPAZg,Gweilo-60,2019-03-12 15:38:51.164085,11113,0
UChXOhG9bRDb3vSTg-qkPAZg,Gweilo-60,2019-03-12 15:37:51.981797,11113,0
UChXOhG9bRDb3vSTg-qkPAZg,Gweilo-60,2019-03-12 15:36:51.223471,11113,0
UChXOhG9bRDb3vSTg-qkPAZg,Gweilo-60,2019-03-12 15:35:51.873989,11113,0
UChXOhG9bRDb3vSTg-qkPAZg,Gweilo-60,2019-03-12 15:34:51.004463,11113,0
UChXOhG9bRDb3vSTg-qkPAZg,Gweilo-60,2019-03-12 15:33:50.883856,11113,0
UChXOhG9bRDb3vSTg-qkPAZg,Gweilo-60,2019-03-12 15:32:51.249888,11113,0
UChXOhG9bRDb3vSTg-qkPAZg,Gweilo-60,2019-03-12 15:31:51.109787,11113,0
UChXOhG9bRDb3vSTg-qkPAZg,Gweilo-60,2019-03-12 15:30:51.207042,11113,0
UChXOhG9bRDb3vSTg-qkPAZg,Gweilo-60,2019-03-12 15:29:51.437882,11113,0
UChXOhG9bRDb3vSTg-qkPAZg,Gweilo-60,2019-03-12 15:28:51.082799,11113,0
UChXOhG9bRDb3vSTg-qkPAZg,Gweilo-60,2019-03-12 15:27:51.190283,11113,0
UChXOhG9bRDb3vSTg-qkPAZg,Gweilo-60,2019-03-12 15:26:51.258345,11113,0
UChXOhG9bRDb3vSTg-qkPAZg,Gweilo-60,2019-03-12 15:25:51.240287,11113,0
UChXOhG9bRDb3vSTg-qkPAZg,Gweilo-60,2019-03-12 15:24:51.163707,11113,0
UChXOhG9bRDb3vSTg-qkPAZg,Gweilo-60,2019-03-12 15:23:50.880929,11113,0
UChXOhG9bRDb3vSTg-qkPAZg,Gweilo-60,2019-03-12 15:22:51.201366,11113,0
UChXOhG9bRDb3vSTg-qkPAZg,Gweilo-60,2019-03-12 15:21:51.208864,11113,0
UChXOhG9bRDb3vSTg-qkPAZg,Gweilo-60,2019-03-12 15:20:51.553379,11113,0
UChXOhG9bRDb3vSTg-qkPAZg,Gweilo-60,2019-03-12 15:19:51.397012,11113,0
UChXOhG9bRDb3vSTg-qkPAZg,Gweilo-60,2019-03-12 15:18:51.021191,11113,0
UChXOhG9bRDb3vSTg-qkPAZg,Gweilo-60,2019-03-12 15:17:51.277973,11113,0
UChXOhG9bRDb3vSTg-qkPAZg,Gweilo-60,2019-03-12 15:16:51.176587,11113,0
UChXOhG9bRDb3vSTg-qkPAZg,Gweilo-60,2019-03-12 15:15:51.326567,11113,0
UChXOhG9bRDb3vSTg-qkPAZg,Gweilo-60,2019-03-12 15:14:51.005684,11113,0
UChXOhG9bRDb3vSTg-qkPAZg,Gweilo-60,2019-03-12 15:13:51.200333,11113,0
UChXOhG9bRDb3vSTg-qkPAZg,Gweilo-60,2019-03-12 15:12:51.11076,11113,0
UChXOhG9bRDb3vSTg-qkPAZg,Gweilo-60,2019-03-12 15:11:51.077871,11113,0
UChXOhG9bRDb3vSTg-qkPAZg,Gweilo-60,2019-03-12 15:10:51.132522,11113,0
UChXOhG9bRDb3vSTg-qkPAZg,Gweilo-60,2019-03-12 15:09:52.063813,11113,0
UChXOhG9bRDb3vSTg-qkPAZg,Gweilo-60,2019-03-12 15:08:51.011012,11113,0
UChXOhG9bRDb3vSTg-qkPAZg,Gweilo-60,2019-03-12 15:07:50.778762,11113,0
UChXOhG9bRDb3vSTg-qkPAZg,Gweilo-60,2019-03-12 15:06:50.663805,11113,0
UChXOhG9bRDb3vSTg-qkPAZg,Gweilo-60,2019-03-12 15:05:51.224724,11113,0
UChXOhG9bRDb3vSTg-qkPAZg,Gweilo-60,2019-03-12 15:04:51.235074,11113,0
UChXOhG9bRDb3vSTg-qkPAZg,Gweilo-60,2019-03-12 15:03:50.985611,11113,0
UChXOhG9bRDb3vSTg-qkPAZg,Gweilo-60,2019-03-12 15:02:51.017385,11113,0
UChXOhG9bRDb3vSTg-qkPAZg,Gweilo-60,2019-03-12 15:01:50.487724,11113,0
UChXOhG9bRDb3vSTg-qkPAZg,Gweilo-60,2019-03-12 15:00:50.594082,11113,0
UChXOhG9bRDb3vSTg-qkPAZg,Gweilo-60,2019-03-12 14:59:51.021511,11113,0
UChXOhG9bRDb3vSTg-qkPAZg,Gweilo-60,2019-03-12 14:58:51.087906,11113,0
UChXOhG9bRDb3vSTg-qkPAZg,Gweilo-60,2019-03-12 14:57:51.065513,11113,0
UChXOhG9bRDb3vSTg-qkPAZg,Gweilo-60,2019-03-12 14:56:51.098145,11113,0
UChXOhG9bRDb3vSTg-qkPAZg,Gweilo-60,2019-03-12 14:55:51.236567,11113,0
UChXOhG9bRDb3vSTg-qkPAZg,Gweilo-60,2019-03-12 14:54:51.014578,11113,0
UChXOhG9bRDb3vSTg-qkPAZg,Gweilo-60,2019-03-12 14:53:51.079567,11113,0
UChXOhG9bRDb3vSTg-qkPAZg,Gweilo-60,2019-03-12 14:52:52.42524,11113,0
UChXOhG9bRDb3vSTg-qkPAZg,Gweilo-60,2019-03-12 14:51:50.940747,11113,0
UChXOhG9bRDb3vSTg-qkPAZg,Gweilo-60,2019-03-12 14:50:51.258806,11113,0
UChXOhG9bRDb3vSTg-qkPAZg,Gweilo-60,2019-03-12 14:49:50.868225,11113,0
UChXOhG9bRDb3vSTg-qkPAZg,Gweilo-60,2019-03-12 14:48:51.360718,11113,0
UChXOhG9bRDb3vSTg-qkPAZg,Gweilo-60,2019-03-12 14:47:51.462497,11113,0
UChXOhG9bRDb3vSTg-qkPAZg,Gweilo-60,2019-03-12 14:46:51.581234,11113,0
UChXOhG9bRDb3vSTg-qkPAZg,Gweilo-60,2019-03-12 14:45:51.242536,11113,0
UChXOhG9bRDb3vSTg-qkPAZg,Gweilo-60,2019-03-12 14:44:50.689199,11113,0
UChXOhG9bRDb3vSTg-qkPAZg,Gweilo-60,2019-03-12 14:43:51.069158,11113,0
UChXOhG9bRDb3vSTg-qkPAZg,Gweilo-60,2019-03-12 14:42:50.935093,11113,0
UChXOhG9bRDb3vSTg-qkPAZg,Gweilo-60,2019-03-12 14:41:51.220286,11113,0
UChXOhG9bRDb3vSTg-qkPAZg,Gweilo-60,2019-03-12 14:40:50.482516,11113,0
UChXOhG9bRDb3vSTg-qkPAZg,Gweilo-60,2019-03-12 14:39:50.78007,11113,0
UChXOhG9bRDb3vSTg-qkPAZg,Gweilo-60,2019-03-12 14:38:51.529649,11113,0
UChXOhG9bRDb3vSTg-qkPAZg,Gweilo-60,2019-03-12 14:37:51.656464,11113,0
UChXOhG9bRDb3vSTg-qkPAZg,Gweilo-60,2019-03-12 14:36:51.024765,11113,0
UChXOhG9bRDb3vSTg-qkPAZg,Gweilo-60,2019-03-12 14:35:50.882159,11113,0
UChXOhG9bRDb3vSTg-qkPAZg,Gweilo-60,2019-03-12 14:34:51.38794,11113,0
UChXOhG9bRDb3vSTg-qkPAZg,Gweilo-60,2019-03-12 14:33:50.978884,11113,0
UChXOhG9bRDb3vSTg-qkPAZg,Gweilo-60,2019-03-12 14:32:51.387314,11113,0
UChXOhG9bRDb3vSTg-qkPAZg,Gweilo-60,2019-03-12 14:31:51.021417,11113,0
UChXOhG9bRDb3vSTg-qkPAZg,Gweilo-60,2019-03-12 14:30:51.117042,11113,0
UChXOhG9bRDb3vSTg-qkPAZg,Gweilo-60,2019-03-12 14:29:51.156884,11113,0
UChXOhG9bRDb3vSTg-qkPAZg,Gweilo-60,2019-03-12 14:28:51.340984,11113,0
UChXOhG9bRDb3vSTg-qkPAZg,Gweilo-60,2019-03-12 14:27:51.997252,11113,0
UChXOhG9bRDb3vSTg-qkPAZg,Gweilo-60,2019-03-12 14:26:51.423261,11113,0
UChXOhG9bRDb3vSTg-qkPAZg,Gweilo-60,2019-03-12 14:25:51.442936,11113,0
UChXOhG9bRDb3vSTg-qkPAZg,Gweilo-60,2019-03-12 14:24:51.16504,11113,0
UChXOhG9bRDb3vSTg-qkPAZg,Gweilo-60,2019-03-12 14:23:51.362769,11113,0
UChXOhG9bRDb3vSTg-qkPAZg,Gweilo-60,2019-03-12 14:22:51.57131,11113,0
UChXOhG9bRDb3vSTg-qkPAZg,Gweilo-60,2019-03-12 14:21:51.646885,11113,0
UChXOhG9bRDb3vSTg-qkPAZg,Gweilo-60,2019-03-12 14:20:51.284113,11113,0
UChXOhG9bRDb3vSTg-qkPAZg,Gweilo-60,2019-03-12 14:19:51.170771,11113,0
UChXOhG9bRDb3vSTg-qkPAZg,Gweilo-60,2019-03-12 14:18:50.784973,11113,0
UChXOhG9bRDb3vSTg-qkPAZg,Gweilo-60,2019-03-12 14:17:51.093983,11113,0
UChXOhG9bRDb3vSTg-qkPAZg,Gweilo-60,2019-03-12 14:16:50.876345,11113,0
UChXOhG9bRDb3vSTg-qkPAZg,Gweilo-60,2019-03-12 14:15:50.939442,11113,0
UChXOhG9bRDb3vSTg-qkPAZg,Gweilo-60,2019-03-12 14:14:50.912291,11113,0
UChXOhG9bRDb3vSTg-qkPAZg,Gweilo-60,2019-03-12 14:13:51.007187,11113,0
UChXOhG9bRDb3vSTg-qkPAZg,Gweilo-60,2019-03-12 14:12:51.692782,11113,0
UChXOhG9bRDb3vSTg-qkPAZg,Gweilo-60,2019-03-12 14:11:50.913204,11113,0
UChXOhG9bRDb3vSTg-qkPAZg,Gweilo-60,2019-03-12 14:10:51.131449,11113,0
UChXOhG9bRDb3vSTg-qkPAZg,Gweilo-60,2019-03-12 14:09:51.705606,11113,0
UChXOhG9bRDb3vSTg-qkPAZg,Gweilo-60,2019-03-12 14:08:51.128311,11113,0
UChXOhG9bRDb3vSTg-qkPAZg,Gweilo-60,2019-03-12 14:07:50.511069,11113,0
UChXOhG9bRDb3vSTg-qkPAZg,Gweilo-60,2019-03-12 14:06:51.157939,11113,0
UChXOhG9bRDb3vSTg-qkPAZg,Gweilo-60,2019-03-12 14:05:50.957968,11113,0
UChXOhG9bRDb3vSTg-qkPAZg,Gweilo-60,2019-03-12 14:04:50.936559,11113,0
UChXOhG9bRDb3vSTg-qkPAZg,Gweilo-60,2019-03-12 14:03:50.870113,11113,0
UChXOhG9bRDb3vSTg-qkPAZg,Gweilo-60,2019-03-12 14:02:51.185779,11113,0
UChXOhG9bRDb3vSTg-qkPAZg,Gweilo-60,2019-03-12 14:01:51.620025,11113,0
UChXOhG9bRDb3vSTg-qkPAZg,Gweilo-60,2019-03-12 14:00:51.119405,11113,0
UChXOhG9bRDb3vSTg-qkPAZg,Gweilo-60,2019-03-12 13:59:51.867616,11113,0
UChXOhG9bRDb3vSTg-qkPAZg,Gweilo-60,2019-03-12 13:58:50.817961,11113,0
UChXOhG9bRDb3vSTg-qkPAZg,Gweilo-60,2019-03-12 13:57:50.985068,11113,0
UChXOhG9bRDb3vSTg-qkPAZg,Gweilo-60,2019-03-12 13:56:51.939534,11113,0
UChXOhG9bRDb3vSTg-qkPAZg,Gweilo-60,2019-03-12 13:55:51.065514,11113,0
UChXOhG9bRDb3vSTg-qkPAZg,Gweilo-60,2019-03-12 13:54:51.586396,11113,0
UChXOhG9bRDb3vSTg-qkPAZg,Gweilo-60,2019-03-12 13:53:51.241366,11113,0
UChXOhG9bRDb3vSTg-qkPAZg,Gweilo-60,2019-03-12 13:52:50.970393,11113,0
UChXOhG9bRDb3vSTg-qkPAZg,Gweilo-60,2019-03-12 13:51:51.501004,11113,0
UChXOhG9bRDb3vSTg-qkPAZg,Gweilo-60,2019-03-12 13:50:51.256232,11113,0
UChXOhG9bRDb3vSTg-qkPAZg,Gweilo-60,2019-03-12 13:49:51.298387,11113,0
UChXOhG9bRDb3vSTg-qkPAZg,Gweilo-60,2019-03-12 13:48:51.445834,11113,0
UChXOhG9bRDb3vSTg-qkPAZg,Gweilo-60,2019-03-12 13:47:51.440328,11113,0
UChXOhG9bRDb3vSTg-qkPAZg,Gweilo-60,2019-03-12 13:46:51.978433,11113,0
UChXOhG9bRDb3vSTg-qkPAZg,Gweilo-60,2019-03-12 13:45:51.272968,11113,0
UChXOhG9bRDb3vSTg-qkPAZg,Gweilo-60,2019-03-12 13:44:50.954905,11113,0
UChXOhG9bRDb3vSTg-qkPAZg,Gweilo-60,2019-03-12 13:43:51.10507,11113,0
UChXOhG9bRDb3vSTg-qkPAZg,Gweilo-60,2019-03-12 13:42:51.089207,11113,0
UChXOhG9bRDb3vSTg-qkPAZg,Gweilo-60,2019-03-12 13:41:51.195564,11113,0
UChXOhG9bRDb3vSTg-qkPAZg,Gweilo-60,2019-03-12 13:40:51.0928,11113,0
UChXOhG9bRDb3vSTg-qkPAZg,Gweilo-60,2019-03-12 13:39:51.10537,11113,0
UChXOhG9bRDb3vSTg-qkPAZg,Gweilo-60,2019-03-12 13:38:51.553787,11113,0
UChXOhG9bRDb3vSTg-qkPAZg,Gweilo-60,2019-03-12 13:37:52.115808,11113,0
UChXOhG9bRDb3vSTg-qkPAZg,Gweilo-60,2019-03-12 13:36:51.789703,11113,0
UChXOhG9bRDb3vSTg-qkPAZg,Gweilo-60,2019-03-12 13:35:53.167903,11113,0
UChXOhG9bRDb3vSTg-qkPAZg,Gweilo-60,2019-03-12 13:34:51.609748,11113,0
UChXOhG9bRDb3vSTg-qkPAZg,Gweilo-60,2019-03-12 13:33:51.375653,11113,0
UChXOhG9bRDb3vSTg-qkPAZg,Gweilo-60,2019-03-12 13:32:51.266559,11113,0
UChXOhG9bRDb3vSTg-qkPAZg,Gweilo-60,2019-03-12 13:31:51.477628,11113,0
UChXOhG9bRDb3vSTg-qkPAZg,Gweilo-60,2019-03-12 13:30:51.272041,11113,0
UChXOhG9bRDb3vSTg-qkPAZg,Gweilo-60,2019-03-12 13:29:51.371513,11113,0
UChXOhG9bRDb3vSTg-qkPAZg,Gweilo-60,2019-03-12 13:28:50.738246,11113,0
UChXOhG9bRDb3vSTg-qkPAZg,Gweilo-60,2019-03-12 13:27:51.039361,11113,0
UChXOhG9bRDb3vSTg-qkPAZg,Gweilo-60,2019-03-12 13:26:51.925754,11113,0
UChXOhG9bRDb3vSTg-qkPAZg,Gweilo-60,2019-03-12 13:25:51.741632,11113,0
UChXOhG9bRDb3vSTg-qkPAZg,Gweilo-60,2019-03-12 13:24:51.199027,11113,0
UChXOhG9bRDb3vSTg-qkPAZg,Gweilo-60,2019-03-12 13:23:51.241386,11113,0
UChXOhG9bRDb3vSTg-qkPAZg,Gweilo-60,2019-03-12 13:22:50.917028,11113,0
UChXOhG9bRDb3vSTg-qkPAZg,Gweilo-60,2019-03-12 13:21:51.00749,11113,0
UChXOhG9bRDb3vSTg-qkPAZg,Gweilo-60,2019-03-12 13:20:50.914918,11113,0
UChXOhG9bRDb3vSTg-qkPAZg,Gweilo-60,2019-03-12 13:19:51.579133,11113,0
UChXOhG9bRDb3vSTg-qkPAZg,Gweilo-60,2019-03-12 13:18:51.042688,11113,0
UChXOhG9bRDb3vSTg-qkPAZg,Gweilo-60,2019-03-12 13:17:50.752785,11113,0
UChXOhG9bRDb3vSTg-qkPAZg,Gweilo-60,2019-03-12 13:16:51.334801,11113,0
UChXOhG9bRDb3vSTg-qkPAZg,Gweilo-60,2019-03-12 13:15:51.149097,11113,0
UChXOhG9bRDb3vSTg-qkPAZg,Gweilo-60,2019-03-12 13:14:51.77315,11113,0
UChXOhG9bRDb3vSTg-qkPAZg,Gweilo-60,2019-03-12 13:13:51.274872,11113,0
UChXOhG9bRDb3vSTg-qkPAZg,Gweilo-60,2019-03-12 13:12:51.204559,11113,0
UChXOhG9bRDb3vSTg-qkPAZg,Gweilo-60,2019-03-12 13:11:51.335224,11113,0
UChXOhG9bRDb3vSTg-qkPAZg,Gweilo-60,2019-03-12 13:10:50.914405,11113,0
UChXOhG9bRDb3vSTg-qkPAZg,Gweilo-60,2019-03-12 13:09:51.464315,11113,0
UChXOhG9bRDb3vSTg-qkPAZg,Gweilo-60,2019-03-12 13:08:50.852004,11113,0
UChXOhG9bRDb3vSTg-qkPAZg,Gweilo-60,2019-03-12 13:07:51.193497,11113,0
UChXOhG9bRDb3vSTg-qkPAZg,Gweilo-60,2019-03-12 13:06:51.408706,11113,0
UChXOhG9bRDb3vSTg-qkPAZg,Gweilo-60,2019-03-12 13:05:51.642729,11113,0
UChXOhG9bRDb3vSTg-qkPAZg,Gweilo-60,2019-03-12 13:04:51.59707,11113,0
UChXOhG9bRDb3vSTg-qkPAZg,Gweilo-60,2019-03-12 13:03:51.686891,11113,0
UChXOhG9bRDb3vSTg-qkPAZg,Gweilo-60,2019-03-12 13:02:51.125426,11113,0
UChXOhG9bRDb3vSTg-qkPAZg,Gweilo-60,2019-03-12 13:01:51.908583,11113,0
UChXOhG9bRDb3vSTg-qkPAZg,Gweilo-60,2019-03-12 13:00:51.437883,11113,0
UChXOhG9bRDb3vSTg-qkPAZg,Gweilo-60,2019-03-12 12:59:51.162666,11113,0
UChXOhG9bRDb3vSTg-qkPAZg,Gweilo-60,2019-03-12 12:58:50.986164,11113,0
UChXOhG9bRDb3vSTg-qkPAZg,Gweilo-60,2019-03-12 12:57:51.456559,11113,0
UChXOhG9bRDb3vSTg-qkPAZg,Gweilo-60,2019-03-12 12:56:51.238022,11113,0
UChXOhG9bRDb3vSTg-qkPAZg,Gweilo-60,2019-03-12 12:55:50.924207,11113,0
UChXOhG9bRDb3vSTg-qkPAZg,Gweilo-60,2019-03-12 12:54:51.49833,11113,0
UChXOhG9bRDb3vSTg-qkPAZg,Gweilo-60,2019-03-12 12:53:51.209934,11113,0
UChXOhG9bRDb3vSTg-qkPAZg,Gweilo-60,2019-03-12 12:52:51.066529,11113,0
UChXOhG9bRDb3vSTg-qkPAZg,Gweilo-60,2019-03-12 12:51:51.38492,11113,0
UChXOhG9bRDb3vSTg-qkPAZg,Gweilo-60,2019-03-12 12:50:51.396411,11113,0
UChXOhG9bRDb3vSTg-qkPAZg,Gweilo-60,2019-03-12 12:49:51.405904,11113,0
UChXOhG9bRDb3vSTg-qkPAZg,Gweilo-60,2019-03-12 12:48:51.53631,11113,0
UChXOhG9bRDb3vSTg-qkPAZg,Gweilo-60,2019-03-12 12:47:51.465915,11113,0
UChXOhG9bRDb3vSTg-qkPAZg,Gweilo-60,2019-03-12 12:46:50.629284,11113,0
UChXOhG9bRDb3vSTg-qkPAZg,Gweilo-60,2019-03-12 12:45:52.107041,11113,0
UChXOhG9bRDb3vSTg-qkPAZg,Gweilo-60,2019-03-12 12:44:51.117212,11113,0
UChXOhG9bRDb3vSTg-qkPAZg,Gweilo-60,2019-03-12 12:43:50.955637,11113,0
UChXOhG9bRDb3vSTg-qkPAZg,Gweilo-60,2019-03-12 12:42:51.007795,11113,0
UChXOhG9bRDb3vSTg-qkPAZg,Gweilo-60,2019-03-12 12:41:51.394568,11113,0
UChXOhG9bRDb3vSTg-qkPAZg,Gweilo-60,2019-03-12 12:40:50.872855,11113,0
UChXOhG9bRDb3vSTg-qkPAZg,Gweilo-60,2019-03-12 12:39:51.066915,11113,0
UChXOhG9bRDb3vSTg-qkPAZg,Gweilo-60,2019-03-12 12:38:51.761517,11113,0
UChXOhG9bRDb3vSTg-qkPAZg,Gweilo-60,2019-03-12 12:37:51.171199,11113,0
UChXOhG9bRDb3vSTg-qkPAZg,Gweilo-60,2019-03-12 12:36:51.44316,11113,0
UChXOhG9bRDb3vSTg-qkPAZg,Gweilo-60,2019-03-12 12:35:50.934731,11113,0
UChXOhG9bRDb3vSTg-qkPAZg,Gweilo-60,2019-03-12 12:34:51.573108,11113,0
UChXOhG9bRDb3vSTg-qkPAZg,Gweilo-60,2019-03-12 12:33:51.847244,11113,0
UChXOhG9bRDb3vSTg-qkPAZg,Gweilo-60,2019-03-12 12:32:50.973199,11113,0
UChXOhG9bRDb3vSTg-qkPAZg,Gweilo-60,2019-03-12 12:31:51.184378,11113,0
UChXOhG9bRDb3vSTg-qkPAZg,Gweilo-60,2019-03-12 12:30:51.412398,11113,0
UChXOhG9bRDb3vSTg-qkPAZg,Gweilo-60,2019-03-12 12:29:50.969188,11113,0
UChXOhG9bRDb3vSTg-qkPAZg,Gweilo-60,2019-03-12 12:28:51.448642,11113,0
UChXOhG9bRDb3vSTg-qkPAZg,Gweilo-60,2019-03-12 12:27:52.582933,11113,0
UChXOhG9bRDb3vSTg-qkPAZg,Gweilo-60,2019-03-12 12:26:50.887302,11113,0
UChXOhG9bRDb3vSTg-qkPAZg,Gweilo-60,2019-03-12 12:25:51.510071,11113,0
UChXOhG9bRDb3vSTg-qkPAZg,Gweilo-60,2019-03-12 12:24:50.340608,11113,0
UChXOhG9bRDb3vSTg-qkPAZg,Gweilo-60,2019-03-12 12:23:50.950816,11113,0
UChXOhG9bRDb3vSTg-qkPAZg,Gweilo-60,2019-03-12 12:22:51.1297,11113,0
UChXOhG9bRDb3vSTg-qkPAZg,Gweilo-60,2019-03-12 12:21:50.848091,11113,0
UChXOhG9bRDb3vSTg-qkPAZg,Gweilo-60,2019-03-12 12:20:51.398131,11113,0
UChXOhG9bRDb3vSTg-qkPAZg,Gweilo-60,2019-03-12 12:19:50.718963,11113,0
UChXOhG9bRDb3vSTg-qkPAZg,Gweilo-60,2019-03-12 12:18:51.291632,11113,0
UChXOhG9bRDb3vSTg-qkPAZg,Gweilo-60,2019-03-12 12:17:50.716064,11113,0
UChXOhG9bRDb3vSTg-qkPAZg,Gweilo-60,2019-03-12 12:16:50.897427,11113,0
UChXOhG9bRDb3vSTg-qkPAZg,Gweilo-60,2019-03-12 12:15:50.922425,11113,0
UChXOhG9bRDb3vSTg-qkPAZg,Gweilo-60,2019-03-12 12:14:51.418376,11113,0
UChXOhG9bRDb3vSTg-qkPAZg,Gweilo-60,2019-03-12 12:13:51.441774,11113,0
UChXOhG9bRDb3vSTg-qkPAZg,Gweilo-60,2019-03-12 12:12:50.556919,11113,0
UChXOhG9bRDb3vSTg-qkPAZg,Gweilo-60,2019-03-12 12:11:51.27652,11113,0
UChXOhG9bRDb3vSTg-qkPAZg,Gweilo-60,2019-03-12 12:10:50.876495,11113,0
UChXOhG9bRDb3vSTg-qkPAZg,Gweilo-60,2019-03-12 12:09:51.29717,11113,0
UChXOhG9bRDb3vSTg-qkPAZg,Gweilo-60,2019-03-12 12:08:51.157172,11113,0
UChXOhG9bRDb3vSTg-qkPAZg,Gweilo-60,2019-03-12 12:07:51.476585,11113,0
UChXOhG9bRDb3vSTg-qkPAZg,Gweilo-60,2019-03-12 12:06:51.671026,11113,0
UChXOhG9bRDb3vSTg-qkPAZg,Gweilo-60,2019-03-12 12:05:50.788802,11113,0
UChXOhG9bRDb3vSTg-qkPAZg,Gweilo-60,2019-03-12 12:04:51.501264,11113,0
UChXOhG9bRDb3vSTg-qkPAZg,Gweilo-60,2019-03-12 12:03:51.379985,11113,0
UChXOhG9bRDb3vSTg-qkPAZg,Gweilo-60,2019-03-12 12:02:50.547087,11113,0
UChXOhG9bRDb3vSTg-qkPAZg,Gweilo-60,2019-03-12 12:01:51.282376,11113,-1
UChXOhG9bRDb3vSTg-qkPAZg,Gweilo-60,2019-03-12 12:00:51.03656,11114,0
UChXOhG9bRDb3vSTg-qkPAZg,Gweilo-60,2019-03-12 11:59:51.132724,11114,0
UChXOhG9bRDb3vSTg-qkPAZg,Gweilo-60,2019-03-12 11:58:50.797115,11114,0
UChXOhG9bRDb3vSTg-qkPAZg,Gweilo-60,2019-03-12 11:57:51.310538,11114,0
UChXOhG9bRDb3vSTg-qkPAZg,Gweilo-60,2019-03-12 11:56:50.959898,11114,0
UChXOhG9bRDb3vSTg-qkPAZg,Gweilo-60,2019-03-12 11:55:51.169832,11114,0
UChXOhG9bRDb3vSTg-qkPAZg,Gweilo-60,2019-03-12 11:54:50.654584,11114,0
UChXOhG9bRDb3vSTg-qkPAZg,Gweilo-60,2019-03-12 11:53:51.53979,11114,0
UChXOhG9bRDb3vSTg-qkPAZg,Gweilo-60,2019-03-12 11:52:50.894125,11114,0
UChXOhG9bRDb3vSTg-qkPAZg,Gweilo-60,2019-03-12 11:51:51.394765,11114,0
UChXOhG9bRDb3vSTg-qkPAZg,Gweilo-60,2019-03-12 11:50:51.343636,11114,0
UChXOhG9bRDb3vSTg-qkPAZg,Gweilo-60,2019-03-12 11:49:51.585162,11114,0
UChXOhG9bRDb3vSTg-qkPAZg,Gweilo-60,2019-03-12 11:48:50.750263,11114,0
UChXOhG9bRDb3vSTg-qkPAZg,Gweilo-60,2019-03-12 11:47:50.597495,11114,0
UChXOhG9bRDb3vSTg-qkPAZg,Gweilo-60,2019-03-12 11:46:51.138143,11114,0
UChXOhG9bRDb3vSTg-qkPAZg,Gweilo-60,2019-03-12 11:45:51.297226,11114,0
UChXOhG9bRDb3vSTg-qkPAZg,Gweilo-60,2019-03-12 11:44:51.505831,11114,0
UChXOhG9bRDb3vSTg-qkPAZg,Gweilo-60,2019-03-12 11:43:51.693079,11114,0
UChXOhG9bRDb3vSTg-qkPAZg,Gweilo-60,2019-03-12 11:42:51.720462,11114,0
UChXOhG9bRDb3vSTg-qkPAZg,Gweilo-60,2019-03-12 11:41:51.215184,11114,0
UChXOhG9bRDb3vSTg-qkPAZg,Gweilo-60,2019-03-12 11:40:51.39549,11114,0
UChXOhG9bRDb3vSTg-qkPAZg,Gweilo-60,2019-03-12 11:39:50.737393,11114,0
UChXOhG9bRDb3vSTg-qkPAZg,Gweilo-60,2019-03-12 11:38:51.826646,11114,0
UChXOhG9bRDb3vSTg-qkPAZg,Gweilo-60,2019-03-12 11:37:51.07668,11114,0
UChXOhG9bRDb3vSTg-qkPAZg,Gweilo-60,2019-03-12 11:36:51.036184,11114,0
UChXOhG9bRDb3vSTg-qkPAZg,Gweilo-60,2019-03-12 11:35:50.606773,11114,0
UChXOhG9bRDb3vSTg-qkPAZg,Gweilo-60,2019-03-12 11:34:50.792851,11114,0
UChXOhG9bRDb3vSTg-qkPAZg,Gweilo-60,2019-03-12 11:33:51.08893,11114,0
UChXOhG9bRDb3vSTg-qkPAZg,Gweilo-60,2019-03-12 11:32:50.953873,11114,0
UChXOhG9bRDb3vSTg-qkPAZg,Gweilo-60,2019-03-12 11:31:51.21731,11114,0
UChXOhG9bRDb3vSTg-qkPAZg,Gweilo-60,2019-03-12 11:30:50.97046,11114,0
UChXOhG9bRDb3vSTg-qkPAZg,Gweilo-60,2019-03-12 11:29:51.605209,11114,0
UChXOhG9bRDb3vSTg-qkPAZg,Gweilo-60,2019-03-12 11:28:51.37548,11114,0
UChXOhG9bRDb3vSTg-qkPAZg,Gweilo-60,2019-03-12 11:27:51.897487,11114,0
UChXOhG9bRDb3vSTg-qkPAZg,Gweilo-60,2019-03-12 11:26:51.249466,11114,0
UChXOhG9bRDb3vSTg-qkPAZg,Gweilo-60,2019-03-12 11:25:50.650611,11114,0
UChXOhG9bRDb3vSTg-qkPAZg,Gweilo-60,2019-03-12 11:24:51.252613,11114,0
UChXOhG9bRDb3vSTg-qkPAZg,Gweilo-60,2019-03-12 11:23:51.249894,11114,0
UChXOhG9bRDb3vSTg-qkPAZg,Gweilo-60,2019-03-12 11:22:50.822888,11114,0
UChXOhG9bRDb3vSTg-qkPAZg,Gweilo-60,2019-03-12 11:21:50.720844,11114,0
UChXOhG9bRDb3vSTg-qkPAZg,Gweilo-60,2019-03-12 11:20:51.458636,11114,0
UChXOhG9bRDb3vSTg-qkPAZg,Gweilo-60,2019-03-12 11:19:51.033866,11114,0
UChXOhG9bRDb3vSTg-qkPAZg,Gweilo-60,2019-03-12 11:18:51.027047,11114,0
UChXOhG9bRDb3vSTg-qkPAZg,Gweilo-60,2019-03-12 11:17:51.102057,11114,0
UChXOhG9bRDb3vSTg-qkPAZg,Gweilo-60,2019-03-12 11:16:50.881496,11114,0
UChXOhG9bRDb3vSTg-qkPAZg,Gweilo-60,2019-03-12 11:15:50.742388,11114,0
UChXOhG9bRDb3vSTg-qkPAZg,Gweilo-60,2019-03-12 11:14:52.387249,11114,0
UChXOhG9bRDb3vSTg-qkPAZg,Gweilo-60,2019-03-12 11:13:51.146011,11114,0
UChXOhG9bRDb3vSTg-qkPAZg,Gweilo-60,2019-03-12 11:12:51.337174,11114,0
UChXOhG9bRDb3vSTg-qkPAZg,Gweilo-60,2019-03-12 11:11:50.623958,11114,0
UChXOhG9bRDb3vSTg-qkPAZg,Gweilo-60,2019-03-12 11:10:51.476184,11114,0
UChXOhG9bRDb3vSTg-qkPAZg,Gweilo-60,2019-03-12 11:09:52.606249,11114,0
UChXOhG9bRDb3vSTg-qkPAZg,Gweilo-60,2019-03-12 11:08:50.66561,11114,0
UChXOhG9bRDb3vSTg-qkPAZg,Gweilo-60,2019-03-12 11:07:51.058444,11114,0
UChXOhG9bRDb3vSTg-qkPAZg,Gweilo-60,2019-03-12 11:06:50.926212,11114,0
UChXOhG9bRDb3vSTg-qkPAZg,Gweilo-60,2019-03-12 11:05:51.090191,11114,0
UChXOhG9bRDb3vSTg-qkPAZg,Gweilo-60,2019-03-12 11:04:51.165877,11114,0
UChXOhG9bRDb3vSTg-qkPAZg,Gweilo-60,2019-03-12 11:03:51.341378,11114,0
UChXOhG9bRDb3vSTg-qkPAZg,Gweilo-60,2019-03-12 11:02:51.220396,11114,0
UChXOhG9bRDb3vSTg-qkPAZg,Gweilo-60,2019-03-12 11:01:51.013592,11114,0
UChXOhG9bRDb3vSTg-qkPAZg,Gweilo-60,2019-03-12 11:00:51.610368,11114,0
UChXOhG9bRDb3vSTg-qkPAZg,Gweilo-60,2019-03-12 10:59:50.947652,11114,0
UChXOhG9bRDb3vSTg-qkPAZg,Gweilo-60,2019-03-12 10:58:51.157718,11114,0
UChXOhG9bRDb3vSTg-qkPAZg,Gweilo-60,2019-03-12 10:57:51.423999,11114,0
UChXOhG9bRDb3vSTg-qkPAZg,Gweilo-60,2019-03-12 10:56:51.003614,11114,0
UChXOhG9bRDb3vSTg-qkPAZg,Gweilo-60,2019-03-12 10:55:51.390004,11114,0
UChXOhG9bRDb3vSTg-qkPAZg,Gweilo-60,2019-03-12 10:54:51.532716,11114,0
UChXOhG9bRDb3vSTg-qkPAZg,Gweilo-60,2019-03-12 10:53:52.27894,11114,0
UChXOhG9bRDb3vSTg-qkPAZg,Gweilo-60,2019-03-12 10:52:50.992958,11114,0
UChXOhG9bRDb3vSTg-qkPAZg,Gweilo-60,2019-03-12 10:51:51.426041,11114,0
UChXOhG9bRDb3vSTg-qkPAZg,Gweilo-60,2019-03-12 10:50:51.218647,11114,0
UChXOhG9bRDb3vSTg-qkPAZg,Gweilo-60,2019-03-12 10:49:51.192459,11114,0
UChXOhG9bRDb3vSTg-qkPAZg,Gweilo-60,2019-03-12 10:48:50.822406,11114,0
UChXOhG9bRDb3vSTg-qkPAZg,Gweilo-60,2019-03-12 10:47:51.10309,11114,0
UChXOhG9bRDb3vSTg-qkPAZg,Gweilo-60,2019-03-12 10:46:51.14581,11114,0
UChXOhG9bRDb3vSTg-qkPAZg,Gweilo-60,2019-03-12 10:45:51.502729,11114,0
UChXOhG9bRDb3vSTg-qkPAZg,Gweilo-60,2019-03-12 10:44:51.200224,11114,0
UChXOhG9bRDb3vSTg-qkPAZg,Gweilo-60,2019-03-12 10:43:51.354673,11114,0
UChXOhG9bRDb3vSTg-qkPAZg,Gweilo-60,2019-03-12 10:42:50.855712,11114,0
UChXOhG9bRDb3vSTg-qkPAZg,Gweilo-60,2019-03-12 10:41:51.825208,11114,0
UChXOhG9bRDb3vSTg-qkPAZg,Gweilo-60,2019-03-12 10:40:51.232005,11114,0
UChXOhG9bRDb3vSTg-qkPAZg,Gweilo-60,2019-03-12 10:39:51.104653,11114,0
UChXOhG9bRDb3vSTg-qkPAZg,Gweilo-60,2019-03-12 10:38:51.401378,11114,0
UChXOhG9bRDb3vSTg-qkPAZg,Gweilo-60,2019-03-12 10:37:51.395134,11114,0
UChXOhG9bRDb3vSTg-qkPAZg,Gweilo-60,2019-03-12 10:36:50.843786,11114,0
UChXOhG9bRDb3vSTg-qkPAZg,Gweilo-60,2019-03-12 10:35:50.965393,11114,0
UChXOhG9bRDb3vSTg-qkPAZg,Gweilo-60,2019-03-12 10:34:50.985508,11114,0
UChXOhG9bRDb3vSTg-qkPAZg,Gweilo-60,2019-03-12 10:33:50.791326,11114,0
UChXOhG9bRDb3vSTg-qkPAZg,Gweilo-60,2019-03-12 10:32:51.500081,11114,0
UChXOhG9bRDb3vSTg-qkPAZg,Gweilo-60,2019-03-12 10:31:51.415824,11114,0
UChXOhG9bRDb3vSTg-qkPAZg,Gweilo-60,2019-03-12 10:30:50.876905,11114,0
UChXOhG9bRDb3vSTg-qkPAZg,Gweilo-60,2019-03-12 10:29:51.42101,11114,0
UChXOhG9bRDb3vSTg-qkPAZg,Gweilo-60,2019-03-12 10:28:51.524355,11114,0
UChXOhG9bRDb3vSTg-qkPAZg,Gweilo-60,2019-03-12 10:27:51.011728,11114,0
UChXOhG9bRDb3vSTg-qkPAZg,Gweilo-60,2019-03-12 10:26:51.518084,11114,0
UChXOhG9bRDb3vSTg-qkPAZg,Gweilo-60,2019-03-12 10:25:50.972439,11114,0
UChXOhG9bRDb3vSTg-qkPAZg,Gweilo-60,2019-03-12 10:24:51.007479,11114,0
UChXOhG9bRDb3vSTg-qkPAZg,Gweilo-60,2019-03-12 10:23:51.661845,11114,0
UChXOhG9bRDb3vSTg-qkPAZg,Gweilo-60,2019-03-12 10:22:51.096361,11114,0
UChXOhG9bRDb3vSTg-qkPAZg,Gweilo-60,2019-03-12 10:21:51.157218,11114,0
UChXOhG9bRDb3vSTg-qkPAZg,Gweilo-60,2019-03-12 10:20:51.198592,11114,0
UChXOhG9bRDb3vSTg-qkPAZg,Gweilo-60,2019-03-12 10:19:51.146663,11114,1
UChXOhG9bRDb3vSTg-qkPAZg,Gweilo-60,2019-03-12 10:18:50.466843,11113,0
UChXOhG9bRDb3vSTg-qkPAZg,Gweilo-60,2019-03-12 10:17:50.640407,11113,0
UChXOhG9bRDb3vSTg-qkPAZg,Gweilo-60,2019-03-12 10:16:50.920246,11113,0
UChXOhG9bRDb3vSTg-qkPAZg,Gweilo-60,2019-03-12 10:15:51.004761,11113,0
UChXOhG9bRDb3vSTg-qkPAZg,Gweilo-60,2019-03-12 10:14:51.170736,11113,0
UChXOhG9bRDb3vSTg-qkPAZg,Gweilo-60,2019-03-12 10:13:51.062432,11113,0
UChXOhG9bRDb3vSTg-qkPAZg,Gweilo-60,2019-03-12 10:12:50.923363,11113,0
UChXOhG9bRDb3vSTg-qkPAZg,Gweilo-60,2019-03-12 10:11:51.396018,11113,0
UChXOhG9bRDb3vSTg-qkPAZg,Gweilo-60,2019-03-12 10:10:50.977225,11113,0
UChXOhG9bRDb3vSTg-qkPAZg,Gweilo-60,2019-03-12 10:09:51.162222,11113,0
UChXOhG9bRDb3vSTg-qkPAZg,Gweilo-60,2019-03-12 10:08:51.171496,11113,0
UChXOhG9bRDb3vSTg-qkPAZg,Gweilo-60,2019-03-12 10:07:50.885524,11113,0
UChXOhG9bRDb3vSTg-qkPAZg,Gweilo-60,2019-03-12 10:06:51.616255,11113,0
UChXOhG9bRDb3vSTg-qkPAZg,Gweilo-60,2019-03-12 10:05:51.454928,11113,0
UChXOhG9bRDb3vSTg-qkPAZg,Gweilo-60,2019-03-12 10:04:51.251577,11113,0
UChXOhG9bRDb3vSTg-qkPAZg,Gweilo-60,2019-03-12 10:03:51.302788,11113,0
UChXOhG9bRDb3vSTg-qkPAZg,Gweilo-60,2019-03-12 10:02:51.851726,11113,0
UChXOhG9bRDb3vSTg-qkPAZg,Gweilo-60,2019-03-12 10:01:50.673988,11113,0
UChXOhG9bRDb3vSTg-qkPAZg,Gweilo-60,2019-03-12 10:00:51.412046,11113,0
UChXOhG9bRDb3vSTg-qkPAZg,Gweilo-60,2019-03-12 09:59:50.655806,11113,0
UChXOhG9bRDb3vSTg-qkPAZg,Gweilo-60,2019-03-12 09:58:51.198259,11113,0
UChXOhG9bRDb3vSTg-qkPAZg,Gweilo-60,2019-03-12 09:57:50.695927,11113,0
UChXOhG9bRDb3vSTg-qkPAZg,Gweilo-60,2019-03-12 09:56:51.817952,11113,0
UChXOhG9bRDb3vSTg-qkPAZg,Gweilo-60,2019-03-12 09:55:51.086894,11113,0
UChXOhG9bRDb3vSTg-qkPAZg,Gweilo-60,2019-03-12 09:54:50.833042,11113,0
UChXOhG9bRDb3vSTg-qkPAZg,Gweilo-60,2019-03-12 09:53:51.501766,11113,0
UChXOhG9bRDb3vSTg-qkPAZg,Gweilo-60,2019-03-12 09:52:50.981151,11113,0
UChXOhG9bRDb3vSTg-qkPAZg,Gweilo-60,2019-03-12 09:51:51.338588,11113,0
UChXOhG9bRDb3vSTg-qkPAZg,Gweilo-60,2019-03-12 09:50:51.175949,11113,0
UChXOhG9bRDb3vSTg-qkPAZg,Gweilo-60,2019-03-12 09:49:51.209786,11113,0
UChXOhG9bRDb3vSTg-qkPAZg,Gweilo-60,2019-03-12 09:48:51.514905,11113,0
UChXOhG9bRDb3vSTg-qkPAZg,Gweilo-60,2019-03-12 09:47:51.531969,11113,0
UChXOhG9bRDb3vSTg-qkPAZg,Gweilo-60,2019-03-12 09:46:51.083638,11113,0
UChXOhG9bRDb3vSTg-qkPAZg,Gweilo-60,2019-03-12 09:45:51.553272,11113,0
UChXOhG9bRDb3vSTg-qkPAZg,Gweilo-60,2019-03-12 09:44:50.810086,11113,0
UChXOhG9bRDb3vSTg-qkPAZg,Gweilo-60,2019-03-12 09:43:51.57511,11113,0
UChXOhG9bRDb3vSTg-qkPAZg,Gweilo-60,2019-03-12 09:42:50.718144,11113,0
UChXOhG9bRDb3vSTg-qkPAZg,Gweilo-60,2019-03-12 09:41:50.944047,11113,0
UChXOhG9bRDb3vSTg-qkPAZg,Gweilo-60,2019-03-12 09:40:51.039519,11113,0
UChXOhG9bRDb3vSTg-qkPAZg,Gweilo-60,2019-03-12 09:39:51.150357,11113,0
UChXOhG9bRDb3vSTg-qkPAZg,Gweilo-60,2019-03-12 09:38:51.013675,11113,0
UChXOhG9bRDb3vSTg-qkPAZg,Gweilo-60,2019-03-12 09:37:50.868416,11113,0
UChXOhG9bRDb3vSTg-qkPAZg,Gweilo-60,2019-03-12 09:36:51.581266,11113,0
UChXOhG9bRDb3vSTg-qkPAZg,Gweilo-60,2019-03-12 09:35:51.559307,11113,0
UChXOhG9bRDb3vSTg-qkPAZg,Gweilo-60,2019-03-12 09:34:51.58931,11113,0
UChXOhG9bRDb3vSTg-qkPAZg,Gweilo-60,2019-03-12 09:33:50.847716,11113,0
UChXOhG9bRDb3vSTg-qkPAZg,Gweilo-60,2019-03-12 09:32:51.544327,11113,0
UChXOhG9bRDb3vSTg-qkPAZg,Gweilo-60,2019-03-12 09:31:51.216355,11113,0
UChXOhG9bRDb3vSTg-qkPAZg,Gweilo-60,2019-03-12 09:30:51.075686,11113,0
UChXOhG9bRDb3vSTg-qkPAZg,Gweilo-60,2019-03-12 09:29:51.041474,11113,0
UChXOhG9bRDb3vSTg-qkPAZg,Gweilo-60,2019-03-12 09:28:50.866656,11113,0
UChXOhG9bRDb3vSTg-qkPAZg,Gweilo-60,2019-03-12 09:27:50.960468,11113,0
UChXOhG9bRDb3vSTg-qkPAZg,Gweilo-60,2019-03-12 09:26:51.050793,11113,0
UChXOhG9bRDb3vSTg-qkPAZg,Gweilo-60,2019-03-12 09:25:50.983259,11113,0
UChXOhG9bRDb3vSTg-qkPAZg,Gweilo-60,2019-03-12 09:24:52.097928,11113,0
UChXOhG9bRDb3vSTg-qkPAZg,Gweilo-60,2019-03-12 09:23:51.016004,11113,0
UChXOhG9bRDb3vSTg-qkPAZg,Gweilo-60,2019-03-12 09:22:50.824351,11113,0
UChXOhG9bRDb3vSTg-qkPAZg,Gweilo-60,2019-03-12 09:21:51.056329,11113,0
UChXOhG9bRDb3vSTg-qkPAZg,Gweilo-60,2019-03-12 09:20:51.025705,11113,0
UChXOhG9bRDb3vSTg-qkPAZg,Gweilo-60,2019-03-12 09:19:51.587141,11113,0
UChXOhG9bRDb3vSTg-qkPAZg,Gweilo-60,2019-03-12 09:18:50.917323,11113,0
UChXOhG9bRDb3vSTg-qkPAZg,Gweilo-60,2019-03-12 09:17:51.307983,11113,0
UChXOhG9bRDb3vSTg-qkPAZg,Gweilo-60,2019-03-12 09:16:50.929893,11113,0
UChXOhG9bRDb3vSTg-qkPAZg,Gweilo-60,2019-03-12 09:15:50.755757,11113,0
UChXOhG9bRDb3vSTg-qkPAZg,Gweilo-60,2019-03-12 09:14:51.237697,11113,0
UChXOhG9bRDb3vSTg-qkPAZg,Gweilo-60,2019-03-12 09:13:51.183469,11113,0
UChXOhG9bRDb3vSTg-qkPAZg,Gweilo-60,2019-03-12 09:12:51.015215,11113,0
UChXOhG9bRDb3vSTg-qkPAZg,Gweilo-60,2019-03-12 09:11:51.395291,11113,0
UChXOhG9bRDb3vSTg-qkPAZg,Gweilo-60,2019-03-12 09:10:51.162485,11113,0
UChXOhG9bRDb3vSTg-qkPAZg,Gweilo-60,2019-03-12 09:09:51.51693,11113,0
UChXOhG9bRDb3vSTg-qkPAZg,Gweilo-60,2019-03-12 09:08:51.360082,11113,0
UChXOhG9bRDb3vSTg-qkPAZg,Gweilo-60,2019-03-12 09:07:50.526614,11113,0
UChXOhG9bRDb3vSTg-qkPAZg,Gweilo-60,2019-03-12 09:06:51.649936,11113,0
UChXOhG9bRDb3vSTg-qkPAZg,Gweilo-60,2019-03-12 09:05:51.087932,11113,0
UChXOhG9bRDb3vSTg-qkPAZg,Gweilo-60,2019-03-12 09:04:50.803132,11113,0
UChXOhG9bRDb3vSTg-qkPAZg,Gweilo-60,2019-03-12 09:03:51.601928,11113,0
UChXOhG9bRDb3vSTg-qkPAZg,Gweilo-60,2019-03-12 09:02:50.828593,11113,0
UChXOhG9bRDb3vSTg-qkPAZg,Gweilo-60,2019-03-12 09:01:50.920809,11113,0
UChXOhG9bRDb3vSTg-qkPAZg,Gweilo-60,2019-03-12 09:00:50.555939,11113,-1
UChXOhG9bRDb3vSTg-qkPAZg,Gweilo-60,2019-03-12 08:59:51.119402,11114,0
UChXOhG9bRDb3vSTg-qkPAZg,Gweilo-60,2019-03-12 08:58:51.6529,11114,0
UChXOhG9bRDb3vSTg-qkPAZg,Gweilo-60,2019-03-12 08:57:51.060896,11114,0
UChXOhG9bRDb3vSTg-qkPAZg,Gweilo-60,2019-03-12 08:56:50.906801,11114,0
UChXOhG9bRDb3vSTg-qkPAZg,Gweilo-60,2019-03-12 08:55:50.561691,11114,0
UChXOhG9bRDb3vSTg-qkPAZg,Gweilo-60,2019-03-12 08:54:51.396363,11114,0
UChXOhG9bRDb3vSTg-qkPAZg,Gweilo-60,2019-03-12 08:53:51.121332,11114,0
UChXOhG9bRDb3vSTg-qkPAZg,Gweilo-60,2019-03-12 08:52:50.900937,11114,0
UChXOhG9bRDb3vSTg-qkPAZg,Gweilo-60,2019-03-12 08:51:50.721092,11114,0
UChXOhG9bRDb3vSTg-qkPAZg,Gweilo-60,2019-03-12 08:50:51.286702,11114,0
UChXOhG9bRDb3vSTg-qkPAZg,Gweilo-60,2019-03-12 08:49:50.972926,11114,0
UChXOhG9bRDb3vSTg-qkPAZg,Gweilo-60,2019-03-12 08:48:51.106403,11114,0
UChXOhG9bRDb3vSTg-qkPAZg,Gweilo-60,2019-03-12 08:47:50.917247,11114,0
UChXOhG9bRDb3vSTg-qkPAZg,Gweilo-60,2019-03-12 08:46:50.871557,11114,0
UChXOhG9bRDb3vSTg-qkPAZg,Gweilo-60,2019-03-12 08:45:50.931307,11114,0
UChXOhG9bRDb3vSTg-qkPAZg,Gweilo-60,2019-03-12 08:44:51.26011,11114,0
UChXOhG9bRDb3vSTg-qkPAZg,Gweilo-60,2019-03-12 08:43:51.12679,11114,0
UChXOhG9bRDb3vSTg-qkPAZg,Gweilo-60,2019-03-12 08:42:51.062686,11114,0
UChXOhG9bRDb3vSTg-qkPAZg,Gweilo-60,2019-03-12 08:41:50.942724,11114,0
UChXOhG9bRDb3vSTg-qkPAZg,Gweilo-60,2019-03-12 08:40:50.973064,11114,0
UChXOhG9bRDb3vSTg-qkPAZg,Gweilo-60,2019-03-12 08:39:50.905241,11114,0
UChXOhG9bRDb3vSTg-qkPAZg,Gweilo-60,2019-03-12 08:38:51.085012,11114,0
UChXOhG9bRDb3vSTg-qkPAZg,Gweilo-60,2019-03-12 08:37:51.440403,11114,0
UChXOhG9bRDb3vSTg-qkPAZg,Gweilo-60,2019-03-12 08:36:51.513356,11114,0
UChXOhG9bRDb3vSTg-qkPAZg,Gweilo-60,2019-03-12 08:35:50.741956,11114,0
UChXOhG9bRDb3vSTg-qkPAZg,Gweilo-60,2019-03-12 08:34:51.199303,11114,0
UChXOhG9bRDb3vSTg-qkPAZg,Gweilo-60,2019-03-12 08:33:51.134302,11114,0
UChXOhG9bRDb3vSTg-qkPAZg,Gweilo-60,2019-03-12 08:32:51.232713,11114,0
UChXOhG9bRDb3vSTg-qkPAZg,Gweilo-60,2019-03-12 08:31:51.037782,11114,0
UChXOhG9bRDb3vSTg-qkPAZg,Gweilo-60,2019-03-12 08:30:51.140956,11114,0
UChXOhG9bRDb3vSTg-qkPAZg,Gweilo-60,2019-03-12 08:29:50.767235,11114,0
UChXOhG9bRDb3vSTg-qkPAZg,Gweilo-60,2019-03-12 08:28:51.880023,11114,0
UChXOhG9bRDb3vSTg-qkPAZg,Gweilo-60,2019-03-12 08:27:51.446654,11114,0
UChXOhG9bRDb3vSTg-qkPAZg,Gweilo-60,2019-03-12 08:26:51.315084,11114,0
UChXOhG9bRDb3vSTg-qkPAZg,Gweilo-60,2019-03-12 08:25:50.748688,11114,0
UChXOhG9bRDb3vSTg-qkPAZg,Gweilo-60,2019-03-12 08:24:51.273863,11114,0
UChXOhG9bRDb3vSTg-qkPAZg,Gweilo-60,2019-03-12 08:23:50.801902,11114,0
UChXOhG9bRDb3vSTg-qkPAZg,Gweilo-60,2019-03-12 08:22:52.138858,11114,0
UChXOhG9bRDb3vSTg-qkPAZg,Gweilo-60,2019-03-12 08:21:51.191127,11114,0
UChXOhG9bRDb3vSTg-qkPAZg,Gweilo-60,2019-03-12 08:20:50.676485,11114,0
UChXOhG9bRDb3vSTg-qkPAZg,Gweilo-60,2019-03-12 08:19:50.876275,11114,0
UChXOhG9bRDb3vSTg-qkPAZg,Gweilo-60,2019-03-12 08:18:50.915359,11114,0
UChXOhG9bRDb3vSTg-qkPAZg,Gweilo-60,2019-03-12 08:17:51.946343,11114,0
UChXOhG9bRDb3vSTg-qkPAZg,Gweilo-60,2019-03-12 08:16:51.148154,11114,0
UChXOhG9bRDb3vSTg-qkPAZg,Gweilo-60,2019-03-12 08:15:51.027241,11114,0
UChXOhG9bRDb3vSTg-qkPAZg,Gweilo-60,2019-03-12 08:14:50.750066,11114,0
UChXOhG9bRDb3vSTg-qkPAZg,Gweilo-60,2019-03-12 08:13:50.79902,11114,0
UChXOhG9bRDb3vSTg-qkPAZg,Gweilo-60,2019-03-12 08:12:51.199911,11114,0
UChXOhG9bRDb3vSTg-qkPAZg,Gweilo-60,2019-03-12 08:11:50.976115,11114,0
UChXOhG9bRDb3vSTg-qkPAZg,Gweilo-60,2019-03-12 08:10:50.935237,11114,0
UChXOhG9bRDb3vSTg-qkPAZg,Gweilo-60,2019-03-12 08:09:50.964216,11114,0
UChXOhG9bRDb3vSTg-qkPAZg,Gweilo-60,2019-03-12 08:08:51.127243,11114,0
UChXOhG9bRDb3vSTg-qkPAZg,Gweilo-60,2019-03-12 08:07:51.247822,11114,0
UChXOhG9bRDb3vSTg-qkPAZg,Gweilo-60,2019-03-12 08:06:51.028832,11114,0
UChXOhG9bRDb3vSTg-qkPAZg,Gweilo-60,2019-03-12 08:05:50.732775,11114,0
UChXOhG9bRDb3vSTg-qkPAZg,Gweilo-60,2019-03-12 08:04:51.528954,11114,0
UChXOhG9bRDb3vSTg-qkPAZg,Gweilo-60,2019-03-12 08:03:50.843191,11114,0
UChXOhG9bRDb3vSTg-qkPAZg,Gweilo-60,2019-03-12 08:02:50.832993,11114,0
UChXOhG9bRDb3vSTg-qkPAZg,Gweilo-60,2019-03-12 08:01:51.129813,11114,0
UChXOhG9bRDb3vSTg-qkPAZg,Gweilo-60,2019-03-12 08:00:51.427897,11114,0
UChXOhG9bRDb3vSTg-qkPAZg,Gweilo-60,2019-03-12 07:59:50.938774,11114,0
UChXOhG9bRDb3vSTg-qkPAZg,Gweilo-60,2019-03-12 07:58:50.438978,11114,0
UChXOhG9bRDb3vSTg-qkPAZg,Gweilo-60,2019-03-12 07:57:50.8786,11114,0
UChXOhG9bRDb3vSTg-qkPAZg,Gweilo-60,2019-03-12 07:56:50.796948,11114,0
UChXOhG9bRDb3vSTg-qkPAZg,Gweilo-60,2019-03-12 07:55:51.030779,11114,0
UChXOhG9bRDb3vSTg-qkPAZg,Gweilo-60,2019-03-12 07:54:51.133145,11114,0
UChXOhG9bRDb3vSTg-qkPAZg,Gweilo-60,2019-03-12 07:53:51.590268,11114,0
UChXOhG9bRDb3vSTg-qkPAZg,Gweilo-60,2019-03-12 07:52:50.492983,11114,0
UChXOhG9bRDb3vSTg-qkPAZg,Gweilo-60,2019-03-12 07:51:51.499784,11114,0
UChXOhG9bRDb3vSTg-qkPAZg,Gweilo-60,2019-03-12 07:50:51.349472,11114,0
UChXOhG9bRDb3vSTg-qkPAZg,Gweilo-60,2019-03-12 07:49:51.066494,11114,0
UChXOhG9bRDb3vSTg-qkPAZg,Gweilo-60,2019-03-12 07:48:51.003991,11114,0
UChXOhG9bRDb3vSTg-qkPAZg,Gweilo-60,2019-03-12 07:47:51.168305,11114,0
UChXOhG9bRDb3vSTg-qkPAZg,Gweilo-60,2019-03-12 07:46:51.138582,11114,0
UChXOhG9bRDb3vSTg-qkPAZg,Gweilo-60,2019-03-12 07:45:50.965937,11114,0
UChXOhG9bRDb3vSTg-qkPAZg,Gweilo-60,2019-03-12 07:44:51.044535,11114,0
UChXOhG9bRDb3vSTg-qkPAZg,Gweilo-60,2019-03-12 07:43:51.080807,11114,0
UChXOhG9bRDb3vSTg-qkPAZg,Gweilo-60,2019-03-12 07:42:51.41186,11114,0
UChXOhG9bRDb3vSTg-qkPAZg,Gweilo-60,2019-03-12 07:41:51.560797,11114,0
UChXOhG9bRDb3vSTg-qkPAZg,Gweilo-60,2019-03-12 07:40:51.10837,11114,0
UChXOhG9bRDb3vSTg-qkPAZg,Gweilo-60,2019-03-12 07:39:51.671211,11114,0
UChXOhG9bRDb3vSTg-qkPAZg,Gweilo-60,2019-03-12 07:38:51.616465,11114,0
UChXOhG9bRDb3vSTg-qkPAZg,Gweilo-60,2019-03-12 07:37:50.987782,11114,0
UChXOhG9bRDb3vSTg-qkPAZg,Gweilo-60,2019-03-12 07:36:51.749845,11114,0
UChXOhG9bRDb3vSTg-qkPAZg,Gweilo-60,2019-03-12 07:35:51.219688,11114,0
UChXOhG9bRDb3vSTg-qkPAZg,Gweilo-60,2019-03-12 07:34:51.106722,11114,0
UChXOhG9bRDb3vSTg-qkPAZg,Gweilo-60,2019-03-12 07:33:50.879865,11114,0
UChXOhG9bRDb3vSTg-qkPAZg,Gweilo-60,2019-03-12 07:32:50.872353,11114,0
UChXOhG9bRDb3vSTg-qkPAZg,Gweilo-60,2019-03-12 07:31:50.964436,11114,0
UChXOhG9bRDb3vSTg-qkPAZg,Gweilo-60,2019-03-12 07:30:51.308978,11114,0
UChXOhG9bRDb3vSTg-qkPAZg,Gweilo-60,2019-03-12 07:29:51.355915,11114,0
UChXOhG9bRDb3vSTg-qkPAZg,Gweilo-60,2019-03-12 07:28:51.198845,11114,0
UChXOhG9bRDb3vSTg-qkPAZg,Gweilo-60,2019-03-12 07:27:50.942863,11114,0
UChXOhG9bRDb3vSTg-qkPAZg,Gweilo-60,2019-03-12 07:26:51.145524,11114,0
UChXOhG9bRDb3vSTg-qkPAZg,Gweilo-60,2019-03-12 07:25:50.993363,11114,0
UChXOhG9bRDb3vSTg-qkPAZg,Gweilo-60,2019-03-12 07:24:51.492548,11114,0
UChXOhG9bRDb3vSTg-qkPAZg,Gweilo-60,2019-03-12 07:23:51.221668,11114,0
UChXOhG9bRDb3vSTg-qkPAZg,Gweilo-60,2019-03-12 07:22:51.368158,11114,0
UChXOhG9bRDb3vSTg-qkPAZg,Gweilo-60,2019-03-12 07:21:51.011686,11114,0
UChXOhG9bRDb3vSTg-qkPAZg,Gweilo-60,2019-03-12 07:20:51.347122,11114,0
UChXOhG9bRDb3vSTg-qkPAZg,Gweilo-60,2019-03-12 07:19:50.802405,11114,0
UChXOhG9bRDb3vSTg-qkPAZg,Gweilo-60,2019-03-12 07:18:51.185137,11114,0
UChXOhG9bRDb3vSTg-qkPAZg,Gweilo-60,2019-03-12 07:17:51.71885,11114,0
UChXOhG9bRDb3vSTg-qkPAZg,Gweilo-60,2019-03-12 07:16:51.061646,11114,0
UChXOhG9bRDb3vSTg-qkPAZg,Gweilo-60,2019-03-12 07:15:51.689667,11114,0
UChXOhG9bRDb3vSTg-qkPAZg,Gweilo-60,2019-03-12 07:14:51.09506,11114,0
UChXOhG9bRDb3vSTg-qkPAZg,Gweilo-60,2019-03-12 07:13:51.195916,11114,0
UChXOhG9bRDb3vSTg-qkPAZg,Gweilo-60,2019-03-12 07:12:51.179738,11114,0
UChXOhG9bRDb3vSTg-qkPAZg,Gweilo-60,2019-03-12 07:11:50.762294,11114,0
UChXOhG9bRDb3vSTg-qkPAZg,Gweilo-60,2019-03-12 07:10:51.41309,11114,0
UChXOhG9bRDb3vSTg-qkPAZg,Gweilo-60,2019-03-12 07:09:50.860549,11114,0
UChXOhG9bRDb3vSTg-qkPAZg,Gweilo-60,2019-03-12 07:08:50.646872,11114,0
UChXOhG9bRDb3vSTg-qkPAZg,Gweilo-60,2019-03-12 07:07:51.559841,11114,0
UChXOhG9bRDb3vSTg-qkPAZg,Gweilo-60,2019-03-12 07:06:51.788303,11114,0
UChXOhG9bRDb3vSTg-qkPAZg,Gweilo-60,2019-03-12 07:05:51.009522,11114,0
UChXOhG9bRDb3vSTg-qkPAZg,Gweilo-60,2019-03-12 07:04:51.614067,11114,0
UChXOhG9bRDb3vSTg-qkPAZg,Gweilo-60,2019-03-12 07:03:51.552618,11114,0
UChXOhG9bRDb3vSTg-qkPAZg,Gweilo-60,2019-03-12 07:02:50.875811,11114,0
UChXOhG9bRDb3vSTg-qkPAZg,Gweilo-60,2019-03-12 07:01:51.276297,11114,0
UChXOhG9bRDb3vSTg-qkPAZg,Gweilo-60,2019-03-12 07:00:51.349203,11114,0
UChXOhG9bRDb3vSTg-qkPAZg,Gweilo-60,2019-03-12 06:59:51.47719,11114,0
UChXOhG9bRDb3vSTg-qkPAZg,Gweilo-60,2019-03-12 06:58:51.103419,11114,0
UChXOhG9bRDb3vSTg-qkPAZg,Gweilo-60,2019-03-12 06:57:51.410704,11114,0
UChXOhG9bRDb3vSTg-qkPAZg,Gweilo-60,2019-03-12 06:56:51.357397,11114,0
UChXOhG9bRDb3vSTg-qkPAZg,Gweilo-60,2019-03-12 06:55:51.875463,11114,0
UChXOhG9bRDb3vSTg-qkPAZg,Gweilo-60,2019-03-12 06:54:50.886296,11114,0
UChXOhG9bRDb3vSTg-qkPAZg,Gweilo-60,2019-03-12 06:53:51.158022,11114,0
UChXOhG9bRDb3vSTg-qkPAZg,Gweilo-60,2019-03-12 06:52:51.569892,11114,0
UChXOhG9bRDb3vSTg-qkPAZg,Gweilo-60,2019-03-12 06:51:50.854025,11114,0
UChXOhG9bRDb3vSTg-qkPAZg,Gweilo-60,2019-03-12 06:50:50.682053,11114,0
UChXOhG9bRDb3vSTg-qkPAZg,Gweilo-60,2019-03-12 06:49:50.970601,11114,0
UChXOhG9bRDb3vSTg-qkPAZg,Gweilo-60,2019-03-12 06:48:50.719486,11114,0
UChXOhG9bRDb3vSTg-qkPAZg,Gweilo-60,2019-03-12 06:47:51.11242,11114,0
UChXOhG9bRDb3vSTg-qkPAZg,Gweilo-60,2019-03-12 06:46:50.966161,11114,-1
UChXOhG9bRDb3vSTg-qkPAZg,Gweilo-60,2019-03-12 06:45:51.251674,11115,0
UChXOhG9bRDb3vSTg-qkPAZg,Gweilo-60,2019-03-12 06:44:51.1815,11115,0
UChXOhG9bRDb3vSTg-qkPAZg,Gweilo-60,2019-03-12 06:43:51.050694,11115,0
UChXOhG9bRDb3vSTg-qkPAZg,Gweilo-60,2019-03-12 06:42:50.778306,11115,0
UChXOhG9bRDb3vSTg-qkPAZg,Gweilo-60,2019-03-12 06:41:50.610689,11115,0
UChXOhG9bRDb3vSTg-qkPAZg,Gweilo-60,2019-03-12 06:40:50.752237,11115,0
UChXOhG9bRDb3vSTg-qkPAZg,Gweilo-60,2019-03-12 06:39:50.385717,11115,0
UChXOhG9bRDb3vSTg-qkPAZg,Gweilo-60,2019-03-12 06:38:50.114613,11115,0
UChXOhG9bRDb3vSTg-qkPAZg,Gweilo-60,2019-03-12 06:37:50.833378,11115,0
UChXOhG9bRDb3vSTg-qkPAZg,Gweilo-60,2019-03-12 06:36:50.783068,11115,0
UChXOhG9bRDb3vSTg-qkPAZg,Gweilo-60,2019-03-12 06:35:51.054502,11115,0
UChXOhG9bRDb3vSTg-qkPAZg,Gweilo-60,2019-03-12 06:34:50.453216,11115,0
UChXOhG9bRDb3vSTg-qkPAZg,Gweilo-60,2019-03-12 06:33:51.024948,11115,0
UChXOhG9bRDb3vSTg-qkPAZg,Gweilo-60,2019-03-12 06:32:50.779596,11115,0
UChXOhG9bRDb3vSTg-qkPAZg,Gweilo-60,2019-03-12 06:31:51.185703,11115,0
UChXOhG9bRDb3vSTg-qkPAZg,Gweilo-60,2019-03-12 06:30:51.149945,11115,0
UChXOhG9bRDb3vSTg-qkPAZg,Gweilo-60,2019-03-12 06:29:51.672918,11115,0
UChXOhG9bRDb3vSTg-qkPAZg,Gweilo-60,2019-03-12 06:28:51.136968,11115,0
UChXOhG9bRDb3vSTg-qkPAZg,Gweilo-60,2019-03-12 06:27:51.519009,11115,0
UChXOhG9bRDb3vSTg-qkPAZg,Gweilo-60,2019-03-12 06:26:51.475732,11115,0
UChXOhG9bRDb3vSTg-qkPAZg,Gweilo-60,2019-03-12 06:25:52.366476,11115,0
UChXOhG9bRDb3vSTg-qkPAZg,Gweilo-60,2019-03-12 06:24:51.213862,11115,0
UChXOhG9bRDb3vSTg-qkPAZg,Gweilo-60,2019-03-12 06:23:50.635113,11115,0
UChXOhG9bRDb3vSTg-qkPAZg,Gweilo-60,2019-03-12 06:22:51.002934,11115,0
UChXOhG9bRDb3vSTg-qkPAZg,Gweilo-60,2019-03-12 06:21:51.080553,11115,0
UChXOhG9bRDb3vSTg-qkPAZg,Gweilo-60,2019-03-12 06:20:50.997331,11115,0
UChXOhG9bRDb3vSTg-qkPAZg,Gweilo-60,2019-03-12 06:19:50.618083,11115,0
UChXOhG9bRDb3vSTg-qkPAZg,Gweilo-60,2019-03-12 06:18:50.759267,11115,0
UChXOhG9bRDb3vSTg-qkPAZg,Gweilo-60,2019-03-12 06:17:51.110024,11115,0
UChXOhG9bRDb3vSTg-qkPAZg,Gweilo-60,2019-03-12 06:16:51.085919,11115,0
UChXOhG9bRDb3vSTg-qkPAZg,Gweilo-60,2019-03-12 06:15:50.9572,11115,0
UChXOhG9bRDb3vSTg-qkPAZg,Gweilo-60,2019-03-12 06:14:51.626318,11115,0
UChXOhG9bRDb3vSTg-qkPAZg,Gweilo-60,2019-03-12 06:13:51.015546,11115,0
UChXOhG9bRDb3vSTg-qkPAZg,Gweilo-60,2019-03-12 06:12:51.332422,11115,0
UChXOhG9bRDb3vSTg-qkPAZg,Gweilo-60,2019-03-12 06:11:51.432575,11115,0
UChXOhG9bRDb3vSTg-qkPAZg,Gweilo-60,2019-03-12 06:10:50.651804,11115,0
UChXOhG9bRDb3vSTg-qkPAZg,Gweilo-60,2019-03-12 06:09:51.398353,11115,0
UChXOhG9bRDb3vSTg-qkPAZg,Gweilo-60,2019-03-12 06:08:51.681117,11115,0
UChXOhG9bRDb3vSTg-qkPAZg,Gweilo-60,2019-03-12 06:07:50.922704,11115,0
UChXOhG9bRDb3vSTg-qkPAZg,Gweilo-60,2019-03-12 06:06:51.124459,11115,0
UChXOhG9bRDb3vSTg-qkPAZg,Gweilo-60,2019-03-12 06:05:51.295921,11115,0
UChXOhG9bRDb3vSTg-qkPAZg,Gweilo-60,2019-03-12 06:04:51.164507,11115,0
UChXOhG9bRDb3vSTg-qkPAZg,Gweilo-60,2019-03-12 06:03:51.63985,11115,0
UChXOhG9bRDb3vSTg-qkPAZg,Gweilo-60,2019-03-12 06:02:51.683473,11115,0
UChXOhG9bRDb3vSTg-qkPAZg,Gweilo-60,2019-03-12 06:01:50.798044,11115,0
UChXOhG9bRDb3vSTg-qkPAZg,Gweilo-60,2019-03-12 06:00:51.162561,11115,0
UChXOhG9bRDb3vSTg-qkPAZg,Gweilo-60,2019-03-12 05:59:51.090626,11115,0
UChXOhG9bRDb3vSTg-qkPAZg,Gweilo-60,2019-03-12 05:58:51.102647,11115,0
UChXOhG9bRDb3vSTg-qkPAZg,Gweilo-60,2019-03-12 05:57:50.39866,11115,0
UChXOhG9bRDb3vSTg-qkPAZg,Gweilo-60,2019-03-12 05:56:50.575709,11115,0
UChXOhG9bRDb3vSTg-qkPAZg,Gweilo-60,2019-03-12 05:55:51.323516,11115,0
UChXOhG9bRDb3vSTg-qkPAZg,Gweilo-60,2019-03-12 05:54:51.737371,11115,0
UChXOhG9bRDb3vSTg-qkPAZg,Gweilo-60,2019-03-12 05:53:50.900843,11115,0
UChXOhG9bRDb3vSTg-qkPAZg,Gweilo-60,2019-03-12 05:52:51.736418,11115,0
UChXOhG9bRDb3vSTg-qkPAZg,Gweilo-60,2019-03-12 05:51:51.032214,11115,0
UChXOhG9bRDb3vSTg-qkPAZg,Gweilo-60,2019-03-12 05:50:52.295582,11115,0
UChXOhG9bRDb3vSTg-qkPAZg,Gweilo-60,2019-03-12 05:49:51.070329,11115,0
UChXOhG9bRDb3vSTg-qkPAZg,Gweilo-60,2019-03-12 05:48:52.028637,11115,0
UChXOhG9bRDb3vSTg-qkPAZg,Gweilo-60,2019-03-12 05:47:51.639851,11115,0
UChXOhG9bRDb3vSTg-qkPAZg,Gweilo-60,2019-03-12 05:46:51.621036,11115,0
UChXOhG9bRDb3vSTg-qkPAZg,Gweilo-60,2019-03-12 05:45:51.979279,11115,0
UChXOhG9bRDb3vSTg-qkPAZg,Gweilo-60,2019-03-12 05:44:50.9302,11115,0
UChXOhG9bRDb3vSTg-qkPAZg,Gweilo-60,2019-03-12 05:43:52.21559,11115,0
UChXOhG9bRDb3vSTg-qkPAZg,Gweilo-60,2019-03-12 05:42:50.613254,11115,0
UChXOhG9bRDb3vSTg-qkPAZg,Gweilo-60,2019-03-12 05:41:51.275398,11115,0
UChXOhG9bRDb3vSTg-qkPAZg,Gweilo-60,2019-03-12 05:40:51.257748,11115,0
UChXOhG9bRDb3vSTg-qkPAZg,Gweilo-60,2019-03-12 05:39:50.861819,11115,0
UChXOhG9bRDb3vSTg-qkPAZg,Gweilo-60,2019-03-12 05:38:52.663189,11115,0
UChXOhG9bRDb3vSTg-qkPAZg,Gweilo-60,2019-03-12 05:37:51.472475,11115,0
UChXOhG9bRDb3vSTg-qkPAZg,Gweilo-60,2019-03-12 05:36:51.717924,11115,0
UChXOhG9bRDb3vSTg-qkPAZg,Gweilo-60,2019-03-12 05:35:51.867285,11115,0
UChXOhG9bRDb3vSTg-qkPAZg,Gweilo-60,2019-03-12 05:34:51.230083,11115,0
UChXOhG9bRDb3vSTg-qkPAZg,Gweilo-60,2019-03-12 05:33:50.972094,11115,0
UChXOhG9bRDb3vSTg-qkPAZg,Gweilo-60,2019-03-12 05:32:50.975081,11115,0
UChXOhG9bRDb3vSTg-qkPAZg,Gweilo-60,2019-03-12 05:31:51.171838,11115,0
UChXOhG9bRDb3vSTg-qkPAZg,Gweilo-60,2019-03-12 05:30:51.212148,11115,0
UChXOhG9bRDb3vSTg-qkPAZg,Gweilo-60,2019-03-12 05:29:51.121341,11115,0
UChXOhG9bRDb3vSTg-qkPAZg,Gweilo-60,2019-03-12 05:28:51.183387,11115,0
UChXOhG9bRDb3vSTg-qkPAZg,Gweilo-60,2019-03-12 05:27:50.750263,11115,0
UChXOhG9bRDb3vSTg-qkPAZg,Gweilo-60,2019-03-12 05:26:50.994193,11115,0
UChXOhG9bRDb3vSTg-qkPAZg,Gweilo-60,2019-03-12 05:25:51.331899,11115,0
UChXOhG9bRDb3vSTg-qkPAZg,Gweilo-60,2019-03-12 05:24:51.703908,11115,0
UChXOhG9bRDb3vSTg-qkPAZg,Gweilo-60,2019-03-12 05:23:51.594272,11115,0
UChXOhG9bRDb3vSTg-qkPAZg,Gweilo-60,2019-03-12 05:22:51.14436,11115,0
UChXOhG9bRDb3vSTg-qkPAZg,Gweilo-60,2019-03-12 05:21:51.193949,11115,0
UChXOhG9bRDb3vSTg-qkPAZg,Gweilo-60,2019-03-12 05:20:51.56524,11115,0
UChXOhG9bRDb3vSTg-qkPAZg,Gweilo-60,2019-03-12 05:19:51.626085,11115,0
UChXOhG9bRDb3vSTg-qkPAZg,Gweilo-60,2019-03-12 05:18:51.340501,11115,0
UChXOhG9bRDb3vSTg-qkPAZg,Gweilo-60,2019-03-12 05:17:51.170634,11115,0
UChXOhG9bRDb3vSTg-qkPAZg,Gweilo-60,2019-03-12 05:16:51.048409,11115,0
UChXOhG9bRDb3vSTg-qkPAZg,Gweilo-60,2019-03-12 05:15:51.690521,11115,0
UChXOhG9bRDb3vSTg-qkPAZg,Gweilo-60,2019-03-12 05:14:51.246774,11115,0
UChXOhG9bRDb3vSTg-qkPAZg,Gweilo-60,2019-03-12 05:13:51.393974,11115,0
UChXOhG9bRDb3vSTg-qkPAZg,Gweilo-60,2019-03-12 05:12:50.693964,11115,0
UChXOhG9bRDb3vSTg-qkPAZg,Gweilo-60,2019-03-12 05:11:51.288668,11115,0
UChXOhG9bRDb3vSTg-qkPAZg,Gweilo-60,2019-03-12 05:10:51.010105,11115,0
UChXOhG9bRDb3vSTg-qkPAZg,Gweilo-60,2019-03-12 05:09:51.200654,11115,0
UChXOhG9bRDb3vSTg-qkPAZg,Gweilo-60,2019-03-12 05:08:51.260913,11115,0
UChXOhG9bRDb3vSTg-qkPAZg,Gweilo-60,2019-03-12 05:07:51.386326,11115,0
UChXOhG9bRDb3vSTg-qkPAZg,Gweilo-60,2019-03-12 05:06:50.985876,11115,0
UChXOhG9bRDb3vSTg-qkPAZg,Gweilo-60,2019-03-12 05:05:51.336172,11115,0
UChXOhG9bRDb3vSTg-qkPAZg,Gweilo-60,2019-03-12 05:04:50.67142,11115,0
UChXOhG9bRDb3vSTg-qkPAZg,Gweilo-60,2019-03-12 05:03:51.464218,11115,0
UChXOhG9bRDb3vSTg-qkPAZg,Gweilo-60,2019-03-12 05:02:50.994441,11115,0
UChXOhG9bRDb3vSTg-qkPAZg,Gweilo-60,2019-03-12 05:01:51.1216,11115,0
UChXOhG9bRDb3vSTg-qkPAZg,Gweilo-60,2019-03-12 05:00:50.727858,11115,0
UChXOhG9bRDb3vSTg-qkPAZg,Gweilo-60,2019-03-12 04:59:50.679022,11115,0
UChXOhG9bRDb3vSTg-qkPAZg,Gweilo-60,2019-03-12 04:58:50.923446,11115,0
UChXOhG9bRDb3vSTg-qkPAZg,Gweilo-60,2019-03-12 04:57:50.980893,11115,0
UChXOhG9bRDb3vSTg-qkPAZg,Gweilo-60,2019-03-12 04:56:51.248181,11115,0
UChXOhG9bRDb3vSTg-qkPAZg,Gweilo-60,2019-03-12 04:55:51.605122,11115,0
UChXOhG9bRDb3vSTg-qkPAZg,Gweilo-60,2019-03-12 04:54:51.270973,11115,0
UChXOhG9bRDb3vSTg-qkPAZg,Gweilo-60,2019-03-12 04:53:50.818328,11115,0
UChXOhG9bRDb3vSTg-qkPAZg,Gweilo-60,2019-03-12 04:52:51.191642,11115,0
UChXOhG9bRDb3vSTg-qkPAZg,Gweilo-60,2019-03-12 04:51:50.688934,11115,0
UChXOhG9bRDb3vSTg-qkPAZg,Gweilo-60,2019-03-12 04:50:51.40263,11115,0
UChXOhG9bRDb3vSTg-qkPAZg,Gweilo-60,2019-03-12 04:49:50.974589,11115,0
UChXOhG9bRDb3vSTg-qkPAZg,Gweilo-60,2019-03-12 04:48:51.429137,11115,0
UChXOhG9bRDb3vSTg-qkPAZg,Gweilo-60,2019-03-12 04:47:50.693273,11115,0
UChXOhG9bRDb3vSTg-qkPAZg,Gweilo-60,2019-03-12 04:46:51.408319,11115,0
UChXOhG9bRDb3vSTg-qkPAZg,Gweilo-60,2019-03-12 04:45:50.838804,11115,0
UChXOhG9bRDb3vSTg-qkPAZg,Gweilo-60,2019-03-12 04:44:50.823575,11115,0
UChXOhG9bRDb3vSTg-qkPAZg,Gweilo-60,2019-03-12 04:43:51.41235,11115,0
UChXOhG9bRDb3vSTg-qkPAZg,Gweilo-60,2019-03-12 04:42:52.5068,11115,0
UChXOhG9bRDb3vSTg-qkPAZg,Gweilo-60,2019-03-12 04:41:51.236399,11115,0
UChXOhG9bRDb3vSTg-qkPAZg,Gweilo-60,2019-03-12 04:40:51.236824,11115,0
UChXOhG9bRDb3vSTg-qkPAZg,Gweilo-60,2019-03-12 04:39:52.315015,11115,0
UChXOhG9bRDb3vSTg-qkPAZg,Gweilo-60,2019-03-12 04:38:53.84424,11115,0
UChXOhG9bRDb3vSTg-qkPAZg,Gweilo-60,2019-03-12 04:37:51.118813,11115,0
UChXOhG9bRDb3vSTg-qkPAZg,Gweilo-60,2019-03-12 04:36:50.747945,11115,0
UChXOhG9bRDb3vSTg-qkPAZg,Gweilo-60,2019-03-12 04:35:51.014374,11115,0
UChXOhG9bRDb3vSTg-qkPAZg,Gweilo-60,2019-03-12 04:34:51.041342,11115,0
UChXOhG9bRDb3vSTg-qkPAZg,Gweilo-60,2019-03-12 04:33:51.176299,11115,0
UChXOhG9bRDb3vSTg-qkPAZg,Gweilo-60,2019-03-12 04:32:51.536673,11115,0
UChXOhG9bRDb3vSTg-qkPAZg,Gweilo-60,2019-03-12 04:31:52.594043,11115,0
UChXOhG9bRDb3vSTg-qkPAZg,Gweilo-60,2019-03-12 04:30:51.770026,11115,0
UChXOhG9bRDb3vSTg-qkPAZg,Gweilo-60,2019-03-12 04:29:51.424824,11115,0
UChXOhG9bRDb3vSTg-qkPAZg,Gweilo-60,2019-03-12 04:28:50.907364,11115,0
UChXOhG9bRDb3vSTg-qkPAZg,Gweilo-60,2019-03-12 04:27:51.106038,11115,0
UChXOhG9bRDb3vSTg-qkPAZg,Gweilo-60,2019-03-12 04:26:51.171173,11115,0
UChXOhG9bRDb3vSTg-qkPAZg,Gweilo-60,2019-03-12 04:25:50.596988,11115,0
UChXOhG9bRDb3vSTg-qkPAZg,Gweilo-60,2019-03-12 04:24:50.920428,11115,0
UChXOhG9bRDb3vSTg-qkPAZg,Gweilo-60,2019-03-12 04:23:51.206286,11115,0
UChXOhG9bRDb3vSTg-qkPAZg,Gweilo-60,2019-03-12 04:22:51.461007,11115,0
UChXOhG9bRDb3vSTg-qkPAZg,Gweilo-60,2019-03-12 04:21:51.714872,11115,0
UChXOhG9bRDb3vSTg-qkPAZg,Gweilo-60,2019-03-12 04:20:51.380851,11115,0
UChXOhG9bRDb3vSTg-qkPAZg,Gweilo-60,2019-03-12 04:19:50.967299,11115,0
UChXOhG9bRDb3vSTg-qkPAZg,Gweilo-60,2019-03-12 04:18:51.514716,11115,0
UChXOhG9bRDb3vSTg-qkPAZg,Gweilo-60,2019-03-12 04:17:51.279698,11115,0
UChXOhG9bRDb3vSTg-qkPAZg,Gweilo-60,2019-03-12 04:16:50.888654,11115,0
UChXOhG9bRDb3vSTg-qkPAZg,Gweilo-60,2019-03-12 04:15:51.443326,11115,0
UChXOhG9bRDb3vSTg-qkPAZg,Gweilo-60,2019-03-12 04:14:50.888719,11115,0
UChXOhG9bRDb3vSTg-qkPAZg,Gweilo-60,2019-03-12 04:13:51.075767,11115,0
UChXOhG9bRDb3vSTg-qkPAZg,Gweilo-60,2019-03-12 04:12:51.196501,11115,0
UChXOhG9bRDb3vSTg-qkPAZg,Gweilo-60,2019-03-12 04:11:53.134477,11115,0
UChXOhG9bRDb3vSTg-qkPAZg,Gweilo-60,2019-03-12 04:10:51.294388,11115,0
UChXOhG9bRDb3vSTg-qkPAZg,Gweilo-60,2019-03-12 04:09:51.053248,11115,0
UChXOhG9bRDb3vSTg-qkPAZg,Gweilo-60,2019-03-12 04:08:51.107775,11115,0
UChXOhG9bRDb3vSTg-qkPAZg,Gweilo-60,2019-03-12 04:07:50.795674,11115,0
UChXOhG9bRDb3vSTg-qkPAZg,Gweilo-60,2019-03-12 04:06:51.506098,11115,0
UChXOhG9bRDb3vSTg-qkPAZg,Gweilo-60,2019-03-12 04:05:50.916858,11115,0
UChXOhG9bRDb3vSTg-qkPAZg,Gweilo-60,2019-03-12 04:04:53.811479,11115,0
UChXOhG9bRDb3vSTg-qkPAZg,Gweilo-60,2019-03-12 04:03:51.580118,11115,1
UChXOhG9bRDb3vSTg-qkPAZg,Gweilo-60,2019-03-12 04:02:50.617571,11114,0
UChXOhG9bRDb3vSTg-qkPAZg,Gweilo-60,2019-03-12 04:01:51.413425,11114,0
UChXOhG9bRDb3vSTg-qkPAZg,Gweilo-60,2019-03-12 04:00:51.560869,11114,0
UChXOhG9bRDb3vSTg-qkPAZg,Gweilo-60,2019-03-12 03:59:51.473068,11114,0
UChXOhG9bRDb3vSTg-qkPAZg,Gweilo-60,2019-03-12 03:58:51.108939,11114,0
UChXOhG9bRDb3vSTg-qkPAZg,Gweilo-60,2019-03-12 03:57:51.117923,11114,0
UChXOhG9bRDb3vSTg-qkPAZg,Gweilo-60,2019-03-12 03:56:51.194889,11114,0
UChXOhG9bRDb3vSTg-qkPAZg,Gweilo-60,2019-03-12 03:55:50.944062,11114,0
UChXOhG9bRDb3vSTg-qkPAZg,Gweilo-60,2019-03-12 03:54:51.309447,11114,0
UChXOhG9bRDb3vSTg-qkPAZg,Gweilo-60,2019-03-12 03:53:50.860537,11114,0
UChXOhG9bRDb3vSTg-qkPAZg,Gweilo-60,2019-03-12 03:52:51.112574,11114,0
UChXOhG9bRDb3vSTg-qkPAZg,Gweilo-60,2019-03-12 03:51:50.952368,11114,0
UChXOhG9bRDb3vSTg-qkPAZg,Gweilo-60,2019-03-12 03:50:51.368437,11114,0
UChXOhG9bRDb3vSTg-qkPAZg,Gweilo-60,2019-03-12 03:49:51.21392,11114,0
UChXOhG9bRDb3vSTg-qkPAZg,Gweilo-60,2019-03-12 03:48:51.551116,11114,0
UChXOhG9bRDb3vSTg-qkPAZg,Gweilo-60,2019-03-12 03:47:51.424817,11114,0
UChXOhG9bRDb3vSTg-qkPAZg,Gweilo-60,2019-03-12 03:46:51.024451,11114,0
UChXOhG9bRDb3vSTg-qkPAZg,Gweilo-60,2019-03-12 03:45:51.715259,11114,0
UChXOhG9bRDb3vSTg-qkPAZg,Gweilo-60,2019-03-12 03:44:51.115782,11114,0
UChXOhG9bRDb3vSTg-qkPAZg,Gweilo-60,2019-03-12 03:43:51.34943,11114,0
UChXOhG9bRDb3vSTg-qkPAZg,Gweilo-60,2019-03-12 03:42:51.281388,11114,0
UChXOhG9bRDb3vSTg-qkPAZg,Gweilo-60,2019-03-12 03:41:51.331912,11114,0
UChXOhG9bRDb3vSTg-qkPAZg,Gweilo-60,2019-03-12 03:40:51.777135,11114,0
UChXOhG9bRDb3vSTg-qkPAZg,Gweilo-60,2019-03-12 03:39:51.010038,11114,0
UChXOhG9bRDb3vSTg-qkPAZg,Gweilo-60,2019-03-12 03:38:51.569311,11114,0
UChXOhG9bRDb3vSTg-qkPAZg,Gweilo-60,2019-03-12 03:37:51.70501,11114,0
UChXOhG9bRDb3vSTg-qkPAZg,Gweilo-60,2019-03-12 03:36:51.249978,11114,0
UChXOhG9bRDb3vSTg-qkPAZg,Gweilo-60,2019-03-12 03:35:50.869169,11114,0
UChXOhG9bRDb3vSTg-qkPAZg,Gweilo-60,2019-03-12 03:34:51.269185,11114,0
UChXOhG9bRDb3vSTg-qkPAZg,Gweilo-60,2019-03-12 03:33:50.798319,11114,0
UChXOhG9bRDb3vSTg-qkPAZg,Gweilo-60,2019-03-12 03:32:51.705431,11114,0
UChXOhG9bRDb3vSTg-qkPAZg,Gweilo-60,2019-03-12 03:31:51.389948,11114,0
UChXOhG9bRDb3vSTg-qkPAZg,Gweilo-60,2019-03-12 03:30:50.588497,11114,0
UChXOhG9bRDb3vSTg-qkPAZg,Gweilo-60,2019-03-12 03:29:51.429206,11114,0
UChXOhG9bRDb3vSTg-qkPAZg,Gweilo-60,2019-03-12 03:28:51.064634,11114,0
UChXOhG9bRDb3vSTg-qkPAZg,Gweilo-60,2019-03-12 03:27:51.330258,11114,0
UChXOhG9bRDb3vSTg-qkPAZg,Gweilo-60,2019-03-12 03:26:51.006001,11114,0
UChXOhG9bRDb3vSTg-qkPAZg,Gweilo-60,2019-03-12 03:25:51.048291,11114,0
UChXOhG9bRDb3vSTg-qkPAZg,Gweilo-60,2019-03-12 03:24:50.947284,11114,0
UChXOhG9bRDb3vSTg-qkPAZg,Gweilo-60,2019-03-12 03:23:50.742727,11114,0
UChXOhG9bRDb3vSTg-qkPAZg,Gweilo-60,2019-03-12 03:22:51.035845,11114,0
UChXOhG9bRDb3vSTg-qkPAZg,Gweilo-60,2019-03-12 03:21:51.068521,11114,0
UChXOhG9bRDb3vSTg-qkPAZg,Gweilo-60,2019-03-12 03:20:51.648566,11114,0
UChXOhG9bRDb3vSTg-qkPAZg,Gweilo-60,2019-03-12 03:19:50.87219,11114,0
UChXOhG9bRDb3vSTg-qkPAZg,Gweilo-60,2019-03-12 03:18:51.037266,11114,0
UChXOhG9bRDb3vSTg-qkPAZg,Gweilo-60,2019-03-12 03:17:51.083595,11114,0
UChXOhG9bRDb3vSTg-qkPAZg,Gweilo-60,2019-03-12 03:16:50.962857,11114,0
UChXOhG9bRDb3vSTg-qkPAZg,Gweilo-60,2019-03-12 03:15:50.897317,11114,0
UChXOhG9bRDb3vSTg-qkPAZg,Gweilo-60,2019-03-12 03:14:51.697646,11114,0
UChXOhG9bRDb3vSTg-qkPAZg,Gweilo-60,2019-03-12 03:13:51.298143,11114,0
UChXOhG9bRDb3vSTg-qkPAZg,Gweilo-60,2019-03-12 03:12:51.572882,11114,0
UChXOhG9bRDb3vSTg-qkPAZg,Gweilo-60,2019-03-12 03:11:51.344757,11114,0
UChXOhG9bRDb3vSTg-qkPAZg,Gweilo-60,2019-03-12 03:10:51.054957,11114,0
UChXOhG9bRDb3vSTg-qkPAZg,Gweilo-60,2019-03-12 03:09:51.172581,11114,0
UChXOhG9bRDb3vSTg-qkPAZg,Gweilo-60,2019-03-12 03:08:50.814755,11114,0
UChXOhG9bRDb3vSTg-qkPAZg,Gweilo-60,2019-03-12 03:07:50.940179,11114,0
UChXOhG9bRDb3vSTg-qkPAZg,Gweilo-60,2019-03-12 03:06:51.786776,11114,0
UChXOhG9bRDb3vSTg-qkPAZg,Gweilo-60,2019-03-12 03:05:51.276484,11114,0
UChXOhG9bRDb3vSTg-qkPAZg,Gweilo-60,2019-03-12 03:04:51.125797,11114,0
UChXOhG9bRDb3vSTg-qkPAZg,Gweilo-60,2019-03-12 03:03:51.323531,11114,0
UChXOhG9bRDb3vSTg-qkPAZg,Gweilo-60,2019-03-12 03:02:50.443471,11114,0
UChXOhG9bRDb3vSTg-qkPAZg,Gweilo-60,2019-03-12 03:01:50.776569,11114,0
UChXOhG9bRDb3vSTg-qkPAZg,Gweilo-60,2019-03-12 03:00:51.201293,11114,0
UChXOhG9bRDb3vSTg-qkPAZg,Gweilo-60,2019-03-12 02:59:50.688651,11114,0
UChXOhG9bRDb3vSTg-qkPAZg,Gweilo-60,2019-03-12 02:58:50.900548,11114,0
UChXOhG9bRDb3vSTg-qkPAZg,Gweilo-60,2019-03-12 02:57:51.216714,11114,0
UChXOhG9bRDb3vSTg-qkPAZg,Gweilo-60,2019-03-12 02:56:51.031049,11114,0
UChXOhG9bRDb3vSTg-qkPAZg,Gweilo-60,2019-03-12 02:55:50.538354,11114,0
UChXOhG9bRDb3vSTg-qkPAZg,Gweilo-60,2019-03-12 02:54:51.380873,11114,0
UChXOhG9bRDb3vSTg-qkPAZg,Gweilo-60,2019-03-12 02:53:51.070487,11114,0
UChXOhG9bRDb3vSTg-qkPAZg,Gweilo-60,2019-03-12 02:52:52.536181,11114,0
UChXOhG9bRDb3vSTg-qkPAZg,Gweilo-60,2019-03-12 02:51:50.912561,11114,0
UChXOhG9bRDb3vSTg-qkPAZg,Gweilo-60,2019-03-12 02:50:51.375221,11114,0
UChXOhG9bRDb3vSTg-qkPAZg,Gweilo-60,2019-03-12 02:49:50.824058,11114,0
UChXOhG9bRDb3vSTg-qkPAZg,Gweilo-60,2019-03-12 02:48:50.992488,11114,0
UChXOhG9bRDb3vSTg-qkPAZg,Gweilo-60,2019-03-12 02:47:51.316311,11114,0
UChXOhG9bRDb3vSTg-qkPAZg,Gweilo-60,2019-03-12 02:46:51.332438,11114,0
UChXOhG9bRDb3vSTg-qkPAZg,Gweilo-60,2019-03-12 02:45:50.884533,11114,0
UChXOhG9bRDb3vSTg-qkPAZg,Gweilo-60,2019-03-12 02:44:51.053524,11114,0
UChXOhG9bRDb3vSTg-qkPAZg,Gweilo-60,2019-03-12 02:43:50.549872,11114,0
UChXOhG9bRDb3vSTg-qkPAZg,Gweilo-60,2019-03-12 02:42:51.239049,11114,0
UChXOhG9bRDb3vSTg-qkPAZg,Gweilo-60,2019-03-12 02:41:51.380568,11114,0
UChXOhG9bRDb3vSTg-qkPAZg,Gweilo-60,2019-03-12 02:40:51.426673,11114,0
UChXOhG9bRDb3vSTg-qkPAZg,Gweilo-60,2019-03-12 02:39:51.01112,11114,0
UChXOhG9bRDb3vSTg-qkPAZg,Gweilo-60,2019-03-12 02:38:50.975223,11114,0
UChXOhG9bRDb3vSTg-qkPAZg,Gweilo-60,2019-03-12 02:37:50.844903,11114,0
UChXOhG9bRDb3vSTg-qkPAZg,Gweilo-60,2019-03-12 02:36:50.594543,11114,0
UChXOhG9bRDb3vSTg-qkPAZg,Gweilo-60,2019-03-12 02:35:51.210318,11114,0
UChXOhG9bRDb3vSTg-qkPAZg,Gweilo-60,2019-03-12 02:34:50.804765,11114,0
UChXOhG9bRDb3vSTg-qkPAZg,Gweilo-60,2019-03-12 02:33:51.398767,11114,0
UChXOhG9bRDb3vSTg-qkPAZg,Gweilo-60,2019-03-12 02:32:51.191212,11114,0
UChXOhG9bRDb3vSTg-qkPAZg,Gweilo-60,2019-03-12 02:31:51.935218,11114,0
UChXOhG9bRDb3vSTg-qkPAZg,Gweilo-60,2019-03-12 02:30:51.401027,11114,0
UChXOhG9bRDb3vSTg-qkPAZg,Gweilo-60,2019-03-12 02:29:52.419618,11114,0
UChXOhG9bRDb3vSTg-qkPAZg,Gweilo-60,2019-03-12 02:28:51.632443,11114,0
UChXOhG9bRDb3vSTg-qkPAZg,Gweilo-60,2019-03-12 02:27:50.653925,11114,0
UChXOhG9bRDb3vSTg-qkPAZg,Gweilo-60,2019-03-12 02:26:51.041303,11114,0
UChXOhG9bRDb3vSTg-qkPAZg,Gweilo-60,2019-03-12 02:25:52.059482,11114,0
UChXOhG9bRDb3vSTg-qkPAZg,Gweilo-60,2019-03-12 02:24:50.922315,11114,0
UChXOhG9bRDb3vSTg-qkPAZg,Gweilo-60,2019-03-12 02:23:50.752692,11114,0
UChXOhG9bRDb3vSTg-qkPAZg,Gweilo-60,2019-03-12 02:22:51.431892,11114,0
UChXOhG9bRDb3vSTg-qkPAZg,Gweilo-60,2019-03-12 02:21:50.918954,11114,0
UChXOhG9bRDb3vSTg-qkPAZg,Gweilo-60,2019-03-12 02:20:51.095361,11114,0
UChXOhG9bRDb3vSTg-qkPAZg,Gweilo-60,2019-03-12 02:19:51.297353,11114,0
UChXOhG9bRDb3vSTg-qkPAZg,Gweilo-60,2019-03-12 02:18:51.597508,11114,0
UChXOhG9bRDb3vSTg-qkPAZg,Gweilo-60,2019-03-12 02:17:51.094089,11114,0
UChXOhG9bRDb3vSTg-qkPAZg,Gweilo-60,2019-03-12 02:16:51.227597,11114,0
UChXOhG9bRDb3vSTg-qkPAZg,Gweilo-60,2019-03-12 02:15:50.872719,11114,0
UChXOhG9bRDb3vSTg-qkPAZg,Gweilo-60,2019-03-12 02:14:51.358248,11114,0
UChXOhG9bRDb3vSTg-qkPAZg,Gweilo-60,2019-03-12 02:13:51.533373,11114,0
UChXOhG9bRDb3vSTg-qkPAZg,Gweilo-60,2019-03-12 02:12:51.112078,11114,0
UChXOhG9bRDb3vSTg-qkPAZg,Gweilo-60,2019-03-12 02:11:50.830785,11114,0
UChXOhG9bRDb3vSTg-qkPAZg,Gweilo-60,2019-03-12 02:10:51.483476,11114,0
UChXOhG9bRDb3vSTg-qkPAZg,Gweilo-60,2019-03-12 02:09:51.345347,11114,0
UChXOhG9bRDb3vSTg-qkPAZg,Gweilo-60,2019-03-12 02:08:51.011931,11114,0
UChXOhG9bRDb3vSTg-qkPAZg,Gweilo-60,2019-03-12 02:07:50.507412,11114,0
UChXOhG9bRDb3vSTg-qkPAZg,Gweilo-60,2019-03-12 02:06:51.297866,11114,0
UChXOhG9bRDb3vSTg-qkPAZg,Gweilo-60,2019-03-12 02:05:51.224216,11114,0
UChXOhG9bRDb3vSTg-qkPAZg,Gweilo-60,2019-03-12 02:04:51.126068,11114,0
UChXOhG9bRDb3vSTg-qkPAZg,Gweilo-60,2019-03-12 02:03:50.69742,11114,0
UChXOhG9bRDb3vSTg-qkPAZg,Gweilo-60,2019-03-12 02:02:51.463385,11114,0
UChXOhG9bRDb3vSTg-qkPAZg,Gweilo-60,2019-03-12 02:01:50.944442,11114,0
UChXOhG9bRDb3vSTg-qkPAZg,Gweilo-60,2019-03-12 02:00:51.180294,11114,0
UChXOhG9bRDb3vSTg-qkPAZg,Gweilo-60,2019-03-12 01:59:51.132666,11114,0
UChXOhG9bRDb3vSTg-qkPAZg,Gweilo-60,2019-03-12 01:58:50.568078,11114,0
UChXOhG9bRDb3vSTg-qkPAZg,Gweilo-60,2019-03-12 01:57:50.971161,11114,0
UChXOhG9bRDb3vSTg-qkPAZg,Gweilo-60,2019-03-12 01:56:51.133414,11114,0
UChXOhG9bRDb3vSTg-qkPAZg,Gweilo-60,2019-03-12 01:55:50.629889,11114,0
UChXOhG9bRDb3vSTg-qkPAZg,Gweilo-60,2019-03-12 01:54:51.853731,11114,0
UChXOhG9bRDb3vSTg-qkPAZg,Gweilo-60,2019-03-12 01:53:51.638998,11114,0
UChXOhG9bRDb3vSTg-qkPAZg,Gweilo-60,2019-03-12 01:52:51.253966,11114,0
UChXOhG9bRDb3vSTg-qkPAZg,Gweilo-60,2019-03-12 01:51:51.341636,11114,0
UChXOhG9bRDb3vSTg-qkPAZg,Gweilo-60,2019-03-12 01:50:51.532301,11114,0
UChXOhG9bRDb3vSTg-qkPAZg,Gweilo-60,2019-03-12 01:49:50.740625,11114,0
UChXOhG9bRDb3vSTg-qkPAZg,Gweilo-60,2019-03-12 01:48:51.407358,11114,0
UChXOhG9bRDb3vSTg-qkPAZg,Gweilo-60,2019-03-12 01:47:50.728467,11114,0
UChXOhG9bRDb3vSTg-qkPAZg,Gweilo-60,2019-03-12 01:46:51.120422,11114,0
UChXOhG9bRDb3vSTg-qkPAZg,Gweilo-60,2019-03-12 01:45:51.649616,11114,0
UChXOhG9bRDb3vSTg-qkPAZg,Gweilo-60,2019-03-12 01:44:51.249607,11114,0
UChXOhG9bRDb3vSTg-qkPAZg,Gweilo-60,2019-03-12 01:43:51.168622,11114,0
UChXOhG9bRDb3vSTg-qkPAZg,Gweilo-60,2019-03-12 01:42:51.275986,11114,0
UChXOhG9bRDb3vSTg-qkPAZg,Gweilo-60,2019-03-12 01:41:51.196968,11114,0
UChXOhG9bRDb3vSTg-qkPAZg,Gweilo-60,2019-03-12 01:40:50.960815,11114,0
UChXOhG9bRDb3vSTg-qkPAZg,Gweilo-60,2019-03-12 01:39:51.171993,11114,0
UChXOhG9bRDb3vSTg-qkPAZg,Gweilo-60,2019-03-12 01:38:50.562418,11114,0
UChXOhG9bRDb3vSTg-qkPAZg,Gweilo-60,2019-03-12 01:37:50.859732,11114,0
UChXOhG9bRDb3vSTg-qkPAZg,Gweilo-60,2019-03-12 01:36:50.721829,11114,0
UChXOhG9bRDb3vSTg-qkPAZg,Gweilo-60,2019-03-12 01:35:51.186013,11114,0
UChXOhG9bRDb3vSTg-qkPAZg,Gweilo-60,2019-03-12 01:34:50.708147,11114,0
UChXOhG9bRDb3vSTg-qkPAZg,Gweilo-60,2019-03-12 01:33:51.13485,11114,0
UChXOhG9bRDb3vSTg-qkPAZg,Gweilo-60,2019-03-12 01:32:51.262104,11114,0
UChXOhG9bRDb3vSTg-qkPAZg,Gweilo-60,2019-03-12 01:31:51.053768,11114,0
UChXOhG9bRDb3vSTg-qkPAZg,Gweilo-60,2019-03-12 01:30:50.800681,11114,0
UChXOhG9bRDb3vSTg-qkPAZg,Gweilo-60,2019-03-12 01:29:50.501833,11114,0
UChXOhG9bRDb3vSTg-qkPAZg,Gweilo-60,2019-03-12 01:28:51.704414,11114,0
UChXOhG9bRDb3vSTg-qkPAZg,Gweilo-60,2019-03-12 01:27:51.211195,11114,0
UChXOhG9bRDb3vSTg-qkPAZg,Gweilo-60,2019-03-12 01:26:50.789875,11114,0
UChXOhG9bRDb3vSTg-qkPAZg,Gweilo-60,2019-03-12 01:25:51.111091,11114,0
UChXOhG9bRDb3vSTg-qkPAZg,Gweilo-60,2019-03-12 01:24:50.975642,11114,0
UChXOhG9bRDb3vSTg-qkPAZg,Gweilo-60,2019-03-12 01:23:51.609243,11114,0
UChXOhG9bRDb3vSTg-qkPAZg,Gweilo-60,2019-03-12 01:22:50.674314,11114,0
UChXOhG9bRDb3vSTg-qkPAZg,Gweilo-60,2019-03-12 01:21:51.28366,11114,1
UChXOhG9bRDb3vSTg-qkPAZg,Gweilo-60,2019-03-12 01:20:51.195938,11113,0
UChXOhG9bRDb3vSTg-qkPAZg,Gweilo-60,2019-03-12 01:19:51.122589,11113,0
UChXOhG9bRDb3vSTg-qkPAZg,Gweilo-60,2019-03-12 01:18:50.80694,11113,0
UChXOhG9bRDb3vSTg-qkPAZg,Gweilo-60,2019-03-12 01:17:50.657446,11113,0
UChXOhG9bRDb3vSTg-qkPAZg,Gweilo-60,2019-03-12 01:16:51.152165,11113,0
UChXOhG9bRDb3vSTg-qkPAZg,Gweilo-60,2019-03-12 01:15:50.982225,11113,0
UChXOhG9bRDb3vSTg-qkPAZg,Gweilo-60,2019-03-12 01:14:51.433106,11113,0
UChXOhG9bRDb3vSTg-qkPAZg,Gweilo-60,2019-03-12 01:13:52.020427,11113,0
UChXOhG9bRDb3vSTg-qkPAZg,Gweilo-60,2019-03-12 01:12:51.006022,11113,0
UChXOhG9bRDb3vSTg-qkPAZg,Gweilo-60,2019-03-12 01:11:51.421289,11113,0
UChXOhG9bRDb3vSTg-qkPAZg,Gweilo-60,2019-03-12 01:10:50.920231,11113,0
UChXOhG9bRDb3vSTg-qkPAZg,Gweilo-60,2019-03-12 01:09:51.411209,11113,0
UChXOhG9bRDb3vSTg-qkPAZg,Gweilo-60,2019-03-12 01:08:50.735151,11113,0
UChXOhG9bRDb3vSTg-qkPAZg,Gweilo-60,2019-03-12 01:07:50.871427,11113,0
UChXOhG9bRDb3vSTg-qkPAZg,Gweilo-60,2019-03-12 01:06:50.795202,11113,0
UChXOhG9bRDb3vSTg-qkPAZg,Gweilo-60,2019-03-12 01:05:51.402536,11113,0
UChXOhG9bRDb3vSTg-qkPAZg,Gweilo-60,2019-03-12 01:04:50.971257,11113,0
UChXOhG9bRDb3vSTg-qkPAZg,Gweilo-60,2019-03-12 01:03:51.096926,11113,0
UChXOhG9bRDb3vSTg-qkPAZg,Gweilo-60,2019-03-12 01:02:51.556137,11113,0
UChXOhG9bRDb3vSTg-qkPAZg,Gweilo-60,2019-03-12 01:01:50.794368,11113,0
UChXOhG9bRDb3vSTg-qkPAZg,Gweilo-60,2019-03-12 01:00:51.280356,11113,0
UChXOhG9bRDb3vSTg-qkPAZg,Gweilo-60,2019-03-12 00:59:50.872237,11113,0
UChXOhG9bRDb3vSTg-qkPAZg,Gweilo-60,2019-03-12 00:58:51.690064,11113,0
UChXOhG9bRDb3vSTg-qkPAZg,Gweilo-60,2019-03-12 00:57:51.124715,11113,0
UChXOhG9bRDb3vSTg-qkPAZg,Gweilo-60,2019-03-12 00:56:51.121048,11113,0
UChXOhG9bRDb3vSTg-qkPAZg,Gweilo-60,2019-03-12 00:55:51.019749,11113,0
UChXOhG9bRDb3vSTg-qkPAZg,Gweilo-60,2019-03-12 00:54:51.320097,11113,0
UChXOhG9bRDb3vSTg-qkPAZg,Gweilo-60,2019-03-12 00:53:51.261466,11113,0
UChXOhG9bRDb3vSTg-qkPAZg,Gweilo-60,2019-03-12 00:52:50.772572,11113,0
UChXOhG9bRDb3vSTg-qkPAZg,Gweilo-60,2019-03-12 00:51:51.070323,11113,0
UChXOhG9bRDb3vSTg-qkPAZg,Gweilo-60,2019-03-12 00:50:50.739451,11113,0
UChXOhG9bRDb3vSTg-qkPAZg,Gweilo-60,2019-03-12 00:49:51.027634,11113,0
UChXOhG9bRDb3vSTg-qkPAZg,Gweilo-60,2019-03-12 00:48:50.953457,11113,0
UChXOhG9bRDb3vSTg-qkPAZg,Gweilo-60,2019-03-12 00:47:50.859789,11113,0
UChXOhG9bRDb3vSTg-qkPAZg,Gweilo-60,2019-03-12 00:46:51.340465,11113,0
UChXOhG9bRDb3vSTg-qkPAZg,Gweilo-60,2019-03-12 00:45:50.550199,11113,0
UChXOhG9bRDb3vSTg-qkPAZg,Gweilo-60,2019-03-12 00:44:51.116626,11113,0
UChXOhG9bRDb3vSTg-qkPAZg,Gweilo-60,2019-03-12 00:43:50.879059,11113,0
UChXOhG9bRDb3vSTg-qkPAZg,Gweilo-60,2019-03-12 00:42:50.683616,11113,0
UChXOhG9bRDb3vSTg-qkPAZg,Gweilo-60,2019-03-12 00:41:51.829916,11113,0
UChXOhG9bRDb3vSTg-qkPAZg,Gweilo-60,2019-03-12 00:40:51.26017,11113,0
UChXOhG9bRDb3vSTg-qkPAZg,Gweilo-60,2019-03-12 00:39:51.287375,11113,0
UChXOhG9bRDb3vSTg-qkPAZg,Gweilo-60,2019-03-12 00:38:51.054504,11113,0
UChXOhG9bRDb3vSTg-qkPAZg,Gweilo-60,2019-03-12 00:37:50.519699,11113,0
UChXOhG9bRDb3vSTg-qkPAZg,Gweilo-60,2019-03-12 00:36:50.747356,11113,0
UChXOhG9bRDb3vSTg-qkPAZg,Gweilo-60,2019-03-12 00:35:51.163554,11113,0
UChXOhG9bRDb3vSTg-qkPAZg,Gweilo-60,2019-03-12 00:34:50.79282,11113,0
UChXOhG9bRDb3vSTg-qkPAZg,Gweilo-60,2019-03-12 00:33:51.471927,11113,0
UChXOhG9bRDb3vSTg-qkPAZg,Gweilo-60,2019-03-12 00:32:51.084262,11113,0
UChXOhG9bRDb3vSTg-qkPAZg,Gweilo-60,2019-03-12 00:31:51.006216,11113,0
UChXOhG9bRDb3vSTg-qkPAZg,Gweilo-60,2019-03-12 00:30:51.132361,11113,0
UChXOhG9bRDb3vSTg-qkPAZg,Gweilo-60,2019-03-12 00:29:51.132018,11113,0
UChXOhG9bRDb3vSTg-qkPAZg,Gweilo-60,2019-03-12 00:28:50.655754,11113,0
UChXOhG9bRDb3vSTg-qkPAZg,Gweilo-60,2019-03-12 00:27:50.854779,11113,0
UChXOhG9bRDb3vSTg-qkPAZg,Gweilo-60,2019-03-12 00:26:50.776059,11113,0
UChXOhG9bRDb3vSTg-qkPAZg,Gweilo-60,2019-03-12 00:25:51.182014,11113,0
UChXOhG9bRDb3vSTg-qkPAZg,Gweilo-60,2019-03-12 00:24:51.018395,11113,0
UChXOhG9bRDb3vSTg-qkPAZg,Gweilo-60,2019-03-12 00:23:51.422911,11113,0
UChXOhG9bRDb3vSTg-qkPAZg,Gweilo-60,2019-03-12 00:22:50.463591,11113,0
UChXOhG9bRDb3vSTg-qkPAZg,Gweilo-60,2019-03-12 00:21:50.659042,11113,0
UChXOhG9bRDb3vSTg-qkPAZg,Gweilo-60,2019-03-12 00:20:51.18519,11113,0
UChXOhG9bRDb3vSTg-qkPAZg,Gweilo-60,2019-03-12 00:19:50.674286,11113,0
UChXOhG9bRDb3vSTg-qkPAZg,Gweilo-60,2019-03-12 00:18:51.908831,11113,0
UChXOhG9bRDb3vSTg-qkPAZg,Gweilo-60,2019-03-12 00:17:50.401138,11113,0
UChXOhG9bRDb3vSTg-qkPAZg,Gweilo-60,2019-03-12 00:16:51.245452,11113,0
UChXOhG9bRDb3vSTg-qkPAZg,Gweilo-60,2019-03-12 00:15:51.071797,11113,0
UChXOhG9bRDb3vSTg-qkPAZg,Gweilo-60,2019-03-12 00:14:50.39319,11113,0
UChXOhG9bRDb3vSTg-qkPAZg,Gweilo-60,2019-03-12 00:13:51.068062,11113,0
UChXOhG9bRDb3vSTg-qkPAZg,Gweilo-60,2019-03-12 00:12:51.39315,11113,0
UChXOhG9bRDb3vSTg-qkPAZg,Gweilo-60,2019-03-12 00:11:51.275309,11113,0
UChXOhG9bRDb3vSTg-qkPAZg,Gweilo-60,2019-03-12 00:10:50.632848,11113,0
UChXOhG9bRDb3vSTg-qkPAZg,Gweilo-60,2019-03-12 00:09:50.832245,11113,0
UChXOhG9bRDb3vSTg-qkPAZg,Gweilo-60,2019-03-12 00:08:51.37944,11113,0
UChXOhG9bRDb3vSTg-qkPAZg,Gweilo-60,2019-03-12 00:07:50.568512,11113,0
UChXOhG9bRDb3vSTg-qkPAZg,Gweilo-60,2019-03-12 00:06:51.081878,11113,0
UChXOhG9bRDb3vSTg-qkPAZg,Gweilo-60,2019-03-12 00:05:51.045411,11113,0
UChXOhG9bRDb3vSTg-qkPAZg,Gweilo-60,2019-03-12 00:04:51.482211,11113,0
UChXOhG9bRDb3vSTg-qkPAZg,Gweilo-60,2019-03-12 00:03:50.783417,11113,0
UChXOhG9bRDb3vSTg-qkPAZg,Gweilo-60,2019-03-12 00:02:51.226336,11113,0
UChXOhG9bRDb3vSTg-qkPAZg,Gweilo-60,2019-03-12 00:01:50.991077,11113,0
UChXOhG9bRDb3vSTg-qkPAZg,Gweilo-60,2019-03-12 00:00:51.805223,11113,0
UChXOhG9bRDb3vSTg-qkPAZg,Gweilo-60,2019-03-11 23:59:51.133738,11113,0
UChXOhG9bRDb3vSTg-qkPAZg,Gweilo-60,2019-03-11 23:58:51.630191,11113,0
UChXOhG9bRDb3vSTg-qkPAZg,Gweilo-60,2019-03-11 23:57:51.094322,11113,0
UChXOhG9bRDb3vSTg-qkPAZg,Gweilo-60,2019-03-11 23:56:51.541684,11113,0
UChXOhG9bRDb3vSTg-qkPAZg,Gweilo-60,2019-03-11 23:55:50.906554,11113,0
UChXOhG9bRDb3vSTg-qkPAZg,Gweilo-60,2019-03-11 23:54:52.153011,11113,0
UChXOhG9bRDb3vSTg-qkPAZg,Gweilo-60,2019-03-11 23:53:50.705509,11113,0
UChXOhG9bRDb3vSTg-qkPAZg,Gweilo-60,2019-03-11 23:52:51.101071,11113,0
UChXOhG9bRDb3vSTg-qkPAZg,Gweilo-60,2019-03-11 23:51:51.382686,11113,0
UChXOhG9bRDb3vSTg-qkPAZg,Gweilo-60,2019-03-11 23:50:51.414563,11113,0
UChXOhG9bRDb3vSTg-qkPAZg,Gweilo-60,2019-03-11 23:49:50.680857,11113,0
UChXOhG9bRDb3vSTg-qkPAZg,Gweilo-60,2019-03-11 23:48:50.951528,11113,0
UChXOhG9bRDb3vSTg-qkPAZg,Gweilo-60,2019-03-11 23:47:51.290512,11113,0
UChXOhG9bRDb3vSTg-qkPAZg,Gweilo-60,2019-03-11 23:46:51.092641,11113,0
UChXOhG9bRDb3vSTg-qkPAZg,Gweilo-60,2019-03-11 23:45:50.71063,11113,0
UChXOhG9bRDb3vSTg-qkPAZg,Gweilo-60,2019-03-11 23:44:50.568758,11113,0
UChXOhG9bRDb3vSTg-qkPAZg,Gweilo-60,2019-03-11 23:43:51.190007,11113,0
UChXOhG9bRDb3vSTg-qkPAZg,Gweilo-60,2019-03-11 23:42:51.28075,11113,0
UChXOhG9bRDb3vSTg-qkPAZg,Gweilo-60,2019-03-11 23:41:50.966511,11113,0
UChXOhG9bRDb3vSTg-qkPAZg,Gweilo-60,2019-03-11 23:40:50.885883,11113,0
UChXOhG9bRDb3vSTg-qkPAZg,Gweilo-60,2019-03-11 23:39:51.236653,11113,0
UChXOhG9bRDb3vSTg-qkPAZg,Gweilo-60,2019-03-11 23:38:51.219524,11113,0
UChXOhG9bRDb3vSTg-qkPAZg,Gweilo-60,2019-03-11 23:37:51.112657,11113,0
UChXOhG9bRDb3vSTg-qkPAZg,Gweilo-60,2019-03-11 23:36:50.963964,11113,0
UChXOhG9bRDb3vSTg-qkPAZg,Gweilo-60,2019-03-11 23:35:50.945009,11113,0
UChXOhG9bRDb3vSTg-qkPAZg,Gweilo-60,2019-03-11 23:34:51.279147,11113,0
UChXOhG9bRDb3vSTg-qkPAZg,Gweilo-60,2019-03-11 23:33:52.105523,11113,0
UChXOhG9bRDb3vSTg-qkPAZg,Gweilo-60,2019-03-11 23:32:51.178358,11113,0
UChXOhG9bRDb3vSTg-qkPAZg,Gweilo-60,2019-03-11 23:31:51.404883,11113,0
UChXOhG9bRDb3vSTg-qkPAZg,Gweilo-60,2019-03-11 23:30:50.881662,11113,0
UChXOhG9bRDb3vSTg-qkPAZg,Gweilo-60,2019-03-11 23:29:50.437576,11113,0
UChXOhG9bRDb3vSTg-qkPAZg,Gweilo-60,2019-03-11 23:28:50.628351,11113,0
UChXOhG9bRDb3vSTg-qkPAZg,Gweilo-60,2019-03-11 23:27:51.508384,11113,0
UChXOhG9bRDb3vSTg-qkPAZg,Gweilo-60,2019-03-11 23:26:50.911569,11113,0
UChXOhG9bRDb3vSTg-qkPAZg,Gweilo-60,2019-03-11 23:25:51.184119,11113,0
UChXOhG9bRDb3vSTg-qkPAZg,Gweilo-60,2019-03-11 23:24:51.065059,11113,0
UChXOhG9bRDb3vSTg-qkPAZg,Gweilo-60,2019-03-11 23:23:51.226313,11113,0
UChXOhG9bRDb3vSTg-qkPAZg,Gweilo-60,2019-03-11 23:22:51.140621,11113,0
UChXOhG9bRDb3vSTg-qkPAZg,Gweilo-60,2019-03-11 23:21:50.903764,11113,0
UChXOhG9bRDb3vSTg-qkPAZg,Gweilo-60,2019-03-11 23:20:52.788834,11113,0
UChXOhG9bRDb3vSTg-qkPAZg,Gweilo-60,2019-03-11 23:19:51.327126,11113,0
UChXOhG9bRDb3vSTg-qkPAZg,Gweilo-60,2019-03-11 23:18:50.968343,11113,0
UChXOhG9bRDb3vSTg-qkPAZg,Gweilo-60,2019-03-11 23:17:50.516646,11113,0
UChXOhG9bRDb3vSTg-qkPAZg,Gweilo-60,2019-03-11 23:16:50.78731,11113,0
UChXOhG9bRDb3vSTg-qkPAZg,Gweilo-60,2019-03-11 23:15:50.934858,11113,0
UChXOhG9bRDb3vSTg-qkPAZg,Gweilo-60,2019-03-11 23:14:51.280513,11113,0
UChXOhG9bRDb3vSTg-qkPAZg,Gweilo-60,2019-03-11 23:13:51.090439,11113,0
UChXOhG9bRDb3vSTg-qkPAZg,Gweilo-60,2019-03-11 23:12:51.184449,11113,0
UChXOhG9bRDb3vSTg-qkPAZg,Gweilo-60,2019-03-11 23:11:51.515714,11113,0
UChXOhG9bRDb3vSTg-qkPAZg,Gweilo-60,2019-03-11 23:10:52.380659,11113,0
UChXOhG9bRDb3vSTg-qkPAZg,Gweilo-60,2019-03-11 23:09:52.056963,11113,0
UChXOhG9bRDb3vSTg-qkPAZg,Gweilo-60,2019-03-11 23:08:51.375634,11113,0
UChXOhG9bRDb3vSTg-qkPAZg,Gweilo-60,2019-03-11 23:07:50.930525,11113,0
UChXOhG9bRDb3vSTg-qkPAZg,Gweilo-60,2019-03-11 23:06:51.31218,11113,0
UChXOhG9bRDb3vSTg-qkPAZg,Gweilo-60,2019-03-11 23:05:50.929504,11113,0
UChXOhG9bRDb3vSTg-qkPAZg,Gweilo-60,2019-03-11 23:04:51.428586,11113,0
UChXOhG9bRDb3vSTg-qkPAZg,Gweilo-60,2019-03-11 23:03:50.895279,11113,0
UChXOhG9bRDb3vSTg-qkPAZg,Gweilo-60,2019-03-11 23:02:50.963981,11113,0
UChXOhG9bRDb3vSTg-qkPAZg,Gweilo-60,2019-03-11 23:01:50.79581,11113,0
UChXOhG9bRDb3vSTg-qkPAZg,Gweilo-60,2019-03-11 23:00:51.180268,11113,0
UChXOhG9bRDb3vSTg-qkPAZg,Gweilo-60,2019-03-11 22:59:50.794986,11113,0
UChXOhG9bRDb3vSTg-qkPAZg,Gweilo-60,2019-03-11 22:58:51.051342,11113,0
UChXOhG9bRDb3vSTg-qkPAZg,Gweilo-60,2019-03-11 22:57:51.310305,11113,0
UChXOhG9bRDb3vSTg-qkPAZg,Gweilo-60,2019-03-11 22:56:51.576859,11113,0
UChXOhG9bRDb3vSTg-qkPAZg,Gweilo-60,2019-03-11 22:55:51.269202,11113,0
UChXOhG9bRDb3vSTg-qkPAZg,Gweilo-60,2019-03-11 22:54:51.039069,11113,0
UChXOhG9bRDb3vSTg-qkPAZg,Gweilo-60,2019-03-11 22:53:50.932022,11113,0
UChXOhG9bRDb3vSTg-qkPAZg,Gweilo-60,2019-03-11 22:52:50.768858,11113,0
UChXOhG9bRDb3vSTg-qkPAZg,Gweilo-60,2019-03-11 22:51:51.537697,11113,0
UChXOhG9bRDb3vSTg-qkPAZg,Gweilo-60,2019-03-11 22:50:50.973601,11113,0
UChXOhG9bRDb3vSTg-qkPAZg,Gweilo-60,2019-03-11 22:49:50.915161,11113,0
UChXOhG9bRDb3vSTg-qkPAZg,Gweilo-60,2019-03-11 22:48:50.814972,11113,0
UChXOhG9bRDb3vSTg-qkPAZg,Gweilo-60,2019-03-11 22:47:51.263407,11113,0
UChXOhG9bRDb3vSTg-qkPAZg,Gweilo-60,2019-03-11 22:46:51.773473,11113,0
UChXOhG9bRDb3vSTg-qkPAZg,Gweilo-60,2019-03-11 22:45:50.92397,11113,0
UChXOhG9bRDb3vSTg-qkPAZg,Gweilo-60,2019-03-11 22:44:51.365375,11113,0
UChXOhG9bRDb3vSTg-qkPAZg,Gweilo-60,2019-03-11 22:43:51.071211,11113,0
UChXOhG9bRDb3vSTg-qkPAZg,Gweilo-60,2019-03-11 22:42:50.814282,11113,0
UChXOhG9bRDb3vSTg-qkPAZg,Gweilo-60,2019-03-11 22:41:51.064344,11113,0
UChXOhG9bRDb3vSTg-qkPAZg,Gweilo-60,2019-03-11 22:40:51.163213,11113,0
UChXOhG9bRDb3vSTg-qkPAZg,Gweilo-60,2019-03-11 22:39:51.336995,11113,0
UChXOhG9bRDb3vSTg-qkPAZg,Gweilo-60,2019-03-11 22:38:51.577904,11113,0
UChXOhG9bRDb3vSTg-qkPAZg,Gweilo-60,2019-03-11 22:37:51.642208,11113,0
UChXOhG9bRDb3vSTg-qkPAZg,Gweilo-60,2019-03-11 22:36:51.171357,11113,0
UChXOhG9bRDb3vSTg-qkPAZg,Gweilo-60,2019-03-11 22:35:51.060044,11113,0
UChXOhG9bRDb3vSTg-qkPAZg,Gweilo-60,2019-03-11 22:34:52.408848,11113,0
UChXOhG9bRDb3vSTg-qkPAZg,Gweilo-60,2019-03-11 22:33:51.344408,11113,0
UChXOhG9bRDb3vSTg-qkPAZg,Gweilo-60,2019-03-11 22:32:50.699768,11113,0
UChXOhG9bRDb3vSTg-qkPAZg,Gweilo-60,2019-03-11 22:31:51.052439,11113,0
UChXOhG9bRDb3vSTg-qkPAZg,Gweilo-60,2019-03-11 22:30:51.042314,11113,0
UChXOhG9bRDb3vSTg-qkPAZg,Gweilo-60,2019-03-11 22:29:51.591177,11113,0
UChXOhG9bRDb3vSTg-qkPAZg,Gweilo-60,2019-03-11 22:28:51.889379,11113,0
UChXOhG9bRDb3vSTg-qkPAZg,Gweilo-60,2019-03-11 22:27:51.377759,11113,0
UChXOhG9bRDb3vSTg-qkPAZg,Gweilo-60,2019-03-11 22:26:51.05823,11113,0
UChXOhG9bRDb3vSTg-qkPAZg,Gweilo-60,2019-03-11 22:25:51.866334,11113,0
UChXOhG9bRDb3vSTg-qkPAZg,Gweilo-60,2019-03-11 22:24:51.628825,11113,0
UChXOhG9bRDb3vSTg-qkPAZg,Gweilo-60,2019-03-11 22:23:51.059967,11113,0
UChXOhG9bRDb3vSTg-qkPAZg,Gweilo-60,2019-03-11 22:22:51.216621,11113,0
UChXOhG9bRDb3vSTg-qkPAZg,Gweilo-60,2019-03-11 22:21:51.373422,11113,0
UChXOhG9bRDb3vSTg-qkPAZg,Gweilo-60,2019-03-11 22:20:51.034813,11113,0
UChXOhG9bRDb3vSTg-qkPAZg,Gweilo-60,2019-03-11 22:19:51.339381,11113,0
UChXOhG9bRDb3vSTg-qkPAZg,Gweilo-60,2019-03-11 22:18:51.006837,11113,0
UChXOhG9bRDb3vSTg-qkPAZg,Gweilo-60,2019-03-11 22:17:51.5844,11113,0
UChXOhG9bRDb3vSTg-qkPAZg,Gweilo-60,2019-03-11 22:16:51.288852,11113,0
UChXOhG9bRDb3vSTg-qkPAZg,Gweilo-60,2019-03-11 22:15:50.85146,11113,0
UChXOhG9bRDb3vSTg-qkPAZg,Gweilo-60,2019-03-11 22:14:51.698739,11113,0
UChXOhG9bRDb3vSTg-qkPAZg,Gweilo-60,2019-03-11 22:13:51.543323,11113,0
UChXOhG9bRDb3vSTg-qkPAZg,Gweilo-60,2019-03-11 22:12:51.398801,11113,0
UChXOhG9bRDb3vSTg-qkPAZg,Gweilo-60,2019-03-11 22:11:51.376128,11113,0
UChXOhG9bRDb3vSTg-qkPAZg,Gweilo-60,2019-03-11 22:10:51.254419,11113,0
UChXOhG9bRDb3vSTg-qkPAZg,Gweilo-60,2019-03-11 22:09:51.31083,11113,0
UChXOhG9bRDb3vSTg-qkPAZg,Gweilo-60,2019-03-11 22:08:51.188469,11113,0
UChXOhG9bRDb3vSTg-qkPAZg,Gweilo-60,2019-03-11 22:07:51.473396,11113,0
UChXOhG9bRDb3vSTg-qkPAZg,Gweilo-60,2019-03-11 22:06:51.15197,11113,0
UChXOhG9bRDb3vSTg-qkPAZg,Gweilo-60,2019-03-11 22:05:50.947329,11113,0
UChXOhG9bRDb3vSTg-qkPAZg,Gweilo-60,2019-03-11 22:04:51.817615,11113,0
UChXOhG9bRDb3vSTg-qkPAZg,Gweilo-60,2019-03-11 22:03:50.932109,11113,0
UChXOhG9bRDb3vSTg-qkPAZg,Gweilo-60,2019-03-11 22:02:51.273315,11113,0
UChXOhG9bRDb3vSTg-qkPAZg,Gweilo-60,2019-03-11 22:01:51.047108,11113,0
UChXOhG9bRDb3vSTg-qkPAZg,Gweilo-60,2019-03-11 22:00:51.273434,11113,0
UChXOhG9bRDb3vSTg-qkPAZg,Gweilo-60,2019-03-11 21:59:51.709887,11113,0
UChXOhG9bRDb3vSTg-qkPAZg,Gweilo-60,2019-03-11 21:58:51.726752,11113,0
UChXOhG9bRDb3vSTg-qkPAZg,Gweilo-60,2019-03-11 21:57:50.732229,11113,0
UChXOhG9bRDb3vSTg-qkPAZg,Gweilo-60,2019-03-11 21:56:50.601952,11113,0
UChXOhG9bRDb3vSTg-qkPAZg,Gweilo-60,2019-03-11 21:55:51.214449,11113,0
UChXOhG9bRDb3vSTg-qkPAZg,Gweilo-60,2019-03-11 21:54:51.210119,11113,0
UChXOhG9bRDb3vSTg-qkPAZg,Gweilo-60,2019-03-11 21:53:51.008631,11113,0
UChXOhG9bRDb3vSTg-qkPAZg,Gweilo-60,2019-03-11 21:52:51.282899,11113,0
UChXOhG9bRDb3vSTg-qkPAZg,Gweilo-60,2019-03-11 21:51:52.885459,11113,0
UChXOhG9bRDb3vSTg-qkPAZg,Gweilo-60,2019-03-11 21:50:51.291908,11113,0
UChXOhG9bRDb3vSTg-qkPAZg,Gweilo-60,2019-03-11 21:49:51.194456,11113,0
UChXOhG9bRDb3vSTg-qkPAZg,Gweilo-60,2019-03-11 21:48:51.23123,11113,0
UChXOhG9bRDb3vSTg-qkPAZg,Gweilo-60,2019-03-11 21:47:51.362248,11113,0
UChXOhG9bRDb3vSTg-qkPAZg,Gweilo-60,2019-03-11 21:46:51.035662,11113,0
UChXOhG9bRDb3vSTg-qkPAZg,Gweilo-60,2019-03-11 21:45:51.287239,11113,0
UChXOhG9bRDb3vSTg-qkPAZg,Gweilo-60,2019-03-11 21:44:50.865418,11113,0
UChXOhG9bRDb3vSTg-qkPAZg,Gweilo-60,2019-03-11 21:43:51.136798,11113,0
UChXOhG9bRDb3vSTg-qkPAZg,Gweilo-60,2019-03-11 21:42:51.604275,11113,0
UChXOhG9bRDb3vSTg-qkPAZg,Gweilo-60,2019-03-11 21:41:51.071434,11113,0
UChXOhG9bRDb3vSTg-qkPAZg,Gweilo-60,2019-03-11 21:40:51.050844,11113,0
UChXOhG9bRDb3vSTg-qkPAZg,Gweilo-60,2019-03-11 21:39:51.074634,11113,0
UChXOhG9bRDb3vSTg-qkPAZg,Gweilo-60,2019-03-11 21:38:51.766694,11113,0
UChXOhG9bRDb3vSTg-qkPAZg,Gweilo-60,2019-03-11 21:37:50.81422,11113,0
UChXOhG9bRDb3vSTg-qkPAZg,Gweilo-60,2019-03-11 21:36:51.196906,11113,0
UChXOhG9bRDb3vSTg-qkPAZg,Gweilo-60,2019-03-11 21:35:52.416759,11113,0
UChXOhG9bRDb3vSTg-qkPAZg,Gweilo-60,2019-03-11 21:34:51.22221,11113,0
UChXOhG9bRDb3vSTg-qkPAZg,Gweilo-60,2019-03-11 21:33:51.080167,11113,0
UChXOhG9bRDb3vSTg-qkPAZg,Gweilo-60,2019-03-11 21:32:51.653323,11113,0
UChXOhG9bRDb3vSTg-qkPAZg,Gweilo-60,2019-03-11 21:31:51.68812,11113,0
UChXOhG9bRDb3vSTg-qkPAZg,Gweilo-60,2019-03-11 21:30:50.817895,11113,0
UChXOhG9bRDb3vSTg-qkPAZg,Gweilo-60,2019-03-11 21:29:51.152793,11113,0
UChXOhG9bRDb3vSTg-qkPAZg,Gweilo-60,2019-03-11 21:28:50.900737,11113,0
UChXOhG9bRDb3vSTg-qkPAZg,Gweilo-60,2019-03-11 21:27:51.159582,11113,0
UChXOhG9bRDb3vSTg-qkPAZg,Gweilo-60,2019-03-11 21:26:50.878255,11113,0
UChXOhG9bRDb3vSTg-qkPAZg,Gweilo-60,2019-03-11 21:25:50.986636,11113,0
UChXOhG9bRDb3vSTg-qkPAZg,Gweilo-60,2019-03-11 21:24:51.177106,11113,0
UChXOhG9bRDb3vSTg-qkPAZg,Gweilo-60,2019-03-11 21:23:50.875382,11113,0
UChXOhG9bRDb3vSTg-qkPAZg,Gweilo-60,2019-03-11 21:22:52.209518,11113,0
UChXOhG9bRDb3vSTg-qkPAZg,Gweilo-60,2019-03-11 21:21:50.842926,11113,0
UChXOhG9bRDb3vSTg-qkPAZg,Gweilo-60,2019-03-11 21:20:52.476887,11113,0
UChXOhG9bRDb3vSTg-qkPAZg,Gweilo-60,2019-03-11 21:19:51.431467,11113,0
UChXOhG9bRDb3vSTg-qkPAZg,Gweilo-60,2019-03-11 21:18:51.758758,11113,0
UChXOhG9bRDb3vSTg-qkPAZg,Gweilo-60,2019-03-11 21:17:51.787523,11113,0
UChXOhG9bRDb3vSTg-qkPAZg,Gweilo-60,2019-03-11 21:16:50.992103,11113,0
UChXOhG9bRDb3vSTg-qkPAZg,Gweilo-60,2019-03-11 21:15:50.70512,11113,0
UChXOhG9bRDb3vSTg-qkPAZg,Gweilo-60,2019-03-11 21:14:51.03479,11113,0
UChXOhG9bRDb3vSTg-qkPAZg,Gweilo-60,2019-03-11 21:13:50.626287,11113,0
UChXOhG9bRDb3vSTg-qkPAZg,Gweilo-60,2019-03-11 21:12:51.830283,11113,0
UChXOhG9bRDb3vSTg-qkPAZg,Gweilo-60,2019-03-11 21:11:52.304434,11113,0
UChXOhG9bRDb3vSTg-qkPAZg,Gweilo-60,2019-03-11 21:10:50.938262,11113,0
UChXOhG9bRDb3vSTg-qkPAZg,Gweilo-60,2019-03-11 21:09:51.340237,11113,0
UChXOhG9bRDb3vSTg-qkPAZg,Gweilo-60,2019-03-11 21:08:51.382335,11113,0
UChXOhG9bRDb3vSTg-qkPAZg,Gweilo-60,2019-03-11 21:07:51.010679,11113,0
UChXOhG9bRDb3vSTg-qkPAZg,Gweilo-60,2019-03-11 21:06:50.840951,11113,0
UChXOhG9bRDb3vSTg-qkPAZg,Gweilo-60,2019-03-11 21:05:51.157069,11113,0
UChXOhG9bRDb3vSTg-qkPAZg,Gweilo-60,2019-03-11 21:04:50.944948,11113,0
UChXOhG9bRDb3vSTg-qkPAZg,Gweilo-60,2019-03-11 21:03:51.921739,11113,0
UChXOhG9bRDb3vSTg-qkPAZg,Gweilo-60,2019-03-11 21:02:51.392254,11113,0
UChXOhG9bRDb3vSTg-qkPAZg,Gweilo-60,2019-03-11 21:01:51.568909,11113,0
UChXOhG9bRDb3vSTg-qkPAZg,Gweilo-60,2019-03-11 21:00:51.400992,11113,0
UChXOhG9bRDb3vSTg-qkPAZg,Gweilo-60,2019-03-11 20:59:51.048269,11113,0
UChXOhG9bRDb3vSTg-qkPAZg,Gweilo-60,2019-03-11 20:58:51.332215,11113,0
UChXOhG9bRDb3vSTg-qkPAZg,Gweilo-60,2019-03-11 20:57:51.460474,11113,0
UChXOhG9bRDb3vSTg-qkPAZg,Gweilo-60,2019-03-11 20:56:51.088413,11113,0
UChXOhG9bRDb3vSTg-qkPAZg,Gweilo-60,2019-03-11 20:55:51.583401,11113,0
UChXOhG9bRDb3vSTg-qkPAZg,Gweilo-60,2019-03-11 20:54:51.335022,11113,0
UChXOhG9bRDb3vSTg-qkPAZg,Gweilo-60,2019-03-11 20:53:51.277066,11113,0
UChXOhG9bRDb3vSTg-qkPAZg,Gweilo-60,2019-03-11 20:52:50.900746,11113,0
UChXOhG9bRDb3vSTg-qkPAZg,Gweilo-60,2019-03-11 20:51:51.013165,11113,0
UChXOhG9bRDb3vSTg-qkPAZg,Gweilo-60,2019-03-11 20:50:51.541983,11113,0
UChXOhG9bRDb3vSTg-qkPAZg,Gweilo-60,2019-03-11 20:49:51.96083,11113,0
UChXOhG9bRDb3vSTg-qkPAZg,Gweilo-60,2019-03-11 20:48:50.845271,11113,0
UChXOhG9bRDb3vSTg-qkPAZg,Gweilo-60,2019-03-11 20:47:50.856322,11113,0
UChXOhG9bRDb3vSTg-qkPAZg,Gweilo-60,2019-03-11 20:46:51.294359,11113,0
UChXOhG9bRDb3vSTg-qkPAZg,Gweilo-60,2019-03-11 20:45:51.175959,11113,0
UChXOhG9bRDb3vSTg-qkPAZg,Gweilo-60,2019-03-11 20:44:51.018784,11113,0
UChXOhG9bRDb3vSTg-qkPAZg,Gweilo-60,2019-03-11 20:43:50.880674,11113,0
UChXOhG9bRDb3vSTg-qkPAZg,Gweilo-60,2019-03-11 20:42:50.986578,11113,0
UChXOhG9bRDb3vSTg-qkPAZg,Gweilo-60,2019-03-11 20:41:51.226321,11113,0
UChXOhG9bRDb3vSTg-qkPAZg,Gweilo-60,2019-03-11 20:40:50.870781,11113,0
UChXOhG9bRDb3vSTg-qkPAZg,Gweilo-60,2019-03-11 20:39:50.61645,11113,0
UChXOhG9bRDb3vSTg-qkPAZg,Gweilo-60,2019-03-11 20:38:51.325517,11113,0
UChXOhG9bRDb3vSTg-qkPAZg,Gweilo-60,2019-03-11 20:37:51.524302,11113,0
UChXOhG9bRDb3vSTg-qkPAZg,Gweilo-60,2019-03-11 20:36:51.472268,11113,0
UChXOhG9bRDb3vSTg-qkPAZg,Gweilo-60,2019-03-11 20:35:50.979811,11113,0
UChXOhG9bRDb3vSTg-qkPAZg,Gweilo-60,2019-03-11 20:34:51.126548,11113,0
UChXOhG9bRDb3vSTg-qkPAZg,Gweilo-60,2019-03-11 20:33:51.051643,11113,0
UChXOhG9bRDb3vSTg-qkPAZg,Gweilo-60,2019-03-11 20:32:50.968568,11113,0
UChXOhG9bRDb3vSTg-qkPAZg,Gweilo-60,2019-03-11 20:31:50.645269,11113,0
UChXOhG9bRDb3vSTg-qkPAZg,Gweilo-60,2019-03-11 20:30:50.893944,11113,0
UChXOhG9bRDb3vSTg-qkPAZg,Gweilo-60,2019-03-11 20:29:51.082903,11113,0
UChXOhG9bRDb3vSTg-qkPAZg,Gweilo-60,2019-03-11 20:28:51.287084,11113,0
UChXOhG9bRDb3vSTg-qkPAZg,Gweilo-60,2019-03-11 20:27:50.917764,11113,0
UChXOhG9bRDb3vSTg-qkPAZg,Gweilo-60,2019-03-11 20:26:50.691405,11113,0
UChXOhG9bRDb3vSTg-qkPAZg,Gweilo-60,2019-03-11 20:25:50.827395,11113,0
UChXOhG9bRDb3vSTg-qkPAZg,Gweilo-60,2019-03-11 20:24:51.586691,11113,0
UChXOhG9bRDb3vSTg-qkPAZg,Gweilo-60,2019-03-11 20:23:51.545412,11113,0
UChXOhG9bRDb3vSTg-qkPAZg,Gweilo-60,2019-03-11 20:22:51.099382,11113,0
UChXOhG9bRDb3vSTg-qkPAZg,Gweilo-60,2019-03-11 20:21:51.460825,11113,0
UChXOhG9bRDb3vSTg-qkPAZg,Gweilo-60,2019-03-11 20:20:51.138177,11113,0
UChXOhG9bRDb3vSTg-qkPAZg,Gweilo-60,2019-03-11 20:19:51.012386,11113,0
UChXOhG9bRDb3vSTg-qkPAZg,Gweilo-60,2019-03-11 20:18:51.288305,11113,0
UChXOhG9bRDb3vSTg-qkPAZg,Gweilo-60,2019-03-11 20:17:51.099156,11113,0
UChXOhG9bRDb3vSTg-qkPAZg,Gweilo-60,2019-03-11 20:16:51.482259,11113,0
UChXOhG9bRDb3vSTg-qkPAZg,Gweilo-60,2019-03-11 20:15:52.545671,11113,0
UChXOhG9bRDb3vSTg-qkPAZg,Gweilo-60,2019-03-11 20:14:50.746351,11113,0
UChXOhG9bRDb3vSTg-qkPAZg,Gweilo-60,2019-03-11 20:13:51.038781,11113,0
UChXOhG9bRDb3vSTg-qkPAZg,Gweilo-60,2019-03-11 20:12:51.88989,11113,0
UChXOhG9bRDb3vSTg-qkPAZg,Gweilo-60,2019-03-11 20:11:51.07801,11113,0
UChXOhG9bRDb3vSTg-qkPAZg,Gweilo-60,2019-03-11 20:10:50.555937,11113,0
UChXOhG9bRDb3vSTg-qkPAZg,Gweilo-60,2019-03-11 20:09:51.03937,11113,0
UChXOhG9bRDb3vSTg-qkPAZg,Gweilo-60,2019-03-11 20:08:50.880109,11113,0
UChXOhG9bRDb3vSTg-qkPAZg,Gweilo-60,2019-03-11 20:07:51.706124,11113,0
UChXOhG9bRDb3vSTg-qkPAZg,Gweilo-60,2019-03-11 20:06:51.381428,11113,0
UChXOhG9bRDb3vSTg-qkPAZg,Gweilo-60,2019-03-11 20:05:50.854969,11113,0
UChXOhG9bRDb3vSTg-qkPAZg,Gweilo-60,2019-03-11 20:04:51.362858,11113,0
UChXOhG9bRDb3vSTg-qkPAZg,Gweilo-60,2019-03-11 20:03:51.124078,11113,0
UChXOhG9bRDb3vSTg-qkPAZg,Gweilo-60,2019-03-11 20:02:51.249418,11113,0
UChXOhG9bRDb3vSTg-qkPAZg,Gweilo-60,2019-03-11 20:01:50.998522,11113,0
UChXOhG9bRDb3vSTg-qkPAZg,Gweilo-60,2019-03-11 20:00:50.605613,11113,0
UChXOhG9bRDb3vSTg-qkPAZg,Gweilo-60,2019-03-11 19:59:51.06183,11113,0
UChXOhG9bRDb3vSTg-qkPAZg,Gweilo-60,2019-03-11 19:58:51.465103,11113,0
UChXOhG9bRDb3vSTg-qkPAZg,Gweilo-60,2019-03-11 19:57:51.417821,11113,0
UChXOhG9bRDb3vSTg-qkPAZg,Gweilo-60,2019-03-11 19:56:50.730233,11113,0
UChXOhG9bRDb3vSTg-qkPAZg,Gweilo-60,2019-03-11 19:55:50.632267,11113,0
UChXOhG9bRDb3vSTg-qkPAZg,Gweilo-60,2019-03-11 19:54:51.142037,11113,0
UChXOhG9bRDb3vSTg-qkPAZg,Gweilo-60,2019-03-11 19:53:50.831671,11113,0
UChXOhG9bRDb3vSTg-qkPAZg,Gweilo-60,2019-03-11 19:52:51.375445,11113,0
UChXOhG9bRDb3vSTg-qkPAZg,Gweilo-60,2019-03-11 19:51:51.477187,11113,0
UChXOhG9bRDb3vSTg-qkPAZg,Gweilo-60,2019-03-11 19:50:51.160481,11113,0
UChXOhG9bRDb3vSTg-qkPAZg,Gweilo-60,2019-03-11 19:49:50.868798,11113,0
UChXOhG9bRDb3vSTg-qkPAZg,Gweilo-60,2019-03-11 19:48:51.295561,11113,0
UChXOhG9bRDb3vSTg-qkPAZg,Gweilo-60,2019-03-11 19:47:51.331768,11113,0
UChXOhG9bRDb3vSTg-qkPAZg,Gweilo-60,2019-03-11 19:46:50.927499,11113,0
UChXOhG9bRDb3vSTg-qkPAZg,Gweilo-60,2019-03-11 19:45:51.374326,11113,0
UChXOhG9bRDb3vSTg-qkPAZg,Gweilo-60,2019-03-11 19:44:50.852854,11113,0
UChXOhG9bRDb3vSTg-qkPAZg,Gweilo-60,2019-03-11 19:43:51.027732,11113,0
UChXOhG9bRDb3vSTg-qkPAZg,Gweilo-60,2019-03-11 19:42:51.014171,11113,0
UChXOhG9bRDb3vSTg-qkPAZg,Gweilo-60,2019-03-11 19:41:50.981976,11113,0
UChXOhG9bRDb3vSTg-qkPAZg,Gweilo-60,2019-03-11 19:40:51.286529,11113,0
UChXOhG9bRDb3vSTg-qkPAZg,Gweilo-60,2019-03-11 19:39:51.264778,11113,0
UChXOhG9bRDb3vSTg-qkPAZg,Gweilo-60,2019-03-11 19:38:51.31079,11113,0
UChXOhG9bRDb3vSTg-qkPAZg,Gweilo-60,2019-03-11 19:37:50.554643,11113,0
UChXOhG9bRDb3vSTg-qkPAZg,Gweilo-60,2019-03-11 19:36:51.018574,11113,0
UChXOhG9bRDb3vSTg-qkPAZg,Gweilo-60,2019-03-11 19:35:50.971182,11113,0
UChXOhG9bRDb3vSTg-qkPAZg,Gweilo-60,2019-03-11 19:34:50.976692,11113,0
UChXOhG9bRDb3vSTg-qkPAZg,Gweilo-60,2019-03-11 19:33:50.894385,11113,0
UChXOhG9bRDb3vSTg-qkPAZg,Gweilo-60,2019-03-11 19:32:50.722044,11113,0
UChXOhG9bRDb3vSTg-qkPAZg,Gweilo-60,2019-03-11 19:31:51.07184,11113,0
UChXOhG9bRDb3vSTg-qkPAZg,Gweilo-60,2019-03-11 19:30:50.98911,11113,0
UChXOhG9bRDb3vSTg-qkPAZg,Gweilo-60,2019-03-11 19:29:50.786794,11113,0
UChXOhG9bRDb3vSTg-qkPAZg,Gweilo-60,2019-03-11 19:28:50.593176,11113,0
UChXOhG9bRDb3vSTg-qkPAZg,Gweilo-60,2019-03-11 19:27:50.990714,11113,0
UChXOhG9bRDb3vSTg-qkPAZg,Gweilo-60,2019-03-11 19:26:51.711225,11113,0
UChXOhG9bRDb3vSTg-qkPAZg,Gweilo-60,2019-03-11 19:25:51.776045,11113,0
UChXOhG9bRDb3vSTg-qkPAZg,Gweilo-60,2019-03-11 19:24:58.009709,11113,0
UChXOhG9bRDb3vSTg-qkPAZg,Gweilo-60,2019-03-11 19:23:51.902991,11113,0
UChXOhG9bRDb3vSTg-qkPAZg,Gweilo-60,2019-03-11 19:22:50.939569,11113,0
UChXOhG9bRDb3vSTg-qkPAZg,Gweilo-60,2019-03-11 19:21:50.984449,11113,0
UChXOhG9bRDb3vSTg-qkPAZg,Gweilo-60,2019-03-11 19:20:51.065951,11113,0
UChXOhG9bRDb3vSTg-qkPAZg,Gweilo-60,2019-03-11 19:19:51.000177,11113,0
UChXOhG9bRDb3vSTg-qkPAZg,Gweilo-60,2019-03-11 19:18:50.849631,11113,0
UChXOhG9bRDb3vSTg-qkPAZg,Gweilo-60,2019-03-11 19:17:51.421682,11113,0
UChXOhG9bRDb3vSTg-qkPAZg,Gweilo-60,2019-03-11 19:16:50.827445,11113,0
UChXOhG9bRDb3vSTg-qkPAZg,Gweilo-60,2019-03-11 19:15:51.533745,11113,0
UChXOhG9bRDb3vSTg-qkPAZg,Gweilo-60,2019-03-11 19:14:50.646567,11113,0
UChXOhG9bRDb3vSTg-qkPAZg,Gweilo-60,2019-03-11 19:13:50.356009,11113,0
UChXOhG9bRDb3vSTg-qkPAZg,Gweilo-60,2019-03-11 19:12:51.500203,11113,0
UChXOhG9bRDb3vSTg-qkPAZg,Gweilo-60,2019-03-11 19:11:50.664104,11113,0
UChXOhG9bRDb3vSTg-qkPAZg,Gweilo-60,2019-03-11 19:10:50.907643,11113,0
UChXOhG9bRDb3vSTg-qkPAZg,Gweilo-60,2019-03-11 19:09:50.561075,11113,0
UChXOhG9bRDb3vSTg-qkPAZg,Gweilo-60,2019-03-11 19:08:50.577139,11113,0
UChXOhG9bRDb3vSTg-qkPAZg,Gweilo-60,2019-03-11 19:07:50.714739,11113,0
UChXOhG9bRDb3vSTg-qkPAZg,Gweilo-60,2019-03-11 19:06:51.099904,11113,0
UChXOhG9bRDb3vSTg-qkPAZg,Gweilo-60,2019-03-11 19:05:51.253836,11113,0
UChXOhG9bRDb3vSTg-qkPAZg,Gweilo-60,2019-03-11 19:04:51.109671,11113,0
UChXOhG9bRDb3vSTg-qkPAZg,Gweilo-60,2019-03-11 19:03:51.290066,11113,0
UChXOhG9bRDb3vSTg-qkPAZg,Gweilo-60,2019-03-11 19:02:50.889249,11113,0
UChXOhG9bRDb3vSTg-qkPAZg,Gweilo-60,2019-03-11 19:01:51.197349,11113,0
UChXOhG9bRDb3vSTg-qkPAZg,Gweilo-60,2019-03-11 19:00:51.21206,11113,0
UChXOhG9bRDb3vSTg-qkPAZg,Gweilo-60,2019-03-11 18:59:51.450701,11113,0
UChXOhG9bRDb3vSTg-qkPAZg,Gweilo-60,2019-03-11 18:58:50.96211,11113,0
UChXOhG9bRDb3vSTg-qkPAZg,Gweilo-60,2019-03-11 18:57:50.422373,11113,0
UChXOhG9bRDb3vSTg-qkPAZg,Gweilo-60,2019-03-11 18:56:51.413301,11113,0
UChXOhG9bRDb3vSTg-qkPAZg,Gweilo-60,2019-03-11 18:55:51.102678,11113,0
UChXOhG9bRDb3vSTg-qkPAZg,Gweilo-60,2019-03-11 18:54:50.714624,11113,0
UChXOhG9bRDb3vSTg-qkPAZg,Gweilo-60,2019-03-11 18:53:51.684854,11113,0
UChXOhG9bRDb3vSTg-qkPAZg,Gweilo-60,2019-03-11 18:52:51.668697,11113,0
UChXOhG9bRDb3vSTg-qkPAZg,Gweilo-60,2019-03-11 18:51:52.386317,11113,0
UChXOhG9bRDb3vSTg-qkPAZg,Gweilo-60,2019-03-11 18:50:51.35283,11113,0
UChXOhG9bRDb3vSTg-qkPAZg,Gweilo-60,2019-03-11 18:49:51.091016,11113,0
UChXOhG9bRDb3vSTg-qkPAZg,Gweilo-60,2019-03-11 18:48:51.443105,11113,0
UChXOhG9bRDb3vSTg-qkPAZg,Gweilo-60,2019-03-11 18:47:51.012378,11113,0
UChXOhG9bRDb3vSTg-qkPAZg,Gweilo-60,2019-03-11 18:46:50.610736,11113,0
UChXOhG9bRDb3vSTg-qkPAZg,Gweilo-60,2019-03-11 18:45:51.555743,11113,0
UChXOhG9bRDb3vSTg-qkPAZg,Gweilo-60,2019-03-11 18:44:51.394481,11113,0
UChXOhG9bRDb3vSTg-qkPAZg,Gweilo-60,2019-03-11 18:43:51.172308,11113,0
UChXOhG9bRDb3vSTg-qkPAZg,Gweilo-60,2019-03-11 18:42:50.545749,11113,0
UChXOhG9bRDb3vSTg-qkPAZg,Gweilo-60,2019-03-11 18:41:50.819233,11113,0
UChXOhG9bRDb3vSTg-qkPAZg,Gweilo-60,2019-03-11 18:40:51.208084,11113,0
UChXOhG9bRDb3vSTg-qkPAZg,Gweilo-60,2019-03-11 18:39:50.696642,11113,0
UChXOhG9bRDb3vSTg-qkPAZg,Gweilo-60,2019-03-11 18:38:51.300508,11113,0
UChXOhG9bRDb3vSTg-qkPAZg,Gweilo-60,2019-03-11 18:37:51.500862,11113,0
UChXOhG9bRDb3vSTg-qkPAZg,Gweilo-60,2019-03-11 18:36:50.790016,11113,0
UChXOhG9bRDb3vSTg-qkPAZg,Gweilo-60,2019-03-11 18:35:50.732175,11113,0
UChXOhG9bRDb3vSTg-qkPAZg,Gweilo-60,2019-03-11 18:34:51.252793,11113,0
UChXOhG9bRDb3vSTg-qkPAZg,Gweilo-60,2019-03-11 18:33:51.215634,11113,0
UChXOhG9bRDb3vSTg-qkPAZg,Gweilo-60,2019-03-11 18:32:51.096797,11113,0
UChXOhG9bRDb3vSTg-qkPAZg,Gweilo-60,2019-03-11 18:31:51.179076,11113,0
UChXOhG9bRDb3vSTg-qkPAZg,Gweilo-60,2019-03-11 18:30:51.315251,11113,0
UChXOhG9bRDb3vSTg-qkPAZg,Gweilo-60,2019-03-11 18:29:50.657882,11113,0
UChXOhG9bRDb3vSTg-qkPAZg,Gweilo-60,2019-03-11 18:28:50.918072,11113,0
UChXOhG9bRDb3vSTg-qkPAZg,Gweilo-60,2019-03-11 18:27:50.909067,11113,0
UChXOhG9bRDb3vSTg-qkPAZg,Gweilo-60,2019-03-11 18:26:50.52433,11113,0
UChXOhG9bRDb3vSTg-qkPAZg,Gweilo-60,2019-03-11 18:25:50.769711,11113,0
UChXOhG9bRDb3vSTg-qkPAZg,Gweilo-60,2019-03-11 18:24:51.399781,11113,0
UChXOhG9bRDb3vSTg-qkPAZg,Gweilo-60,2019-03-11 18:23:51.042552,11113,0
UChXOhG9bRDb3vSTg-qkPAZg,Gweilo-60,2019-03-11 18:22:51.415671,11113,0
UChXOhG9bRDb3vSTg-qkPAZg,Gweilo-60,2019-03-11 18:21:50.616456,11113,0
UChXOhG9bRDb3vSTg-qkPAZg,Gweilo-60,2019-03-11 18:20:50.489169,11113,0
UChXOhG9bRDb3vSTg-qkPAZg,Gweilo-60,2019-03-11 18:19:50.908699,11113,0
UChXOhG9bRDb3vSTg-qkPAZg,Gweilo-60,2019-03-11 18:18:50.751912,11113,0
UChXOhG9bRDb3vSTg-qkPAZg,Gweilo-60,2019-03-11 18:17:50.81689,11113,0
UChXOhG9bRDb3vSTg-qkPAZg,Gweilo-60,2019-03-11 18:16:50.741031,11113,0
UChXOhG9bRDb3vSTg-qkPAZg,Gweilo-60,2019-03-11 18:15:51.09505,11113,0
UChXOhG9bRDb3vSTg-qkPAZg,Gweilo-60,2019-03-11 18:14:50.476222,11113,0
UChXOhG9bRDb3vSTg-qkPAZg,Gweilo-60,2019-03-11 18:13:51.34666,11113,0
UChXOhG9bRDb3vSTg-qkPAZg,Gweilo-60,2019-03-11 18:12:51.199632,11113,0
UChXOhG9bRDb3vSTg-qkPAZg,Gweilo-60,2019-03-11 18:11:51.094879,11113,0
UChXOhG9bRDb3vSTg-qkPAZg,Gweilo-60,2019-03-11 18:10:50.688324,11113,0
UChXOhG9bRDb3vSTg-qkPAZg,Gweilo-60,2019-03-11 18:09:52.296801,11113,0
UChXOhG9bRDb3vSTg-qkPAZg,Gweilo-60,2019-03-11 18:08:51.510317,11113,0
UChXOhG9bRDb3vSTg-qkPAZg,Gweilo-60,2019-03-11 18:07:51.015231,11113,0
UChXOhG9bRDb3vSTg-qkPAZg,Gweilo-60,2019-03-11 18:06:51.194581,11113,0
UChXOhG9bRDb3vSTg-qkPAZg,Gweilo-60,2019-03-11 18:05:50.832364,11113,0
UChXOhG9bRDb3vSTg-qkPAZg,Gweilo-60,2019-03-11 18:04:51.676751,11113,0
UChXOhG9bRDb3vSTg-qkPAZg,Gweilo-60,2019-03-11 18:03:51.125872,11113,0
UChXOhG9bRDb3vSTg-qkPAZg,Gweilo-60,2019-03-11 18:02:51.026904,11113,0
UChXOhG9bRDb3vSTg-qkPAZg,Gweilo-60,2019-03-11 18:01:51.061151,11113,0
UChXOhG9bRDb3vSTg-qkPAZg,Gweilo-60,2019-03-11 18:00:51.296624,11113,0
UChXOhG9bRDb3vSTg-qkPAZg,Gweilo-60,2019-03-11 17:59:51.206509,11113,0
UChXOhG9bRDb3vSTg-qkPAZg,Gweilo-60,2019-03-11 17:58:51.314713,11113,0
UChXOhG9bRDb3vSTg-qkPAZg,Gweilo-60,2019-03-11 17:57:50.459059,11113,0
UChXOhG9bRDb3vSTg-qkPAZg,Gweilo-60,2019-03-11 17:56:51.01524,11113,0
UChXOhG9bRDb3vSTg-qkPAZg,Gweilo-60,2019-03-11 17:55:51.034889,11113,0
UChXOhG9bRDb3vSTg-qkPAZg,Gweilo-60,2019-03-11 17:54:51.227588,11113,0
UChXOhG9bRDb3vSTg-qkPAZg,Gweilo-60,2019-03-11 17:53:50.9071,11113,0
UChXOhG9bRDb3vSTg-qkPAZg,Gweilo-60,2019-03-11 17:52:50.621012,11113,0
UChXOhG9bRDb3vSTg-qkPAZg,Gweilo-60,2019-03-11 17:51:51.422268,11113,0
UChXOhG9bRDb3vSTg-qkPAZg,Gweilo-60,2019-03-11 17:50:50.829335,11113,0
UChXOhG9bRDb3vSTg-qkPAZg,Gweilo-60,2019-03-11 17:49:51.021292,11113,0
UChXOhG9bRDb3vSTg-qkPAZg,Gweilo-60,2019-03-11 17:48:50.859955,11113,0
UChXOhG9bRDb3vSTg-qkPAZg,Gweilo-60,2019-03-11 17:47:50.930976,11113,0
UChXOhG9bRDb3vSTg-qkPAZg,Gweilo-60,2019-03-11 17:46:51.322353,11113,0
UChXOhG9bRDb3vSTg-qkPAZg,Gweilo-60,2019-03-11 17:45:50.608262,11113,0
UChXOhG9bRDb3vSTg-qkPAZg,Gweilo-60,2019-03-11 17:44:50.612021,11113,0
UChXOhG9bRDb3vSTg-qkPAZg,Gweilo-60,2019-03-11 17:43:51.232517,11113,0
UChXOhG9bRDb3vSTg-qkPAZg,Gweilo-60,2019-03-11 17:42:50.972075,11113,0
UChXOhG9bRDb3vSTg-qkPAZg,Gweilo-60,2019-03-11 17:41:50.920096,11113,0
UChXOhG9bRDb3vSTg-qkPAZg,Gweilo-60,2019-03-11 17:40:50.851663,11113,0
UChXOhG9bRDb3vSTg-qkPAZg,Gweilo-60,2019-03-11 17:39:51.063472,11113,0
UChXOhG9bRDb3vSTg-qkPAZg,Gweilo-60,2019-03-11 17:38:50.894834,11113,0
UChXOhG9bRDb3vSTg-qkPAZg,Gweilo-60,2019-03-11 17:37:51.158276,11113,0
UChXOhG9bRDb3vSTg-qkPAZg,Gweilo-60,2019-03-11 17:36:50.888213,11113,0
UChXOhG9bRDb3vSTg-qkPAZg,Gweilo-60,2019-03-11 17:35:50.841689,11113,0
UChXOhG9bRDb3vSTg-qkPAZg,Gweilo-60,2019-03-11 17:34:51.087118,11113,0
UChXOhG9bRDb3vSTg-qkPAZg,Gweilo-60,2019-03-11 17:33:51.523846,11113,0
UChXOhG9bRDb3vSTg-qkPAZg,Gweilo-60,2019-03-11 17:32:51.200075,11113,0
UChXOhG9bRDb3vSTg-qkPAZg,Gweilo-60,2019-03-11 17:31:51.369151,11113,0
UChXOhG9bRDb3vSTg-qkPAZg,Gweilo-60,2019-03-11 17:30:51.074595,11113,0
UChXOhG9bRDb3vSTg-qkPAZg,Gweilo-60,2019-03-11 17:29:51.016292,11113,0
UChXOhG9bRDb3vSTg-qkPAZg,Gweilo-60,2019-03-11 17:28:50.577642,11113,0
UChXOhG9bRDb3vSTg-qkPAZg,Gweilo-60,2019-03-11 17:27:50.787208,11113,0
UChXOhG9bRDb3vSTg-qkPAZg,Gweilo-60,2019-03-11 17:26:51.235216,11113,0
UChXOhG9bRDb3vSTg-qkPAZg,Gweilo-60,2019-03-11 17:25:51.350701,11113,0
UChXOhG9bRDb3vSTg-qkPAZg,Gweilo-60,2019-03-11 17:24:50.757505,11113,0
UChXOhG9bRDb3vSTg-qkPAZg,Gweilo-60,2019-03-11 17:23:51.060644,11113,0
UChXOhG9bRDb3vSTg-qkPAZg,Gweilo-60,2019-03-11 17:22:51.412167,11113,0
UChXOhG9bRDb3vSTg-qkPAZg,Gweilo-60,2019-03-11 17:21:51.223836,11113,0
UChXOhG9bRDb3vSTg-qkPAZg,Gweilo-60,2019-03-11 17:20:51.345705,11113,0
UChXOhG9bRDb3vSTg-qkPAZg,Gweilo-60,2019-03-11 17:19:51.065167,11113,0
UChXOhG9bRDb3vSTg-qkPAZg,Gweilo-60,2019-03-11 17:18:50.787572,11113,0
UChXOhG9bRDb3vSTg-qkPAZg,Gweilo-60,2019-03-11 17:17:52.104218,11113,0
UChXOhG9bRDb3vSTg-qkPAZg,Gweilo-60,2019-03-11 17:16:50.727777,11113,0
UChXOhG9bRDb3vSTg-qkPAZg,Gweilo-60,2019-03-11 17:15:51.191962,11113,0
UChXOhG9bRDb3vSTg-qkPAZg,Gweilo-60,2019-03-11 17:14:50.842917,11113,0
UChXOhG9bRDb3vSTg-qkPAZg,Gweilo-60,2019-03-11 17:13:51.703226,11113,0
UChXOhG9bRDb3vSTg-qkPAZg,Gweilo-60,2019-03-11 17:12:51.136488,11113,0
UChXOhG9bRDb3vSTg-qkPAZg,Gweilo-60,2019-03-11 17:11:50.405867,11113,0
UChXOhG9bRDb3vSTg-qkPAZg,Gweilo-60,2019-03-11 17:10:50.722463,11113,0
UChXOhG9bRDb3vSTg-qkPAZg,Gweilo-60,2019-03-11 17:09:50.630133,11113,0
UChXOhG9bRDb3vSTg-qkPAZg,Gweilo-60,2019-03-11 17:08:50.562011,11113,0
UChXOhG9bRDb3vSTg-qkPAZg,Gweilo-60,2019-03-11 17:07:51.130393,11113,0
UChXOhG9bRDb3vSTg-qkPAZg,Gweilo-60,2019-03-11 17:06:50.91458,11113,0
UChXOhG9bRDb3vSTg-qkPAZg,Gweilo-60,2019-03-11 17:05:51.039668,11113,0
UChXOhG9bRDb3vSTg-qkPAZg,Gweilo-60,2019-03-11 17:04:51.706385,11113,0
UChXOhG9bRDb3vSTg-qkPAZg,Gweilo-60,2019-03-11 17:03:51.06208,11113,0
UChXOhG9bRDb3vSTg-qkPAZg,Gweilo-60,2019-03-11 17:02:51.007243,11113,0
UChXOhG9bRDb3vSTg-qkPAZg,Gweilo-60,2019-03-11 17:01:51.138403,11113,0
UChXOhG9bRDb3vSTg-qkPAZg,Gweilo-60,2019-03-11 17:00:51.433083,11113,0
UChXOhG9bRDb3vSTg-qkPAZg,Gweilo-60,2019-03-11 16:59:50.810164,11113,0
UChXOhG9bRDb3vSTg-qkPAZg,Gweilo-60,2019-03-11 16:58:50.490635,11113,0
UChXOhG9bRDb3vSTg-qkPAZg,Gweilo-60,2019-03-11 16:57:50.967692,11113,0
UChXOhG9bRDb3vSTg-qkPAZg,Gweilo-60,2019-03-11 16:56:51.618524,11113,0
UChXOhG9bRDb3vSTg-qkPAZg,Gweilo-60,2019-03-11 16:55:50.788879,11113,0
UChXOhG9bRDb3vSTg-qkPAZg,Gweilo-60,2019-03-11 16:54:50.761284,11113,0
UChXOhG9bRDb3vSTg-qkPAZg,Gweilo-60,2019-03-11 16:53:51.137235,11113,0
UChXOhG9bRDb3vSTg-qkPAZg,Gweilo-60,2019-03-11 16:52:50.821747,11113,0
UChXOhG9bRDb3vSTg-qkPAZg,Gweilo-60,2019-03-11 16:51:51.276903,11113,0
UChXOhG9bRDb3vSTg-qkPAZg,Gweilo-60,2019-03-11 16:50:51.435354,11113,0
UChXOhG9bRDb3vSTg-qkPAZg,Gweilo-60,2019-03-11 16:49:51.443079,11113,0
UChXOhG9bRDb3vSTg-qkPAZg,Gweilo-60,2019-03-11 16:48:51.018545,11113,0
UChXOhG9bRDb3vSTg-qkPAZg,Gweilo-60,2019-03-11 16:47:50.628996,11113,0
UChXOhG9bRDb3vSTg-qkPAZg,Gweilo-60,2019-03-11 16:46:51.352716,11113,0
UChXOhG9bRDb3vSTg-qkPAZg,Gweilo-60,2019-03-11 16:45:51.23638,11113,0
UChXOhG9bRDb3vSTg-qkPAZg,Gweilo-60,2019-03-11 16:44:50.8069,11113,0
UChXOhG9bRDb3vSTg-qkPAZg,Gweilo-60,2019-03-11 16:43:51.092537,11113,0
UChXOhG9bRDb3vSTg-qkPAZg,Gweilo-60,2019-03-11 16:42:51.205926,11113,0
UChXOhG9bRDb3vSTg-qkPAZg,Gweilo-60,2019-03-11 16:41:51.131955,11113,0
UChXOhG9bRDb3vSTg-qkPAZg,Gweilo-60,2019-03-11 16:40:50.725267,11113,0
UChXOhG9bRDb3vSTg-qkPAZg,Gweilo-60,2019-03-11 16:39:51.300087,11113,0
UChXOhG9bRDb3vSTg-qkPAZg,Gweilo-60,2019-03-11 16:38:51.276946,11113,0
UChXOhG9bRDb3vSTg-qkPAZg,Gweilo-60,2019-03-11 16:37:51.564818,11113,0
UChXOhG9bRDb3vSTg-qkPAZg,Gweilo-60,2019-03-11 16:36:50.797669,11113,0
UChXOhG9bRDb3vSTg-qkPAZg,Gweilo-60,2019-03-11 16:35:51.400749,11113,0
UChXOhG9bRDb3vSTg-qkPAZg,Gweilo-60,2019-03-11 16:34:50.73947,11113,0
UChXOhG9bRDb3vSTg-qkPAZg,Gweilo-60,2019-03-11 16:33:51.201152,11113,0
UChXOhG9bRDb3vSTg-qkPAZg,Gweilo-60,2019-03-11 16:32:50.805363,11113,0
UChXOhG9bRDb3vSTg-qkPAZg,Gweilo-60,2019-03-11 16:31:51.317862,11113,0
UChXOhG9bRDb3vSTg-qkPAZg,Gweilo-60,2019-03-11 16:30:51.588967,11113,0
UChXOhG9bRDb3vSTg-qkPAZg,Gweilo-60,2019-03-11 16:29:51.155987,11113,0
UChXOhG9bRDb3vSTg-qkPAZg,Gweilo-60,2019-03-11 16:28:51.041865,11113,0
UChXOhG9bRDb3vSTg-qkPAZg,Gweilo-60,2019-03-11 16:27:51.33931,11113,0
UChXOhG9bRDb3vSTg-qkPAZg,Gweilo-60,2019-03-11 16:26:50.97418,11113,0
UChXOhG9bRDb3vSTg-qkPAZg,Gweilo-60,2019-03-11 16:25:51.341478,11113,0
UChXOhG9bRDb3vSTg-qkPAZg,Gweilo-60,2019-03-11 16:24:50.991888,11113,0
UChXOhG9bRDb3vSTg-qkPAZg,Gweilo-60,2019-03-11 16:23:51.268028,11113,0
UChXOhG9bRDb3vSTg-qkPAZg,Gweilo-60,2019-03-11 16:22:50.761111,11113,0
UChXOhG9bRDb3vSTg-qkPAZg,Gweilo-60,2019-03-11 16:21:50.593693,11113,0
UChXOhG9bRDb3vSTg-qkPAZg,Gweilo-60,2019-03-11 16:20:51.215195,11113,0
UChXOhG9bRDb3vSTg-qkPAZg,Gweilo-60,2019-03-11 16:19:50.801657,11113,0
UChXOhG9bRDb3vSTg-qkPAZg,Gweilo-60,2019-03-11 16:18:51.120821,11113,0
UChXOhG9bRDb3vSTg-qkPAZg,Gweilo-60,2019-03-11 16:17:50.67013,11113,0
UChXOhG9bRDb3vSTg-qkPAZg,Gweilo-60,2019-03-11 16:16:50.960425,11113,0
UChXOhG9bRDb3vSTg-qkPAZg,Gweilo-60,2019-03-11 16:15:50.897021,11113,0
UChXOhG9bRDb3vSTg-qkPAZg,Gweilo-60,2019-03-11 16:14:51.161252,11113,0
UChXOhG9bRDb3vSTg-qkPAZg,Gweilo-60,2019-03-11 16:13:51.227024,11113,0
UChXOhG9bRDb3vSTg-qkPAZg,Gweilo-60,2019-03-11 16:12:51.154807,11113,0
UChXOhG9bRDb3vSTg-qkPAZg,Gweilo-60,2019-03-11 16:11:51.08964,11113,0
UChXOhG9bRDb3vSTg-qkPAZg,Gweilo-60,2019-03-11 16:10:50.957905,11113,0
UChXOhG9bRDb3vSTg-qkPAZg,Gweilo-60,2019-03-11 16:09:51.194219,11113,0
UChXOhG9bRDb3vSTg-qkPAZg,Gweilo-60,2019-03-11 16:08:51.163535,11113,0
UChXOhG9bRDb3vSTg-qkPAZg,Gweilo-60,2019-03-11 16:07:51.003954,11113,0
UChXOhG9bRDb3vSTg-qkPAZg,Gweilo-60,2019-03-11 16:06:50.796429,11113,0
UChXOhG9bRDb3vSTg-qkPAZg,Gweilo-60,2019-03-11 16:05:51.390626,11113,0
UChXOhG9bRDb3vSTg-qkPAZg,Gweilo-60,2019-03-11 16:04:50.612697,11113,0
UChXOhG9bRDb3vSTg-qkPAZg,Gweilo-60,2019-03-11 16:03:51.163648,11113,0
UChXOhG9bRDb3vSTg-qkPAZg,Gweilo-60,2019-03-11 16:02:50.777182,11113,0
UChXOhG9bRDb3vSTg-qkPAZg,Gweilo-60,2019-03-11 16:01:51.063183,11113,0
UChXOhG9bRDb3vSTg-qkPAZg,Gweilo-60,2019-03-11 16:00:50.751693,11113,0
UChXOhG9bRDb3vSTg-qkPAZg,Gweilo-60,2019-03-11 15:59:50.853665,11113,0
UChXOhG9bRDb3vSTg-qkPAZg,Gweilo-60,2019-03-11 15:58:51.092477,11113,0
UChXOhG9bRDb3vSTg-qkPAZg,Gweilo-60,2019-03-11 15:57:51.306086,11113,0
UChXOhG9bRDb3vSTg-qkPAZg,Gweilo-60,2019-03-11 15:56:51.012675,11113,0
UChXOhG9bRDb3vSTg-qkPAZg,Gweilo-60,2019-03-11 15:55:50.411301,11113,0
UChXOhG9bRDb3vSTg-qkPAZg,Gweilo-60,2019-03-11 15:54:50.81072,11113,0
UChXOhG9bRDb3vSTg-qkPAZg,Gweilo-60,2019-03-11 15:53:50.998361,11113,0
UChXOhG9bRDb3vSTg-qkPAZg,Gweilo-60,2019-03-11 15:52:50.761654,11113,0
UChXOhG9bRDb3vSTg-qkPAZg,Gweilo-60,2019-03-11 15:51:50.775171,11113,0
UChXOhG9bRDb3vSTg-qkPAZg,Gweilo-60,2019-03-11 15:50:50.650653,11113,0
UChXOhG9bRDb3vSTg-qkPAZg,Gweilo-60,2019-03-11 15:49:51.06224,11113,0
UChXOhG9bRDb3vSTg-qkPAZg,Gweilo-60,2019-03-11 15:48:51.305172,11113,0
UChXOhG9bRDb3vSTg-qkPAZg,Gweilo-60,2019-03-11 15:47:51.404883,11113,0
UChXOhG9bRDb3vSTg-qkPAZg,Gweilo-60,2019-03-11 15:46:50.690199,11113,0
UChXOhG9bRDb3vSTg-qkPAZg,Gweilo-60,2019-03-11 15:45:51.382568,11113,0
UChXOhG9bRDb3vSTg-qkPAZg,Gweilo-60,2019-03-11 15:44:51.281284,11113,0
UChXOhG9bRDb3vSTg-qkPAZg,Gweilo-60,2019-03-11 15:43:51.626674,11113,0
UChXOhG9bRDb3vSTg-qkPAZg,Gweilo-60,2019-03-11 15:42:51.311677,11113,0
UChXOhG9bRDb3vSTg-qkPAZg,Gweilo-60,2019-03-11 15:41:50.606053,11113,0
UChXOhG9bRDb3vSTg-qkPAZg,Gweilo-60,2019-03-11 15:40:50.776709,11113,0
UChXOhG9bRDb3vSTg-qkPAZg,Gweilo-60,2019-03-11 15:39:51.445094,11113,0
UChXOhG9bRDb3vSTg-qkPAZg,Gweilo-60,2019-03-11 15:38:50.735102,11113,0
UChXOhG9bRDb3vSTg-qkPAZg,Gweilo-60,2019-03-11 15:37:50.755443,11113,0
UChXOhG9bRDb3vSTg-qkPAZg,Gweilo-60,2019-03-11 15:36:50.636886,11113,0
UChXOhG9bRDb3vSTg-qkPAZg,Gweilo-60,2019-03-11 15:35:50.724819,11113,0
UChXOhG9bRDb3vSTg-qkPAZg,Gweilo-60,2019-03-11 15:34:51.191568,11113,0
UChXOhG9bRDb3vSTg-qkPAZg,Gweilo-60,2019-03-11 15:33:51.113998,11113,0
UChXOhG9bRDb3vSTg-qkPAZg,Gweilo-60,2019-03-11 15:32:51.051538,11113,0
UChXOhG9bRDb3vSTg-qkPAZg,Gweilo-60,2019-03-11 15:31:51.096814,11113,0
UChXOhG9bRDb3vSTg-qkPAZg,Gweilo-60,2019-03-11 15:30:50.648546,11113,0
UChXOhG9bRDb3vSTg-qkPAZg,Gweilo-60,2019-03-11 15:29:49.988646,11113,0
UChXOhG9bRDb3vSTg-qkPAZg,Gweilo-60,2019-03-11 15:28:50.773209,11113,0
UChXOhG9bRDb3vSTg-qkPAZg,Gweilo-60,2019-03-11 15:27:50.206229,11113,0
UChXOhG9bRDb3vSTg-qkPAZg,Gweilo-60,2019-03-11 15:26:51.494982,11113,0
UChXOhG9bRDb3vSTg-qkPAZg,Gweilo-60,2019-03-11 15:25:51.01085,11113,0
UChXOhG9bRDb3vSTg-qkPAZg,Gweilo-60,2019-03-11 15:24:51.177584,11113,0
UChXOhG9bRDb3vSTg-qkPAZg,Gweilo-60,2019-03-11 15:23:50.772744,11113,0
UChXOhG9bRDb3vSTg-qkPAZg,Gweilo-60,2019-03-11 15:22:51.52187,11113,0
UChXOhG9bRDb3vSTg-qkPAZg,Gweilo-60,2019-03-11 15:21:51.893987,11113,0
UChXOhG9bRDb3vSTg-qkPAZg,Gweilo-60,2019-03-11 15:20:50.555139,11113,0
UChXOhG9bRDb3vSTg-qkPAZg,Gweilo-60,2019-03-11 15:19:50.589065,11113,0
UChXOhG9bRDb3vSTg-qkPAZg,Gweilo-60,2019-03-11 15:18:50.706795,11113,0
UChXOhG9bRDb3vSTg-qkPAZg,Gweilo-60,2019-03-11 15:17:50.78084,11113,0
UChXOhG9bRDb3vSTg-qkPAZg,Gweilo-60,2019-03-11 15:16:50.953788,11113,0
UChXOhG9bRDb3vSTg-qkPAZg,Gweilo-60,2019-03-11 15:15:50.673043,11113,0
UChXOhG9bRDb3vSTg-qkPAZg,Gweilo-60,2019-03-11 15:14:51.060968,11113,0
UChXOhG9bRDb3vSTg-qkPAZg,Gweilo-60,2019-03-11 15:13:50.648865,11113,0
UChXOhG9bRDb3vSTg-qkPAZg,Gweilo-60,2019-03-11 15:12:50.482305,11113,0
UChXOhG9bRDb3vSTg-qkPAZg,Gweilo-60,2019-03-11 15:11:50.705888,11113,0
UChXOhG9bRDb3vSTg-qkPAZg,Gweilo-60,2019-03-11 15:10:50.773725,11113,0
UChXOhG9bRDb3vSTg-qkPAZg,Gweilo-60,2019-03-11 15:09:50.727423,11113,0
UChXOhG9bRDb3vSTg-qkPAZg,Gweilo-60,2019-03-11 15:08:51.13628,11113,0
UChXOhG9bRDb3vSTg-qkPAZg,Gweilo-60,2019-03-11 15:07:51.357911,11113,1
UChXOhG9bRDb3vSTg-qkPAZg,Gweilo-60,2019-03-11 15:06:51.045675,11112,0
UChXOhG9bRDb3vSTg-qkPAZg,Gweilo-60,2019-03-11 15:05:51.18916,11112,0
UChXOhG9bRDb3vSTg-qkPAZg,Gweilo-60,2019-03-11 15:04:50.807799,11112,0
UChXOhG9bRDb3vSTg-qkPAZg,Gweilo-60,2019-03-11 15:03:51.04085,11112,0
UChXOhG9bRDb3vSTg-qkPAZg,Gweilo-60,2019-03-11 15:02:50.531445,11112,0
UChXOhG9bRDb3vSTg-qkPAZg,Gweilo-60,2019-03-11 15:01:51.093729,11112,0
UChXOhG9bRDb3vSTg-qkPAZg,Gweilo-60,2019-03-11 15:00:50.407793,11112,0
UChXOhG9bRDb3vSTg-qkPAZg,Gweilo-60,2019-03-11 14:59:51.281438,11112,0
UChXOhG9bRDb3vSTg-qkPAZg,Gweilo-60,2019-03-11 14:58:51.112964,11112,0
UChXOhG9bRDb3vSTg-qkPAZg,Gweilo-60,2019-03-11 14:57:51.631313,11112,0
UChXOhG9bRDb3vSTg-qkPAZg,Gweilo-60,2019-03-11 14:56:51.557708,11112,0
UChXOhG9bRDb3vSTg-qkPAZg,Gweilo-60,2019-03-11 14:55:50.378956,11112,0
UChXOhG9bRDb3vSTg-qkPAZg,Gweilo-60,2019-03-11 14:54:50.785412,11112,0
UChXOhG9bRDb3vSTg-qkPAZg,Gweilo-60,2019-03-11 14:53:51.017502,11112,0
UChXOhG9bRDb3vSTg-qkPAZg,Gweilo-60,2019-03-11 14:52:51.292964,11112,0
UChXOhG9bRDb3vSTg-qkPAZg,Gweilo-60,2019-03-11 14:51:50.880207,11112,0
UChXOhG9bRDb3vSTg-qkPAZg,Gweilo-60,2019-03-11 14:50:50.810473,11112,0
UChXOhG9bRDb3vSTg-qkPAZg,Gweilo-60,2019-03-11 14:49:50.986159,11112,0
UChXOhG9bRDb3vSTg-qkPAZg,Gweilo-60,2019-03-11 14:48:51.090921,11112,0
UChXOhG9bRDb3vSTg-qkPAZg,Gweilo-60,2019-03-11 14:47:50.727712,11112,0
UChXOhG9bRDb3vSTg-qkPAZg,Gweilo-60,2019-03-11 14:46:51.631385,11112,0
UChXOhG9bRDb3vSTg-qkPAZg,Gweilo-60,2019-03-11 14:45:50.948453,11112,0
UChXOhG9bRDb3vSTg-qkPAZg,Gweilo-60,2019-03-11 14:44:50.610899,11112,0
UChXOhG9bRDb3vSTg-qkPAZg,Gweilo-60,2019-03-11 14:43:50.658109,11112,0
UChXOhG9bRDb3vSTg-qkPAZg,Gweilo-60,2019-03-11 14:42:50.854143,11112,0
UChXOhG9bRDb3vSTg-qkPAZg,Gweilo-60,2019-03-11 14:41:50.632237,11112,0
UChXOhG9bRDb3vSTg-qkPAZg,Gweilo-60,2019-03-11 14:40:50.889675,11112,0
UChXOhG9bRDb3vSTg-qkPAZg,Gweilo-60,2019-03-11 14:39:50.605326,11112,0
UChXOhG9bRDb3vSTg-qkPAZg,Gweilo-60,2019-03-11 14:38:50.79859,11112,0
UChXOhG9bRDb3vSTg-qkPAZg,Gweilo-60,2019-03-11 14:37:51.026581,11112,0
UChXOhG9bRDb3vSTg-qkPAZg,Gweilo-60,2019-03-11 14:36:51.113018,11112,0
UChXOhG9bRDb3vSTg-qkPAZg,Gweilo-60,2019-03-11 14:35:51.111169,11112,0
UChXOhG9bRDb3vSTg-qkPAZg,Gweilo-60,2019-03-11 14:34:50.987144,11112,0
UChXOhG9bRDb3vSTg-qkPAZg,Gweilo-60,2019-03-11 14:33:51.141884,11112,0
UChXOhG9bRDb3vSTg-qkPAZg,Gweilo-60,2019-03-11 14:32:51.04737,11112,0
UChXOhG9bRDb3vSTg-qkPAZg,Gweilo-60,2019-03-11 14:31:51.369267,11112,0
UChXOhG9bRDb3vSTg-qkPAZg,Gweilo-60,2019-03-11 14:30:50.990091,11112,0
UChXOhG9bRDb3vSTg-qkPAZg,Gweilo-60,2019-03-11 14:29:50.839893,11112,0
UChXOhG9bRDb3vSTg-qkPAZg,Gweilo-60,2019-03-11 14:28:51.352126,11112,0
UChXOhG9bRDb3vSTg-qkPAZg,Gweilo-60,2019-03-11 14:27:50.821193,11112,0
UChXOhG9bRDb3vSTg-qkPAZg,Gweilo-60,2019-03-11 14:26:50.892172,11112,0
UChXOhG9bRDb3vSTg-qkPAZg,Gweilo-60,2019-03-11 14:25:50.884116,11112,0
UChXOhG9bRDb3vSTg-qkPAZg,Gweilo-60,2019-03-11 14:24:50.258222,11112,0
UChXOhG9bRDb3vSTg-qkPAZg,Gweilo-60,2019-03-11 14:23:51.01244,11112,0
UChXOhG9bRDb3vSTg-qkPAZg,Gweilo-60,2019-03-11 14:22:50.377013,11112,0
UChXOhG9bRDb3vSTg-qkPAZg,Gweilo-60,2019-03-11 14:21:51.25521,11112,0
UChXOhG9bRDb3vSTg-qkPAZg,Gweilo-60,2019-03-11 14:20:50.828064,11112,0
UChXOhG9bRDb3vSTg-qkPAZg,Gweilo-60,2019-03-11 14:19:51.226177,11112,0
UChXOhG9bRDb3vSTg-qkPAZg,Gweilo-60,2019-03-11 14:18:50.657683,11112,0
UChXOhG9bRDb3vSTg-qkPAZg,Gweilo-60,2019-03-11 14:17:50.752493,11112,0
UChXOhG9bRDb3vSTg-qkPAZg,Gweilo-60,2019-03-11 14:16:50.649135,11112,0
UChXOhG9bRDb3vSTg-qkPAZg,Gweilo-60,2019-03-11 14:15:50.737027,11112,0
UChXOhG9bRDb3vSTg-qkPAZg,Gweilo-60,2019-03-11 14:14:50.811291,11112,0
UChXOhG9bRDb3vSTg-qkPAZg,Gweilo-60,2019-03-11 14:13:50.853444,11112,0
UChXOhG9bRDb3vSTg-qkPAZg,Gweilo-60,2019-03-11 14:12:50.731007,11112,0
UChXOhG9bRDb3vSTg-qkPAZg,Gweilo-60,2019-03-11 14:11:51.053526,11112,0
UChXOhG9bRDb3vSTg-qkPAZg,Gweilo-60,2019-03-11 14:10:51.269263,11112,0
UChXOhG9bRDb3vSTg-qkPAZg,Gweilo-60,2019-03-11 14:09:51.367332,11112,0
UChXOhG9bRDb3vSTg-qkPAZg,Gweilo-60,2019-03-11 14:08:50.914587,11112,0
UChXOhG9bRDb3vSTg-qkPAZg,Gweilo-60,2019-03-11 14:07:51.384257,11112,0
UChXOhG9bRDb3vSTg-qkPAZg,Gweilo-60,2019-03-11 14:06:50.85153,11112,0
UChXOhG9bRDb3vSTg-qkPAZg,Gweilo-60,2019-03-11 14:05:50.969618,11112,0
UChXOhG9bRDb3vSTg-qkPAZg,Gweilo-60,2019-03-11 14:04:50.925239,11112,0
UChXOhG9bRDb3vSTg-qkPAZg,Gweilo-60,2019-03-11 14:03:50.919459,11112,0
UChXOhG9bRDb3vSTg-qkPAZg,Gweilo-60,2019-03-11 14:02:50.820374,11112,0
UChXOhG9bRDb3vSTg-qkPAZg,Gweilo-60,2019-03-11 14:01:50.879376,11112,0
UChXOhG9bRDb3vSTg-qkPAZg,Gweilo-60,2019-03-11 14:00:51.312477,11112,0
UChXOhG9bRDb3vSTg-qkPAZg,Gweilo-60,2019-03-11 13:59:50.944827,11112,0
UChXOhG9bRDb3vSTg-qkPAZg,Gweilo-60,2019-03-11 13:58:51.366372,11112,0
UChXOhG9bRDb3vSTg-qkPAZg,Gweilo-60,2019-03-11 13:57:51.040232,11112,0
UChXOhG9bRDb3vSTg-qkPAZg,Gweilo-60,2019-03-11 13:56:50.967761,11112,0
UChXOhG9bRDb3vSTg-qkPAZg,Gweilo-60,2019-03-11 13:55:51.342213,11112,0
UChXOhG9bRDb3vSTg-qkPAZg,Gweilo-60,2019-03-11 13:54:50.948694,11112,0
UChXOhG9bRDb3vSTg-qkPAZg,Gweilo-60,2019-03-11 13:53:51.21635,11112,0
UChXOhG9bRDb3vSTg-qkPAZg,Gweilo-60,2019-03-11 13:52:51.32994,11112,0
UChXOhG9bRDb3vSTg-qkPAZg,Gweilo-60,2019-03-11 13:51:51.213214,11112,0
UChXOhG9bRDb3vSTg-qkPAZg,Gweilo-60,2019-03-11 13:50:50.713714,11112,0
UChXOhG9bRDb3vSTg-qkPAZg,Gweilo-60,2019-03-11 13:49:51.187894,11112,0
UChXOhG9bRDb3vSTg-qkPAZg,Gweilo-60,2019-03-11 13:48:51.504302,11112,0
UChXOhG9bRDb3vSTg-qkPAZg,Gweilo-60,2019-03-11 13:47:51.254672,11112,0
UChXOhG9bRDb3vSTg-qkPAZg,Gweilo-60,2019-03-11 13:46:50.908168,11112,0
UChXOhG9bRDb3vSTg-qkPAZg,Gweilo-60,2019-03-11 13:45:50.771708,11112,0
UChXOhG9bRDb3vSTg-qkPAZg,Gweilo-60,2019-03-11 13:44:50.903484,11112,0
UChXOhG9bRDb3vSTg-qkPAZg,Gweilo-60,2019-03-11 13:43:51.498702,11112,0
UChXOhG9bRDb3vSTg-qkPAZg,Gweilo-60,2019-03-11 13:42:50.77356,11112,0
UChXOhG9bRDb3vSTg-qkPAZg,Gweilo-60,2019-03-11 13:41:51.150645,11112,0
UChXOhG9bRDb3vSTg-qkPAZg,Gweilo-60,2019-03-11 13:40:50.509634,11112,0
UChXOhG9bRDb3vSTg-qkPAZg,Gweilo-60,2019-03-11 13:39:50.927667,11112,0
UChXOhG9bRDb3vSTg-qkPAZg,Gweilo-60,2019-03-11 13:38:51.178739,11112,0
UChXOhG9bRDb3vSTg-qkPAZg,Gweilo-60,2019-03-11 13:37:50.967647,11112,0
UChXOhG9bRDb3vSTg-qkPAZg,Gweilo-60,2019-03-11 13:36:50.940255,11112,0
UChXOhG9bRDb3vSTg-qkPAZg,Gweilo-60,2019-03-11 13:35:50.614889,11112,0
UChXOhG9bRDb3vSTg-qkPAZg,Gweilo-60,2019-03-11 13:34:50.774297,11112,0
UChXOhG9bRDb3vSTg-qkPAZg,Gweilo-60,2019-03-11 13:33:50.604822,11112,0
UChXOhG9bRDb3vSTg-qkPAZg,Gweilo-60,2019-03-11 13:32:50.744912,11112,0
UChXOhG9bRDb3vSTg-qkPAZg,Gweilo-60,2019-03-11 13:31:50.987,11112,0
UChXOhG9bRDb3vSTg-qkPAZg,Gweilo-60,2019-03-11 13:30:51.646303,11112,0
UChXOhG9bRDb3vSTg-qkPAZg,Gweilo-60,2019-03-11 13:29:51.233012,11112,0
UChXOhG9bRDb3vSTg-qkPAZg,Gweilo-60,2019-03-11 13:28:50.838231,11112,0
UChXOhG9bRDb3vSTg-qkPAZg,Gweilo-60,2019-03-11 13:27:50.785407,11112,0
UChXOhG9bRDb3vSTg-qkPAZg,Gweilo-60,2019-03-11 13:26:50.872587,11112,0
UChXOhG9bRDb3vSTg-qkPAZg,Gweilo-60,2019-03-11 13:25:51.105126,11112,0
UChXOhG9bRDb3vSTg-qkPAZg,Gweilo-60,2019-03-11 13:24:51.020474,11112,0
UChXOhG9bRDb3vSTg-qkPAZg,Gweilo-60,2019-03-11 13:23:50.939512,11112,0
UChXOhG9bRDb3vSTg-qkPAZg,Gweilo-60,2019-03-11 13:22:51.597616,11112,0
UChXOhG9bRDb3vSTg-qkPAZg,Gweilo-60,2019-03-11 13:21:50.779814,11112,0
UChXOhG9bRDb3vSTg-qkPAZg,Gweilo-60,2019-03-11 13:20:50.971373,11112,0
UChXOhG9bRDb3vSTg-qkPAZg,Gweilo-60,2019-03-11 13:19:50.896683,11112,0
UChXOhG9bRDb3vSTg-qkPAZg,Gweilo-60,2019-03-11 13:18:50.86735,11112,0
UChXOhG9bRDb3vSTg-qkPAZg,Gweilo-60,2019-03-11 13:17:50.591304,11112,0
UChXOhG9bRDb3vSTg-qkPAZg,Gweilo-60,2019-03-11 13:16:51.282781,11112,0
UChXOhG9bRDb3vSTg-qkPAZg,Gweilo-60,2019-03-11 13:15:50.984067,11112,0
UChXOhG9bRDb3vSTg-qkPAZg,Gweilo-60,2019-03-11 13:14:51.272174,11112,0
UChXOhG9bRDb3vSTg-qkPAZg,Gweilo-60,2019-03-11 13:13:51.090069,11112,0
UChXOhG9bRDb3vSTg-qkPAZg,Gweilo-60,2019-03-11 13:12:50.609773,11112,0
UChXOhG9bRDb3vSTg-qkPAZg,Gweilo-60,2019-03-11 13:11:51.067493,11112,0
UChXOhG9bRDb3vSTg-qkPAZg,Gweilo-60,2019-03-11 13:10:50.861578,11112,0
UChXOhG9bRDb3vSTg-qkPAZg,Gweilo-60,2019-03-11 13:09:50.800078,11112,0
UChXOhG9bRDb3vSTg-qkPAZg,Gweilo-60,2019-03-11 13:08:50.765901,11112,0
UChXOhG9bRDb3vSTg-qkPAZg,Gweilo-60,2019-03-11 13:07:50.876478,11112,0
UChXOhG9bRDb3vSTg-qkPAZg,Gweilo-60,2019-03-11 13:06:51.105945,11112,0
UChXOhG9bRDb3vSTg-qkPAZg,Gweilo-60,2019-03-11 13:05:50.843826,11112,0
UChXOhG9bRDb3vSTg-qkPAZg,Gweilo-60,2019-03-11 13:04:51.021734,11112,0
UChXOhG9bRDb3vSTg-qkPAZg,Gweilo-60,2019-03-11 13:03:51.303821,11112,0
UChXOhG9bRDb3vSTg-qkPAZg,Gweilo-60,2019-03-11 13:02:51.65563,11112,0
UChXOhG9bRDb3vSTg-qkPAZg,Gweilo-60,2019-03-11 13:01:52.364565,11112,0
UChXOhG9bRDb3vSTg-qkPAZg,Gweilo-60,2019-03-11 13:00:50.244447,11112,0
UChXOhG9bRDb3vSTg-qkPAZg,Gweilo-60,2019-03-11 12:59:51.60843,11112,0
UChXOhG9bRDb3vSTg-qkPAZg,Gweilo-60,2019-03-11 12:58:50.946005,11112,0
UChXOhG9bRDb3vSTg-qkPAZg,Gweilo-60,2019-03-11 12:57:50.980036,11112,0
UChXOhG9bRDb3vSTg-qkPAZg,Gweilo-60,2019-03-11 12:56:51.142854,11112,0
UChXOhG9bRDb3vSTg-qkPAZg,Gweilo-60,2019-03-11 12:55:50.801641,11112,0
UChXOhG9bRDb3vSTg-qkPAZg,Gweilo-60,2019-03-11 12:54:50.892062,11112,0
UChXOhG9bRDb3vSTg-qkPAZg,Gweilo-60,2019-03-11 12:53:51.002906,11112,0
UChXOhG9bRDb3vSTg-qkPAZg,Gweilo-60,2019-03-11 12:52:51.182002,11112,0
UChXOhG9bRDb3vSTg-qkPAZg,Gweilo-60,2019-03-11 12:51:50.873569,11112,0
UChXOhG9bRDb3vSTg-qkPAZg,Gweilo-60,2019-03-11 12:50:51.086698,11112,0
UChXOhG9bRDb3vSTg-qkPAZg,Gweilo-60,2019-03-11 12:49:50.795357,11112,0
UChXOhG9bRDb3vSTg-qkPAZg,Gweilo-60,2019-03-11 12:48:50.771018,11112,0
UChXOhG9bRDb3vSTg-qkPAZg,Gweilo-60,2019-03-11 12:47:51.213982,11112,0
UChXOhG9bRDb3vSTg-qkPAZg,Gweilo-60,2019-03-11 12:46:50.902946,11112,0
UChXOhG9bRDb3vSTg-qkPAZg,Gweilo-60,2019-03-11 12:45:50.597218,11112,0
UChXOhG9bRDb3vSTg-qkPAZg,Gweilo-60,2019-03-11 12:44:50.867455,11112,0
UChXOhG9bRDb3vSTg-qkPAZg,Gweilo-60,2019-03-11 12:43:51.268198,11112,0
UChXOhG9bRDb3vSTg-qkPAZg,Gweilo-60,2019-03-11 12:42:50.900168,11112,0
UChXOhG9bRDb3vSTg-qkPAZg,Gweilo-60,2019-03-11 12:41:50.709978,11112,0
UChXOhG9bRDb3vSTg-qkPAZg,Gweilo-60,2019-03-11 12:40:51.159838,11112,0
UChXOhG9bRDb3vSTg-qkPAZg,Gweilo-60,2019-03-11 12:39:51.465768,11112,0
UChXOhG9bRDb3vSTg-qkPAZg,Gweilo-60,2019-03-11 12:38:50.994367,11112,0
UChXOhG9bRDb3vSTg-qkPAZg,Gweilo-60,2019-03-11 12:37:51.107983,11112,0
UChXOhG9bRDb3vSTg-qkPAZg,Gweilo-60,2019-03-11 12:36:51.566405,11112,1
UChXOhG9bRDb3vSTg-qkPAZg,Gweilo-60,2019-03-11 12:35:51.485984,11111,0
UChXOhG9bRDb3vSTg-qkPAZg,Gweilo-60,2019-03-11 12:34:51.026731,11111,0
UChXOhG9bRDb3vSTg-qkPAZg,Gweilo-60,2019-03-11 12:33:50.703571,11111,0
UChXOhG9bRDb3vSTg-qkPAZg,Gweilo-60,2019-03-11 12:32:50.673111,11111,0
UChXOhG9bRDb3vSTg-qkPAZg,Gweilo-60,2019-03-11 12:31:51.170541,11111,0
UChXOhG9bRDb3vSTg-qkPAZg,Gweilo-60,2019-03-11 12:30:50.979702,11111,0
UChXOhG9bRDb3vSTg-qkPAZg,Gweilo-60,2019-03-11 12:29:51.499297,11111,0
UChXOhG9bRDb3vSTg-qkPAZg,Gweilo-60,2019-03-11 12:28:50.757929,11111,0
UChXOhG9bRDb3vSTg-qkPAZg,Gweilo-60,2019-03-11 12:27:51.15099,11111,0
UChXOhG9bRDb3vSTg-qkPAZg,Gweilo-60,2019-03-11 12:26:50.673207,11111,0
UChXOhG9bRDb3vSTg-qkPAZg,Gweilo-60,2019-03-11 12:25:51.044522,11111,0
UChXOhG9bRDb3vSTg-qkPAZg,Gweilo-60,2019-03-11 12:24:50.969351,11111,0
UChXOhG9bRDb3vSTg-qkPAZg,Gweilo-60,2019-03-11 12:23:50.762724,11111,0
UChXOhG9bRDb3vSTg-qkPAZg,Gweilo-60,2019-03-11 12:22:50.749038,11111,0
UChXOhG9bRDb3vSTg-qkPAZg,Gweilo-60,2019-03-11 12:21:51.401495,11111,0
UChXOhG9bRDb3vSTg-qkPAZg,Gweilo-60,2019-03-11 12:20:50.944809,11111,0
UChXOhG9bRDb3vSTg-qkPAZg,Gweilo-60,2019-03-11 12:19:51.017188,11111,0
UChXOhG9bRDb3vSTg-qkPAZg,Gweilo-60,2019-03-11 12:18:51.497999,11111,0
UChXOhG9bRDb3vSTg-qkPAZg,Gweilo-60,2019-03-11 12:17:50.954072,11111,0
UChXOhG9bRDb3vSTg-qkPAZg,Gweilo-60,2019-03-11 12:16:50.641033,11111,0
UChXOhG9bRDb3vSTg-qkPAZg,Gweilo-60,2019-03-11 12:15:51.170212,11111,0
UChXOhG9bRDb3vSTg-qkPAZg,Gweilo-60,2019-03-11 12:14:51.475193,11111,0
UChXOhG9bRDb3vSTg-qkPAZg,Gweilo-60,2019-03-11 12:13:50.45807,11111,0
UChXOhG9bRDb3vSTg-qkPAZg,Gweilo-60,2019-03-11 12:12:51.141701,11111,0
UChXOhG9bRDb3vSTg-qkPAZg,Gweilo-60,2019-03-11 12:11:50.990212,11111,0
UChXOhG9bRDb3vSTg-qkPAZg,Gweilo-60,2019-03-11 12:10:50.561648,11111,0
UChXOhG9bRDb3vSTg-qkPAZg,Gweilo-60,2019-03-11 12:09:50.477112,11111,0
UChXOhG9bRDb3vSTg-qkPAZg,Gweilo-60,2019-03-11 12:08:50.600557,11111,0
UChXOhG9bRDb3vSTg-qkPAZg,Gweilo-60,2019-03-11 12:07:50.684728,11111,0
UChXOhG9bRDb3vSTg-qkPAZg,Gweilo-60,2019-03-11 12:06:51.003105,11111,0
UChXOhG9bRDb3vSTg-qkPAZg,Gweilo-60,2019-03-11 12:05:51.055515,11111,0
UChXOhG9bRDb3vSTg-qkPAZg,Gweilo-60,2019-03-11 12:04:50.773191,11111,0
UChXOhG9bRDb3vSTg-qkPAZg,Gweilo-60,2019-03-11 12:03:50.813988,11111,0
UChXOhG9bRDb3vSTg-qkPAZg,Gweilo-60,2019-03-11 12:02:50.761349,11111,0
UChXOhG9bRDb3vSTg-qkPAZg,Gweilo-60,2019-03-11 12:01:50.834718,11111,0
UChXOhG9bRDb3vSTg-qkPAZg,Gweilo-60,2019-03-11 12:00:50.671442,11111,0
UChXOhG9bRDb3vSTg-qkPAZg,Gweilo-60,2019-03-11 11:59:52.006264,11111,0
UChXOhG9bRDb3vSTg-qkPAZg,Gweilo-60,2019-03-11 11:58:50.707925,11111,0
UChXOhG9bRDb3vSTg-qkPAZg,Gweilo-60,2019-03-11 11:57:51.064174,11111,0
UChXOhG9bRDb3vSTg-qkPAZg,Gweilo-60,2019-03-11 11:56:50.722045,11111,0
UChXOhG9bRDb3vSTg-qkPAZg,Gweilo-60,2019-03-11 11:55:50.500195,11111,0
UChXOhG9bRDb3vSTg-qkPAZg,Gweilo-60,2019-03-11 11:54:50.878511,11111,0
UChXOhG9bRDb3vSTg-qkPAZg,Gweilo-60,2019-03-11 11:53:50.865759,11111,0
UChXOhG9bRDb3vSTg-qkPAZg,Gweilo-60,2019-03-11 11:52:50.879407,11111,0
UChXOhG9bRDb3vSTg-qkPAZg,Gweilo-60,2019-03-11 11:51:50.843985,11111,0
UChXOhG9bRDb3vSTg-qkPAZg,Gweilo-60,2019-03-11 11:50:50.84951,11111,0
UChXOhG9bRDb3vSTg-qkPAZg,Gweilo-60,2019-03-11 11:49:51.425362,11111,0
UChXOhG9bRDb3vSTg-qkPAZg,Gweilo-60,2019-03-11 11:48:51.720869,11111,0
UChXOhG9bRDb3vSTg-qkPAZg,Gweilo-60,2019-03-11 11:47:50.683561,11111,0
UChXOhG9bRDb3vSTg-qkPAZg,Gweilo-60,2019-03-11 11:46:50.767721,11111,0
UChXOhG9bRDb3vSTg-qkPAZg,Gweilo-60,2019-03-11 11:45:50.932191,11111,0
UChXOhG9bRDb3vSTg-qkPAZg,Gweilo-60,2019-03-11 11:44:50.980032,11111,0
UChXOhG9bRDb3vSTg-qkPAZg,Gweilo-60,2019-03-11 11:43:50.952441,11111,0
UChXOhG9bRDb3vSTg-qkPAZg,Gweilo-60,2019-03-11 11:42:50.759726,11111,0
UChXOhG9bRDb3vSTg-qkPAZg,Gweilo-60,2019-03-11 11:41:50.543148,11111,0
UChXOhG9bRDb3vSTg-qkPAZg,Gweilo-60,2019-03-11 11:40:50.808625,11111,0
UChXOhG9bRDb3vSTg-qkPAZg,Gweilo-60,2019-03-11 11:39:50.802049,11111,0
UChXOhG9bRDb3vSTg-qkPAZg,Gweilo-60,2019-03-11 11:38:50.785074,11111,0
UChXOhG9bRDb3vSTg-qkPAZg,Gweilo-60,2019-03-11 11:37:50.599011,11111,0
UChXOhG9bRDb3vSTg-qkPAZg,Gweilo-60,2019-03-11 11:36:50.940747,11111,0
UChXOhG9bRDb3vSTg-qkPAZg,Gweilo-60,2019-03-11 11:35:50.8319,11111,0
UChXOhG9bRDb3vSTg-qkPAZg,Gweilo-60,2019-03-11 11:34:50.958653,11111,0
UChXOhG9bRDb3vSTg-qkPAZg,Gweilo-60,2019-03-11 11:33:50.880787,11111,0
UChXOhG9bRDb3vSTg-qkPAZg,Gweilo-60,2019-03-11 11:32:51.523274,11111,0
UChXOhG9bRDb3vSTg-qkPAZg,Gweilo-60,2019-03-11 11:31:50.944193,11111,0
UChXOhG9bRDb3vSTg-qkPAZg,Gweilo-60,2019-03-11 11:30:51.297133,11111,0
UChXOhG9bRDb3vSTg-qkPAZg,Gweilo-60,2019-03-11 11:29:51.164689,11111,0
UChXOhG9bRDb3vSTg-qkPAZg,Gweilo-60,2019-03-11 11:28:51.289911,11111,0
UChXOhG9bRDb3vSTg-qkPAZg,Gweilo-60,2019-03-11 11:27:51.10939,11111,0
UChXOhG9bRDb3vSTg-qkPAZg,Gweilo-60,2019-03-11 11:26:50.72826,11111,0
UChXOhG9bRDb3vSTg-qkPAZg,Gweilo-60,2019-03-11 11:25:51.087092,11111,0
UChXOhG9bRDb3vSTg-qkPAZg,Gweilo-60,2019-03-11 11:24:51.205238,11111,0
UChXOhG9bRDb3vSTg-qkPAZg,Gweilo-60,2019-03-11 11:23:50.90566,11111,0
UChXOhG9bRDb3vSTg-qkPAZg,Gweilo-60,2019-03-11 11:22:51.345178,11111,0
UChXOhG9bRDb3vSTg-qkPAZg,Gweilo-60,2019-03-11 11:21:50.677201,11111,0
UChXOhG9bRDb3vSTg-qkPAZg,Gweilo-60,2019-03-11 11:20:51.1242,11111,0
UChXOhG9bRDb3vSTg-qkPAZg,Gweilo-60,2019-03-11 11:19:50.590959,11111,0
UChXOhG9bRDb3vSTg-qkPAZg,Gweilo-60,2019-03-11 11:18:50.808491,11111,0
UChXOhG9bRDb3vSTg-qkPAZg,Gweilo-60,2019-03-11 11:17:51.286383,11111,0
UChXOhG9bRDb3vSTg-qkPAZg,Gweilo-60,2019-03-11 11:16:51.1922,11111,0
UChXOhG9bRDb3vSTg-qkPAZg,Gweilo-60,2019-03-11 11:15:50.778342,11111,0
UChXOhG9bRDb3vSTg-qkPAZg,Gweilo-60,2019-03-11 11:14:50.841573,11111,0
UChXOhG9bRDb3vSTg-qkPAZg,Gweilo-60,2019-03-11 11:13:51.047804,11111,0
UChXOhG9bRDb3vSTg-qkPAZg,Gweilo-60,2019-03-11 11:12:51.208348,11111,0
UChXOhG9bRDb3vSTg-qkPAZg,Gweilo-60,2019-03-11 11:11:50.768005,11111,0
UChXOhG9bRDb3vSTg-qkPAZg,Gweilo-60,2019-03-11 11:10:50.927096,11111,0
UChXOhG9bRDb3vSTg-qkPAZg,Gweilo-60,2019-03-11 11:09:50.86244,11111,0
UChXOhG9bRDb3vSTg-qkPAZg,Gweilo-60,2019-03-11 11:08:50.880139,11111,0
UChXOhG9bRDb3vSTg-qkPAZg,Gweilo-60,2019-03-11 11:07:50.97081,11111,0
UChXOhG9bRDb3vSTg-qkPAZg,Gweilo-60,2019-03-11 11:06:51.238757,11111,0
UChXOhG9bRDb3vSTg-qkPAZg,Gweilo-60,2019-03-11 11:05:51.022422,11111,0
UChXOhG9bRDb3vSTg-qkPAZg,Gweilo-60,2019-03-11 11:04:50.645299,11111,0
UChXOhG9bRDb3vSTg-qkPAZg,Gweilo-60,2019-03-11 11:03:50.788783,11111,0
UChXOhG9bRDb3vSTg-qkPAZg,Gweilo-60,2019-03-11 11:02:51.052707,11111,0
UChXOhG9bRDb3vSTg-qkPAZg,Gweilo-60,2019-03-11 11:01:50.991891,11111,0
UChXOhG9bRDb3vSTg-qkPAZg,Gweilo-60,2019-03-11 11:00:50.854987,11111,0
UChXOhG9bRDb3vSTg-qkPAZg,Gweilo-60,2019-03-11 10:59:50.863169,11111,0
UChXOhG9bRDb3vSTg-qkPAZg,Gweilo-60,2019-03-11 10:58:50.88645,11111,0
UChXOhG9bRDb3vSTg-qkPAZg,Gweilo-60,2019-03-11 10:57:50.842739,11111,0
UChXOhG9bRDb3vSTg-qkPAZg,Gweilo-60,2019-03-11 10:56:51.086644,11111,0
UChXOhG9bRDb3vSTg-qkPAZg,Gweilo-60,2019-03-11 10:55:50.900973,11111,0
UChXOhG9bRDb3vSTg-qkPAZg,Gweilo-60,2019-03-11 10:54:51.11581,11111,0
UChXOhG9bRDb3vSTg-qkPAZg,Gweilo-60,2019-03-11 10:53:51.131033,11111,0
UChXOhG9bRDb3vSTg-qkPAZg,Gweilo-60,2019-03-11 10:52:50.812763,11111,0
UChXOhG9bRDb3vSTg-qkPAZg,Gweilo-60,2019-03-11 10:51:51.237637,11111,0
UChXOhG9bRDb3vSTg-qkPAZg,Gweilo-60,2019-03-11 10:50:50.798575,11111,0
UChXOhG9bRDb3vSTg-qkPAZg,Gweilo-60,2019-03-11 10:49:51.077183,11111,0
UChXOhG9bRDb3vSTg-qkPAZg,Gweilo-60,2019-03-11 10:48:51.542837,11111,0
UChXOhG9bRDb3vSTg-qkPAZg,Gweilo-60,2019-03-11 10:47:50.937434,11111,0
UChXOhG9bRDb3vSTg-qkPAZg,Gweilo-60,2019-03-11 10:46:50.91293,11111,0
UChXOhG9bRDb3vSTg-qkPAZg,Gweilo-60,2019-03-11 10:45:51.279412,11111,0
UChXOhG9bRDb3vSTg-qkPAZg,Gweilo-60,2019-03-11 10:44:50.82315,11111,0
UChXOhG9bRDb3vSTg-qkPAZg,Gweilo-60,2019-03-11 10:43:51.032261,11111,0
UChXOhG9bRDb3vSTg-qkPAZg,Gweilo-60,2019-03-11 10:42:50.974733,11111,0
UChXOhG9bRDb3vSTg-qkPAZg,Gweilo-60,2019-03-11 10:41:51.070613,11111,0
UChXOhG9bRDb3vSTg-qkPAZg,Gweilo-60,2019-03-11 10:40:51.135016,11111,0
UChXOhG9bRDb3vSTg-qkPAZg,Gweilo-60,2019-03-11 10:39:50.938096,11111,0
UChXOhG9bRDb3vSTg-qkPAZg,Gweilo-60,2019-03-11 10:38:50.815363,11111,1
UChXOhG9bRDb3vSTg-qkPAZg,Gweilo-60,2019-03-11 10:37:50.789599,11110,0
UChXOhG9bRDb3vSTg-qkPAZg,Gweilo-60,2019-03-11 10:36:50.866385,11110,0
UChXOhG9bRDb3vSTg-qkPAZg,Gweilo-60,2019-03-11 10:35:50.769708,11110,0
UChXOhG9bRDb3vSTg-qkPAZg,Gweilo-60,2019-03-11 10:34:51.528317,11110,0
UChXOhG9bRDb3vSTg-qkPAZg,Gweilo-60,2019-03-11 10:33:50.878751,11110,0
UChXOhG9bRDb3vSTg-qkPAZg,Gweilo-60,2019-03-11 10:32:51.018047,11110,0
UChXOhG9bRDb3vSTg-qkPAZg,Gweilo-60,2019-03-11 10:31:51.068866,11110,0
UChXOhG9bRDb3vSTg-qkPAZg,Gweilo-60,2019-03-11 10:30:50.760169,11110,0
UChXOhG9bRDb3vSTg-qkPAZg,Gweilo-60,2019-03-11 10:29:50.768641,11110,0
UChXOhG9bRDb3vSTg-qkPAZg,Gweilo-60,2019-03-11 10:28:51.034027,11110,0
UChXOhG9bRDb3vSTg-qkPAZg,Gweilo-60,2019-03-11 10:27:50.690784,11110,0
UChXOhG9bRDb3vSTg-qkPAZg,Gweilo-60,2019-03-11 10:26:50.999337,11110,0
UChXOhG9bRDb3vSTg-qkPAZg,Gweilo-60,2019-03-11 10:25:50.89337,11110,0
UChXOhG9bRDb3vSTg-qkPAZg,Gweilo-60,2019-03-11 10:24:50.496004,11110,0
UChXOhG9bRDb3vSTg-qkPAZg,Gweilo-60,2019-03-11 10:23:50.876371,11110,0
UChXOhG9bRDb3vSTg-qkPAZg,Gweilo-60,2019-03-11 10:22:51.120256,11110,0
UChXOhG9bRDb3vSTg-qkPAZg,Gweilo-60,2019-03-11 10:21:50.758884,11110,0
UChXOhG9bRDb3vSTg-qkPAZg,Gweilo-60,2019-03-11 10:20:50.499589,11110,0
UChXOhG9bRDb3vSTg-qkPAZg,Gweilo-60,2019-03-11 10:19:51.292308,11110,0
UChXOhG9bRDb3vSTg-qkPAZg,Gweilo-60,2019-03-11 10:18:51.022618,11110,0
UChXOhG9bRDb3vSTg-qkPAZg,Gweilo-60,2019-03-11 10:17:50.967804,11110,0
UChXOhG9bRDb3vSTg-qkPAZg,Gweilo-60,2019-03-11 10:16:51.256895,11110,0
UChXOhG9bRDb3vSTg-qkPAZg,Gweilo-60,2019-03-11 10:15:50.880936,11110,0
UChXOhG9bRDb3vSTg-qkPAZg,Gweilo-60,2019-03-11 10:14:51.562185,11110,0
UChXOhG9bRDb3vSTg-qkPAZg,Gweilo-60,2019-03-11 10:13:50.533921,11110,0
UChXOhG9bRDb3vSTg-qkPAZg,Gweilo-60,2019-03-11 10:12:50.660771,11110,0
UChXOhG9bRDb3vSTg-qkPAZg,Gweilo-60,2019-03-11 10:11:50.565871,11110,0
UChXOhG9bRDb3vSTg-qkPAZg,Gweilo-60,2019-03-11 10:10:50.906646,11110,0
UChXOhG9bRDb3vSTg-qkPAZg,Gweilo-60,2019-03-11 10:09:51.024313,11110,0
UChXOhG9bRDb3vSTg-qkPAZg,Gweilo-60,2019-03-11 10:08:50.996089,11110,0
UChXOhG9bRDb3vSTg-qkPAZg,Gweilo-60,2019-03-11 10:07:50.949367,11110,0
UChXOhG9bRDb3vSTg-qkPAZg,Gweilo-60,2019-03-11 10:06:50.852631,11110,0
UChXOhG9bRDb3vSTg-qkPAZg,Gweilo-60,2019-03-11 10:05:50.946664,11110,0
UChXOhG9bRDb3vSTg-qkPAZg,Gweilo-60,2019-03-11 10:04:50.828828,11110,0
UChXOhG9bRDb3vSTg-qkPAZg,Gweilo-60,2019-03-11 10:03:50.780472,11110,0
UChXOhG9bRDb3vSTg-qkPAZg,Gweilo-60,2019-03-11 10:02:50.731095,11110,0
UChXOhG9bRDb3vSTg-qkPAZg,Gweilo-60,2019-03-11 10:01:51.287976,11110,0
UChXOhG9bRDb3vSTg-qkPAZg,Gweilo-60,2019-03-11 10:00:50.785642,11110,0
UChXOhG9bRDb3vSTg-qkPAZg,Gweilo-60,2019-03-11 09:59:50.785105,11110,0
UChXOhG9bRDb3vSTg-qkPAZg,Gweilo-60,2019-03-11 09:58:50.947023,11110,0
UChXOhG9bRDb3vSTg-qkPAZg,Gweilo-60,2019-03-11 09:57:50.48516,11110,0
UChXOhG9bRDb3vSTg-qkPAZg,Gweilo-60,2019-03-11 09:56:50.848441,11110,0
UChXOhG9bRDb3vSTg-qkPAZg,Gweilo-60,2019-03-11 09:55:50.657797,11110,0
UChXOhG9bRDb3vSTg-qkPAZg,Gweilo-60,2019-03-11 09:54:51.052074,11110,0
UChXOhG9bRDb3vSTg-qkPAZg,Gweilo-60,2019-03-11 09:53:50.992269,11110,0
UChXOhG9bRDb3vSTg-qkPAZg,Gweilo-60,2019-03-11 09:52:50.789587,11110,0
UChXOhG9bRDb3vSTg-qkPAZg,Gweilo-60,2019-03-11 09:51:51.175284,11110,0
UChXOhG9bRDb3vSTg-qkPAZg,Gweilo-60,2019-03-11 09:50:50.652783,11110,0
UChXOhG9bRDb3vSTg-qkPAZg,Gweilo-60,2019-03-11 09:49:50.964323,11110,0
UChXOhG9bRDb3vSTg-qkPAZg,Gweilo-60,2019-03-11 09:48:51.090163,11110,0
UChXOhG9bRDb3vSTg-qkPAZg,Gweilo-60,2019-03-11 09:47:51.138038,11110,0
UChXOhG9bRDb3vSTg-qkPAZg,Gweilo-60,2019-03-11 09:46:51.015018,11110,0
UChXOhG9bRDb3vSTg-qkPAZg,Gweilo-60,2019-03-11 09:45:50.6109,11110,0
UChXOhG9bRDb3vSTg-qkPAZg,Gweilo-60,2019-03-11 09:44:50.580267,11110,0
UChXOhG9bRDb3vSTg-qkPAZg,Gweilo-60,2019-03-11 09:43:50.987655,11110,0
UChXOhG9bRDb3vSTg-qkPAZg,Gweilo-60,2019-03-11 09:42:50.968439,11110,0
UChXOhG9bRDb3vSTg-qkPAZg,Gweilo-60,2019-03-11 09:41:50.649993,11110,0
UChXOhG9bRDb3vSTg-qkPAZg,Gweilo-60,2019-03-11 09:40:51.009086,11110,0
UChXOhG9bRDb3vSTg-qkPAZg,Gweilo-60,2019-03-11 09:39:50.450398,11110,0
UChXOhG9bRDb3vSTg-qkPAZg,Gweilo-60,2019-03-11 09:38:50.466633,11110,0
UChXOhG9bRDb3vSTg-qkPAZg,Gweilo-60,2019-03-11 09:37:50.522107,11110,0
UChXOhG9bRDb3vSTg-qkPAZg,Gweilo-60,2019-03-11 09:36:50.621904,11110,0
UChXOhG9bRDb3vSTg-qkPAZg,Gweilo-60,2019-03-11 09:35:50.757281,11110,0
UChXOhG9bRDb3vSTg-qkPAZg,Gweilo-60,2019-03-11 09:34:50.452718,11110,0
UChXOhG9bRDb3vSTg-qkPAZg,Gweilo-60,2019-03-11 09:33:50.958407,11110,0
UChXOhG9bRDb3vSTg-qkPAZg,Gweilo-60,2019-03-11 09:32:50.969562,11110,0
UChXOhG9bRDb3vSTg-qkPAZg,Gweilo-60,2019-03-11 09:31:50.624391,11110,0
UChXOhG9bRDb3vSTg-qkPAZg,Gweilo-60,2019-03-11 09:30:50.624937,11110,0
UChXOhG9bRDb3vSTg-qkPAZg,Gweilo-60,2019-03-11 09:29:50.819044,11110,0
UChXOhG9bRDb3vSTg-qkPAZg,Gweilo-60,2019-03-11 09:28:51.46574,11110,0
UChXOhG9bRDb3vSTg-qkPAZg,Gweilo-60,2019-03-11 09:27:51.26535,11110,0
UChXOhG9bRDb3vSTg-qkPAZg,Gweilo-60,2019-03-11 09:26:50.906442,11110,0
UChXOhG9bRDb3vSTg-qkPAZg,Gweilo-60,2019-03-11 09:25:50.85182,11110,0
UChXOhG9bRDb3vSTg-qkPAZg,Gweilo-60,2019-03-11 09:24:53.756951,11110,0
UChXOhG9bRDb3vSTg-qkPAZg,Gweilo-60,2019-03-11 09:23:50.833291,11110,0
UChXOhG9bRDb3vSTg-qkPAZg,Gweilo-60,2019-03-11 09:22:50.713436,11110,0
UChXOhG9bRDb3vSTg-qkPAZg,Gweilo-60,2019-03-11 09:21:50.688501,11110,0
UChXOhG9bRDb3vSTg-qkPAZg,Gweilo-60,2019-03-11 09:20:51.030195,11110,0
UChXOhG9bRDb3vSTg-qkPAZg,Gweilo-60,2019-03-11 09:19:50.446992,11110,0
UChXOhG9bRDb3vSTg-qkPAZg,Gweilo-60,2019-03-11 09:18:50.98007,11110,0
UChXOhG9bRDb3vSTg-qkPAZg,Gweilo-60,2019-03-11 09:17:50.84058,11110,0
UChXOhG9bRDb3vSTg-qkPAZg,Gweilo-60,2019-03-11 09:16:51.594634,11110,0
UChXOhG9bRDb3vSTg-qkPAZg,Gweilo-60,2019-03-11 09:15:50.737267,11110,0
UChXOhG9bRDb3vSTg-qkPAZg,Gweilo-60,2019-03-11 09:14:50.614247,11110,0
UChXOhG9bRDb3vSTg-qkPAZg,Gweilo-60,2019-03-11 09:13:50.597668,11110,0
UChXOhG9bRDb3vSTg-qkPAZg,Gweilo-60,2019-03-11 09:12:51.108812,11110,0
UChXOhG9bRDb3vSTg-qkPAZg,Gweilo-60,2019-03-11 09:11:50.37849,11110,0
UChXOhG9bRDb3vSTg-qkPAZg,Gweilo-60,2019-03-11 09:10:51.129423,11110,0
UChXOhG9bRDb3vSTg-qkPAZg,Gweilo-60,2019-03-11 09:09:51.014933,11110,0
UChXOhG9bRDb3vSTg-qkPAZg,Gweilo-60,2019-03-11 09:08:50.864585,11110,0
UChXOhG9bRDb3vSTg-qkPAZg,Gweilo-60,2019-03-11 09:07:50.512654,11110,0
UChXOhG9bRDb3vSTg-qkPAZg,Gweilo-60,2019-03-11 09:06:51.657347,11110,0
UChXOhG9bRDb3vSTg-qkPAZg,Gweilo-60,2019-03-11 09:05:50.5173,11110,0
UChXOhG9bRDb3vSTg-qkPAZg,Gweilo-60,2019-03-11 09:04:50.570129,11110,0
UChXOhG9bRDb3vSTg-qkPAZg,Gweilo-60,2019-03-11 09:03:50.36793,11110,0
UChXOhG9bRDb3vSTg-qkPAZg,Gweilo-60,2019-03-11 09:02:50.968113,11110,0
UChXOhG9bRDb3vSTg-qkPAZg,Gweilo-60,2019-03-11 09:01:51.256909,11110,0
UChXOhG9bRDb3vSTg-qkPAZg,Gweilo-60,2019-03-11 09:00:50.99517,11110,0
UChXOhG9bRDb3vSTg-qkPAZg,Gweilo-60,2019-03-11 08:59:50.843316,11110,0
UChXOhG9bRDb3vSTg-qkPAZg,Gweilo-60,2019-03-11 08:58:50.764015,11110,0
UChXOhG9bRDb3vSTg-qkPAZg,Gweilo-60,2019-03-11 08:57:51.257867,11110,0
UChXOhG9bRDb3vSTg-qkPAZg,Gweilo-60,2019-03-11 08:56:50.983371,11110,0
UChXOhG9bRDb3vSTg-qkPAZg,Gweilo-60,2019-03-11 08:55:50.57892,11110,0
UChXOhG9bRDb3vSTg-qkPAZg,Gweilo-60,2019-03-11 08:54:50.819916,11110,0
UChXOhG9bRDb3vSTg-qkPAZg,Gweilo-60,2019-03-11 08:53:51.390609,11110,0
UChXOhG9bRDb3vSTg-qkPAZg,Gweilo-60,2019-03-11 08:52:50.635952,11110,0
UChXOhG9bRDb3vSTg-qkPAZg,Gweilo-60,2019-03-11 08:51:50.913976,11110,0
UChXOhG9bRDb3vSTg-qkPAZg,Gweilo-60,2019-03-11 08:50:51.443527,11110,0
UChXOhG9bRDb3vSTg-qkPAZg,Gweilo-60,2019-03-11 08:49:50.820757,11110,0
UChXOhG9bRDb3vSTg-qkPAZg,Gweilo-60,2019-03-11 08:48:50.941026,11110,0
UChXOhG9bRDb3vSTg-qkPAZg,Gweilo-60,2019-03-11 08:47:50.895854,11110,0
UChXOhG9bRDb3vSTg-qkPAZg,Gweilo-60,2019-03-11 08:46:51.281409,11110,0
UChXOhG9bRDb3vSTg-qkPAZg,Gweilo-60,2019-03-11 08:45:51.014869,11110,0
UChXOhG9bRDb3vSTg-qkPAZg,Gweilo-60,2019-03-11 08:44:51.132148,11110,0
UChXOhG9bRDb3vSTg-qkPAZg,Gweilo-60,2019-03-11 08:43:51.293276,11110,0
UChXOhG9bRDb3vSTg-qkPAZg,Gweilo-60,2019-03-11 08:42:50.601707,11110,0
UChXOhG9bRDb3vSTg-qkPAZg,Gweilo-60,2019-03-11 08:41:50.611034,11110,0
UChXOhG9bRDb3vSTg-qkPAZg,Gweilo-60,2019-03-11 08:40:52.265595,11110,0
UChXOhG9bRDb3vSTg-qkPAZg,Gweilo-60,2019-03-11 08:39:50.781416,11110,0
UChXOhG9bRDb3vSTg-qkPAZg,Gweilo-60,2019-03-11 08:38:51.102346,11110,0
UChXOhG9bRDb3vSTg-qkPAZg,Gweilo-60,2019-03-11 08:37:51.035749,11110,0
UChXOhG9bRDb3vSTg-qkPAZg,Gweilo-60,2019-03-11 08:36:51.48808,11110,0
UChXOhG9bRDb3vSTg-qkPAZg,Gweilo-60,2019-03-11 08:35:50.549115,11110,0
UChXOhG9bRDb3vSTg-qkPAZg,Gweilo-60,2019-03-11 08:34:51.126158,11110,0
UChXOhG9bRDb3vSTg-qkPAZg,Gweilo-60,2019-03-11 08:33:50.490998,11110,0
UChXOhG9bRDb3vSTg-qkPAZg,Gweilo-60,2019-03-11 08:32:50.727666,11110,0
UChXOhG9bRDb3vSTg-qkPAZg,Gweilo-60,2019-03-11 08:31:50.700015,11110,0
UChXOhG9bRDb3vSTg-qkPAZg,Gweilo-60,2019-03-11 08:30:50.773048,11110,0
UChXOhG9bRDb3vSTg-qkPAZg,Gweilo-60,2019-03-11 08:29:50.796029,11110,0
UChXOhG9bRDb3vSTg-qkPAZg,Gweilo-60,2019-03-11 08:28:50.884971,11110,0
UChXOhG9bRDb3vSTg-qkPAZg,Gweilo-60,2019-03-11 08:27:50.433209,11110,0
UChXOhG9bRDb3vSTg-qkPAZg,Gweilo-60,2019-03-11 08:26:51.135333,11110,0
UChXOhG9bRDb3vSTg-qkPAZg,Gweilo-60,2019-03-11 08:25:50.630856,11110,0
UChXOhG9bRDb3vSTg-qkPAZg,Gweilo-60,2019-03-11 08:24:51.09103,11110,0
UChXOhG9bRDb3vSTg-qkPAZg,Gweilo-60,2019-03-11 08:23:50.820496,11110,0
UChXOhG9bRDb3vSTg-qkPAZg,Gweilo-60,2019-03-11 08:22:51.180954,11110,0
UChXOhG9bRDb3vSTg-qkPAZg,Gweilo-60,2019-03-11 08:21:51.264762,11110,0
UChXOhG9bRDb3vSTg-qkPAZg,Gweilo-60,2019-03-11 08:20:50.947954,11110,0
UChXOhG9bRDb3vSTg-qkPAZg,Gweilo-60,2019-03-11 08:19:51.126315,11110,0
UChXOhG9bRDb3vSTg-qkPAZg,Gweilo-60,2019-03-11 08:18:50.593779,11110,0
UChXOhG9bRDb3vSTg-qkPAZg,Gweilo-60,2019-03-11 08:17:50.878312,11110,0
UChXOhG9bRDb3vSTg-qkPAZg,Gweilo-60,2019-03-11 08:16:50.966918,11110,0
UChXOhG9bRDb3vSTg-qkPAZg,Gweilo-60,2019-03-11 08:15:50.869578,11110,0
UChXOhG9bRDb3vSTg-qkPAZg,Gweilo-60,2019-03-11 08:14:51.039747,11110,0
UChXOhG9bRDb3vSTg-qkPAZg,Gweilo-60,2019-03-11 08:13:51.02122,11110,0
UChXOhG9bRDb3vSTg-qkPAZg,Gweilo-60,2019-03-11 08:12:51.198882,11110,0
UChXOhG9bRDb3vSTg-qkPAZg,Gweilo-60,2019-03-11 08:11:51.253267,11110,0
UChXOhG9bRDb3vSTg-qkPAZg,Gweilo-60,2019-03-11 08:10:50.844873,11110,0
UChXOhG9bRDb3vSTg-qkPAZg,Gweilo-60,2019-03-11 08:09:50.687286,11110,0
UChXOhG9bRDb3vSTg-qkPAZg,Gweilo-60,2019-03-11 08:08:50.752297,11110,0
UChXOhG9bRDb3vSTg-qkPAZg,Gweilo-60,2019-03-11 08:07:50.778795,11110,0
UChXOhG9bRDb3vSTg-qkPAZg,Gweilo-60,2019-03-11 08:06:51.333114,11110,0
UChXOhG9bRDb3vSTg-qkPAZg,Gweilo-60,2019-03-11 08:05:50.766257,11110,0
UChXOhG9bRDb3vSTg-qkPAZg,Gweilo-60,2019-03-11 08:04:51.254378,11110,0
UChXOhG9bRDb3vSTg-qkPAZg,Gweilo-60,2019-03-11 08:03:50.645396,11110,0
UChXOhG9bRDb3vSTg-qkPAZg,Gweilo-60,2019-03-11 08:02:51.20733,11110,0
UChXOhG9bRDb3vSTg-qkPAZg,Gweilo-60,2019-03-11 08:01:50.700197,11110,0
UChXOhG9bRDb3vSTg-qkPAZg,Gweilo-60,2019-03-11 08:00:50.689309,11110,0
UChXOhG9bRDb3vSTg-qkPAZg,Gweilo-60,2019-03-11 07:59:50.678662,11110,0
UChXOhG9bRDb3vSTg-qkPAZg,Gweilo-60,2019-03-11 07:58:51.767446,11110,0
UChXOhG9bRDb3vSTg-qkPAZg,Gweilo-60,2019-03-11 07:57:51.00505,11110,0
UChXOhG9bRDb3vSTg-qkPAZg,Gweilo-60,2019-03-11 07:56:51.090353,11110,0
UChXOhG9bRDb3vSTg-qkPAZg,Gweilo-60,2019-03-11 07:55:51.032009,11110,0
UChXOhG9bRDb3vSTg-qkPAZg,Gweilo-60,2019-03-11 07:54:50.869219,11110,0
UChXOhG9bRDb3vSTg-qkPAZg,Gweilo-60,2019-03-11 07:53:51.298541,11110,0
UChXOhG9bRDb3vSTg-qkPAZg,Gweilo-60,2019-03-11 07:52:51.10922,11110,0
UChXOhG9bRDb3vSTg-qkPAZg,Gweilo-60,2019-03-11 07:51:51.194871,11110,0
UChXOhG9bRDb3vSTg-qkPAZg,Gweilo-60,2019-03-11 07:50:51.488107,11110,0
UChXOhG9bRDb3vSTg-qkPAZg,Gweilo-60,2019-03-11 07:49:50.812552,11110,0
UChXOhG9bRDb3vSTg-qkPAZg,Gweilo-60,2019-03-11 07:48:50.831271,11110,0
UChXOhG9bRDb3vSTg-qkPAZg,Gweilo-60,2019-03-11 07:47:50.299795,11110,0
UChXOhG9bRDb3vSTg-qkPAZg,Gweilo-60,2019-03-11 07:46:50.508234,11110,0
UChXOhG9bRDb3vSTg-qkPAZg,Gweilo-60,2019-03-11 07:45:51.011037,11110,0
UChXOhG9bRDb3vSTg-qkPAZg,Gweilo-60,2019-03-11 07:44:50.995048,11110,0
UChXOhG9bRDb3vSTg-qkPAZg,Gweilo-60,2019-03-11 07:43:50.943749,11110,0
UChXOhG9bRDb3vSTg-qkPAZg,Gweilo-60,2019-03-11 07:42:50.751699,11110,0
UChXOhG9bRDb3vSTg-qkPAZg,Gweilo-60,2019-03-11 07:41:50.626536,11110,0
UChXOhG9bRDb3vSTg-qkPAZg,Gweilo-60,2019-03-11 07:40:50.603445,11110,0
UChXOhG9bRDb3vSTg-qkPAZg,Gweilo-60,2019-03-11 07:39:51.424664,11110,0
UChXOhG9bRDb3vSTg-qkPAZg,Gweilo-60,2019-03-11 07:38:51.060427,11110,0
UChXOhG9bRDb3vSTg-qkPAZg,Gweilo-60,2019-03-11 07:37:50.946756,11110,0
UChXOhG9bRDb3vSTg-qkPAZg,Gweilo-60,2019-03-11 07:36:50.6282,11110,0
UChXOhG9bRDb3vSTg-qkPAZg,Gweilo-60,2019-03-11 07:35:50.559441,11110,0
UChXOhG9bRDb3vSTg-qkPAZg,Gweilo-60,2019-03-11 07:34:50.819358,11110,0
UChXOhG9bRDb3vSTg-qkPAZg,Gweilo-60,2019-03-11 07:33:50.667583,11110,0
UChXOhG9bRDb3vSTg-qkPAZg,Gweilo-60,2019-03-11 07:32:50.785137,11110,0
UChXOhG9bRDb3vSTg-qkPAZg,Gweilo-60,2019-03-11 07:31:50.880745,11110,0
UChXOhG9bRDb3vSTg-qkPAZg,Gweilo-60,2019-03-11 07:30:51.160173,11110,0
UChXOhG9bRDb3vSTg-qkPAZg,Gweilo-60,2019-03-11 07:29:51.234962,11110,0
UChXOhG9bRDb3vSTg-qkPAZg,Gweilo-60,2019-03-11 07:28:50.822545,11110,0
UChXOhG9bRDb3vSTg-qkPAZg,Gweilo-60,2019-03-11 07:27:51.204963,11110,0
UChXOhG9bRDb3vSTg-qkPAZg,Gweilo-60,2019-03-11 07:26:51.099675,11110,0
UChXOhG9bRDb3vSTg-qkPAZg,Gweilo-60,2019-03-11 07:25:51.205167,11110,0
UChXOhG9bRDb3vSTg-qkPAZg,Gweilo-60,2019-03-11 07:24:50.659473,11110,0
UChXOhG9bRDb3vSTg-qkPAZg,Gweilo-60,2019-03-11 07:23:50.599941,11110,0
UChXOhG9bRDb3vSTg-qkPAZg,Gweilo-60,2019-03-11 07:22:51.01402,11110,0
UChXOhG9bRDb3vSTg-qkPAZg,Gweilo-60,2019-03-11 07:21:50.597095,11110,0
UChXOhG9bRDb3vSTg-qkPAZg,Gweilo-60,2019-03-11 07:20:51.063926,11110,0
UChXOhG9bRDb3vSTg-qkPAZg,Gweilo-60,2019-03-11 07:19:50.798168,11110,0
UChXOhG9bRDb3vSTg-qkPAZg,Gweilo-60,2019-03-11 07:18:50.514482,11110,0
UChXOhG9bRDb3vSTg-qkPAZg,Gweilo-60,2019-03-11 07:17:50.592389,11110,0
UChXOhG9bRDb3vSTg-qkPAZg,Gweilo-60,2019-03-11 07:16:51.380872,11110,0
UChXOhG9bRDb3vSTg-qkPAZg,Gweilo-60,2019-03-11 07:15:50.244169,11110,0
UChXOhG9bRDb3vSTg-qkPAZg,Gweilo-60,2019-03-11 07:14:50.583751,11110,0
UChXOhG9bRDb3vSTg-qkPAZg,Gweilo-60,2019-03-11 07:13:50.50402,11110,0
UChXOhG9bRDb3vSTg-qkPAZg,Gweilo-60,2019-03-11 07:12:50.601502,11110,0
UChXOhG9bRDb3vSTg-qkPAZg,Gweilo-60,2019-03-11 07:11:50.772731,11110,0
UChXOhG9bRDb3vSTg-qkPAZg,Gweilo-60,2019-03-11 07:10:50.54275,11110,0
UChXOhG9bRDb3vSTg-qkPAZg,Gweilo-60,2019-03-11 07:09:50.6825,11110,0
UChXOhG9bRDb3vSTg-qkPAZg,Gweilo-60,2019-03-11 07:08:50.627786,11110,0
UChXOhG9bRDb3vSTg-qkPAZg,Gweilo-60,2019-03-11 07:07:51.018963,11110,0
UChXOhG9bRDb3vSTg-qkPAZg,Gweilo-60,2019-03-11 07:06:51.088076,11110,0
UChXOhG9bRDb3vSTg-qkPAZg,Gweilo-60,2019-03-11 07:05:50.605667,11110,0
UChXOhG9bRDb3vSTg-qkPAZg,Gweilo-60,2019-03-11 07:04:50.879261,11110,0
UChXOhG9bRDb3vSTg-qkPAZg,Gweilo-60,2019-03-11 07:03:50.718022,11110,0
UChXOhG9bRDb3vSTg-qkPAZg,Gweilo-60,2019-03-11 07:02:50.346537,11110,0
UChXOhG9bRDb3vSTg-qkPAZg,Gweilo-60,2019-03-11 07:01:51.13331,11110,0
UChXOhG9bRDb3vSTg-qkPAZg,Gweilo-60,2019-03-11 07:00:50.851059,11110,0
UChXOhG9bRDb3vSTg-qkPAZg,Gweilo-60,2019-03-11 06:59:50.385225,11110,0
UChXOhG9bRDb3vSTg-qkPAZg,Gweilo-60,2019-03-11 06:58:50.902273,11110,0
UChXOhG9bRDb3vSTg-qkPAZg,Gweilo-60,2019-03-11 06:57:50.631899,11110,0
UChXOhG9bRDb3vSTg-qkPAZg,Gweilo-60,2019-03-11 06:56:51.74427,11110,0
UChXOhG9bRDb3vSTg-qkPAZg,Gweilo-60,2019-03-11 06:55:50.633692,11110,0
UChXOhG9bRDb3vSTg-qkPAZg,Gweilo-60,2019-03-11 06:54:50.612579,11110,0
UChXOhG9bRDb3vSTg-qkPAZg,Gweilo-60,2019-03-11 06:53:51.104192,11110,0
UChXOhG9bRDb3vSTg-qkPAZg,Gweilo-60,2019-03-11 06:52:50.899506,11110,0
UChXOhG9bRDb3vSTg-qkPAZg,Gweilo-60,2019-03-11 06:51:50.68616,11110,0
UChXOhG9bRDb3vSTg-qkPAZg,Gweilo-60,2019-03-11 06:50:50.772099,11110,0
UChXOhG9bRDb3vSTg-qkPAZg,Gweilo-60,2019-03-11 06:49:50.602578,11110,0
UChXOhG9bRDb3vSTg-qkPAZg,Gweilo-60,2019-03-11 06:48:51.286862,11110,0
UChXOhG9bRDb3vSTg-qkPAZg,Gweilo-60,2019-03-11 06:47:50.780328,11110,0
UChXOhG9bRDb3vSTg-qkPAZg,Gweilo-60,2019-03-11 06:46:50.691185,11110,0
UChXOhG9bRDb3vSTg-qkPAZg,Gweilo-60,2019-03-11 06:45:51.074373,11110,0
UChXOhG9bRDb3vSTg-qkPAZg,Gweilo-60,2019-03-11 06:44:51.161462,11110,0
UChXOhG9bRDb3vSTg-qkPAZg,Gweilo-60,2019-03-11 06:43:50.741333,11110,0
UChXOhG9bRDb3vSTg-qkPAZg,Gweilo-60,2019-03-11 06:42:50.735417,11110,0
UChXOhG9bRDb3vSTg-qkPAZg,Gweilo-60,2019-03-11 06:41:50.803486,11110,0
UChXOhG9bRDb3vSTg-qkPAZg,Gweilo-60,2019-03-11 06:40:51.45597,11110,0
UChXOhG9bRDb3vSTg-qkPAZg,Gweilo-60,2019-03-11 06:39:51.25766,11110,0
UChXOhG9bRDb3vSTg-qkPAZg,Gweilo-60,2019-03-11 06:38:50.170148,11110,0
UChXOhG9bRDb3vSTg-qkPAZg,Gweilo-60,2019-03-11 06:37:50.677163,11110,0
UChXOhG9bRDb3vSTg-qkPAZg,Gweilo-60,2019-03-11 06:36:50.716952,11110,0
UChXOhG9bRDb3vSTg-qkPAZg,Gweilo-60,2019-03-11 06:35:50.725829,11110,0
UChXOhG9bRDb3vSTg-qkPAZg,Gweilo-60,2019-03-11 06:34:50.650395,11110,0
UChXOhG9bRDb3vSTg-qkPAZg,Gweilo-60,2019-03-11 06:33:50.612265,11110,0
UChXOhG9bRDb3vSTg-qkPAZg,Gweilo-60,2019-03-11 06:32:50.446828,11110,0
UChXOhG9bRDb3vSTg-qkPAZg,Gweilo-60,2019-03-11 06:31:50.373051,11110,0
UChXOhG9bRDb3vSTg-qkPAZg,Gweilo-60,2019-03-11 06:30:50.688105,11110,0
UChXOhG9bRDb3vSTg-qkPAZg,Gweilo-60,2019-03-11 06:29:50.697849,11110,0
UChXOhG9bRDb3vSTg-qkPAZg,Gweilo-60,2019-03-11 06:28:52.908592,11110,0
UChXOhG9bRDb3vSTg-qkPAZg,Gweilo-60,2019-03-11 06:27:50.784835,11110,0
UChXOhG9bRDb3vSTg-qkPAZg,Gweilo-60,2019-03-11 06:26:51.854991,11110,0
UChXOhG9bRDb3vSTg-qkPAZg,Gweilo-60,2019-03-11 06:25:50.788234,11110,0
UChXOhG9bRDb3vSTg-qkPAZg,Gweilo-60,2019-03-11 06:24:51.123012,11110,0
UChXOhG9bRDb3vSTg-qkPAZg,Gweilo-60,2019-03-11 06:23:50.634098,11110,0
UChXOhG9bRDb3vSTg-qkPAZg,Gweilo-60,2019-03-11 06:22:50.353847,11110,0
UChXOhG9bRDb3vSTg-qkPAZg,Gweilo-60,2019-03-11 06:21:50.813761,11110,0
UChXOhG9bRDb3vSTg-qkPAZg,Gweilo-60,2019-03-11 06:20:50.879229,11110,0
UChXOhG9bRDb3vSTg-qkPAZg,Gweilo-60,2019-03-11 06:19:51.04571,11110,0
UChXOhG9bRDb3vSTg-qkPAZg,Gweilo-60,2019-03-11 06:18:50.695635,11110,0
UChXOhG9bRDb3vSTg-qkPAZg,Gweilo-60,2019-03-11 06:17:50.841842,11110,0
UChXOhG9bRDb3vSTg-qkPAZg,Gweilo-60,2019-03-11 06:16:50.194763,11110,0
UChXOhG9bRDb3vSTg-qkPAZg,Gweilo-60,2019-03-11 06:15:51.256089,11110,0
UChXOhG9bRDb3vSTg-qkPAZg,Gweilo-60,2019-03-11 06:14:51.112867,11110,0
UChXOhG9bRDb3vSTg-qkPAZg,Gweilo-60,2019-03-11 06:13:50.542484,11110,0
UChXOhG9bRDb3vSTg-qkPAZg,Gweilo-60,2019-03-11 06:12:50.646341,11110,0
UChXOhG9bRDb3vSTg-qkPAZg,Gweilo-60,2019-03-11 06:11:50.729165,11110,0
UChXOhG9bRDb3vSTg-qkPAZg,Gweilo-60,2019-03-11 06:10:50.897856,11110,0
UChXOhG9bRDb3vSTg-qkPAZg,Gweilo-60,2019-03-11 06:09:51.034361,11110,0
UChXOhG9bRDb3vSTg-qkPAZg,Gweilo-60,2019-03-11 06:08:51.502199,11110,0
UChXOhG9bRDb3vSTg-qkPAZg,Gweilo-60,2019-03-11 06:07:50.897286,11110,0
UChXOhG9bRDb3vSTg-qkPAZg,Gweilo-60,2019-03-11 06:06:50.845046,11110,0
UChXOhG9bRDb3vSTg-qkPAZg,Gweilo-60,2019-03-11 06:05:51.175685,11110,0
UChXOhG9bRDb3vSTg-qkPAZg,Gweilo-60,2019-03-11 06:04:51.274763,11110,0
UChXOhG9bRDb3vSTg-qkPAZg,Gweilo-60,2019-03-11 06:03:50.934256,11110,0
UChXOhG9bRDb3vSTg-qkPAZg,Gweilo-60,2019-03-11 06:02:50.914688,11110,0
UChXOhG9bRDb3vSTg-qkPAZg,Gweilo-60,2019-03-11 06:01:50.847767,11110,0
UChXOhG9bRDb3vSTg-qkPAZg,Gweilo-60,2019-03-11 06:00:50.745779,11110,0
UChXOhG9bRDb3vSTg-qkPAZg,Gweilo-60,2019-03-11 05:59:51.170575,11110,0
UChXOhG9bRDb3vSTg-qkPAZg,Gweilo-60,2019-03-11 05:58:51.047129,11110,0
UChXOhG9bRDb3vSTg-qkPAZg,Gweilo-60,2019-03-11 05:57:50.860143,11110,0
UChXOhG9bRDb3vSTg-qkPAZg,Gweilo-60,2019-03-11 05:56:50.81697,11110,0
UChXOhG9bRDb3vSTg-qkPAZg,Gweilo-60,2019-03-11 05:55:50.65264,11110,0
UChXOhG9bRDb3vSTg-qkPAZg,Gweilo-60,2019-03-11 05:54:50.804006,11110,0
UChXOhG9bRDb3vSTg-qkPAZg,Gweilo-60,2019-03-11 05:53:51.337007,11110,0
UChXOhG9bRDb3vSTg-qkPAZg,Gweilo-60,2019-03-11 05:52:50.852488,11110,0
UChXOhG9bRDb3vSTg-qkPAZg,Gweilo-60,2019-03-11 05:51:50.979273,11110,0
UChXOhG9bRDb3vSTg-qkPAZg,Gweilo-60,2019-03-11 05:50:50.559862,11110,0
UChXOhG9bRDb3vSTg-qkPAZg,Gweilo-60,2019-03-11 05:49:51.477347,11110,0
UChXOhG9bRDb3vSTg-qkPAZg,Gweilo-60,2019-03-11 05:48:51.043333,11110,0
UChXOhG9bRDb3vSTg-qkPAZg,Gweilo-60,2019-03-11 05:47:51.116769,11110,0
UChXOhG9bRDb3vSTg-qkPAZg,Gweilo-60,2019-03-11 05:46:50.792886,11110,0
UChXOhG9bRDb3vSTg-qkPAZg,Gweilo-60,2019-03-11 05:45:51.297881,11110,0
UChXOhG9bRDb3vSTg-qkPAZg,Gweilo-60,2019-03-11 05:44:50.724473,11110,0
UChXOhG9bRDb3vSTg-qkPAZg,Gweilo-60,2019-03-11 05:43:50.9018,11110,0
UChXOhG9bRDb3vSTg-qkPAZg,Gweilo-60,2019-03-11 05:42:50.617472,11110,1
UChXOhG9bRDb3vSTg-qkPAZg,Gweilo-60,2019-03-11 05:41:50.872256,11109,0
UChXOhG9bRDb3vSTg-qkPAZg,Gweilo-60,2019-03-11 05:40:51.117226,11109,0
UChXOhG9bRDb3vSTg-qkPAZg,Gweilo-60,2019-03-11 05:39:50.751906,11109,0
UChXOhG9bRDb3vSTg-qkPAZg,Gweilo-60,2019-03-11 05:38:50.838663,11109,0
UChXOhG9bRDb3vSTg-qkPAZg,Gweilo-60,2019-03-11 05:37:51.434388,11109,0
UChXOhG9bRDb3vSTg-qkPAZg,Gweilo-60,2019-03-11 05:36:50.871067,11109,0
UChXOhG9bRDb3vSTg-qkPAZg,Gweilo-60,2019-03-11 05:35:51.215912,11109,0
UChXOhG9bRDb3vSTg-qkPAZg,Gweilo-60,2019-03-11 05:34:51.11888,11109,0
UChXOhG9bRDb3vSTg-qkPAZg,Gweilo-60,2019-03-11 05:33:50.524146,11109,0
UChXOhG9bRDb3vSTg-qkPAZg,Gweilo-60,2019-03-11 05:32:50.708365,11109,0
UChXOhG9bRDb3vSTg-qkPAZg,Gweilo-60,2019-03-11 05:31:51.170296,11109,0
UChXOhG9bRDb3vSTg-qkPAZg,Gweilo-60,2019-03-11 05:30:50.808327,11109,0
UChXOhG9bRDb3vSTg-qkPAZg,Gweilo-60,2019-03-11 05:29:50.660507,11109,0
UChXOhG9bRDb3vSTg-qkPAZg,Gweilo-60,2019-03-11 05:28:50.771744,11109,0
UChXOhG9bRDb3vSTg-qkPAZg,Gweilo-60,2019-03-11 05:27:51.332768,11109,0
UChXOhG9bRDb3vSTg-qkPAZg,Gweilo-60,2019-03-11 05:26:50.722783,11109,0
UChXOhG9bRDb3vSTg-qkPAZg,Gweilo-60,2019-03-11 05:25:51.05413,11109,0
UChXOhG9bRDb3vSTg-qkPAZg,Gweilo-60,2019-03-11 05:24:50.95291,11109,0
UChXOhG9bRDb3vSTg-qkPAZg,Gweilo-60,2019-03-11 05:23:50.984056,11109,0
UChXOhG9bRDb3vSTg-qkPAZg,Gweilo-60,2019-03-11 05:22:50.90416,11109,0
UChXOhG9bRDb3vSTg-qkPAZg,Gweilo-60,2019-03-11 05:21:50.924425,11109,0
UChXOhG9bRDb3vSTg-qkPAZg,Gweilo-60,2019-03-11 05:20:50.903235,11109,0
UChXOhG9bRDb3vSTg-qkPAZg,Gweilo-60,2019-03-11 05:19:50.855352,11109,0
UChXOhG9bRDb3vSTg-qkPAZg,Gweilo-60,2019-03-11 05:18:50.982915,11109,0
UChXOhG9bRDb3vSTg-qkPAZg,Gweilo-60,2019-03-11 05:17:51.122605,11109,0
UChXOhG9bRDb3vSTg-qkPAZg,Gweilo-60,2019-03-11 05:16:51.113872,11109,0
UChXOhG9bRDb3vSTg-qkPAZg,Gweilo-60,2019-03-11 05:15:51.095739,11109,0
UChXOhG9bRDb3vSTg-qkPAZg,Gweilo-60,2019-03-11 05:14:50.766142,11109,0
UChXOhG9bRDb3vSTg-qkPAZg,Gweilo-60,2019-03-11 05:13:50.649982,11109,0
UChXOhG9bRDb3vSTg-qkPAZg,Gweilo-60,2019-03-11 05:12:50.782844,11109,0
UChXOhG9bRDb3vSTg-qkPAZg,Gweilo-60,2019-03-11 05:11:50.917919,11109,0
UChXOhG9bRDb3vSTg-qkPAZg,Gweilo-60,2019-03-11 05:10:50.962354,11109,0
UChXOhG9bRDb3vSTg-qkPAZg,Gweilo-60,2019-03-11 05:09:50.756019,11109,0
UChXOhG9bRDb3vSTg-qkPAZg,Gweilo-60,2019-03-11 05:08:51.275997,11109,0
UChXOhG9bRDb3vSTg-qkPAZg,Gweilo-60,2019-03-11 05:07:50.719739,11109,0
UChXOhG9bRDb3vSTg-qkPAZg,Gweilo-60,2019-03-11 05:06:51.094887,11109,0
UChXOhG9bRDb3vSTg-qkPAZg,Gweilo-60,2019-03-11 05:05:51.316051,11109,0
UChXOhG9bRDb3vSTg-qkPAZg,Gweilo-60,2019-03-11 05:04:50.569794,11109,0
UChXOhG9bRDb3vSTg-qkPAZg,Gweilo-60,2019-03-11 05:03:50.737107,11109,0
UChXOhG9bRDb3vSTg-qkPAZg,Gweilo-60,2019-03-11 05:02:50.922327,11109,0
UChXOhG9bRDb3vSTg-qkPAZg,Gweilo-60,2019-03-11 05:01:51.221897,11109,0
UChXOhG9bRDb3vSTg-qkPAZg,Gweilo-60,2019-03-11 05:00:50.683038,11109,0
UChXOhG9bRDb3vSTg-qkPAZg,Gweilo-60,2019-03-11 04:59:51.129246,11109,0
UChXOhG9bRDb3vSTg-qkPAZg,Gweilo-60,2019-03-11 04:58:51.054418,11109,0
UChXOhG9bRDb3vSTg-qkPAZg,Gweilo-60,2019-03-11 04:57:50.95951,11109,0
UChXOhG9bRDb3vSTg-qkPAZg,Gweilo-60,2019-03-11 04:56:50.826058,11109,0
UChXOhG9bRDb3vSTg-qkPAZg,Gweilo-60,2019-03-11 04:55:51.462002,11109,0
UChXOhG9bRDb3vSTg-qkPAZg,Gweilo-60,2019-03-11 04:54:51.142668,11109,0
UChXOhG9bRDb3vSTg-qkPAZg,Gweilo-60,2019-03-11 04:53:50.785442,11109,0
UChXOhG9bRDb3vSTg-qkPAZg,Gweilo-60,2019-03-11 04:52:50.572371,11109,0
UChXOhG9bRDb3vSTg-qkPAZg,Gweilo-60,2019-03-11 04:51:50.598884,11109,0
UChXOhG9bRDb3vSTg-qkPAZg,Gweilo-60,2019-03-11 04:50:51.33948,11109,0
UChXOhG9bRDb3vSTg-qkPAZg,Gweilo-60,2019-03-11 04:49:50.634477,11109,0
UChXOhG9bRDb3vSTg-qkPAZg,Gweilo-60,2019-03-11 04:48:51.061998,11109,0
UChXOhG9bRDb3vSTg-qkPAZg,Gweilo-60,2019-03-11 04:47:50.751413,11109,0
UChXOhG9bRDb3vSTg-qkPAZg,Gweilo-60,2019-03-11 04:46:51.048238,11109,0
UChXOhG9bRDb3vSTg-qkPAZg,Gweilo-60,2019-03-11 04:45:50.934115,11109,0
UChXOhG9bRDb3vSTg-qkPAZg,Gweilo-60,2019-03-11 04:44:51.651597,11109,0
UChXOhG9bRDb3vSTg-qkPAZg,Gweilo-60,2019-03-11 04:43:50.857074,11109,0
UChXOhG9bRDb3vSTg-qkPAZg,Gweilo-60,2019-03-11 04:42:50.372298,11109,0
UChXOhG9bRDb3vSTg-qkPAZg,Gweilo-60,2019-03-11 04:41:50.744279,11109,0
UChXOhG9bRDb3vSTg-qkPAZg,Gweilo-60,2019-03-11 04:40:51.058244,11109,0
UChXOhG9bRDb3vSTg-qkPAZg,Gweilo-60,2019-03-11 04:39:51.270301,11109,0
UChXOhG9bRDb3vSTg-qkPAZg,Gweilo-60,2019-03-11 04:38:50.541385,11109,0
UChXOhG9bRDb3vSTg-qkPAZg,Gweilo-60,2019-03-11 04:37:50.435337,11109,0
UChXOhG9bRDb3vSTg-qkPAZg,Gweilo-60,2019-03-11 04:36:50.743381,11109,0
UChXOhG9bRDb3vSTg-qkPAZg,Gweilo-60,2019-03-11 04:35:50.472546,11109,0
UChXOhG9bRDb3vSTg-qkPAZg,Gweilo-60,2019-03-11 04:34:51.025404,11109,0
UChXOhG9bRDb3vSTg-qkPAZg,Gweilo-60,2019-03-11 04:33:50.621692,11109,0
UChXOhG9bRDb3vSTg-qkPAZg,Gweilo-60,2019-03-11 04:32:51.075954,11109,0
UChXOhG9bRDb3vSTg-qkPAZg,Gweilo-60,2019-03-11 04:31:50.923886,11109,0
UChXOhG9bRDb3vSTg-qkPAZg,Gweilo-60,2019-03-11 04:30:50.753813,11109,0
UChXOhG9bRDb3vSTg-qkPAZg,Gweilo-60,2019-03-11 04:29:51.134129,11109,0
UChXOhG9bRDb3vSTg-qkPAZg,Gweilo-60,2019-03-11 04:28:50.844025,11109,0
UChXOhG9bRDb3vSTg-qkPAZg,Gweilo-60,2019-03-11 04:27:50.849225,11109,0
UChXOhG9bRDb3vSTg-qkPAZg,Gweilo-60,2019-03-11 04:26:50.868534,11109,0
UChXOhG9bRDb3vSTg-qkPAZg,Gweilo-60,2019-03-11 04:25:50.764133,11109,0
UChXOhG9bRDb3vSTg-qkPAZg,Gweilo-60,2019-03-11 04:24:50.463335,11109,0
UChXOhG9bRDb3vSTg-qkPAZg,Gweilo-60,2019-03-11 04:23:51.481663,11109,0
UChXOhG9bRDb3vSTg-qkPAZg,Gweilo-60,2019-03-11 04:22:51.325134,11109,0
UChXOhG9bRDb3vSTg-qkPAZg,Gweilo-60,2019-03-11 04:21:50.272553,11109,0
UChXOhG9bRDb3vSTg-qkPAZg,Gweilo-60,2019-03-11 04:20:50.348035,11109,0
UChXOhG9bRDb3vSTg-qkPAZg,Gweilo-60,2019-03-11 04:19:51.030275,11109,0
UChXOhG9bRDb3vSTg-qkPAZg,Gweilo-60,2019-03-11 04:18:50.932438,11109,0
UChXOhG9bRDb3vSTg-qkPAZg,Gweilo-60,2019-03-11 04:17:50.90848,11109,0
UChXOhG9bRDb3vSTg-qkPAZg,Gweilo-60,2019-03-11 04:16:50.794767,11109,0
UChXOhG9bRDb3vSTg-qkPAZg,Gweilo-60,2019-03-11 04:15:51.099258,11109,0
UChXOhG9bRDb3vSTg-qkPAZg,Gweilo-60,2019-03-11 04:14:51.159534,11109,0
UChXOhG9bRDb3vSTg-qkPAZg,Gweilo-60,2019-03-11 04:13:51.076999,11109,0
UChXOhG9bRDb3vSTg-qkPAZg,Gweilo-60,2019-03-11 04:12:51.228499,11109,0
UChXOhG9bRDb3vSTg-qkPAZg,Gweilo-60,2019-03-11 04:11:50.841012,11109,0
UChXOhG9bRDb3vSTg-qkPAZg,Gweilo-60,2019-03-11 04:10:51.149154,11109,0
UChXOhG9bRDb3vSTg-qkPAZg,Gweilo-60,2019-03-11 04:09:51.044517,11109,0
UChXOhG9bRDb3vSTg-qkPAZg,Gweilo-60,2019-03-11 04:08:50.543938,11109,0
UChXOhG9bRDb3vSTg-qkPAZg,Gweilo-60,2019-03-11 04:07:50.965481,11109,0
UChXOhG9bRDb3vSTg-qkPAZg,Gweilo-60,2019-03-11 04:06:51.343552,11109,0
UChXOhG9bRDb3vSTg-qkPAZg,Gweilo-60,2019-03-11 04:05:51.983241,11109,0
UChXOhG9bRDb3vSTg-qkPAZg,Gweilo-60,2019-03-11 04:04:50.863002,11109,0
UChXOhG9bRDb3vSTg-qkPAZg,Gweilo-60,2019-03-11 04:03:50.745759,11109,0
UChXOhG9bRDb3vSTg-qkPAZg,Gweilo-60,2019-03-11 04:02:51.280591,11109,0
UChXOhG9bRDb3vSTg-qkPAZg,Gweilo-60,2019-03-11 04:01:51.020309,11109,0
UChXOhG9bRDb3vSTg-qkPAZg,Gweilo-60,2019-03-11 04:00:50.28665,11109,0
UChXOhG9bRDb3vSTg-qkPAZg,Gweilo-60,2019-03-11 03:59:51.032938,11109,0
UChXOhG9bRDb3vSTg-qkPAZg,Gweilo-60,2019-03-11 03:58:50.828797,11109,0
UChXOhG9bRDb3vSTg-qkPAZg,Gweilo-60,2019-03-11 03:57:50.847004,11109,0
UChXOhG9bRDb3vSTg-qkPAZg,Gweilo-60,2019-03-11 03:56:50.599495,11109,0
UChXOhG9bRDb3vSTg-qkPAZg,Gweilo-60,2019-03-11 03:55:50.697783,11109,0
UChXOhG9bRDb3vSTg-qkPAZg,Gweilo-60,2019-03-11 03:54:50.899752,11109,0
UChXOhG9bRDb3vSTg-qkPAZg,Gweilo-60,2019-03-11 03:53:50.84564,11109,0
UChXOhG9bRDb3vSTg-qkPAZg,Gweilo-60,2019-03-11 03:52:50.768564,11109,0
UChXOhG9bRDb3vSTg-qkPAZg,Gweilo-60,2019-03-11 03:51:50.973958,11109,0
UChXOhG9bRDb3vSTg-qkPAZg,Gweilo-60,2019-03-11 03:50:50.81881,11109,0
UChXOhG9bRDb3vSTg-qkPAZg,Gweilo-60,2019-03-11 03:49:50.997909,11109,0
UChXOhG9bRDb3vSTg-qkPAZg,Gweilo-60,2019-03-11 03:48:51.173887,11109,0
UChXOhG9bRDb3vSTg-qkPAZg,Gweilo-60,2019-03-11 03:47:50.84935,11109,0
UChXOhG9bRDb3vSTg-qkPAZg,Gweilo-60,2019-03-11 03:46:51.063312,11109,0
UChXOhG9bRDb3vSTg-qkPAZg,Gweilo-60,2019-03-11 03:45:51.288405,11109,0
UChXOhG9bRDb3vSTg-qkPAZg,Gweilo-60,2019-03-11 03:44:50.594099,11109,0
UChXOhG9bRDb3vSTg-qkPAZg,Gweilo-60,2019-03-11 03:43:50.928972,11109,0
UChXOhG9bRDb3vSTg-qkPAZg,Gweilo-60,2019-03-11 03:42:50.343433,11109,0
UChXOhG9bRDb3vSTg-qkPAZg,Gweilo-60,2019-03-11 03:41:50.713408,11109,0
UChXOhG9bRDb3vSTg-qkPAZg,Gweilo-60,2019-03-11 03:40:51.036448,11109,0
UChXOhG9bRDb3vSTg-qkPAZg,Gweilo-60,2019-03-11 03:39:51.386639,11109,0
UChXOhG9bRDb3vSTg-qkPAZg,Gweilo-60,2019-03-11 03:38:50.758947,11109,0
UChXOhG9bRDb3vSTg-qkPAZg,Gweilo-60,2019-03-11 03:37:50.984736,11109,0
UChXOhG9bRDb3vSTg-qkPAZg,Gweilo-60,2019-03-11 03:36:50.648801,11109,0
UChXOhG9bRDb3vSTg-qkPAZg,Gweilo-60,2019-03-11 03:35:50.445571,11109,0
UChXOhG9bRDb3vSTg-qkPAZg,Gweilo-60,2019-03-11 03:34:50.837739,11109,0
UChXOhG9bRDb3vSTg-qkPAZg,Gweilo-60,2019-03-11 03:33:51.004881,11109,0
UChXOhG9bRDb3vSTg-qkPAZg,Gweilo-60,2019-03-11 03:32:50.783097,11109,0
UChXOhG9bRDb3vSTg-qkPAZg,Gweilo-60,2019-03-11 03:31:50.904379,11109,0
UChXOhG9bRDb3vSTg-qkPAZg,Gweilo-60,2019-03-11 03:30:51.08704,11109,0
UChXOhG9bRDb3vSTg-qkPAZg,Gweilo-60,2019-03-11 03:29:50.775072,11109,0
UChXOhG9bRDb3vSTg-qkPAZg,Gweilo-60,2019-03-11 03:28:51.078836,11109,0
UChXOhG9bRDb3vSTg-qkPAZg,Gweilo-60,2019-03-11 03:27:52.049172,11109,0
UChXOhG9bRDb3vSTg-qkPAZg,Gweilo-60,2019-03-11 03:26:50.521838,11109,0
UChXOhG9bRDb3vSTg-qkPAZg,Gweilo-60,2019-03-11 03:25:51.537395,11109,0
UChXOhG9bRDb3vSTg-qkPAZg,Gweilo-60,2019-03-11 03:24:50.740132,11109,0
UChXOhG9bRDb3vSTg-qkPAZg,Gweilo-60,2019-03-11 03:23:50.648354,11109,0
UChXOhG9bRDb3vSTg-qkPAZg,Gweilo-60,2019-03-11 03:22:51.076348,11109,0
UChXOhG9bRDb3vSTg-qkPAZg,Gweilo-60,2019-03-11 03:21:51.017866,11109,0
UChXOhG9bRDb3vSTg-qkPAZg,Gweilo-60,2019-03-11 03:20:51.560021,11109,0
UChXOhG9bRDb3vSTg-qkPAZg,Gweilo-60,2019-03-11 03:19:50.781263,11109,0
UChXOhG9bRDb3vSTg-qkPAZg,Gweilo-60,2019-03-11 03:18:51.146103,11109,0
UChXOhG9bRDb3vSTg-qkPAZg,Gweilo-60,2019-03-11 03:17:51.078705,11109,0
UChXOhG9bRDb3vSTg-qkPAZg,Gweilo-60,2019-03-11 03:16:50.590352,11109,0
UChXOhG9bRDb3vSTg-qkPAZg,Gweilo-60,2019-03-11 03:15:51.010387,11109,0
UChXOhG9bRDb3vSTg-qkPAZg,Gweilo-60,2019-03-11 03:14:50.656259,11109,0
UChXOhG9bRDb3vSTg-qkPAZg,Gweilo-60,2019-03-11 03:13:50.524036,11109,0
UChXOhG9bRDb3vSTg-qkPAZg,Gweilo-60,2019-03-11 03:12:51.082708,11109,0
UChXOhG9bRDb3vSTg-qkPAZg,Gweilo-60,2019-03-11 03:11:50.691683,11109,0
UChXOhG9bRDb3vSTg-qkPAZg,Gweilo-60,2019-03-11 03:10:50.442334,11109,0
UChXOhG9bRDb3vSTg-qkPAZg,Gweilo-60,2019-03-11 03:09:50.463487,11109,0
UChXOhG9bRDb3vSTg-qkPAZg,Gweilo-60,2019-03-11 03:08:50.727335,11109,0
UChXOhG9bRDb3vSTg-qkPAZg,Gweilo-60,2019-03-11 03:07:50.917728,11109,0
UChXOhG9bRDb3vSTg-qkPAZg,Gweilo-60,2019-03-11 03:06:51.19269,11109,0
UChXOhG9bRDb3vSTg-qkPAZg,Gweilo-60,2019-03-11 03:05:51.134263,11109,0
UChXOhG9bRDb3vSTg-qkPAZg,Gweilo-60,2019-03-11 03:04:50.771811,11109,0
UChXOhG9bRDb3vSTg-qkPAZg,Gweilo-60,2019-03-11 03:03:50.648793,11109,0
UChXOhG9bRDb3vSTg-qkPAZg,Gweilo-60,2019-03-11 03:02:50.848761,11109,0
UChXOhG9bRDb3vSTg-qkPAZg,Gweilo-60,2019-03-11 03:01:51.34995,11109,0
UChXOhG9bRDb3vSTg-qkPAZg,Gweilo-60,2019-03-11 03:00:51.130821,11109,0
UChXOhG9bRDb3vSTg-qkPAZg,Gweilo-60,2019-03-11 02:59:50.490623,11109,0
UChXOhG9bRDb3vSTg-qkPAZg,Gweilo-60,2019-03-11 02:58:51.062236,11109,0
UChXOhG9bRDb3vSTg-qkPAZg,Gweilo-60,2019-03-11 02:57:50.686729,11109,0
UChXOhG9bRDb3vSTg-qkPAZg,Gweilo-60,2019-03-11 02:56:50.86673,11109,0
UChXOhG9bRDb3vSTg-qkPAZg,Gweilo-60,2019-03-11 02:55:50.682088,11109,0
UChXOhG9bRDb3vSTg-qkPAZg,Gweilo-60,2019-03-11 02:54:50.991086,11109,0
UChXOhG9bRDb3vSTg-qkPAZg,Gweilo-60,2019-03-11 02:53:50.743588,11109,0
UChXOhG9bRDb3vSTg-qkPAZg,Gweilo-60,2019-03-11 02:52:50.597027,11109,0
UChXOhG9bRDb3vSTg-qkPAZg,Gweilo-60,2019-03-11 02:51:50.732505,11109,0
UChXOhG9bRDb3vSTg-qkPAZg,Gweilo-60,2019-03-11 02:50:51.921932,11109,0
UChXOhG9bRDb3vSTg-qkPAZg,Gweilo-60,2019-03-11 02:49:50.658491,11109,0
UChXOhG9bRDb3vSTg-qkPAZg,Gweilo-60,2019-03-11 02:48:50.800849,11109,0
UChXOhG9bRDb3vSTg-qkPAZg,Gweilo-60,2019-03-11 02:47:50.608792,11109,0
UChXOhG9bRDb3vSTg-qkPAZg,Gweilo-60,2019-03-11 02:46:50.774362,11109,0
UChXOhG9bRDb3vSTg-qkPAZg,Gweilo-60,2019-03-11 02:45:51.222365,11109,0
UChXOhG9bRDb3vSTg-qkPAZg,Gweilo-60,2019-03-11 02:44:50.93272,11109,0
UChXOhG9bRDb3vSTg-qkPAZg,Gweilo-60,2019-03-11 02:43:50.828159,11109,0
UChXOhG9bRDb3vSTg-qkPAZg,Gweilo-60,2019-03-11 02:42:50.978641,11109,0
UChXOhG9bRDb3vSTg-qkPAZg,Gweilo-60,2019-03-11 02:41:51.426037,11109,0
UChXOhG9bRDb3vSTg-qkPAZg,Gweilo-60,2019-03-11 02:40:51.509147,11109,0
UChXOhG9bRDb3vSTg-qkPAZg,Gweilo-60,2019-03-11 02:39:51.032957,11109,0
UChXOhG9bRDb3vSTg-qkPAZg,Gweilo-60,2019-03-11 02:38:51.072466,11109,0
UChXOhG9bRDb3vSTg-qkPAZg,Gweilo-60,2019-03-11 02:37:50.473975,11109,0
UChXOhG9bRDb3vSTg-qkPAZg,Gweilo-60,2019-03-11 02:36:50.916642,11109,0
UChXOhG9bRDb3vSTg-qkPAZg,Gweilo-60,2019-03-11 02:35:51.237711,11109,0
UChXOhG9bRDb3vSTg-qkPAZg,Gweilo-60,2019-03-11 02:34:50.782199,11109,0
UChXOhG9bRDb3vSTg-qkPAZg,Gweilo-60,2019-03-11 02:33:51.387746,11109,0
UChXOhG9bRDb3vSTg-qkPAZg,Gweilo-60,2019-03-11 02:32:50.856047,11109,0
UChXOhG9bRDb3vSTg-qkPAZg,Gweilo-60,2019-03-11 02:31:50.593868,11109,0
UChXOhG9bRDb3vSTg-qkPAZg,Gweilo-60,2019-03-11 02:30:51.151884,11109,0
UChXOhG9bRDb3vSTg-qkPAZg,Gweilo-60,2019-03-11 02:29:50.988387,11109,0
UChXOhG9bRDb3vSTg-qkPAZg,Gweilo-60,2019-03-11 02:28:51.230683,11109,0
UChXOhG9bRDb3vSTg-qkPAZg,Gweilo-60,2019-03-11 02:27:51.19913,11109,0
UChXOhG9bRDb3vSTg-qkPAZg,Gweilo-60,2019-03-11 02:26:50.86844,11109,0
UChXOhG9bRDb3vSTg-qkPAZg,Gweilo-60,2019-03-11 02:25:50.773086,11109,0
UChXOhG9bRDb3vSTg-qkPAZg,Gweilo-60,2019-03-11 02:24:51.118931,11109,0
UChXOhG9bRDb3vSTg-qkPAZg,Gweilo-60,2019-03-11 02:23:50.766542,11109,0
UChXOhG9bRDb3vSTg-qkPAZg,Gweilo-60,2019-03-11 02:22:51.453784,11109,0
UChXOhG9bRDb3vSTg-qkPAZg,Gweilo-60,2019-03-11 02:21:51.282084,11109,0
UChXOhG9bRDb3vSTg-qkPAZg,Gweilo-60,2019-03-11 02:20:50.75723,11109,0
UChXOhG9bRDb3vSTg-qkPAZg,Gweilo-60,2019-03-11 02:19:50.654168,11109,0
UChXOhG9bRDb3vSTg-qkPAZg,Gweilo-60,2019-03-11 02:18:50.555891,11109,0
UChXOhG9bRDb3vSTg-qkPAZg,Gweilo-60,2019-03-11 02:17:51.094802,11109,0
UChXOhG9bRDb3vSTg-qkPAZg,Gweilo-60,2019-03-11 02:16:50.446475,11109,0
UChXOhG9bRDb3vSTg-qkPAZg,Gweilo-60,2019-03-11 02:15:50.602678,11109,0
UChXOhG9bRDb3vSTg-qkPAZg,Gweilo-60,2019-03-11 02:14:50.885222,11109,0
UChXOhG9bRDb3vSTg-qkPAZg,Gweilo-60,2019-03-11 02:13:50.802568,11109,0
UChXOhG9bRDb3vSTg-qkPAZg,Gweilo-60,2019-03-11 02:12:51.594589,11109,0
UChXOhG9bRDb3vSTg-qkPAZg,Gweilo-60,2019-03-11 02:11:51.060847,11109,0
UChXOhG9bRDb3vSTg-qkPAZg,Gweilo-60,2019-03-11 02:10:50.657979,11109,0
UChXOhG9bRDb3vSTg-qkPAZg,Gweilo-60,2019-03-11 02:09:50.880534,11109,0
UChXOhG9bRDb3vSTg-qkPAZg,Gweilo-60,2019-03-11 02:08:51.013773,11109,0
UChXOhG9bRDb3vSTg-qkPAZg,Gweilo-60,2019-03-11 02:07:50.808571,11109,0
UChXOhG9bRDb3vSTg-qkPAZg,Gweilo-60,2019-03-11 02:06:50.925168,11109,0
UChXOhG9bRDb3vSTg-qkPAZg,Gweilo-60,2019-03-11 02:05:51.032936,11109,0
UChXOhG9bRDb3vSTg-qkPAZg,Gweilo-60,2019-03-11 02:04:51.587113,11109,0
UChXOhG9bRDb3vSTg-qkPAZg,Gweilo-60,2019-03-11 02:03:50.54683,11109,0
UChXOhG9bRDb3vSTg-qkPAZg,Gweilo-60,2019-03-11 02:02:51.202356,11109,0
UChXOhG9bRDb3vSTg-qkPAZg,Gweilo-60,2019-03-11 02:01:50.570609,11109,0
UChXOhG9bRDb3vSTg-qkPAZg,Gweilo-60,2019-03-11 02:00:51.187123,11109,0
UChXOhG9bRDb3vSTg-qkPAZg,Gweilo-60,2019-03-11 01:59:51.069131,11109,0
UChXOhG9bRDb3vSTg-qkPAZg,Gweilo-60,2019-03-11 01:58:50.844618,11109,0
UChXOhG9bRDb3vSTg-qkPAZg,Gweilo-60,2019-03-11 01:57:51.406513,11109,0
UChXOhG9bRDb3vSTg-qkPAZg,Gweilo-60,2019-03-11 01:56:50.736916,11109,0
UChXOhG9bRDb3vSTg-qkPAZg,Gweilo-60,2019-03-11 01:55:51.494764,11109,0
UChXOhG9bRDb3vSTg-qkPAZg,Gweilo-60,2019-03-11 01:54:50.702523,11109,0
UChXOhG9bRDb3vSTg-qkPAZg,Gweilo-60,2019-03-11 01:53:51.18683,11109,0
UChXOhG9bRDb3vSTg-qkPAZg,Gweilo-60,2019-03-11 01:52:50.951882,11109,0
UChXOhG9bRDb3vSTg-qkPAZg,Gweilo-60,2019-03-11 01:51:51.141012,11109,0
UChXOhG9bRDb3vSTg-qkPAZg,Gweilo-60,2019-03-11 01:50:50.83334,11109,0
UChXOhG9bRDb3vSTg-qkPAZg,Gweilo-60,2019-03-11 01:49:50.740688,11109,0
UChXOhG9bRDb3vSTg-qkPAZg,Gweilo-60,2019-03-11 01:48:50.744414,11109,0
UChXOhG9bRDb3vSTg-qkPAZg,Gweilo-60,2019-03-11 01:47:51.550845,11109,0
UChXOhG9bRDb3vSTg-qkPAZg,Gweilo-60,2019-03-11 01:46:50.619525,11109,0
UChXOhG9bRDb3vSTg-qkPAZg,Gweilo-60,2019-03-11 01:45:51.078438,11109,0
UChXOhG9bRDb3vSTg-qkPAZg,Gweilo-60,2019-03-11 01:44:50.728336,11109,0
UChXOhG9bRDb3vSTg-qkPAZg,Gweilo-60,2019-03-11 01:43:50.481233,11109,0
UChXOhG9bRDb3vSTg-qkPAZg,Gweilo-60,2019-03-11 01:42:50.709131,11109,0
UChXOhG9bRDb3vSTg-qkPAZg,Gweilo-60,2019-03-11 01:41:51.402201,11109,0
UChXOhG9bRDb3vSTg-qkPAZg,Gweilo-60,2019-03-11 01:40:50.443381,11109,0
UChXOhG9bRDb3vSTg-qkPAZg,Gweilo-60,2019-03-11 01:39:50.992791,11109,0
UChXOhG9bRDb3vSTg-qkPAZg,Gweilo-60,2019-03-11 01:38:51.015458,11109,0
UChXOhG9bRDb3vSTg-qkPAZg,Gweilo-60,2019-03-11 01:37:51.262126,11109,0
UChXOhG9bRDb3vSTg-qkPAZg,Gweilo-60,2019-03-11 01:36:50.731323,11109,0
UChXOhG9bRDb3vSTg-qkPAZg,Gweilo-60,2019-03-11 01:35:50.964882,11109,0
UChXOhG9bRDb3vSTg-qkPAZg,Gweilo-60,2019-03-11 01:34:50.969649,11109,0
UChXOhG9bRDb3vSTg-qkPAZg,Gweilo-60,2019-03-11 01:33:50.813274,11109,0
UChXOhG9bRDb3vSTg-qkPAZg,Gweilo-60,2019-03-11 01:32:50.99924,11109,0
UChXOhG9bRDb3vSTg-qkPAZg,Gweilo-60,2019-03-11 01:31:50.582475,11109,0
UChXOhG9bRDb3vSTg-qkPAZg,Gweilo-60,2019-03-11 01:30:51.043475,11109,0
UChXOhG9bRDb3vSTg-qkPAZg,Gweilo-60,2019-03-11 01:29:50.980289,11109,0
UChXOhG9bRDb3vSTg-qkPAZg,Gweilo-60,2019-03-11 01:28:51.367516,11109,0
UChXOhG9bRDb3vSTg-qkPAZg,Gweilo-60,2019-03-11 01:27:51.112524,11109,0
UChXOhG9bRDb3vSTg-qkPAZg,Gweilo-60,2019-03-11 01:26:50.687789,11109,0
UChXOhG9bRDb3vSTg-qkPAZg,Gweilo-60,2019-03-11 01:25:50.779094,11109,0
UChXOhG9bRDb3vSTg-qkPAZg,Gweilo-60,2019-03-11 01:24:50.811237,11109,0
UChXOhG9bRDb3vSTg-qkPAZg,Gweilo-60,2019-03-11 01:23:50.756761,11109,0
UChXOhG9bRDb3vSTg-qkPAZg,Gweilo-60,2019-03-11 01:22:50.842866,11109,0
UChXOhG9bRDb3vSTg-qkPAZg,Gweilo-60,2019-03-11 01:21:50.921761,11109,0
UChXOhG9bRDb3vSTg-qkPAZg,Gweilo-60,2019-03-11 01:20:51.054299,11109,0
UChXOhG9bRDb3vSTg-qkPAZg,Gweilo-60,2019-03-11 01:19:50.610929,11109,0
UChXOhG9bRDb3vSTg-qkPAZg,Gweilo-60,2019-03-11 01:18:50.868956,11109,0
UChXOhG9bRDb3vSTg-qkPAZg,Gweilo-60,2019-03-11 01:17:50.841107,11109,0
UChXOhG9bRDb3vSTg-qkPAZg,Gweilo-60,2019-03-11 01:16:51.023446,11109,0
UChXOhG9bRDb3vSTg-qkPAZg,Gweilo-60,2019-03-11 01:15:50.667909,11109,0
UChXOhG9bRDb3vSTg-qkPAZg,Gweilo-60,2019-03-11 01:14:50.86662,11109,0
UChXOhG9bRDb3vSTg-qkPAZg,Gweilo-60,2019-03-11 01:13:50.980585,11109,0
UChXOhG9bRDb3vSTg-qkPAZg,Gweilo-60,2019-03-11 01:12:50.843917,11109,0
UChXOhG9bRDb3vSTg-qkPAZg,Gweilo-60,2019-03-11 01:11:51.392085,11109,0
UChXOhG9bRDb3vSTg-qkPAZg,Gweilo-60,2019-03-11 01:10:51.318375,11109,0
UChXOhG9bRDb3vSTg-qkPAZg,Gweilo-60,2019-03-11 01:09:51.12342,11109,0
UChXOhG9bRDb3vSTg-qkPAZg,Gweilo-60,2019-03-11 01:08:50.747056,11109,0
UChXOhG9bRDb3vSTg-qkPAZg,Gweilo-60,2019-03-11 01:07:50.948077,11109,0
UChXOhG9bRDb3vSTg-qkPAZg,Gweilo-60,2019-03-11 01:06:51.617863,11109,0
UChXOhG9bRDb3vSTg-qkPAZg,Gweilo-60,2019-03-11 01:05:51.022333,11109,0
UChXOhG9bRDb3vSTg-qkPAZg,Gweilo-60,2019-03-11 01:04:50.828342,11109,0
UChXOhG9bRDb3vSTg-qkPAZg,Gweilo-60,2019-03-11 01:03:50.81015,11109,0
UChXOhG9bRDb3vSTg-qkPAZg,Gweilo-60,2019-03-11 01:02:50.809894,11109,0
UChXOhG9bRDb3vSTg-qkPAZg,Gweilo-60,2019-03-11 01:01:51.200263,11109,0
UChXOhG9bRDb3vSTg-qkPAZg,Gweilo-60,2019-03-11 01:00:50.959038,11109,0
UChXOhG9bRDb3vSTg-qkPAZg,Gweilo-60,2019-03-11 00:59:51.176642,11109,0
UChXOhG9bRDb3vSTg-qkPAZg,Gweilo-60,2019-03-11 00:58:50.486613,11109,0
UChXOhG9bRDb3vSTg-qkPAZg,Gweilo-60,2019-03-11 00:57:50.799617,11109,0
UChXOhG9bRDb3vSTg-qkPAZg,Gweilo-60,2019-03-11 00:56:50.770638,11109,0
UChXOhG9bRDb3vSTg-qkPAZg,Gweilo-60,2019-03-11 00:55:50.373933,11109,0
UChXOhG9bRDb3vSTg-qkPAZg,Gweilo-60,2019-03-11 00:54:50.66594,11109,0
UChXOhG9bRDb3vSTg-qkPAZg,Gweilo-60,2019-03-11 00:53:50.941209,11109,0
UChXOhG9bRDb3vSTg-qkPAZg,Gweilo-60,2019-03-11 00:52:50.961107,11109,0
UChXOhG9bRDb3vSTg-qkPAZg,Gweilo-60,2019-03-11 00:51:50.96406,11109,0
UChXOhG9bRDb3vSTg-qkPAZg,Gweilo-60,2019-03-11 00:50:51.308304,11109,0
UChXOhG9bRDb3vSTg-qkPAZg,Gweilo-60,2019-03-11 00:49:51.002784,11109,0
UChXOhG9bRDb3vSTg-qkPAZg,Gweilo-60,2019-03-11 00:48:50.668634,11109,0
UChXOhG9bRDb3vSTg-qkPAZg,Gweilo-60,2019-03-11 00:47:51.006289,11109,0
UChXOhG9bRDb3vSTg-qkPAZg,Gweilo-60,2019-03-11 00:46:50.65258,11109,0
UChXOhG9bRDb3vSTg-qkPAZg,Gweilo-60,2019-03-11 00:45:50.672768,11109,0
UChXOhG9bRDb3vSTg-qkPAZg,Gweilo-60,2019-03-11 00:44:50.988957,11109,0
UChXOhG9bRDb3vSTg-qkPAZg,Gweilo-60,2019-03-11 00:43:50.450549,11109,0
UChXOhG9bRDb3vSTg-qkPAZg,Gweilo-60,2019-03-11 00:42:51.192087,11109,0
UChXOhG9bRDb3vSTg-qkPAZg,Gweilo-60,2019-03-11 00:41:50.984716,11109,0
UChXOhG9bRDb3vSTg-qkPAZg,Gweilo-60,2019-03-11 00:40:51.239607,11109,0
UChXOhG9bRDb3vSTg-qkPAZg,Gweilo-60,2019-03-11 00:39:50.775714,11109,0
UChXOhG9bRDb3vSTg-qkPAZg,Gweilo-60,2019-03-11 00:38:50.833651,11109,0
UChXOhG9bRDb3vSTg-qkPAZg,Gweilo-60,2019-03-11 00:37:51.323438,11109,0
UChXOhG9bRDb3vSTg-qkPAZg,Gweilo-60,2019-03-11 00:36:51.123538,11109,0
UChXOhG9bRDb3vSTg-qkPAZg,Gweilo-60,2019-03-11 00:35:51.282229,11109,0
UChXOhG9bRDb3vSTg-qkPAZg,Gweilo-60,2019-03-11 00:34:50.830555,11109,0
UChXOhG9bRDb3vSTg-qkPAZg,Gweilo-60,2019-03-11 00:33:50.743907,11109,0
UChXOhG9bRDb3vSTg-qkPAZg,Gweilo-60,2019-03-11 00:32:51.230465,11109,0
UChXOhG9bRDb3vSTg-qkPAZg,Gweilo-60,2019-03-11 00:31:50.94088,11109,0
UChXOhG9bRDb3vSTg-qkPAZg,Gweilo-60,2019-03-11 00:30:50.679039,11109,0
UChXOhG9bRDb3vSTg-qkPAZg,Gweilo-60,2019-03-11 00:29:51.110373,11109,0
UChXOhG9bRDb3vSTg-qkPAZg,Gweilo-60,2019-03-11 00:28:51.019743,11109,0
UChXOhG9bRDb3vSTg-qkPAZg,Gweilo-60,2019-03-11 00:27:51.112543,11109,0
UChXOhG9bRDb3vSTg-qkPAZg,Gweilo-60,2019-03-11 00:26:51.286651,11109,0
UChXOhG9bRDb3vSTg-qkPAZg,Gweilo-60,2019-03-11 00:25:51.615166,11109,0
UChXOhG9bRDb3vSTg-qkPAZg,Gweilo-60,2019-03-11 00:24:50.557926,11109,0
UChXOhG9bRDb3vSTg-qkPAZg,Gweilo-60,2019-03-11 00:23:51.436703,11109,0
UChXOhG9bRDb3vSTg-qkPAZg,Gweilo-60,2019-03-11 00:22:51.07782,11109,0
UChXOhG9bRDb3vSTg-qkPAZg,Gweilo-60,2019-03-11 00:21:50.782975,11109,0
UChXOhG9bRDb3vSTg-qkPAZg,Gweilo-60,2019-03-11 00:20:50.830316,11109,0
UChXOhG9bRDb3vSTg-qkPAZg,Gweilo-60,2019-03-11 00:19:51.735392,11109,0
UChXOhG9bRDb3vSTg-qkPAZg,Gweilo-60,2019-03-11 00:18:50.378668,11109,0
UChXOhG9bRDb3vSTg-qkPAZg,Gweilo-60,2019-03-11 00:17:50.804567,11109,0
UChXOhG9bRDb3vSTg-qkPAZg,Gweilo-60,2019-03-11 00:16:50.829394,11109,0
UChXOhG9bRDb3vSTg-qkPAZg,Gweilo-60,2019-03-11 00:15:50.91314,11109,0
UChXOhG9bRDb3vSTg-qkPAZg,Gweilo-60,2019-03-11 00:14:50.95633,11109,0
UChXOhG9bRDb3vSTg-qkPAZg,Gweilo-60,2019-03-11 00:13:51.001006,11109,0
UChXOhG9bRDb3vSTg-qkPAZg,Gweilo-60,2019-03-11 00:12:50.823299,11109,0
UChXOhG9bRDb3vSTg-qkPAZg,Gweilo-60,2019-03-11 00:11:52.104229,11109,0
UChXOhG9bRDb3vSTg-qkPAZg,Gweilo-60,2019-03-11 00:10:50.798153,11109,0
UChXOhG9bRDb3vSTg-qkPAZg,Gweilo-60,2019-03-11 00:09:51.482781,11109,0
UChXOhG9bRDb3vSTg-qkPAZg,Gweilo-60,2019-03-11 00:08:51.420256,11109,0
UChXOhG9bRDb3vSTg-qkPAZg,Gweilo-60,2019-03-11 00:07:51.372595,11109,0
UChXOhG9bRDb3vSTg-qkPAZg,Gweilo-60,2019-03-11 00:06:50.788454,11109,0
UChXOhG9bRDb3vSTg-qkPAZg,Gweilo-60,2019-03-11 00:05:50.639109,11109,0
UChXOhG9bRDb3vSTg-qkPAZg,Gweilo-60,2019-03-11 00:04:51.140207,11109,0
UChXOhG9bRDb3vSTg-qkPAZg,Gweilo-60,2019-03-11 00:03:51.156497,11109,0
UChXOhG9bRDb3vSTg-qkPAZg,Gweilo-60,2019-03-11 00:02:51.077442,11109,1
UChXOhG9bRDb3vSTg-qkPAZg,Gweilo-60,2019-03-11 00:01:50.938849,11108,0
UChXOhG9bRDb3vSTg-qkPAZg,Gweilo-60,2019-03-11 00:00:51.22194,11108,0
UChXOhG9bRDb3vSTg-qkPAZg,Gweilo-60,2019-03-10 23:59:50.948959,11108,0
UChXOhG9bRDb3vSTg-qkPAZg,Gweilo-60,2019-03-10 23:58:51.134085,11108,0
UChXOhG9bRDb3vSTg-qkPAZg,Gweilo-60,2019-03-10 23:57:50.662804,11108,0
UChXOhG9bRDb3vSTg-qkPAZg,Gweilo-60,2019-03-10 23:56:50.931116,11108,0
UChXOhG9bRDb3vSTg-qkPAZg,Gweilo-60,2019-03-10 23:55:51.040152,11108,0
UChXOhG9bRDb3vSTg-qkPAZg,Gweilo-60,2019-03-10 23:54:50.950996,11108,0
UChXOhG9bRDb3vSTg-qkPAZg,Gweilo-60,2019-03-10 23:53:51.522002,11108,0
UChXOhG9bRDb3vSTg-qkPAZg,Gweilo-60,2019-03-10 23:52:51.005912,11108,0
UChXOhG9bRDb3vSTg-qkPAZg,Gweilo-60,2019-03-10 23:51:51.25631,11108,0
UChXOhG9bRDb3vSTg-qkPAZg,Gweilo-60,2019-03-10 23:50:50.719297,11108,0
UChXOhG9bRDb3vSTg-qkPAZg,Gweilo-60,2019-03-10 23:49:50.889887,11108,0
UChXOhG9bRDb3vSTg-qkPAZg,Gweilo-60,2019-03-10 23:48:50.672353,11108,0
UChXOhG9bRDb3vSTg-qkPAZg,Gweilo-60,2019-03-10 23:47:51.253295,11108,0
UChXOhG9bRDb3vSTg-qkPAZg,Gweilo-60,2019-03-10 23:46:51.264849,11108,0
UChXOhG9bRDb3vSTg-qkPAZg,Gweilo-60,2019-03-10 23:45:50.524918,11108,0
UChXOhG9bRDb3vSTg-qkPAZg,Gweilo-60,2019-03-10 23:44:50.946825,11108,0
UChXOhG9bRDb3vSTg-qkPAZg,Gweilo-60,2019-03-10 23:43:51.31156,11108,0
UChXOhG9bRDb3vSTg-qkPAZg,Gweilo-60,2019-03-10 23:42:51.365123,11108,0
UChXOhG9bRDb3vSTg-qkPAZg,Gweilo-60,2019-03-10 23:41:50.696429,11108,0
UChXOhG9bRDb3vSTg-qkPAZg,Gweilo-60,2019-03-10 23:40:50.55567,11108,0
UChXOhG9bRDb3vSTg-qkPAZg,Gweilo-60,2019-03-10 23:39:50.945252,11108,0
UChXOhG9bRDb3vSTg-qkPAZg,Gweilo-60,2019-03-10 23:38:51.3319,11108,0
UChXOhG9bRDb3vSTg-qkPAZg,Gweilo-60,2019-03-10 23:37:51.553391,11108,0
UChXOhG9bRDb3vSTg-qkPAZg,Gweilo-60,2019-03-10 23:36:51.201593,11108,0
UChXOhG9bRDb3vSTg-qkPAZg,Gweilo-60,2019-03-10 23:35:50.948987,11108,0
UChXOhG9bRDb3vSTg-qkPAZg,Gweilo-60,2019-03-10 23:34:50.998246,11108,0
UChXOhG9bRDb3vSTg-qkPAZg,Gweilo-60,2019-03-10 23:33:50.895788,11108,0
UChXOhG9bRDb3vSTg-qkPAZg,Gweilo-60,2019-03-10 23:32:51.337493,11108,0
UChXOhG9bRDb3vSTg-qkPAZg,Gweilo-60,2019-03-10 23:31:51.000469,11108,0
UChXOhG9bRDb3vSTg-qkPAZg,Gweilo-60,2019-03-10 23:30:50.715806,11108,0
UChXOhG9bRDb3vSTg-qkPAZg,Gweilo-60,2019-03-10 23:29:51.253086,11108,0
UChXOhG9bRDb3vSTg-qkPAZg,Gweilo-60,2019-03-10 23:28:51.40996,11108,0
UChXOhG9bRDb3vSTg-qkPAZg,Gweilo-60,2019-03-10 23:27:50.961503,11108,0
UChXOhG9bRDb3vSTg-qkPAZg,Gweilo-60,2019-03-10 23:26:50.819696,11108,0
UChXOhG9bRDb3vSTg-qkPAZg,Gweilo-60,2019-03-10 23:25:51.419077,11108,0
UChXOhG9bRDb3vSTg-qkPAZg,Gweilo-60,2019-03-10 23:24:50.837277,11108,0
UChXOhG9bRDb3vSTg-qkPAZg,Gweilo-60,2019-03-10 23:23:50.801201,11108,1
UChXOhG9bRDb3vSTg-qkPAZg,Gweilo-60,2019-03-10 23:22:51.099611,11107,0
UChXOhG9bRDb3vSTg-qkPAZg,Gweilo-60,2019-03-10 23:21:50.723249,11107,0
UChXOhG9bRDb3vSTg-qkPAZg,Gweilo-60,2019-03-10 23:20:51.245619,11107,0
UChXOhG9bRDb3vSTg-qkPAZg,Gweilo-60,2019-03-10 23:19:50.992062,11107,0
UChXOhG9bRDb3vSTg-qkPAZg,Gweilo-60,2019-03-10 23:18:51.283604,11107,0
UChXOhG9bRDb3vSTg-qkPAZg,Gweilo-60,2019-03-10 23:17:51.048309,11107,0
UChXOhG9bRDb3vSTg-qkPAZg,Gweilo-60,2019-03-10 23:16:50.682083,11107,0
UChXOhG9bRDb3vSTg-qkPAZg,Gweilo-60,2019-03-10 23:15:51.239089,11107,0
UChXOhG9bRDb3vSTg-qkPAZg,Gweilo-60,2019-03-10 23:14:50.883354,11107,0
UChXOhG9bRDb3vSTg-qkPAZg,Gweilo-60,2019-03-10 23:13:51.84495,11107,0
UChXOhG9bRDb3vSTg-qkPAZg,Gweilo-60,2019-03-10 23:12:51.168628,11107,0
UChXOhG9bRDb3vSTg-qkPAZg,Gweilo-60,2019-03-10 23:11:51.0487,11107,0
UChXOhG9bRDb3vSTg-qkPAZg,Gweilo-60,2019-03-10 23:10:51.16976,11107,0
UChXOhG9bRDb3vSTg-qkPAZg,Gweilo-60,2019-03-10 23:09:50.892602,11107,0
UChXOhG9bRDb3vSTg-qkPAZg,Gweilo-60,2019-03-10 23:08:51.197937,11107,0
UChXOhG9bRDb3vSTg-qkPAZg,Gweilo-60,2019-03-10 23:07:50.962992,11107,0
UChXOhG9bRDb3vSTg-qkPAZg,Gweilo-60,2019-03-10 23:06:51.570345,11107,0
UChXOhG9bRDb3vSTg-qkPAZg,Gweilo-60,2019-03-10 23:05:50.818647,11107,0
UChXOhG9bRDb3vSTg-qkPAZg,Gweilo-60,2019-03-10 23:04:51.021627,11107,0
UChXOhG9bRDb3vSTg-qkPAZg,Gweilo-60,2019-03-10 23:03:50.616375,11107,0
UChXOhG9bRDb3vSTg-qkPAZg,Gweilo-60,2019-03-10 23:02:50.846099,11107,0
UChXOhG9bRDb3vSTg-qkPAZg,Gweilo-60,2019-03-10 23:01:51.129951,11107,0
UChXOhG9bRDb3vSTg-qkPAZg,Gweilo-60,2019-03-10 23:00:50.879442,11107,0
UChXOhG9bRDb3vSTg-qkPAZg,Gweilo-60,2019-03-10 22:59:50.894147,11107,0
UChXOhG9bRDb3vSTg-qkPAZg,Gweilo-60,2019-03-10 22:58:51.33605,11107,0
UChXOhG9bRDb3vSTg-qkPAZg,Gweilo-60,2019-03-10 22:57:51.118804,11107,0
UChXOhG9bRDb3vSTg-qkPAZg,Gweilo-60,2019-03-10 22:56:50.604309,11107,0
UChXOhG9bRDb3vSTg-qkPAZg,Gweilo-60,2019-03-10 22:55:50.789312,11107,0
UChXOhG9bRDb3vSTg-qkPAZg,Gweilo-60,2019-03-10 22:54:50.9356,11107,0
UChXOhG9bRDb3vSTg-qkPAZg,Gweilo-60,2019-03-10 22:53:51.180809,11107,0
UChXOhG9bRDb3vSTg-qkPAZg,Gweilo-60,2019-03-10 22:52:50.95856,11107,0
UChXOhG9bRDb3vSTg-qkPAZg,Gweilo-60,2019-03-10 22:51:51.806543,11107,0
UChXOhG9bRDb3vSTg-qkPAZg,Gweilo-60,2019-03-10 22:50:50.704408,11107,0
UChXOhG9bRDb3vSTg-qkPAZg,Gweilo-60,2019-03-10 22:49:50.82686,11107,0
UChXOhG9bRDb3vSTg-qkPAZg,Gweilo-60,2019-03-10 22:48:51.302547,11107,0
UChXOhG9bRDb3vSTg-qkPAZg,Gweilo-60,2019-03-10 22:47:52.33613,11107,0
UChXOhG9bRDb3vSTg-qkPAZg,Gweilo-60,2019-03-10 22:46:51.237037,11107,0
UChXOhG9bRDb3vSTg-qkPAZg,Gweilo-60,2019-03-10 22:45:51.273179,11107,0
UChXOhG9bRDb3vSTg-qkPAZg,Gweilo-60,2019-03-10 22:44:51.462124,11107,0
UChXOhG9bRDb3vSTg-qkPAZg,Gweilo-60,2019-03-10 22:43:50.85006,11107,0
UChXOhG9bRDb3vSTg-qkPAZg,Gweilo-60,2019-03-10 22:42:50.888457,11107,0
UChXOhG9bRDb3vSTg-qkPAZg,Gweilo-60,2019-03-10 22:41:51.070899,11107,0
UChXOhG9bRDb3vSTg-qkPAZg,Gweilo-60,2019-03-10 22:40:51.517766,11107,0
UChXOhG9bRDb3vSTg-qkPAZg,Gweilo-60,2019-03-10 22:39:50.991214,11107,0
UChXOhG9bRDb3vSTg-qkPAZg,Gweilo-60,2019-03-10 22:38:50.908905,11107,0
UChXOhG9bRDb3vSTg-qkPAZg,Gweilo-60,2019-03-10 22:37:51.689635,11107,0
UChXOhG9bRDb3vSTg-qkPAZg,Gweilo-60,2019-03-10 22:36:51.866359,11107,0
UChXOhG9bRDb3vSTg-qkPAZg,Gweilo-60,2019-03-10 22:35:51.494932,11107,0
UChXOhG9bRDb3vSTg-qkPAZg,Gweilo-60,2019-03-10 22:34:50.736807,11107,0
UChXOhG9bRDb3vSTg-qkPAZg,Gweilo-60,2019-03-10 22:33:50.842094,11107,0
UChXOhG9bRDb3vSTg-qkPAZg,Gweilo-60,2019-03-10 22:32:50.912018,11107,0
UChXOhG9bRDb3vSTg-qkPAZg,Gweilo-60,2019-03-10 22:31:50.926118,11107,0
UChXOhG9bRDb3vSTg-qkPAZg,Gweilo-60,2019-03-10 22:30:51.679772,11107,0
UChXOhG9bRDb3vSTg-qkPAZg,Gweilo-60,2019-03-10 22:29:51.522619,11107,0
UChXOhG9bRDb3vSTg-qkPAZg,Gweilo-60,2019-03-10 22:28:51.005411,11107,0
UChXOhG9bRDb3vSTg-qkPAZg,Gweilo-60,2019-03-10 22:27:52.157717,11107,0
UChXOhG9bRDb3vSTg-qkPAZg,Gweilo-60,2019-03-10 22:26:50.734331,11107,0
UChXOhG9bRDb3vSTg-qkPAZg,Gweilo-60,2019-03-10 22:25:51.511454,11107,0
UChXOhG9bRDb3vSTg-qkPAZg,Gweilo-60,2019-03-10 22:24:51.535829,11107,0
UChXOhG9bRDb3vSTg-qkPAZg,Gweilo-60,2019-03-10 22:23:51.066292,11107,0
UChXOhG9bRDb3vSTg-qkPAZg,Gweilo-60,2019-03-10 22:22:51.447097,11107,0
UChXOhG9bRDb3vSTg-qkPAZg,Gweilo-60,2019-03-10 22:21:51.039255,11107,0
UChXOhG9bRDb3vSTg-qkPAZg,Gweilo-60,2019-03-10 22:20:51.292871,11107,0
UChXOhG9bRDb3vSTg-qkPAZg,Gweilo-60,2019-03-10 22:19:52.175487,11107,0
UChXOhG9bRDb3vSTg-qkPAZg,Gweilo-60,2019-03-10 22:18:50.586179,11107,0
UChXOhG9bRDb3vSTg-qkPAZg,Gweilo-60,2019-03-10 22:17:51.608743,11107,0
UChXOhG9bRDb3vSTg-qkPAZg,Gweilo-60,2019-03-10 22:16:51.528538,11107,0
UChXOhG9bRDb3vSTg-qkPAZg,Gweilo-60,2019-03-10 22:15:51.449064,11107,0
UChXOhG9bRDb3vSTg-qkPAZg,Gweilo-60,2019-03-10 22:14:51.177442,11107,0
UChXOhG9bRDb3vSTg-qkPAZg,Gweilo-60,2019-03-10 22:13:50.82753,11107,0
UChXOhG9bRDb3vSTg-qkPAZg,Gweilo-60,2019-03-10 22:12:51.265752,11107,0
UChXOhG9bRDb3vSTg-qkPAZg,Gweilo-60,2019-03-10 22:11:51.455485,11107,0
UChXOhG9bRDb3vSTg-qkPAZg,Gweilo-60,2019-03-10 22:10:51.109004,11107,0
UChXOhG9bRDb3vSTg-qkPAZg,Gweilo-60,2019-03-10 22:09:50.977755,11107,0
UChXOhG9bRDb3vSTg-qkPAZg,Gweilo-60,2019-03-10 22:08:51.261934,11107,0
UChXOhG9bRDb3vSTg-qkPAZg,Gweilo-60,2019-03-10 22:07:52.291554,11107,0
UChXOhG9bRDb3vSTg-qkPAZg,Gweilo-60,2019-03-10 22:06:51.48563,11107,0
UChXOhG9bRDb3vSTg-qkPAZg,Gweilo-60,2019-03-10 22:05:51.537213,11107,0
UChXOhG9bRDb3vSTg-qkPAZg,Gweilo-60,2019-03-10 22:04:51.017797,11107,0
UChXOhG9bRDb3vSTg-qkPAZg,Gweilo-60,2019-03-10 22:03:50.804835,11107,0
UChXOhG9bRDb3vSTg-qkPAZg,Gweilo-60,2019-03-10 22:02:51.226316,11107,0
UChXOhG9bRDb3vSTg-qkPAZg,Gweilo-60,2019-03-10 22:01:51.426175,11107,0
UChXOhG9bRDb3vSTg-qkPAZg,Gweilo-60,2019-03-10 22:00:51.223203,11107,0
UChXOhG9bRDb3vSTg-qkPAZg,Gweilo-60,2019-03-10 21:59:50.994778,11107,0
UChXOhG9bRDb3vSTg-qkPAZg,Gweilo-60,2019-03-10 21:58:51.688395,11107,0
UChXOhG9bRDb3vSTg-qkPAZg,Gweilo-60,2019-03-10 21:57:51.227538,11107,0
UChXOhG9bRDb3vSTg-qkPAZg,Gweilo-60,2019-03-10 21:56:51.137151,11107,0
UChXOhG9bRDb3vSTg-qkPAZg,Gweilo-60,2019-03-10 21:55:50.914809,11107,0
UChXOhG9bRDb3vSTg-qkPAZg,Gweilo-60,2019-03-10 21:54:51.442008,11107,0
UChXOhG9bRDb3vSTg-qkPAZg,Gweilo-60,2019-03-10 21:53:50.998098,11107,0
UChXOhG9bRDb3vSTg-qkPAZg,Gweilo-60,2019-03-10 21:52:50.967936,11107,0
UChXOhG9bRDb3vSTg-qkPAZg,Gweilo-60,2019-03-10 21:51:51.184171,11107,0
UChXOhG9bRDb3vSTg-qkPAZg,Gweilo-60,2019-03-10 21:50:51.504077,11107,0
UChXOhG9bRDb3vSTg-qkPAZg,Gweilo-60,2019-03-10 21:49:51.036325,11107,0
UChXOhG9bRDb3vSTg-qkPAZg,Gweilo-60,2019-03-10 21:48:51.786223,11107,0
UChXOhG9bRDb3vSTg-qkPAZg,Gweilo-60,2019-03-10 21:47:50.890765,11107,0
UChXOhG9bRDb3vSTg-qkPAZg,Gweilo-60,2019-03-10 21:46:51.401869,11107,0
UChXOhG9bRDb3vSTg-qkPAZg,Gweilo-60,2019-03-10 21:45:51.312859,11107,0
UChXOhG9bRDb3vSTg-qkPAZg,Gweilo-60,2019-03-10 21:44:51.195769,11107,0
UChXOhG9bRDb3vSTg-qkPAZg,Gweilo-60,2019-03-10 21:43:51.425885,11107,0
UChXOhG9bRDb3vSTg-qkPAZg,Gweilo-60,2019-03-10 21:42:51.202644,11107,0
UChXOhG9bRDb3vSTg-qkPAZg,Gweilo-60,2019-03-10 21:41:51.129014,11107,0
UChXOhG9bRDb3vSTg-qkPAZg,Gweilo-60,2019-03-10 21:40:50.943898,11107,0
UChXOhG9bRDb3vSTg-qkPAZg,Gweilo-60,2019-03-10 21:39:51.569254,11107,0
UChXOhG9bRDb3vSTg-qkPAZg,Gweilo-60,2019-03-10 21:38:51.724658,11107,0
UChXOhG9bRDb3vSTg-qkPAZg,Gweilo-60,2019-03-10 21:37:51.829054,11107,0
UChXOhG9bRDb3vSTg-qkPAZg,Gweilo-60,2019-03-10 21:36:51.452813,11107,0
UChXOhG9bRDb3vSTg-qkPAZg,Gweilo-60,2019-03-10 21:35:50.875822,11107,0
UChXOhG9bRDb3vSTg-qkPAZg,Gweilo-60,2019-03-10 21:34:50.843579,11107,0
UChXOhG9bRDb3vSTg-qkPAZg,Gweilo-60,2019-03-10 21:33:51.427805,11107,0
UChXOhG9bRDb3vSTg-qkPAZg,Gweilo-60,2019-03-10 21:32:51.909125,11107,0
UChXOhG9bRDb3vSTg-qkPAZg,Gweilo-60,2019-03-10 21:31:51.310733,11107,0
UChXOhG9bRDb3vSTg-qkPAZg,Gweilo-60,2019-03-10 21:30:51.028275,11107,0
UChXOhG9bRDb3vSTg-qkPAZg,Gweilo-60,2019-03-10 21:29:50.873374,11107,0
UChXOhG9bRDb3vSTg-qkPAZg,Gweilo-60,2019-03-10 21:28:50.987004,11107,0
UChXOhG9bRDb3vSTg-qkPAZg,Gweilo-60,2019-03-10 21:27:51.562853,11107,0
UChXOhG9bRDb3vSTg-qkPAZg,Gweilo-60,2019-03-10 21:26:51.578127,11107,0
UChXOhG9bRDb3vSTg-qkPAZg,Gweilo-60,2019-03-10 21:25:51.17966,11107,0
UChXOhG9bRDb3vSTg-qkPAZg,Gweilo-60,2019-03-10 21:24:50.886667,11107,0
UChXOhG9bRDb3vSTg-qkPAZg,Gweilo-60,2019-03-10 21:23:51.228084,11107,0
UChXOhG9bRDb3vSTg-qkPAZg,Gweilo-60,2019-03-10 21:22:50.854055,11107,0
UChXOhG9bRDb3vSTg-qkPAZg,Gweilo-60,2019-03-10 21:21:51.170249,11107,0
UChXOhG9bRDb3vSTg-qkPAZg,Gweilo-60,2019-03-10 21:20:51.817199,11107,0
UChXOhG9bRDb3vSTg-qkPAZg,Gweilo-60,2019-03-10 21:19:51.646068,11107,0
UChXOhG9bRDb3vSTg-qkPAZg,Gweilo-60,2019-03-10 21:18:50.924806,11107,0
UChXOhG9bRDb3vSTg-qkPAZg,Gweilo-60,2019-03-10 21:17:51.417108,11107,0
UChXOhG9bRDb3vSTg-qkPAZg,Gweilo-60,2019-03-10 21:16:52.058095,11107,0
UChXOhG9bRDb3vSTg-qkPAZg,Gweilo-60,2019-03-10 21:15:51.049153,11107,0
UChXOhG9bRDb3vSTg-qkPAZg,Gweilo-60,2019-03-10 21:14:51.207569,11107,0
UChXOhG9bRDb3vSTg-qkPAZg,Gweilo-60,2019-03-10 21:13:50.791875,11107,0
UChXOhG9bRDb3vSTg-qkPAZg,Gweilo-60,2019-03-10 21:12:51.289295,11107,0
UChXOhG9bRDb3vSTg-qkPAZg,Gweilo-60,2019-03-10 21:11:51.19531,11107,0
UChXOhG9bRDb3vSTg-qkPAZg,Gweilo-60,2019-03-10 21:10:51.594202,11107,0
UChXOhG9bRDb3vSTg-qkPAZg,Gweilo-60,2019-03-10 21:09:50.952873,11107,0
UChXOhG9bRDb3vSTg-qkPAZg,Gweilo-60,2019-03-10 21:08:51.85413,11107,0
UChXOhG9bRDb3vSTg-qkPAZg,Gweilo-60,2019-03-10 21:07:51.178864,11107,0
UChXOhG9bRDb3vSTg-qkPAZg,Gweilo-60,2019-03-10 21:06:52.45127,11107,0
UChXOhG9bRDb3vSTg-qkPAZg,Gweilo-60,2019-03-10 21:05:51.82625,11107,0
UChXOhG9bRDb3vSTg-qkPAZg,Gweilo-60,2019-03-10 21:04:51.222046,11107,0
UChXOhG9bRDb3vSTg-qkPAZg,Gweilo-60,2019-03-10 21:03:51.461641,11107,0
UChXOhG9bRDb3vSTg-qkPAZg,Gweilo-60,2019-03-10 21:02:50.86138,11107,0
UChXOhG9bRDb3vSTg-qkPAZg,Gweilo-60,2019-03-10 21:01:51.105757,11107,0
UChXOhG9bRDb3vSTg-qkPAZg,Gweilo-60,2019-03-10 21:00:50.89619,11107,0
UChXOhG9bRDb3vSTg-qkPAZg,Gweilo-60,2019-03-10 20:59:50.809982,11107,0
UChXOhG9bRDb3vSTg-qkPAZg,Gweilo-60,2019-03-10 20:58:51.342918,11107,0
UChXOhG9bRDb3vSTg-qkPAZg,Gweilo-60,2019-03-10 20:57:51.24283,11107,0
UChXOhG9bRDb3vSTg-qkPAZg,Gweilo-60,2019-03-10 20:56:50.813188,11107,0
UChXOhG9bRDb3vSTg-qkPAZg,Gweilo-60,2019-03-10 20:55:51.749219,11107,0
UChXOhG9bRDb3vSTg-qkPAZg,Gweilo-60,2019-03-10 20:54:50.960137,11107,0
UChXOhG9bRDb3vSTg-qkPAZg,Gweilo-60,2019-03-10 20:53:50.86009,11107,0
UChXOhG9bRDb3vSTg-qkPAZg,Gweilo-60,2019-03-10 20:52:51.724973,11107,0
UChXOhG9bRDb3vSTg-qkPAZg,Gweilo-60,2019-03-10 20:51:51.307986,11107,0
UChXOhG9bRDb3vSTg-qkPAZg,Gweilo-60,2019-03-10 20:50:51.260219,11107,0
UChXOhG9bRDb3vSTg-qkPAZg,Gweilo-60,2019-03-10 20:49:51.001449,11107,0
UChXOhG9bRDb3vSTg-qkPAZg,Gweilo-60,2019-03-10 20:48:50.950861,11107,0
UChXOhG9bRDb3vSTg-qkPAZg,Gweilo-60,2019-03-10 20:47:50.653933,11107,0
UChXOhG9bRDb3vSTg-qkPAZg,Gweilo-60,2019-03-10 20:46:50.684866,11107,0
UChXOhG9bRDb3vSTg-qkPAZg,Gweilo-60,2019-03-10 20:45:51.56891,11107,0
UChXOhG9bRDb3vSTg-qkPAZg,Gweilo-60,2019-03-10 20:44:51.046646,11107,0
UChXOhG9bRDb3vSTg-qkPAZg,Gweilo-60,2019-03-10 20:43:51.527302,11107,0
UChXOhG9bRDb3vSTg-qkPAZg,Gweilo-60,2019-03-10 20:42:51.096198,11107,0
UChXOhG9bRDb3vSTg-qkPAZg,Gweilo-60,2019-03-10 20:41:50.964135,11107,0
UChXOhG9bRDb3vSTg-qkPAZg,Gweilo-60,2019-03-10 20:40:51.147385,11107,0
UChXOhG9bRDb3vSTg-qkPAZg,Gweilo-60,2019-03-10 20:39:51.878072,11107,0
UChXOhG9bRDb3vSTg-qkPAZg,Gweilo-60,2019-03-10 20:38:51.160803,11107,0
UChXOhG9bRDb3vSTg-qkPAZg,Gweilo-60,2019-03-10 20:37:50.789893,11107,0
UChXOhG9bRDb3vSTg-qkPAZg,Gweilo-60,2019-03-10 20:36:50.806362,11107,0
UChXOhG9bRDb3vSTg-qkPAZg,Gweilo-60,2019-03-10 20:35:51.003076,11107,0
UChXOhG9bRDb3vSTg-qkPAZg,Gweilo-60,2019-03-10 20:34:51.265654,11107,0
UChXOhG9bRDb3vSTg-qkPAZg,Gweilo-60,2019-03-10 20:33:51.405287,11107,0
UChXOhG9bRDb3vSTg-qkPAZg,Gweilo-60,2019-03-10 20:32:51.417892,11107,0
UChXOhG9bRDb3vSTg-qkPAZg,Gweilo-60,2019-03-10 20:31:51.253141,11107,0
UChXOhG9bRDb3vSTg-qkPAZg,Gweilo-60,2019-03-10 20:30:51.535263,11107,0
UChXOhG9bRDb3vSTg-qkPAZg,Gweilo-60,2019-03-10 20:29:51.17688,11107,0
UChXOhG9bRDb3vSTg-qkPAZg,Gweilo-60,2019-03-10 20:28:51.279336,11107,0
UChXOhG9bRDb3vSTg-qkPAZg,Gweilo-60,2019-03-10 20:27:51.221324,11107,0
UChXOhG9bRDb3vSTg-qkPAZg,Gweilo-60,2019-03-10 20:26:51.287902,11107,0
UChXOhG9bRDb3vSTg-qkPAZg,Gweilo-60,2019-03-10 20:25:50.763678,11107,0
UChXOhG9bRDb3vSTg-qkPAZg,Gweilo-60,2019-03-10 20:24:52.057702,11107,0
UChXOhG9bRDb3vSTg-qkPAZg,Gweilo-60,2019-03-10 20:23:51.262348,11107,0
UChXOhG9bRDb3vSTg-qkPAZg,Gweilo-60,2019-03-10 20:22:50.844812,11107,0
UChXOhG9bRDb3vSTg-qkPAZg,Gweilo-60,2019-03-10 20:21:51.339037,11107,0
UChXOhG9bRDb3vSTg-qkPAZg,Gweilo-60,2019-03-10 20:20:50.857255,11107,0
UChXOhG9bRDb3vSTg-qkPAZg,Gweilo-60,2019-03-10 20:19:51.353233,11107,0
UChXOhG9bRDb3vSTg-qkPAZg,Gweilo-60,2019-03-10 20:18:51.286506,11107,0
UChXOhG9bRDb3vSTg-qkPAZg,Gweilo-60,2019-03-10 20:17:50.780086,11107,0
UChXOhG9bRDb3vSTg-qkPAZg,Gweilo-60,2019-03-10 20:16:51.274785,11107,0
UChXOhG9bRDb3vSTg-qkPAZg,Gweilo-60,2019-03-10 20:15:50.953271,11107,0
UChXOhG9bRDb3vSTg-qkPAZg,Gweilo-60,2019-03-10 20:14:50.958842,11107,0
UChXOhG9bRDb3vSTg-qkPAZg,Gweilo-60,2019-03-10 20:13:51.869206,11107,0
UChXOhG9bRDb3vSTg-qkPAZg,Gweilo-60,2019-03-10 20:12:50.751214,11107,0
UChXOhG9bRDb3vSTg-qkPAZg,Gweilo-60,2019-03-10 20:11:51.153068,11107,0
UChXOhG9bRDb3vSTg-qkPAZg,Gweilo-60,2019-03-10 20:10:51.215751,11107,0
UChXOhG9bRDb3vSTg-qkPAZg,Gweilo-60,2019-03-10 20:09:51.467182,11107,0
UChXOhG9bRDb3vSTg-qkPAZg,Gweilo-60,2019-03-10 20:08:51.288564,11107,0
UChXOhG9bRDb3vSTg-qkPAZg,Gweilo-60,2019-03-10 20:07:50.873946,11107,0
UChXOhG9bRDb3vSTg-qkPAZg,Gweilo-60,2019-03-10 20:06:50.821013,11107,0
UChXOhG9bRDb3vSTg-qkPAZg,Gweilo-60,2019-03-10 20:05:51.060336,11107,0
UChXOhG9bRDb3vSTg-qkPAZg,Gweilo-60,2019-03-10 20:04:51.008395,11107,0
UChXOhG9bRDb3vSTg-qkPAZg,Gweilo-60,2019-03-10 20:03:51.445716,11107,0
UChXOhG9bRDb3vSTg-qkPAZg,Gweilo-60,2019-03-10 20:02:51.503742,11107,0
UChXOhG9bRDb3vSTg-qkPAZg,Gweilo-60,2019-03-10 20:01:51.472014,11107,0
UChXOhG9bRDb3vSTg-qkPAZg,Gweilo-60,2019-03-10 20:00:51.477087,11107,0
UChXOhG9bRDb3vSTg-qkPAZg,Gweilo-60,2019-03-10 19:59:51.260684,11107,0
UChXOhG9bRDb3vSTg-qkPAZg,Gweilo-60,2019-03-10 19:58:52.959063,11107,0
UChXOhG9bRDb3vSTg-qkPAZg,Gweilo-60,2019-03-10 19:57:52.041459,11107,0
UChXOhG9bRDb3vSTg-qkPAZg,Gweilo-60,2019-03-10 19:56:51.314344,11107,0
UChXOhG9bRDb3vSTg-qkPAZg,Gweilo-60,2019-03-10 19:55:51.329893,11107,0
UChXOhG9bRDb3vSTg-qkPAZg,Gweilo-60,2019-03-10 19:54:51.184215,11107,0
UChXOhG9bRDb3vSTg-qkPAZg,Gweilo-60,2019-03-10 19:53:51.929313,11107,0
UChXOhG9bRDb3vSTg-qkPAZg,Gweilo-60,2019-03-10 19:52:50.919617,11107,0
UChXOhG9bRDb3vSTg-qkPAZg,Gweilo-60,2019-03-10 19:51:51.042201,11107,0
UChXOhG9bRDb3vSTg-qkPAZg,Gweilo-60,2019-03-10 19:50:50.837463,11107,0
UChXOhG9bRDb3vSTg-qkPAZg,Gweilo-60,2019-03-10 19:49:51.408227,11107,0
UChXOhG9bRDb3vSTg-qkPAZg,Gweilo-60,2019-03-10 19:48:50.968405,11107,0
UChXOhG9bRDb3vSTg-qkPAZg,Gweilo-60,2019-03-10 19:47:50.926021,11107,0
UChXOhG9bRDb3vSTg-qkPAZg,Gweilo-60,2019-03-10 19:46:51.279115,11107,0
UChXOhG9bRDb3vSTg-qkPAZg,Gweilo-60,2019-03-10 19:45:52.006316,11107,0
UChXOhG9bRDb3vSTg-qkPAZg,Gweilo-60,2019-03-10 19:44:51.176689,11107,0
UChXOhG9bRDb3vSTg-qkPAZg,Gweilo-60,2019-03-10 19:43:51.08107,11107,0
UChXOhG9bRDb3vSTg-qkPAZg,Gweilo-60,2019-03-10 19:42:51.009316,11107,0
UChXOhG9bRDb3vSTg-qkPAZg,Gweilo-60,2019-03-10 19:41:51.057576,11107,0
UChXOhG9bRDb3vSTg-qkPAZg,Gweilo-60,2019-03-10 19:40:51.205187,11107,0
UChXOhG9bRDb3vSTg-qkPAZg,Gweilo-60,2019-03-10 19:39:51.016502,11107,0
UChXOhG9bRDb3vSTg-qkPAZg,Gweilo-60,2019-03-10 19:38:51.278165,11107,0
UChXOhG9bRDb3vSTg-qkPAZg,Gweilo-60,2019-03-10 19:37:51.564848,11107,0
UChXOhG9bRDb3vSTg-qkPAZg,Gweilo-60,2019-03-10 19:36:51.363171,11107,0
UChXOhG9bRDb3vSTg-qkPAZg,Gweilo-60,2019-03-10 19:35:51.123953,11107,0
UChXOhG9bRDb3vSTg-qkPAZg,Gweilo-60,2019-03-10 19:34:51.320757,11107,0
UChXOhG9bRDb3vSTg-qkPAZg,Gweilo-60,2019-03-10 19:33:50.731836,11107,0
UChXOhG9bRDb3vSTg-qkPAZg,Gweilo-60,2019-03-10 19:32:51.245966,11107,0
UChXOhG9bRDb3vSTg-qkPAZg,Gweilo-60,2019-03-10 19:31:51.244536,11107,0
UChXOhG9bRDb3vSTg-qkPAZg,Gweilo-60,2019-03-10 19:30:50.83862,11107,0
UChXOhG9bRDb3vSTg-qkPAZg,Gweilo-60,2019-03-10 19:29:51.124512,11107,0
UChXOhG9bRDb3vSTg-qkPAZg,Gweilo-60,2019-03-10 19:28:51.140237,11107,0
UChXOhG9bRDb3vSTg-qkPAZg,Gweilo-60,2019-03-10 19:27:50.735355,11107,0
UChXOhG9bRDb3vSTg-qkPAZg,Gweilo-60,2019-03-10 19:26:51.634844,11107,0
UChXOhG9bRDb3vSTg-qkPAZg,Gweilo-60,2019-03-10 19:25:51.33452,11107,0
UChXOhG9bRDb3vSTg-qkPAZg,Gweilo-60,2019-03-10 19:24:51.576544,11107,0
UChXOhG9bRDb3vSTg-qkPAZg,Gweilo-60,2019-03-10 19:23:50.996187,11107,0
UChXOhG9bRDb3vSTg-qkPAZg,Gweilo-60,2019-03-10 19:22:51.493611,11107,0
UChXOhG9bRDb3vSTg-qkPAZg,Gweilo-60,2019-03-10 19:21:51.471786,11107,0
UChXOhG9bRDb3vSTg-qkPAZg,Gweilo-60,2019-03-10 19:20:50.960052,11107,0
UChXOhG9bRDb3vSTg-qkPAZg,Gweilo-60,2019-03-10 19:19:51.085437,11107,0
UChXOhG9bRDb3vSTg-qkPAZg,Gweilo-60,2019-03-10 19:18:51.004236,11107,0
UChXOhG9bRDb3vSTg-qkPAZg,Gweilo-60,2019-03-10 19:17:50.688044,11107,0
UChXOhG9bRDb3vSTg-qkPAZg,Gweilo-60,2019-03-10 19:16:51.09755,11107,0
UChXOhG9bRDb3vSTg-qkPAZg,Gweilo-60,2019-03-10 19:15:51.368446,11107,0
UChXOhG9bRDb3vSTg-qkPAZg,Gweilo-60,2019-03-10 19:14:50.913882,11107,0
UChXOhG9bRDb3vSTg-qkPAZg,Gweilo-60,2019-03-10 19:13:51.264491,11107,0
UChXOhG9bRDb3vSTg-qkPAZg,Gweilo-60,2019-03-10 19:12:50.877196,11107,0
UChXOhG9bRDb3vSTg-qkPAZg,Gweilo-60,2019-03-10 19:11:52.921652,11107,0
UChXOhG9bRDb3vSTg-qkPAZg,Gweilo-60,2019-03-10 19:10:51.226867,11107,0
UChXOhG9bRDb3vSTg-qkPAZg,Gweilo-60,2019-03-10 19:09:51.457433,11107,0
UChXOhG9bRDb3vSTg-qkPAZg,Gweilo-60,2019-03-10 19:08:51.040685,11107,0
UChXOhG9bRDb3vSTg-qkPAZg,Gweilo-60,2019-03-10 19:07:52.23467,11107,0
UChXOhG9bRDb3vSTg-qkPAZg,Gweilo-60,2019-03-10 19:06:51.028645,11107,0
UChXOhG9bRDb3vSTg-qkPAZg,Gweilo-60,2019-03-10 19:05:51.465403,11107,0
UChXOhG9bRDb3vSTg-qkPAZg,Gweilo-60,2019-03-10 19:04:51.203646,11107,0
UChXOhG9bRDb3vSTg-qkPAZg,Gweilo-60,2019-03-10 19:03:51.015974,11107,0
UChXOhG9bRDb3vSTg-qkPAZg,Gweilo-60,2019-03-10 19:02:51.397886,11107,0
UChXOhG9bRDb3vSTg-qkPAZg,Gweilo-60,2019-03-10 19:01:51.133955,11107,0
UChXOhG9bRDb3vSTg-qkPAZg,Gweilo-60,2019-03-10 19:00:51.476067,11107,0
UChXOhG9bRDb3vSTg-qkPAZg,Gweilo-60,2019-03-10 18:59:51.18227,11107,0
UChXOhG9bRDb3vSTg-qkPAZg,Gweilo-60,2019-03-10 18:58:51.483377,11107,0
UChXOhG9bRDb3vSTg-qkPAZg,Gweilo-60,2019-03-10 18:57:50.932947,11107,0
UChXOhG9bRDb3vSTg-qkPAZg,Gweilo-60,2019-03-10 18:56:51.28673,11107,0
UChXOhG9bRDb3vSTg-qkPAZg,Gweilo-60,2019-03-10 18:55:51.138983,11107,0
UChXOhG9bRDb3vSTg-qkPAZg,Gweilo-60,2019-03-10 18:54:51.002861,11107,0
UChXOhG9bRDb3vSTg-qkPAZg,Gweilo-60,2019-03-10 18:53:51.155631,11107,0
UChXOhG9bRDb3vSTg-qkPAZg,Gweilo-60,2019-03-10 18:52:51.167078,11107,0
UChXOhG9bRDb3vSTg-qkPAZg,Gweilo-60,2019-03-10 18:51:51.530764,11107,0
UChXOhG9bRDb3vSTg-qkPAZg,Gweilo-60,2019-03-10 18:50:51.719163,11107,0
UChXOhG9bRDb3vSTg-qkPAZg,Gweilo-60,2019-03-10 18:49:51.532683,11107,-1
UChXOhG9bRDb3vSTg-qkPAZg,Gweilo-60,2019-03-10 18:48:51.324978,11108,0
UChXOhG9bRDb3vSTg-qkPAZg,Gweilo-60,2019-03-10 18:47:51.098133,11108,0
UChXOhG9bRDb3vSTg-qkPAZg,Gweilo-60,2019-03-10 18:46:51.474823,11108,0
UChXOhG9bRDb3vSTg-qkPAZg,Gweilo-60,2019-03-10 18:45:51.011304,11108,0
UChXOhG9bRDb3vSTg-qkPAZg,Gweilo-60,2019-03-10 18:44:51.445419,11108,0
UChXOhG9bRDb3vSTg-qkPAZg,Gweilo-60,2019-03-10 18:43:51.695081,11108,0
UChXOhG9bRDb3vSTg-qkPAZg,Gweilo-60,2019-03-10 18:42:51.194692,11108,0
UChXOhG9bRDb3vSTg-qkPAZg,Gweilo-60,2019-03-10 18:41:51.27699,11108,0
UChXOhG9bRDb3vSTg-qkPAZg,Gweilo-60,2019-03-10 18:40:51.464555,11108,0
UChXOhG9bRDb3vSTg-qkPAZg,Gweilo-60,2019-03-10 18:39:51.888881,11108,0
UChXOhG9bRDb3vSTg-qkPAZg,Gweilo-60,2019-03-10 18:38:51.409336,11108,0
UChXOhG9bRDb3vSTg-qkPAZg,Gweilo-60,2019-03-10 18:37:51.383358,11108,0
UChXOhG9bRDb3vSTg-qkPAZg,Gweilo-60,2019-03-10 18:36:51.33141,11108,0
UChXOhG9bRDb3vSTg-qkPAZg,Gweilo-60,2019-03-10 18:35:51.119395,11108,0
UChXOhG9bRDb3vSTg-qkPAZg,Gweilo-60,2019-03-10 18:34:50.803374,11108,0
UChXOhG9bRDb3vSTg-qkPAZg,Gweilo-60,2019-03-10 18:33:50.96657,11108,0
UChXOhG9bRDb3vSTg-qkPAZg,Gweilo-60,2019-03-10 18:32:50.655838,11108,0
UChXOhG9bRDb3vSTg-qkPAZg,Gweilo-60,2019-03-10 18:31:50.931852,11108,0
UChXOhG9bRDb3vSTg-qkPAZg,Gweilo-60,2019-03-10 18:30:51.384832,11108,0
UChXOhG9bRDb3vSTg-qkPAZg,Gweilo-60,2019-03-10 18:29:51.629693,11108,0
UChXOhG9bRDb3vSTg-qkPAZg,Gweilo-60,2019-03-10 18:28:51.567064,11108,0
UChXOhG9bRDb3vSTg-qkPAZg,Gweilo-60,2019-03-10 18:27:51.412692,11108,0
UChXOhG9bRDb3vSTg-qkPAZg,Gweilo-60,2019-03-10 18:26:51.165502,11108,0
UChXOhG9bRDb3vSTg-qkPAZg,Gweilo-60,2019-03-10 18:25:51.734618,11108,0
UChXOhG9bRDb3vSTg-qkPAZg,Gweilo-60,2019-03-10 18:24:51.828376,11108,0
UChXOhG9bRDb3vSTg-qkPAZg,Gweilo-60,2019-03-10 18:23:51.307487,11108,0
UChXOhG9bRDb3vSTg-qkPAZg,Gweilo-60,2019-03-10 18:22:51.232306,11108,0
UChXOhG9bRDb3vSTg-qkPAZg,Gweilo-60,2019-03-10 18:21:50.885176,11108,0
UChXOhG9bRDb3vSTg-qkPAZg,Gweilo-60,2019-03-10 18:20:51.748131,11108,0
UChXOhG9bRDb3vSTg-qkPAZg,Gweilo-60,2019-03-10 18:19:51.551131,11108,0
UChXOhG9bRDb3vSTg-qkPAZg,Gweilo-60,2019-03-10 18:18:51.62481,11108,0
UChXOhG9bRDb3vSTg-qkPAZg,Gweilo-60,2019-03-10 18:17:51.866831,11108,0
UChXOhG9bRDb3vSTg-qkPAZg,Gweilo-60,2019-03-10 18:16:51.21069,11108,0
UChXOhG9bRDb3vSTg-qkPAZg,Gweilo-60,2019-03-10 18:15:51.396306,11108,0
UChXOhG9bRDb3vSTg-qkPAZg,Gweilo-60,2019-03-10 18:14:51.584992,11108,0
UChXOhG9bRDb3vSTg-qkPAZg,Gweilo-60,2019-03-10 18:13:51.056553,11108,0
UChXOhG9bRDb3vSTg-qkPAZg,Gweilo-60,2019-03-10 18:12:51.617916,11108,0
UChXOhG9bRDb3vSTg-qkPAZg,Gweilo-60,2019-03-10 18:11:51.85211,11108,0
UChXOhG9bRDb3vSTg-qkPAZg,Gweilo-60,2019-03-10 18:10:51.493856,11108,0
UChXOhG9bRDb3vSTg-qkPAZg,Gweilo-60,2019-03-10 18:09:51.455926,11108,0
UChXOhG9bRDb3vSTg-qkPAZg,Gweilo-60,2019-03-10 18:08:51.048924,11108,0
UChXOhG9bRDb3vSTg-qkPAZg,Gweilo-60,2019-03-10 18:07:51.760619,11108,0
UChXOhG9bRDb3vSTg-qkPAZg,Gweilo-60,2019-03-10 18:06:51.030768,11108,0
UChXOhG9bRDb3vSTg-qkPAZg,Gweilo-60,2019-03-10 18:05:51.281079,11108,0
UChXOhG9bRDb3vSTg-qkPAZg,Gweilo-60,2019-03-10 18:04:51.617446,11108,0
UChXOhG9bRDb3vSTg-qkPAZg,Gweilo-60,2019-03-10 18:03:52.347011,11108,0
UChXOhG9bRDb3vSTg-qkPAZg,Gweilo-60,2019-03-10 18:02:51.312254,11108,0
UChXOhG9bRDb3vSTg-qkPAZg,Gweilo-60,2019-03-10 18:01:51.955673,11108,0
UChXOhG9bRDb3vSTg-qkPAZg,Gweilo-60,2019-03-10 18:00:51.362961,11108,0
UChXOhG9bRDb3vSTg-qkPAZg,Gweilo-60,2019-03-10 17:59:51.447072,11108,0
UChXOhG9bRDb3vSTg-qkPAZg,Gweilo-60,2019-03-10 17:58:51.269779,11108,0
UChXOhG9bRDb3vSTg-qkPAZg,Gweilo-60,2019-03-10 17:57:51.065048,11108,0
UChXOhG9bRDb3vSTg-qkPAZg,Gweilo-60,2019-03-10 17:56:51.735643,11108,0
UChXOhG9bRDb3vSTg-qkPAZg,Gweilo-60,2019-03-10 17:55:51.442308,11108,0
UChXOhG9bRDb3vSTg-qkPAZg,Gweilo-60,2019-03-10 17:54:51.115955,11108,0
UChXOhG9bRDb3vSTg-qkPAZg,Gweilo-60,2019-03-10 17:53:51.791698,11108,0
UChXOhG9bRDb3vSTg-qkPAZg,Gweilo-60,2019-03-10 17:52:51.381076,11108,0
UChXOhG9bRDb3vSTg-qkPAZg,Gweilo-60,2019-03-10 17:51:50.848607,11108,0
UChXOhG9bRDb3vSTg-qkPAZg,Gweilo-60,2019-03-10 17:50:51.207912,11108,0
UChXOhG9bRDb3vSTg-qkPAZg,Gweilo-60,2019-03-10 17:49:51.609917,11108,0
UChXOhG9bRDb3vSTg-qkPAZg,Gweilo-60,2019-03-10 17:48:51.320258,11108,0
UChXOhG9bRDb3vSTg-qkPAZg,Gweilo-60,2019-03-10 17:47:51.240326,11108,0
UChXOhG9bRDb3vSTg-qkPAZg,Gweilo-60,2019-03-10 17:46:51.683192,11108,0
UChXOhG9bRDb3vSTg-qkPAZg,Gweilo-60,2019-03-10 17:45:51.081414,11108,0
UChXOhG9bRDb3vSTg-qkPAZg,Gweilo-60,2019-03-10 17:44:51.072541,11108,0
UChXOhG9bRDb3vSTg-qkPAZg,Gweilo-60,2019-03-10 17:43:51.066143,11108,0
UChXOhG9bRDb3vSTg-qkPAZg,Gweilo-60,2019-03-10 17:42:52.272327,11108,0
UChXOhG9bRDb3vSTg-qkPAZg,Gweilo-60,2019-03-10 17:41:51.479754,11108,0
UChXOhG9bRDb3vSTg-qkPAZg,Gweilo-60,2019-03-10 17:40:51.13461,11108,0
UChXOhG9bRDb3vSTg-qkPAZg,Gweilo-60,2019-03-10 17:39:50.91106,11108,0
UChXOhG9bRDb3vSTg-qkPAZg,Gweilo-60,2019-03-10 17:38:51.555284,11108,0
UChXOhG9bRDb3vSTg-qkPAZg,Gweilo-60,2019-03-10 17:37:51.325302,11108,0
UChXOhG9bRDb3vSTg-qkPAZg,Gweilo-60,2019-03-10 17:36:51.3798,11108,0
UChXOhG9bRDb3vSTg-qkPAZg,Gweilo-60,2019-03-10 17:35:51.130327,11108,0
UChXOhG9bRDb3vSTg-qkPAZg,Gweilo-60,2019-03-10 17:34:52.063481,11108,0
UChXOhG9bRDb3vSTg-qkPAZg,Gweilo-60,2019-03-10 17:33:51.318354,11108,0
UChXOhG9bRDb3vSTg-qkPAZg,Gweilo-60,2019-03-10 17:32:51.192952,11108,0
UChXOhG9bRDb3vSTg-qkPAZg,Gweilo-60,2019-03-10 17:31:51.567444,11108,0
UChXOhG9bRDb3vSTg-qkPAZg,Gweilo-60,2019-03-10 17:30:52.724689,11108,0
UChXOhG9bRDb3vSTg-qkPAZg,Gweilo-60,2019-03-10 17:29:51.236699,11108,0
UChXOhG9bRDb3vSTg-qkPAZg,Gweilo-60,2019-03-10 17:28:51.561016,11108,0
UChXOhG9bRDb3vSTg-qkPAZg,Gweilo-60,2019-03-10 17:27:51.382886,11108,0
UChXOhG9bRDb3vSTg-qkPAZg,Gweilo-60,2019-03-10 17:26:51.184654,11108,0
UChXOhG9bRDb3vSTg-qkPAZg,Gweilo-60,2019-03-10 17:25:51.224592,11108,0
UChXOhG9bRDb3vSTg-qkPAZg,Gweilo-60,2019-03-10 17:24:51.162151,11108,0
UChXOhG9bRDb3vSTg-qkPAZg,Gweilo-60,2019-03-10 17:23:51.221045,11108,0
UChXOhG9bRDb3vSTg-qkPAZg,Gweilo-60,2019-03-10 17:22:51.422079,11108,0
UChXOhG9bRDb3vSTg-qkPAZg,Gweilo-60,2019-03-10 17:21:51.320345,11108,0
UChXOhG9bRDb3vSTg-qkPAZg,Gweilo-60,2019-03-10 17:20:51.294101,11108,0
UChXOhG9bRDb3vSTg-qkPAZg,Gweilo-60,2019-03-10 17:19:51.3582,11108,0
UChXOhG9bRDb3vSTg-qkPAZg,Gweilo-60,2019-03-10 17:18:50.943119,11108,0
UChXOhG9bRDb3vSTg-qkPAZg,Gweilo-60,2019-03-10 17:17:51.260916,11108,0
UChXOhG9bRDb3vSTg-qkPAZg,Gweilo-60,2019-03-10 17:16:52.38733,11108,0
UChXOhG9bRDb3vSTg-qkPAZg,Gweilo-60,2019-03-10 17:15:51.109673,11108,0
UChXOhG9bRDb3vSTg-qkPAZg,Gweilo-60,2019-03-10 17:14:51.046416,11108,0
UChXOhG9bRDb3vSTg-qkPAZg,Gweilo-60,2019-03-10 17:13:50.97895,11108,0
UChXOhG9bRDb3vSTg-qkPAZg,Gweilo-60,2019-03-10 17:12:51.0786,11108,0
UChXOhG9bRDb3vSTg-qkPAZg,Gweilo-60,2019-03-10 17:11:50.918539,11108,0
UChXOhG9bRDb3vSTg-qkPAZg,Gweilo-60,2019-03-10 17:10:51.891071,11108,0
UChXOhG9bRDb3vSTg-qkPAZg,Gweilo-60,2019-03-10 17:09:51.154794,11108,0
UChXOhG9bRDb3vSTg-qkPAZg,Gweilo-60,2019-03-10 17:08:50.737987,11108,0
UChXOhG9bRDb3vSTg-qkPAZg,Gweilo-60,2019-03-10 17:07:51.37121,11108,0
UChXOhG9bRDb3vSTg-qkPAZg,Gweilo-60,2019-03-10 17:06:51.237665,11108,0
UChXOhG9bRDb3vSTg-qkPAZg,Gweilo-60,2019-03-10 17:05:51.064252,11108,0
UChXOhG9bRDb3vSTg-qkPAZg,Gweilo-60,2019-03-10 17:04:50.957896,11108,0
UChXOhG9bRDb3vSTg-qkPAZg,Gweilo-60,2019-03-10 17:03:50.899944,11108,0
UChXOhG9bRDb3vSTg-qkPAZg,Gweilo-60,2019-03-10 17:02:51.380179,11108,0
UChXOhG9bRDb3vSTg-qkPAZg,Gweilo-60,2019-03-10 17:01:51.244216,11108,0
UChXOhG9bRDb3vSTg-qkPAZg,Gweilo-60,2019-03-10 17:00:51.018837,11108,0
UChXOhG9bRDb3vSTg-qkPAZg,Gweilo-60,2019-03-10 16:59:50.842805,11108,0
UChXOhG9bRDb3vSTg-qkPAZg,Gweilo-60,2019-03-10 16:58:51.210546,11108,0
UChXOhG9bRDb3vSTg-qkPAZg,Gweilo-60,2019-03-10 16:57:50.89812,11108,0
UChXOhG9bRDb3vSTg-qkPAZg,Gweilo-60,2019-03-10 16:56:50.848853,11108,0
UChXOhG9bRDb3vSTg-qkPAZg,Gweilo-60,2019-03-10 16:55:52.117204,11108,0
UChXOhG9bRDb3vSTg-qkPAZg,Gweilo-60,2019-03-10 16:54:50.865775,11108,0
UChXOhG9bRDb3vSTg-qkPAZg,Gweilo-60,2019-03-10 16:53:52.619234,11108,0
UChXOhG9bRDb3vSTg-qkPAZg,Gweilo-60,2019-03-10 16:52:51.099774,11108,0
UChXOhG9bRDb3vSTg-qkPAZg,Gweilo-60,2019-03-10 16:51:51.284882,11108,0
UChXOhG9bRDb3vSTg-qkPAZg,Gweilo-60,2019-03-10 16:50:51.88131,11108,0
UChXOhG9bRDb3vSTg-qkPAZg,Gweilo-60,2019-03-10 16:49:51.17442,11108,0
UChXOhG9bRDb3vSTg-qkPAZg,Gweilo-60,2019-03-10 16:48:51.319823,11108,0
UChXOhG9bRDb3vSTg-qkPAZg,Gweilo-60,2019-03-10 16:47:51.500085,11108,0
UChXOhG9bRDb3vSTg-qkPAZg,Gweilo-60,2019-03-10 16:46:51.483805,11108,0
UChXOhG9bRDb3vSTg-qkPAZg,Gweilo-60,2019-03-10 16:45:50.834495,11108,0
UChXOhG9bRDb3vSTg-qkPAZg,Gweilo-60,2019-03-10 16:44:51.002727,11108,0
UChXOhG9bRDb3vSTg-qkPAZg,Gweilo-60,2019-03-10 16:43:51.372532,11108,0
UChXOhG9bRDb3vSTg-qkPAZg,Gweilo-60,2019-03-10 16:42:50.817317,11108,0
UChXOhG9bRDb3vSTg-qkPAZg,Gweilo-60,2019-03-10 16:41:51.130453,11108,0
UChXOhG9bRDb3vSTg-qkPAZg,Gweilo-60,2019-03-10 16:40:50.869327,11108,0
UChXOhG9bRDb3vSTg-qkPAZg,Gweilo-60,2019-03-10 16:39:51.272184,11108,0
UChXOhG9bRDb3vSTg-qkPAZg,Gweilo-60,2019-03-10 16:38:51.088376,11108,0
UChXOhG9bRDb3vSTg-qkPAZg,Gweilo-60,2019-03-10 16:37:51.069027,11108,0
UChXOhG9bRDb3vSTg-qkPAZg,Gweilo-60,2019-03-10 16:36:51.041391,11108,0
UChXOhG9bRDb3vSTg-qkPAZg,Gweilo-60,2019-03-10 16:35:51.34908,11108,0
UChXOhG9bRDb3vSTg-qkPAZg,Gweilo-60,2019-03-10 16:34:51.662427,11108,0
UChXOhG9bRDb3vSTg-qkPAZg,Gweilo-60,2019-03-10 16:33:51.166424,11108,0
UChXOhG9bRDb3vSTg-qkPAZg,Gweilo-60,2019-03-10 16:32:51.336522,11108,0
UChXOhG9bRDb3vSTg-qkPAZg,Gweilo-60,2019-03-10 16:31:51.515049,11108,0
UChXOhG9bRDb3vSTg-qkPAZg,Gweilo-60,2019-03-10 16:30:51.361769,11108,0
UChXOhG9bRDb3vSTg-qkPAZg,Gweilo-60,2019-03-10 16:29:51.467464,11108,0
UChXOhG9bRDb3vSTg-qkPAZg,Gweilo-60,2019-03-10 16:28:51.017639,11108,0
UChXOhG9bRDb3vSTg-qkPAZg,Gweilo-60,2019-03-10 16:27:51.401861,11108,0
UChXOhG9bRDb3vSTg-qkPAZg,Gweilo-60,2019-03-10 16:26:51.032647,11108,0
UChXOhG9bRDb3vSTg-qkPAZg,Gweilo-60,2019-03-10 16:25:51.343936,11108,0
UChXOhG9bRDb3vSTg-qkPAZg,Gweilo-60,2019-03-10 16:24:51.150135,11108,0
UChXOhG9bRDb3vSTg-qkPAZg,Gweilo-60,2019-03-10 16:23:51.327065,11108,0
UChXOhG9bRDb3vSTg-qkPAZg,Gweilo-60,2019-03-10 16:22:50.950332,11108,0
UChXOhG9bRDb3vSTg-qkPAZg,Gweilo-60,2019-03-10 16:21:50.889709,11108,0
UChXOhG9bRDb3vSTg-qkPAZg,Gweilo-60,2019-03-10 16:20:51.377886,11108,0
UChXOhG9bRDb3vSTg-qkPAZg,Gweilo-60,2019-03-10 16:19:50.784058,11108,0
UChXOhG9bRDb3vSTg-qkPAZg,Gweilo-60,2019-03-10 16:18:51.287704,11108,0
UChXOhG9bRDb3vSTg-qkPAZg,Gweilo-60,2019-03-10 16:17:51.087596,11108,0
UChXOhG9bRDb3vSTg-qkPAZg,Gweilo-60,2019-03-10 16:16:51.301161,11108,0
UChXOhG9bRDb3vSTg-qkPAZg,Gweilo-60,2019-03-10 16:15:51.508229,11108,0
UChXOhG9bRDb3vSTg-qkPAZg,Gweilo-60,2019-03-10 16:14:51.145157,11108,0
UChXOhG9bRDb3vSTg-qkPAZg,Gweilo-60,2019-03-10 16:13:51.458334,11108,0
UChXOhG9bRDb3vSTg-qkPAZg,Gweilo-60,2019-03-10 16:12:50.964211,11108,0
UChXOhG9bRDb3vSTg-qkPAZg,Gweilo-60,2019-03-10 16:11:50.9399,11108,0
UChXOhG9bRDb3vSTg-qkPAZg,Gweilo-60,2019-03-10 16:10:50.889296,11108,0
UChXOhG9bRDb3vSTg-qkPAZg,Gweilo-60,2019-03-10 16:09:50.716129,11108,0
UChXOhG9bRDb3vSTg-qkPAZg,Gweilo-60,2019-03-10 16:08:51.138432,11108,0
UChXOhG9bRDb3vSTg-qkPAZg,Gweilo-60,2019-03-10 16:07:51.498667,11108,0
UChXOhG9bRDb3vSTg-qkPAZg,Gweilo-60,2019-03-10 16:06:51.260851,11108,0
UChXOhG9bRDb3vSTg-qkPAZg,Gweilo-60,2019-03-10 16:05:50.920791,11108,0
UChXOhG9bRDb3vSTg-qkPAZg,Gweilo-60,2019-03-10 16:04:51.042098,11108,0
UChXOhG9bRDb3vSTg-qkPAZg,Gweilo-60,2019-03-10 16:03:50.538968,11108,0
UChXOhG9bRDb3vSTg-qkPAZg,Gweilo-60,2019-03-10 16:02:50.977658,11108,0
UChXOhG9bRDb3vSTg-qkPAZg,Gweilo-60,2019-03-10 16:01:50.676721,11108,0
UChXOhG9bRDb3vSTg-qkPAZg,Gweilo-60,2019-03-10 16:00:51.139968,11108,0
UChXOhG9bRDb3vSTg-qkPAZg,Gweilo-60,2019-03-10 15:59:51.024177,11108,0
UChXOhG9bRDb3vSTg-qkPAZg,Gweilo-60,2019-03-10 15:58:51.106989,11108,0
UChXOhG9bRDb3vSTg-qkPAZg,Gweilo-60,2019-03-10 15:57:51.22858,11108,0
UChXOhG9bRDb3vSTg-qkPAZg,Gweilo-60,2019-03-10 15:56:52.160126,11108,0
UChXOhG9bRDb3vSTg-qkPAZg,Gweilo-60,2019-03-10 15:55:51.44206,11108,0
UChXOhG9bRDb3vSTg-qkPAZg,Gweilo-60,2019-03-10 15:54:51.249496,11108,0
UChXOhG9bRDb3vSTg-qkPAZg,Gweilo-60,2019-03-10 15:53:51.322298,11108,0
UChXOhG9bRDb3vSTg-qkPAZg,Gweilo-60,2019-03-10 15:52:51.356144,11108,0
UChXOhG9bRDb3vSTg-qkPAZg,Gweilo-60,2019-03-10 15:51:51.146137,11108,0
UChXOhG9bRDb3vSTg-qkPAZg,Gweilo-60,2019-03-10 15:50:51.359802,11108,0
UChXOhG9bRDb3vSTg-qkPAZg,Gweilo-60,2019-03-10 15:49:51.350596,11108,0
UChXOhG9bRDb3vSTg-qkPAZg,Gweilo-60,2019-03-10 15:48:51.598276,11108,0
UChXOhG9bRDb3vSTg-qkPAZg,Gweilo-60,2019-03-10 15:47:51.476378,11108,0
UChXOhG9bRDb3vSTg-qkPAZg,Gweilo-60,2019-03-10 15:46:50.91244,11108,0
UChXOhG9bRDb3vSTg-qkPAZg,Gweilo-60,2019-03-10 15:45:50.87104,11108,0
UChXOhG9bRDb3vSTg-qkPAZg,Gweilo-60,2019-03-10 15:44:51.960785,11108,0
UChXOhG9bRDb3vSTg-qkPAZg,Gweilo-60,2019-03-10 15:43:51.166075,11108,0
UChXOhG9bRDb3vSTg-qkPAZg,Gweilo-60,2019-03-10 15:42:51.860305,11108,0
UChXOhG9bRDb3vSTg-qkPAZg,Gweilo-60,2019-03-10 15:41:51.037046,11108,0
UChXOhG9bRDb3vSTg-qkPAZg,Gweilo-60,2019-03-10 15:40:51.169395,11108,0
UChXOhG9bRDb3vSTg-qkPAZg,Gweilo-60,2019-03-10 15:39:51.2847,11108,0
UChXOhG9bRDb3vSTg-qkPAZg,Gweilo-60,2019-03-10 15:38:51.408891,11108,0
UChXOhG9bRDb3vSTg-qkPAZg,Gweilo-60,2019-03-10 15:37:50.810462,11108,0
UChXOhG9bRDb3vSTg-qkPAZg,Gweilo-60,2019-03-10 15:36:51.183479,11108,0
UChXOhG9bRDb3vSTg-qkPAZg,Gweilo-60,2019-03-10 15:35:51.388009,11108,0
UChXOhG9bRDb3vSTg-qkPAZg,Gweilo-60,2019-03-10 15:34:50.877274,11108,0
UChXOhG9bRDb3vSTg-qkPAZg,Gweilo-60,2019-03-10 15:33:50.896828,11108,0
UChXOhG9bRDb3vSTg-qkPAZg,Gweilo-60,2019-03-10 15:32:51.381347,11108,0
UChXOhG9bRDb3vSTg-qkPAZg,Gweilo-60,2019-03-10 15:31:50.920032,11108,0
UChXOhG9bRDb3vSTg-qkPAZg,Gweilo-60,2019-03-10 15:30:51.401515,11108,0
UChXOhG9bRDb3vSTg-qkPAZg,Gweilo-60,2019-03-10 15:29:51.006821,11108,0
UChXOhG9bRDb3vSTg-qkPAZg,Gweilo-60,2019-03-10 15:28:51.428162,11108,0
UChXOhG9bRDb3vSTg-qkPAZg,Gweilo-60,2019-03-10 15:27:51.22227,11108,0
UChXOhG9bRDb3vSTg-qkPAZg,Gweilo-60,2019-03-10 15:26:50.902426,11108,0
UChXOhG9bRDb3vSTg-qkPAZg,Gweilo-60,2019-03-10 15:25:51.491358,11108,0
UChXOhG9bRDb3vSTg-qkPAZg,Gweilo-60,2019-03-10 15:24:51.222013,11108,0
UChXOhG9bRDb3vSTg-qkPAZg,Gweilo-60,2019-03-10 15:23:50.908655,11108,0
UChXOhG9bRDb3vSTg-qkPAZg,Gweilo-60,2019-03-10 15:22:51.467708,11108,0
UChXOhG9bRDb3vSTg-qkPAZg,Gweilo-60,2019-03-10 15:21:51.515336,11108,0
UChXOhG9bRDb3vSTg-qkPAZg,Gweilo-60,2019-03-10 15:20:51.251205,11108,0
UChXOhG9bRDb3vSTg-qkPAZg,Gweilo-60,2019-03-10 15:19:51.082318,11108,0
UChXOhG9bRDb3vSTg-qkPAZg,Gweilo-60,2019-03-10 15:18:51.157843,11108,0
UChXOhG9bRDb3vSTg-qkPAZg,Gweilo-60,2019-03-10 15:17:51.48433,11108,0
UChXOhG9bRDb3vSTg-qkPAZg,Gweilo-60,2019-03-10 15:16:50.864173,11108,0
UChXOhG9bRDb3vSTg-qkPAZg,Gweilo-60,2019-03-10 15:15:50.903293,11108,0
UChXOhG9bRDb3vSTg-qkPAZg,Gweilo-60,2019-03-10 15:14:50.88,11108,0
UChXOhG9bRDb3vSTg-qkPAZg,Gweilo-60,2019-03-10 15:13:51.236612,11108,0
UChXOhG9bRDb3vSTg-qkPAZg,Gweilo-60,2019-03-10 15:12:50.811153,11108,0
UChXOhG9bRDb3vSTg-qkPAZg,Gweilo-60,2019-03-10 15:11:53.41998,11108,0
UChXOhG9bRDb3vSTg-qkPAZg,Gweilo-60,2019-03-10 15:10:51.247894,11108,0
UChXOhG9bRDb3vSTg-qkPAZg,Gweilo-60,2019-03-10 15:09:51.075593,11108,0
UChXOhG9bRDb3vSTg-qkPAZg,Gweilo-60,2019-03-10 15:08:51.163727,11108,0
UChXOhG9bRDb3vSTg-qkPAZg,Gweilo-60,2019-03-10 15:07:50.917067,11108,0
UChXOhG9bRDb3vSTg-qkPAZg,Gweilo-60,2019-03-10 15:06:51.312647,11108,0
UChXOhG9bRDb3vSTg-qkPAZg,Gweilo-60,2019-03-10 15:05:51.141834,11108,0
UChXOhG9bRDb3vSTg-qkPAZg,Gweilo-60,2019-03-10 15:04:51.026754,11108,0
UChXOhG9bRDb3vSTg-qkPAZg,Gweilo-60,2019-03-10 15:03:50.951163,11108,0
UChXOhG9bRDb3vSTg-qkPAZg,Gweilo-60,2019-03-10 15:02:51.078632,11108,0
UChXOhG9bRDb3vSTg-qkPAZg,Gweilo-60,2019-03-10 15:01:51.345686,11108,0
UChXOhG9bRDb3vSTg-qkPAZg,Gweilo-60,2019-03-10 15:00:52.309429,11108,0
UChXOhG9bRDb3vSTg-qkPAZg,Gweilo-60,2019-03-10 14:59:51.347533,11108,0
UChXOhG9bRDb3vSTg-qkPAZg,Gweilo-60,2019-03-10 14:58:50.982194,11108,0
UChXOhG9bRDb3vSTg-qkPAZg,Gweilo-60,2019-03-10 14:57:51.152392,11108,0
UChXOhG9bRDb3vSTg-qkPAZg,Gweilo-60,2019-03-10 14:56:51.404486,11108,0
UChXOhG9bRDb3vSTg-qkPAZg,Gweilo-60,2019-03-10 14:55:51.21559,11108,0
UChXOhG9bRDb3vSTg-qkPAZg,Gweilo-60,2019-03-10 14:54:51.230095,11108,0
UChXOhG9bRDb3vSTg-qkPAZg,Gweilo-60,2019-03-10 14:53:50.632127,11108,0
UChXOhG9bRDb3vSTg-qkPAZg,Gweilo-60,2019-03-10 14:52:51.519849,11108,0
UChXOhG9bRDb3vSTg-qkPAZg,Gweilo-60,2019-03-10 14:51:50.901231,11108,-1
UChXOhG9bRDb3vSTg-qkPAZg,Gweilo-60,2019-03-10 14:50:51.399325,11109,0
UChXOhG9bRDb3vSTg-qkPAZg,Gweilo-60,2019-03-10 14:49:51.05028,11109,0
UChXOhG9bRDb3vSTg-qkPAZg,Gweilo-60,2019-03-10 14:48:50.632136,11109,0
UChXOhG9bRDb3vSTg-qkPAZg,Gweilo-60,2019-03-10 14:47:50.86373,11109,0
UChXOhG9bRDb3vSTg-qkPAZg,Gweilo-60,2019-03-10 14:46:50.899298,11109,0
UChXOhG9bRDb3vSTg-qkPAZg,Gweilo-60,2019-03-10 14:45:50.941148,11109,0
UChXOhG9bRDb3vSTg-qkPAZg,Gweilo-60,2019-03-10 14:44:50.755742,11109,0
UChXOhG9bRDb3vSTg-qkPAZg,Gweilo-60,2019-03-10 14:43:50.758835,11109,0
UChXOhG9bRDb3vSTg-qkPAZg,Gweilo-60,2019-03-10 14:42:50.771289,11109,0
UChXOhG9bRDb3vSTg-qkPAZg,Gweilo-60,2019-03-10 14:41:51.303708,11109,0
UChXOhG9bRDb3vSTg-qkPAZg,Gweilo-60,2019-03-10 14:40:51.438947,11109,0
UChXOhG9bRDb3vSTg-qkPAZg,Gweilo-60,2019-03-10 14:39:51.068798,11109,0
UChXOhG9bRDb3vSTg-qkPAZg,Gweilo-60,2019-03-10 14:38:51.007342,11109,0
UChXOhG9bRDb3vSTg-qkPAZg,Gweilo-60,2019-03-10 14:37:51.267377,11109,0
UChXOhG9bRDb3vSTg-qkPAZg,Gweilo-60,2019-03-10 14:36:51.053289,11109,0
UChXOhG9bRDb3vSTg-qkPAZg,Gweilo-60,2019-03-10 14:35:51.386097,11109,0
UChXOhG9bRDb3vSTg-qkPAZg,Gweilo-60,2019-03-10 14:34:51.06948,11109,0
UChXOhG9bRDb3vSTg-qkPAZg,Gweilo-60,2019-03-10 14:33:50.997146,11109,0
UChXOhG9bRDb3vSTg-qkPAZg,Gweilo-60,2019-03-10 14:32:50.907117,11109,0
UChXOhG9bRDb3vSTg-qkPAZg,Gweilo-60,2019-03-10 14:31:50.590686,11109,0
UChXOhG9bRDb3vSTg-qkPAZg,Gweilo-60,2019-03-10 14:30:51.063335,11109,0
UChXOhG9bRDb3vSTg-qkPAZg,Gweilo-60,2019-03-10 14:29:51.218597,11109,0
UChXOhG9bRDb3vSTg-qkPAZg,Gweilo-60,2019-03-10 14:28:51.528189,11109,0
UChXOhG9bRDb3vSTg-qkPAZg,Gweilo-60,2019-03-10 14:27:50.946725,11109,1
UChXOhG9bRDb3vSTg-qkPAZg,Gweilo-60,2019-03-10 14:26:50.988086,11108,0
UChXOhG9bRDb3vSTg-qkPAZg,Gweilo-60,2019-03-10 14:25:51.462568,11108,0
UChXOhG9bRDb3vSTg-qkPAZg,Gweilo-60,2019-03-10 14:24:51.72057,11108,0
UChXOhG9bRDb3vSTg-qkPAZg,Gweilo-60,2019-03-10 14:23:51.255707,11108,0
UChXOhG9bRDb3vSTg-qkPAZg,Gweilo-60,2019-03-10 14:22:50.787191,11108,0
UChXOhG9bRDb3vSTg-qkPAZg,Gweilo-60,2019-03-10 14:21:50.686678,11108,0
UChXOhG9bRDb3vSTg-qkPAZg,Gweilo-60,2019-03-10 14:20:50.854945,11108,0
UChXOhG9bRDb3vSTg-qkPAZg,Gweilo-60,2019-03-10 14:19:51.583315,11108,0
UChXOhG9bRDb3vSTg-qkPAZg,Gweilo-60,2019-03-10 14:18:50.674319,11108,0
UChXOhG9bRDb3vSTg-qkPAZg,Gweilo-60,2019-03-10 14:17:50.927819,11108,0
UChXOhG9bRDb3vSTg-qkPAZg,Gweilo-60,2019-03-10 14:16:51.222446,11108,0
UChXOhG9bRDb3vSTg-qkPAZg,Gweilo-60,2019-03-10 14:15:51.287472,11108,0
UChXOhG9bRDb3vSTg-qkPAZg,Gweilo-60,2019-03-10 14:14:50.920733,11108,0
UChXOhG9bRDb3vSTg-qkPAZg,Gweilo-60,2019-03-10 14:13:51.246659,11108,0
UChXOhG9bRDb3vSTg-qkPAZg,Gweilo-60,2019-03-10 14:12:51.705418,11108,0
UChXOhG9bRDb3vSTg-qkPAZg,Gweilo-60,2019-03-10 14:11:50.731262,11108,0
UChXOhG9bRDb3vSTg-qkPAZg,Gweilo-60,2019-03-10 14:10:50.734668,11108,0
UChXOhG9bRDb3vSTg-qkPAZg,Gweilo-60,2019-03-10 14:09:51.444646,11108,0
UChXOhG9bRDb3vSTg-qkPAZg,Gweilo-60,2019-03-10 14:08:50.927067,11108,0
UChXOhG9bRDb3vSTg-qkPAZg,Gweilo-60,2019-03-10 14:07:50.949175,11108,0
UChXOhG9bRDb3vSTg-qkPAZg,Gweilo-60,2019-03-10 14:06:51.318817,11108,0
UChXOhG9bRDb3vSTg-qkPAZg,Gweilo-60,2019-03-10 14:05:51.328818,11108,0
UChXOhG9bRDb3vSTg-qkPAZg,Gweilo-60,2019-03-10 14:04:51.253186,11108,0
UChXOhG9bRDb3vSTg-qkPAZg,Gweilo-60,2019-03-10 14:03:51.033128,11108,0
UChXOhG9bRDb3vSTg-qkPAZg,Gweilo-60,2019-03-10 14:02:50.766677,11108,0
UChXOhG9bRDb3vSTg-qkPAZg,Gweilo-60,2019-03-10 14:01:51.298634,11108,0
UChXOhG9bRDb3vSTg-qkPAZg,Gweilo-60,2019-03-10 14:00:51.07926,11108,0
UChXOhG9bRDb3vSTg-qkPAZg,Gweilo-60,2019-03-10 13:59:51.196219,11108,0
UChXOhG9bRDb3vSTg-qkPAZg,Gweilo-60,2019-03-10 13:58:50.912907,11108,0
UChXOhG9bRDb3vSTg-qkPAZg,Gweilo-60,2019-03-10 13:57:50.817034,11108,0
UChXOhG9bRDb3vSTg-qkPAZg,Gweilo-60,2019-03-10 13:56:51.352053,11108,0
UChXOhG9bRDb3vSTg-qkPAZg,Gweilo-60,2019-03-10 13:55:50.652481,11108,0
UChXOhG9bRDb3vSTg-qkPAZg,Gweilo-60,2019-03-10 13:54:51.350004,11108,0
UChXOhG9bRDb3vSTg-qkPAZg,Gweilo-60,2019-03-10 13:53:51.28791,11108,0
UChXOhG9bRDb3vSTg-qkPAZg,Gweilo-60,2019-03-10 13:52:51.264509,11108,0
UChXOhG9bRDb3vSTg-qkPAZg,Gweilo-60,2019-03-10 13:51:51.407754,11108,0
UChXOhG9bRDb3vSTg-qkPAZg,Gweilo-60,2019-03-10 13:50:50.947429,11108,0
UChXOhG9bRDb3vSTg-qkPAZg,Gweilo-60,2019-03-10 13:49:50.93917,11108,0
UChXOhG9bRDb3vSTg-qkPAZg,Gweilo-60,2019-03-10 13:48:51.001625,11108,0
UChXOhG9bRDb3vSTg-qkPAZg,Gweilo-60,2019-03-10 13:47:51.864406,11108,0
UChXOhG9bRDb3vSTg-qkPAZg,Gweilo-60,2019-03-10 13:46:51.146231,11108,0
UChXOhG9bRDb3vSTg-qkPAZg,Gweilo-60,2019-03-10 13:45:51.153855,11108,0
UChXOhG9bRDb3vSTg-qkPAZg,Gweilo-60,2019-03-10 13:44:50.836828,11108,0
UChXOhG9bRDb3vSTg-qkPAZg,Gweilo-60,2019-03-10 13:43:51.260179,11108,0
UChXOhG9bRDb3vSTg-qkPAZg,Gweilo-60,2019-03-10 13:42:51.426888,11108,0
UChXOhG9bRDb3vSTg-qkPAZg,Gweilo-60,2019-03-10 13:41:50.958618,11108,0
UChXOhG9bRDb3vSTg-qkPAZg,Gweilo-60,2019-03-10 13:40:50.92212,11108,0
UChXOhG9bRDb3vSTg-qkPAZg,Gweilo-60,2019-03-10 13:39:50.753685,11108,0
UChXOhG9bRDb3vSTg-qkPAZg,Gweilo-60,2019-03-10 13:38:50.759032,11108,0
UChXOhG9bRDb3vSTg-qkPAZg,Gweilo-60,2019-03-10 13:37:50.64217,11108,0
UChXOhG9bRDb3vSTg-qkPAZg,Gweilo-60,2019-03-10 13:36:51.399307,11108,0
UChXOhG9bRDb3vSTg-qkPAZg,Gweilo-60,2019-03-10 13:35:53.344961,11108,1
UChXOhG9bRDb3vSTg-qkPAZg,Gweilo-60,2019-03-10 13:34:51.089014,11107,0
UChXOhG9bRDb3vSTg-qkPAZg,Gweilo-60,2019-03-10 13:33:51.105688,11107,0
UChXOhG9bRDb3vSTg-qkPAZg,Gweilo-60,2019-03-10 13:32:52.349281,11107,0
UChXOhG9bRDb3vSTg-qkPAZg,Gweilo-60,2019-03-10 13:31:50.790476,11107,0
UChXOhG9bRDb3vSTg-qkPAZg,Gweilo-60,2019-03-10 13:30:50.725141,11107,0
UChXOhG9bRDb3vSTg-qkPAZg,Gweilo-60,2019-03-10 13:29:50.528202,11107,0
UChXOhG9bRDb3vSTg-qkPAZg,Gweilo-60,2019-03-10 13:28:50.75267,11107,0
UChXOhG9bRDb3vSTg-qkPAZg,Gweilo-60,2019-03-10 13:27:51.064374,11107,0
UChXOhG9bRDb3vSTg-qkPAZg,Gweilo-60,2019-03-10 13:26:51.261145,11107,0
UChXOhG9bRDb3vSTg-qkPAZg,Gweilo-60,2019-03-10 13:25:51.324594,11107,0
UChXOhG9bRDb3vSTg-qkPAZg,Gweilo-60,2019-03-10 13:24:51.248552,11107,0
UChXOhG9bRDb3vSTg-qkPAZg,Gweilo-60,2019-03-10 13:23:50.932534,11107,0
UChXOhG9bRDb3vSTg-qkPAZg,Gweilo-60,2019-03-10 13:22:51.022633,11107,0
UChXOhG9bRDb3vSTg-qkPAZg,Gweilo-60,2019-03-10 13:21:51.579174,11107,0
UChXOhG9bRDb3vSTg-qkPAZg,Gweilo-60,2019-03-10 13:20:51.038551,11107,0
UChXOhG9bRDb3vSTg-qkPAZg,Gweilo-60,2019-03-10 13:19:50.612141,11107,1
UChXOhG9bRDb3vSTg-qkPAZg,Gweilo-60,2019-03-10 13:18:51.080748,11106,0
UChXOhG9bRDb3vSTg-qkPAZg,Gweilo-60,2019-03-10 13:17:51.030047,11106,0
UChXOhG9bRDb3vSTg-qkPAZg,Gweilo-60,2019-03-10 13:16:51.089101,11106,0
UChXOhG9bRDb3vSTg-qkPAZg,Gweilo-60,2019-03-10 13:15:50.841006,11106,0
UChXOhG9bRDb3vSTg-qkPAZg,Gweilo-60,2019-03-10 13:14:51.299202,11106,1
UChXOhG9bRDb3vSTg-qkPAZg,Gweilo-60,2019-03-10 13:13:50.594256,11105,0
UChXOhG9bRDb3vSTg-qkPAZg,Gweilo-60,2019-03-10 13:12:50.862169,11105,0
UChXOhG9bRDb3vSTg-qkPAZg,Gweilo-60,2019-03-10 13:11:51.264035,11105,0
UChXOhG9bRDb3vSTg-qkPAZg,Gweilo-60,2019-03-10 13:10:51.071555,11105,0
UChXOhG9bRDb3vSTg-qkPAZg,Gweilo-60,2019-03-10 13:09:51.200321,11105,0
UChXOhG9bRDb3vSTg-qkPAZg,Gweilo-60,2019-03-10 13:08:51.228739,11105,0
UChXOhG9bRDb3vSTg-qkPAZg,Gweilo-60,2019-03-10 13:07:50.887295,11105,0
UChXOhG9bRDb3vSTg-qkPAZg,Gweilo-60,2019-03-10 13:06:51.109317,11105,0
UChXOhG9bRDb3vSTg-qkPAZg,Gweilo-60,2019-03-10 13:05:51.503797,11105,0
UChXOhG9bRDb3vSTg-qkPAZg,Gweilo-60,2019-03-10 13:04:50.955355,11105,0
UChXOhG9bRDb3vSTg-qkPAZg,Gweilo-60,2019-03-10 13:03:51.028084,11105,0
UChXOhG9bRDb3vSTg-qkPAZg,Gweilo-60,2019-03-10 13:02:51.570702,11105,0
UChXOhG9bRDb3vSTg-qkPAZg,Gweilo-60,2019-03-10 13:01:51.224991,11105,0
UChXOhG9bRDb3vSTg-qkPAZg,Gweilo-60,2019-03-10 13:00:51.489784,11105,0
UChXOhG9bRDb3vSTg-qkPAZg,Gweilo-60,2019-03-10 12:59:50.891012,11105,0
UChXOhG9bRDb3vSTg-qkPAZg,Gweilo-60,2019-03-10 12:58:50.900321,11105,0
UChXOhG9bRDb3vSTg-qkPAZg,Gweilo-60,2019-03-10 12:57:51.589055,11105,0
UChXOhG9bRDb3vSTg-qkPAZg,Gweilo-60,2019-03-10 12:56:51.258798,11105,0
UChXOhG9bRDb3vSTg-qkPAZg,Gweilo-60,2019-03-10 12:55:51.220149,11105,0
UChXOhG9bRDb3vSTg-qkPAZg,Gweilo-60,2019-03-10 12:54:50.961134,11105,0
UChXOhG9bRDb3vSTg-qkPAZg,Gweilo-60,2019-03-10 12:53:50.83634,11105,0
UChXOhG9bRDb3vSTg-qkPAZg,Gweilo-60,2019-03-10 12:52:51.047174,11105,0
UChXOhG9bRDb3vSTg-qkPAZg,Gweilo-60,2019-03-10 12:51:50.947927,11105,0
UChXOhG9bRDb3vSTg-qkPAZg,Gweilo-60,2019-03-10 12:50:51.469882,11105,0
UChXOhG9bRDb3vSTg-qkPAZg,Gweilo-60,2019-03-10 12:49:51.386358,11105,0
UChXOhG9bRDb3vSTg-qkPAZg,Gweilo-60,2019-03-10 12:48:50.9761,11105,0
UChXOhG9bRDb3vSTg-qkPAZg,Gweilo-60,2019-03-10 12:47:50.963915,11105,0
UChXOhG9bRDb3vSTg-qkPAZg,Gweilo-60,2019-03-10 12:46:51.256378,11105,0
UChXOhG9bRDb3vSTg-qkPAZg,Gweilo-60,2019-03-10 12:45:50.923917,11105,0
UChXOhG9bRDb3vSTg-qkPAZg,Gweilo-60,2019-03-10 12:44:51.522541,11105,0
UChXOhG9bRDb3vSTg-qkPAZg,Gweilo-60,2019-03-10 12:43:50.941657,11105,0
UChXOhG9bRDb3vSTg-qkPAZg,Gweilo-60,2019-03-10 12:42:51.169614,11105,0
UChXOhG9bRDb3vSTg-qkPAZg,Gweilo-60,2019-03-10 12:41:51.468517,11105,0
UChXOhG9bRDb3vSTg-qkPAZg,Gweilo-60,2019-03-10 12:40:51.229781,11105,0
UChXOhG9bRDb3vSTg-qkPAZg,Gweilo-60,2019-03-10 12:39:51.31856,11105,0
UChXOhG9bRDb3vSTg-qkPAZg,Gweilo-60,2019-03-10 12:38:51.263824,11105,0
UChXOhG9bRDb3vSTg-qkPAZg,Gweilo-60,2019-03-10 12:37:51.377898,11105,0
UChXOhG9bRDb3vSTg-qkPAZg,Gweilo-60,2019-03-10 12:36:50.836197,11105,0
UChXOhG9bRDb3vSTg-qkPAZg,Gweilo-60,2019-03-10 12:35:50.893608,11105,0
UChXOhG9bRDb3vSTg-qkPAZg,Gweilo-60,2019-03-10 12:34:52.029643,11105,0
UChXOhG9bRDb3vSTg-qkPAZg,Gweilo-60,2019-03-10 12:33:51.063436,11105,0
UChXOhG9bRDb3vSTg-qkPAZg,Gweilo-60,2019-03-10 12:32:51.184045,11105,0
UChXOhG9bRDb3vSTg-qkPAZg,Gweilo-60,2019-03-10 12:31:51.205869,11105,0
UChXOhG9bRDb3vSTg-qkPAZg,Gweilo-60,2019-03-10 12:30:51.063894,11105,0
UChXOhG9bRDb3vSTg-qkPAZg,Gweilo-60,2019-03-10 12:29:51.797774,11105,0
UChXOhG9bRDb3vSTg-qkPAZg,Gweilo-60,2019-03-10 12:28:50.679314,11105,0
UChXOhG9bRDb3vSTg-qkPAZg,Gweilo-60,2019-03-10 12:27:50.604434,11105,0
UChXOhG9bRDb3vSTg-qkPAZg,Gweilo-60,2019-03-10 12:26:50.971522,11105,0
UChXOhG9bRDb3vSTg-qkPAZg,Gweilo-60,2019-03-10 12:25:51.133924,11105,0
UChXOhG9bRDb3vSTg-qkPAZg,Gweilo-60,2019-03-10 12:24:50.825631,11105,0
UChXOhG9bRDb3vSTg-qkPAZg,Gweilo-60,2019-03-10 12:23:50.805209,11105,0
UChXOhG9bRDb3vSTg-qkPAZg,Gweilo-60,2019-03-10 12:22:51.124527,11105,0
UChXOhG9bRDb3vSTg-qkPAZg,Gweilo-60,2019-03-10 12:21:51.254177,11105,0
UChXOhG9bRDb3vSTg-qkPAZg,Gweilo-60,2019-03-10 12:20:50.8902,11105,0
UChXOhG9bRDb3vSTg-qkPAZg,Gweilo-60,2019-03-10 12:19:50.831476,11105,0
UChXOhG9bRDb3vSTg-qkPAZg,Gweilo-60,2019-03-10 12:18:51.614562,11105,0
UChXOhG9bRDb3vSTg-qkPAZg,Gweilo-60,2019-03-10 12:17:51.810078,11105,0
UChXOhG9bRDb3vSTg-qkPAZg,Gweilo-60,2019-03-10 12:16:51.0762,11105,0
UChXOhG9bRDb3vSTg-qkPAZg,Gweilo-60,2019-03-10 12:15:51.146129,11105,0
UChXOhG9bRDb3vSTg-qkPAZg,Gweilo-60,2019-03-10 12:14:50.835898,11105,0
UChXOhG9bRDb3vSTg-qkPAZg,Gweilo-60,2019-03-10 12:13:51.753826,11105,0
UChXOhG9bRDb3vSTg-qkPAZg,Gweilo-60,2019-03-10 12:12:50.942779,11105,0
UChXOhG9bRDb3vSTg-qkPAZg,Gweilo-60,2019-03-10 12:11:50.845134,11105,0
UChXOhG9bRDb3vSTg-qkPAZg,Gweilo-60,2019-03-10 12:10:50.892849,11105,0
UChXOhG9bRDb3vSTg-qkPAZg,Gweilo-60,2019-03-10 12:09:50.882475,11105,0
UChXOhG9bRDb3vSTg-qkPAZg,Gweilo-60,2019-03-10 12:08:51.834808,11105,0
UChXOhG9bRDb3vSTg-qkPAZg,Gweilo-60,2019-03-10 12:07:51.579398,11105,0
UChXOhG9bRDb3vSTg-qkPAZg,Gweilo-60,2019-03-10 12:06:51.16685,11105,0
UChXOhG9bRDb3vSTg-qkPAZg,Gweilo-60,2019-03-10 12:05:50.683259,11105,0
UChXOhG9bRDb3vSTg-qkPAZg,Gweilo-60,2019-03-10 12:04:50.896947,11105,0
UChXOhG9bRDb3vSTg-qkPAZg,Gweilo-60,2019-03-10 12:03:50.780539,11105,0
UChXOhG9bRDb3vSTg-qkPAZg,Gweilo-60,2019-03-10 12:02:50.960219,11105,0
UChXOhG9bRDb3vSTg-qkPAZg,Gweilo-60,2019-03-10 12:01:51.659023,11105,0
UChXOhG9bRDb3vSTg-qkPAZg,Gweilo-60,2019-03-10 12:00:51.098997,11105,0
UChXOhG9bRDb3vSTg-qkPAZg,Gweilo-60,2019-03-10 11:59:50.801975,11105,0
UChXOhG9bRDb3vSTg-qkPAZg,Gweilo-60,2019-03-10 11:58:51.22513,11105,0
UChXOhG9bRDb3vSTg-qkPAZg,Gweilo-60,2019-03-10 11:57:50.966759,11105,0
UChXOhG9bRDb3vSTg-qkPAZg,Gweilo-60,2019-03-10 11:56:51.185224,11105,0
UChXOhG9bRDb3vSTg-qkPAZg,Gweilo-60,2019-03-10 11:55:50.727421,11105,0
UChXOhG9bRDb3vSTg-qkPAZg,Gweilo-60,2019-03-10 11:54:51.3197,11105,0
UChXOhG9bRDb3vSTg-qkPAZg,Gweilo-60,2019-03-10 11:53:50.973022,11105,0
UChXOhG9bRDb3vSTg-qkPAZg,Gweilo-60,2019-03-10 11:52:50.945994,11105,0
UChXOhG9bRDb3vSTg-qkPAZg,Gweilo-60,2019-03-10 11:51:51.437034,11105,0
UChXOhG9bRDb3vSTg-qkPAZg,Gweilo-60,2019-03-10 11:50:51.361904,11105,0
UChXOhG9bRDb3vSTg-qkPAZg,Gweilo-60,2019-03-10 11:49:51.160005,11105,0
UChXOhG9bRDb3vSTg-qkPAZg,Gweilo-60,2019-03-10 11:48:50.687547,11105,0
UChXOhG9bRDb3vSTg-qkPAZg,Gweilo-60,2019-03-10 11:47:51.118398,11105,0
UChXOhG9bRDb3vSTg-qkPAZg,Gweilo-60,2019-03-10 11:46:50.834673,11105,0
UChXOhG9bRDb3vSTg-qkPAZg,Gweilo-60,2019-03-10 11:45:50.808057,11105,0
UChXOhG9bRDb3vSTg-qkPAZg,Gweilo-60,2019-03-10 11:44:51.459224,11105,0
UChXOhG9bRDb3vSTg-qkPAZg,Gweilo-60,2019-03-10 11:43:54.695467,11105,0
UChXOhG9bRDb3vSTg-qkPAZg,Gweilo-60,2019-03-10 11:42:51.353092,11105,0
UChXOhG9bRDb3vSTg-qkPAZg,Gweilo-60,2019-03-10 11:41:51.112274,11105,0
UChXOhG9bRDb3vSTg-qkPAZg,Gweilo-60,2019-03-10 11:40:51.083386,11105,0
UChXOhG9bRDb3vSTg-qkPAZg,Gweilo-60,2019-03-10 11:39:51.303231,11105,0
UChXOhG9bRDb3vSTg-qkPAZg,Gweilo-60,2019-03-10 11:38:51.156949,11105,0
UChXOhG9bRDb3vSTg-qkPAZg,Gweilo-60,2019-03-10 11:37:51.045019,11105,0
UChXOhG9bRDb3vSTg-qkPAZg,Gweilo-60,2019-03-10 11:36:51.300996,11105,0
UChXOhG9bRDb3vSTg-qkPAZg,Gweilo-60,2019-03-10 11:35:51.177313,11105,0
UChXOhG9bRDb3vSTg-qkPAZg,Gweilo-60,2019-03-10 11:34:50.972331,11105,0
UChXOhG9bRDb3vSTg-qkPAZg,Gweilo-60,2019-03-10 11:33:50.849809,11105,0
UChXOhG9bRDb3vSTg-qkPAZg,Gweilo-60,2019-03-10 11:32:51.35873,11105,0
UChXOhG9bRDb3vSTg-qkPAZg,Gweilo-60,2019-03-10 11:31:50.894561,11105,0
UChXOhG9bRDb3vSTg-qkPAZg,Gweilo-60,2019-03-10 11:30:50.812575,11105,0
UChXOhG9bRDb3vSTg-qkPAZg,Gweilo-60,2019-03-10 11:29:51.45776,11105,0
UChXOhG9bRDb3vSTg-qkPAZg,Gweilo-60,2019-03-10 11:28:50.771249,11105,0
UChXOhG9bRDb3vSTg-qkPAZg,Gweilo-60,2019-03-10 11:27:50.964105,11105,0
UChXOhG9bRDb3vSTg-qkPAZg,Gweilo-60,2019-03-10 11:26:51.445221,11105,0
UChXOhG9bRDb3vSTg-qkPAZg,Gweilo-60,2019-03-10 11:25:51.153704,11105,0
UChXOhG9bRDb3vSTg-qkPAZg,Gweilo-60,2019-03-10 11:24:50.697472,11105,0
UChXOhG9bRDb3vSTg-qkPAZg,Gweilo-60,2019-03-10 11:23:51.081513,11105,0
UChXOhG9bRDb3vSTg-qkPAZg,Gweilo-60,2019-03-10 11:22:51.446943,11105,0
UChXOhG9bRDb3vSTg-qkPAZg,Gweilo-60,2019-03-10 11:21:51.227105,11105,-1
UChXOhG9bRDb3vSTg-qkPAZg,Gweilo-60,2019-03-10 11:20:51.211887,11106,0
UChXOhG9bRDb3vSTg-qkPAZg,Gweilo-60,2019-03-10 11:19:50.819776,11106,0
UChXOhG9bRDb3vSTg-qkPAZg,Gweilo-60,2019-03-10 11:18:51.223735,11106,0
UChXOhG9bRDb3vSTg-qkPAZg,Gweilo-60,2019-03-10 11:17:51.127443,11106,0
UChXOhG9bRDb3vSTg-qkPAZg,Gweilo-60,2019-03-10 11:16:50.967028,11106,0
UChXOhG9bRDb3vSTg-qkPAZg,Gweilo-60,2019-03-10 11:15:50.810468,11106,0
UChXOhG9bRDb3vSTg-qkPAZg,Gweilo-60,2019-03-10 11:14:51.120333,11106,0
UChXOhG9bRDb3vSTg-qkPAZg,Gweilo-60,2019-03-10 11:13:51.077593,11106,0
UChXOhG9bRDb3vSTg-qkPAZg,Gweilo-60,2019-03-10 11:12:50.766383,11106,0
UChXOhG9bRDb3vSTg-qkPAZg,Gweilo-60,2019-03-10 11:11:51.119778,11106,0
UChXOhG9bRDb3vSTg-qkPAZg,Gweilo-60,2019-03-10 11:10:50.854602,11106,0
UChXOhG9bRDb3vSTg-qkPAZg,Gweilo-60,2019-03-10 11:09:50.620431,11106,0
UChXOhG9bRDb3vSTg-qkPAZg,Gweilo-60,2019-03-10 11:08:50.928348,11106,0
UChXOhG9bRDb3vSTg-qkPAZg,Gweilo-60,2019-03-10 11:07:50.830804,11106,0
UChXOhG9bRDb3vSTg-qkPAZg,Gweilo-60,2019-03-10 11:06:50.723755,11106,0
UChXOhG9bRDb3vSTg-qkPAZg,Gweilo-60,2019-03-10 11:05:50.784464,11106,0
UChXOhG9bRDb3vSTg-qkPAZg,Gweilo-60,2019-03-10 11:04:51.276028,11106,0
UChXOhG9bRDb3vSTg-qkPAZg,Gweilo-60,2019-03-10 11:03:50.525485,11106,0
UChXOhG9bRDb3vSTg-qkPAZg,Gweilo-60,2019-03-10 11:02:51.23994,11106,0
UChXOhG9bRDb3vSTg-qkPAZg,Gweilo-60,2019-03-10 11:01:51.368616,11106,0
UChXOhG9bRDb3vSTg-qkPAZg,Gweilo-60,2019-03-10 11:00:51.077727,11106,0
UChXOhG9bRDb3vSTg-qkPAZg,Gweilo-60,2019-03-10 10:59:50.722308,11106,0
UChXOhG9bRDb3vSTg-qkPAZg,Gweilo-60,2019-03-10 10:58:50.799754,11106,0
UChXOhG9bRDb3vSTg-qkPAZg,Gweilo-60,2019-03-10 10:57:51.331862,11106,0
UChXOhG9bRDb3vSTg-qkPAZg,Gweilo-60,2019-03-10 10:56:50.968966,11106,0
UChXOhG9bRDb3vSTg-qkPAZg,Gweilo-60,2019-03-10 10:55:51.872604,11106,0
UChXOhG9bRDb3vSTg-qkPAZg,Gweilo-60,2019-03-10 10:54:51.044379,11106,0
UChXOhG9bRDb3vSTg-qkPAZg,Gweilo-60,2019-03-10 10:53:50.708617,11106,0
UChXOhG9bRDb3vSTg-qkPAZg,Gweilo-60,2019-03-10 10:52:51.279396,11106,0
UChXOhG9bRDb3vSTg-qkPAZg,Gweilo-60,2019-03-10 10:51:50.66306,11106,0
UChXOhG9bRDb3vSTg-qkPAZg,Gweilo-60,2019-03-10 10:50:51.218176,11106,0
UChXOhG9bRDb3vSTg-qkPAZg,Gweilo-60,2019-03-10 10:49:50.925372,11106,0
UChXOhG9bRDb3vSTg-qkPAZg,Gweilo-60,2019-03-10 10:48:50.775061,11106,0
UChXOhG9bRDb3vSTg-qkPAZg,Gweilo-60,2019-03-10 10:47:50.575879,11106,0
UChXOhG9bRDb3vSTg-qkPAZg,Gweilo-60,2019-03-10 10:46:51.28097,11106,0
UChXOhG9bRDb3vSTg-qkPAZg,Gweilo-60,2019-03-10 10:45:51.456149,11106,0
UChXOhG9bRDb3vSTg-qkPAZg,Gweilo-60,2019-03-10 10:44:51.262413,11106,0
UChXOhG9bRDb3vSTg-qkPAZg,Gweilo-60,2019-03-10 10:43:51.143529,11106,0
UChXOhG9bRDb3vSTg-qkPAZg,Gweilo-60,2019-03-10 10:42:51.300092,11106,1
UChXOhG9bRDb3vSTg-qkPAZg,Gweilo-60,2019-03-10 10:41:51.061105,11105,0
UChXOhG9bRDb3vSTg-qkPAZg,Gweilo-60,2019-03-10 10:40:50.841227,11105,0
UChXOhG9bRDb3vSTg-qkPAZg,Gweilo-60,2019-03-10 10:39:51.598102,11105,0
UChXOhG9bRDb3vSTg-qkPAZg,Gweilo-60,2019-03-10 10:38:51.268868,11105,0
UChXOhG9bRDb3vSTg-qkPAZg,Gweilo-60,2019-03-10 10:37:51.374518,11105,0
UChXOhG9bRDb3vSTg-qkPAZg,Gweilo-60,2019-03-10 10:36:51.180319,11105,0
UChXOhG9bRDb3vSTg-qkPAZg,Gweilo-60,2019-03-10 10:35:50.683383,11105,0
UChXOhG9bRDb3vSTg-qkPAZg,Gweilo-60,2019-03-10 10:34:51.349017,11105,0
UChXOhG9bRDb3vSTg-qkPAZg,Gweilo-60,2019-03-10 10:33:51.104654,11105,0
UChXOhG9bRDb3vSTg-qkPAZg,Gweilo-60,2019-03-10 10:32:51.115278,11105,0
UChXOhG9bRDb3vSTg-qkPAZg,Gweilo-60,2019-03-10 10:31:50.765026,11105,0
UChXOhG9bRDb3vSTg-qkPAZg,Gweilo-60,2019-03-10 10:30:51.222831,11105,0
UChXOhG9bRDb3vSTg-qkPAZg,Gweilo-60,2019-03-10 10:29:51.0454,11105,0
UChXOhG9bRDb3vSTg-qkPAZg,Gweilo-60,2019-03-10 10:28:51.015495,11105,0
UChXOhG9bRDb3vSTg-qkPAZg,Gweilo-60,2019-03-10 10:27:50.745465,11105,0
UChXOhG9bRDb3vSTg-qkPAZg,Gweilo-60,2019-03-10 10:26:50.756639,11105,0
UChXOhG9bRDb3vSTg-qkPAZg,Gweilo-60,2019-03-10 10:25:50.924178,11105,0
UChXOhG9bRDb3vSTg-qkPAZg,Gweilo-60,2019-03-10 10:24:51.066407,11105,0
UChXOhG9bRDb3vSTg-qkPAZg,Gweilo-60,2019-03-10 10:23:51.659703,11105,0
UChXOhG9bRDb3vSTg-qkPAZg,Gweilo-60,2019-03-10 10:22:51.23267,11105,0
UChXOhG9bRDb3vSTg-qkPAZg,Gweilo-60,2019-03-10 10:21:51.648725,11105,0
UChXOhG9bRDb3vSTg-qkPAZg,Gweilo-60,2019-03-10 10:20:51.617422,11105,0
UChXOhG9bRDb3vSTg-qkPAZg,Gweilo-60,2019-03-10 10:19:50.982262,11105,0
UChXOhG9bRDb3vSTg-qkPAZg,Gweilo-60,2019-03-10 10:18:51.241117,11105,0
UChXOhG9bRDb3vSTg-qkPAZg,Gweilo-60,2019-03-10 10:17:51.209185,11105,0
UChXOhG9bRDb3vSTg-qkPAZg,Gweilo-60,2019-03-10 10:16:50.833061,11105,0
UChXOhG9bRDb3vSTg-qkPAZg,Gweilo-60,2019-03-10 10:15:51.455157,11105,0
UChXOhG9bRDb3vSTg-qkPAZg,Gweilo-60,2019-03-10 10:14:50.642965,11105,0
UChXOhG9bRDb3vSTg-qkPAZg,Gweilo-60,2019-03-10 10:13:51.291514,11105,0
UChXOhG9bRDb3vSTg-qkPAZg,Gweilo-60,2019-03-10 10:12:51.292234,11105,0
UChXOhG9bRDb3vSTg-qkPAZg,Gweilo-60,2019-03-10 10:11:51.006144,11105,0
UChXOhG9bRDb3vSTg-qkPAZg,Gweilo-60,2019-03-10 10:10:51.189909,11105,0
UChXOhG9bRDb3vSTg-qkPAZg,Gweilo-60,2019-03-10 10:09:50.833441,11105,0
UChXOhG9bRDb3vSTg-qkPAZg,Gweilo-60,2019-03-10 10:08:51.853982,11105,0
UChXOhG9bRDb3vSTg-qkPAZg,Gweilo-60,2019-03-10 10:07:51.272117,11105,0
UChXOhG9bRDb3vSTg-qkPAZg,Gweilo-60,2019-03-10 10:06:51.016403,11105,0
UChXOhG9bRDb3vSTg-qkPAZg,Gweilo-60,2019-03-10 10:05:50.847584,11105,0
UChXOhG9bRDb3vSTg-qkPAZg,Gweilo-60,2019-03-10 10:04:50.857341,11105,0
UChXOhG9bRDb3vSTg-qkPAZg,Gweilo-60,2019-03-10 10:03:51.41074,11105,0
UChXOhG9bRDb3vSTg-qkPAZg,Gweilo-60,2019-03-10 10:02:51.100746,11105,0
UChXOhG9bRDb3vSTg-qkPAZg,Gweilo-60,2019-03-10 10:01:51.203385,11105,0
UChXOhG9bRDb3vSTg-qkPAZg,Gweilo-60,2019-03-10 10:00:50.91914,11105,0
UChXOhG9bRDb3vSTg-qkPAZg,Gweilo-60,2019-03-10 09:59:51.173249,11105,0
UChXOhG9bRDb3vSTg-qkPAZg,Gweilo-60,2019-03-10 09:58:50.618591,11105,0
UChXOhG9bRDb3vSTg-qkPAZg,Gweilo-60,2019-03-10 09:57:51.029404,11105,0
UChXOhG9bRDb3vSTg-qkPAZg,Gweilo-60,2019-03-10 09:56:50.578106,11105,0
UChXOhG9bRDb3vSTg-qkPAZg,Gweilo-60,2019-03-10 09:55:50.924043,11105,0
UChXOhG9bRDb3vSTg-qkPAZg,Gweilo-60,2019-03-10 09:54:51.190251,11105,1
UChXOhG9bRDb3vSTg-qkPAZg,Gweilo-60,2019-03-10 09:53:51.169417,11104,0
UChXOhG9bRDb3vSTg-qkPAZg,Gweilo-60,2019-03-10 09:52:51.223193,11104,0
UChXOhG9bRDb3vSTg-qkPAZg,Gweilo-60,2019-03-10 09:51:50.777065,11104,0
UChXOhG9bRDb3vSTg-qkPAZg,Gweilo-60,2019-03-10 09:50:51.028878,11104,0
UChXOhG9bRDb3vSTg-qkPAZg,Gweilo-60,2019-03-10 09:49:50.869812,11104,0
UChXOhG9bRDb3vSTg-qkPAZg,Gweilo-60,2019-03-10 09:48:51.518552,11104,0
UChXOhG9bRDb3vSTg-qkPAZg,Gweilo-60,2019-03-10 09:47:51.268484,11104,0
UChXOhG9bRDb3vSTg-qkPAZg,Gweilo-60,2019-03-10 09:46:51.009388,11104,0
UChXOhG9bRDb3vSTg-qkPAZg,Gweilo-60,2019-03-10 09:45:50.962743,11104,0
UChXOhG9bRDb3vSTg-qkPAZg,Gweilo-60,2019-03-10 09:44:51.153029,11104,0
UChXOhG9bRDb3vSTg-qkPAZg,Gweilo-60,2019-03-10 09:43:50.640981,11104,0
UChXOhG9bRDb3vSTg-qkPAZg,Gweilo-60,2019-03-10 09:42:51.968589,11104,0
UChXOhG9bRDb3vSTg-qkPAZg,Gweilo-60,2019-03-10 09:41:51.507871,11104,0
UChXOhG9bRDb3vSTg-qkPAZg,Gweilo-60,2019-03-10 09:40:51.546118,11104,0
UChXOhG9bRDb3vSTg-qkPAZg,Gweilo-60,2019-03-10 09:39:51.079448,11104,0
UChXOhG9bRDb3vSTg-qkPAZg,Gweilo-60,2019-03-10 09:38:51.024708,11104,1
UChXOhG9bRDb3vSTg-qkPAZg,Gweilo-60,2019-03-10 09:37:51.200758,11103,0
UChXOhG9bRDb3vSTg-qkPAZg,Gweilo-60,2019-03-10 09:36:51.09174,11103,0
UChXOhG9bRDb3vSTg-qkPAZg,Gweilo-60,2019-03-10 09:35:51.136021,11103,0
UChXOhG9bRDb3vSTg-qkPAZg,Gweilo-60,2019-03-10 09:34:50.805498,11103,0
UChXOhG9bRDb3vSTg-qkPAZg,Gweilo-60,2019-03-10 09:33:51.006599,11103,0
UChXOhG9bRDb3vSTg-qkPAZg,Gweilo-60,2019-03-10 09:32:50.960446,11103,0
UChXOhG9bRDb3vSTg-qkPAZg,Gweilo-60,2019-03-10 09:31:50.772358,11103,0
UChXOhG9bRDb3vSTg-qkPAZg,Gweilo-60,2019-03-10 09:30:50.822982,11103,0
UChXOhG9bRDb3vSTg-qkPAZg,Gweilo-60,2019-03-10 09:29:51.034375,11103,0
UChXOhG9bRDb3vSTg-qkPAZg,Gweilo-60,2019-03-10 09:28:51.14719,11103,0
UChXOhG9bRDb3vSTg-qkPAZg,Gweilo-60,2019-03-10 09:27:51.032541,11103,0
UChXOhG9bRDb3vSTg-qkPAZg,Gweilo-60,2019-03-10 09:26:51.088146,11103,0
UChXOhG9bRDb3vSTg-qkPAZg,Gweilo-60,2019-03-10 09:25:50.969777,11103,0
UChXOhG9bRDb3vSTg-qkPAZg,Gweilo-60,2019-03-10 09:24:51.155681,11103,0
UChXOhG9bRDb3vSTg-qkPAZg,Gweilo-60,2019-03-10 09:23:50.914684,11103,0
UChXOhG9bRDb3vSTg-qkPAZg,Gweilo-60,2019-03-10 09:22:50.895455,11103,0
UChXOhG9bRDb3vSTg-qkPAZg,Gweilo-60,2019-03-10 09:21:51.48111,11103,0
UChXOhG9bRDb3vSTg-qkPAZg,Gweilo-60,2019-03-10 09:20:51.431295,11103,0
UChXOhG9bRDb3vSTg-qkPAZg,Gweilo-60,2019-03-10 09:19:50.822827,11103,0
UChXOhG9bRDb3vSTg-qkPAZg,Gweilo-60,2019-03-10 09:18:50.882257,11103,0
UChXOhG9bRDb3vSTg-qkPAZg,Gweilo-60,2019-03-10 09:17:51.485722,11103,0
UChXOhG9bRDb3vSTg-qkPAZg,Gweilo-60,2019-03-10 09:16:51.352388,11103,0
UChXOhG9bRDb3vSTg-qkPAZg,Gweilo-60,2019-03-10 09:15:51.173083,11103,0
UChXOhG9bRDb3vSTg-qkPAZg,Gweilo-60,2019-03-10 09:14:51.276125,11103,0
UChXOhG9bRDb3vSTg-qkPAZg,Gweilo-60,2019-03-10 09:13:51.542067,11103,0
UChXOhG9bRDb3vSTg-qkPAZg,Gweilo-60,2019-03-10 09:12:50.896599,11103,1
UChXOhG9bRDb3vSTg-qkPAZg,Gweilo-60,2019-03-10 09:11:51.164538,11102,0
UChXOhG9bRDb3vSTg-qkPAZg,Gweilo-60,2019-03-10 09:10:51.136641,11102,0
UChXOhG9bRDb3vSTg-qkPAZg,Gweilo-60,2019-03-10 09:09:51.196782,11102,0
UChXOhG9bRDb3vSTg-qkPAZg,Gweilo-60,2019-03-10 09:08:50.883644,11102,0
UChXOhG9bRDb3vSTg-qkPAZg,Gweilo-60,2019-03-10 09:07:50.799041,11102,0
UChXOhG9bRDb3vSTg-qkPAZg,Gweilo-60,2019-03-10 09:06:50.93998,11102,0
UChXOhG9bRDb3vSTg-qkPAZg,Gweilo-60,2019-03-10 09:05:51.596212,11102,0
UChXOhG9bRDb3vSTg-qkPAZg,Gweilo-60,2019-03-10 09:04:51.111281,11102,0
UChXOhG9bRDb3vSTg-qkPAZg,Gweilo-60,2019-03-10 09:03:50.898573,11102,0
UChXOhG9bRDb3vSTg-qkPAZg,Gweilo-60,2019-03-10 09:02:50.819728,11102,0
UChXOhG9bRDb3vSTg-qkPAZg,Gweilo-60,2019-03-10 09:01:50.780157,11102,0
UChXOhG9bRDb3vSTg-qkPAZg,Gweilo-60,2019-03-10 09:00:50.845684,11102,0
UChXOhG9bRDb3vSTg-qkPAZg,Gweilo-60,2019-03-10 08:59:50.986209,11102,0
UChXOhG9bRDb3vSTg-qkPAZg,Gweilo-60,2019-03-10 08:58:50.980502,11102,0
UChXOhG9bRDb3vSTg-qkPAZg,Gweilo-60,2019-03-10 08:57:51.032348,11102,0
UChXOhG9bRDb3vSTg-qkPAZg,Gweilo-60,2019-03-10 08:56:51.430871,11102,0
UChXOhG9bRDb3vSTg-qkPAZg,Gweilo-60,2019-03-10 08:55:51.303625,11102,0
UChXOhG9bRDb3vSTg-qkPAZg,Gweilo-60,2019-03-10 08:54:51.005269,11102,0
UChXOhG9bRDb3vSTg-qkPAZg,Gweilo-60,2019-03-10 08:53:51.233749,11102,0
UChXOhG9bRDb3vSTg-qkPAZg,Gweilo-60,2019-03-10 08:52:51.316882,11102,0
UChXOhG9bRDb3vSTg-qkPAZg,Gweilo-60,2019-03-10 08:51:52.249915,11102,0
UChXOhG9bRDb3vSTg-qkPAZg,Gweilo-60,2019-03-10 08:50:50.979875,11102,0
UChXOhG9bRDb3vSTg-qkPAZg,Gweilo-60,2019-03-10 08:49:51.102784,11102,0
UChXOhG9bRDb3vSTg-qkPAZg,Gweilo-60,2019-03-10 08:48:51.030179,11102,0
UChXOhG9bRDb3vSTg-qkPAZg,Gweilo-60,2019-03-10 08:47:51.447537,11102,0
UChXOhG9bRDb3vSTg-qkPAZg,Gweilo-60,2019-03-10 08:46:51.092399,11102,0
UChXOhG9bRDb3vSTg-qkPAZg,Gweilo-60,2019-03-10 08:45:51.239618,11102,0
UChXOhG9bRDb3vSTg-qkPAZg,Gweilo-60,2019-03-10 08:44:51.233121,11102,0
UChXOhG9bRDb3vSTg-qkPAZg,Gweilo-60,2019-03-10 08:43:51.015283,11102,0
UChXOhG9bRDb3vSTg-qkPAZg,Gweilo-60,2019-03-10 08:42:50.822583,11102,0
UChXOhG9bRDb3vSTg-qkPAZg,Gweilo-60,2019-03-10 08:41:51.220077,11102,0
UChXOhG9bRDb3vSTg-qkPAZg,Gweilo-60,2019-03-10 08:40:51.029478,11102,0
UChXOhG9bRDb3vSTg-qkPAZg,Gweilo-60,2019-03-10 08:39:50.939164,11102,0
UChXOhG9bRDb3vSTg-qkPAZg,Gweilo-60,2019-03-10 08:38:50.968564,11102,0
UChXOhG9bRDb3vSTg-qkPAZg,Gweilo-60,2019-03-10 08:37:51.097832,11102,0
UChXOhG9bRDb3vSTg-qkPAZg,Gweilo-60,2019-03-10 08:36:51.21508,11102,0
UChXOhG9bRDb3vSTg-qkPAZg,Gweilo-60,2019-03-10 08:35:51.089126,11102,0
UChXOhG9bRDb3vSTg-qkPAZg,Gweilo-60,2019-03-10 08:34:51.330291,11102,0
UChXOhG9bRDb3vSTg-qkPAZg,Gweilo-60,2019-03-10 08:33:50.861332,11102,0
UChXOhG9bRDb3vSTg-qkPAZg,Gweilo-60,2019-03-10 08:32:50.857895,11102,0
UChXOhG9bRDb3vSTg-qkPAZg,Gweilo-60,2019-03-10 08:31:50.803924,11102,0
UChXOhG9bRDb3vSTg-qkPAZg,Gweilo-60,2019-03-10 08:30:50.858607,11102,0
UChXOhG9bRDb3vSTg-qkPAZg,Gweilo-60,2019-03-10 08:29:52.292777,11102,0
UChXOhG9bRDb3vSTg-qkPAZg,Gweilo-60,2019-03-10 08:28:50.886212,11102,0
UChXOhG9bRDb3vSTg-qkPAZg,Gweilo-60,2019-03-10 08:27:51.096205,11102,0
UChXOhG9bRDb3vSTg-qkPAZg,Gweilo-60,2019-03-10 08:26:50.813773,11102,0
UChXOhG9bRDb3vSTg-qkPAZg,Gweilo-60,2019-03-10 08:25:50.96931,11102,0
UChXOhG9bRDb3vSTg-qkPAZg,Gweilo-60,2019-03-10 08:24:51.112537,11102,0
UChXOhG9bRDb3vSTg-qkPAZg,Gweilo-60,2019-03-10 08:23:50.919874,11102,0
UChXOhG9bRDb3vSTg-qkPAZg,Gweilo-60,2019-03-10 08:22:50.819669,11102,0
UChXOhG9bRDb3vSTg-qkPAZg,Gweilo-60,2019-03-10 08:21:51.120989,11102,0
UChXOhG9bRDb3vSTg-qkPAZg,Gweilo-60,2019-03-10 08:20:51.067799,11102,0
UChXOhG9bRDb3vSTg-qkPAZg,Gweilo-60,2019-03-10 08:19:50.917631,11102,0
UChXOhG9bRDb3vSTg-qkPAZg,Gweilo-60,2019-03-10 08:18:50.760278,11102,0
UChXOhG9bRDb3vSTg-qkPAZg,Gweilo-60,2019-03-10 08:17:50.846604,11102,0
UChXOhG9bRDb3vSTg-qkPAZg,Gweilo-60,2019-03-10 08:16:50.991022,11102,0
UChXOhG9bRDb3vSTg-qkPAZg,Gweilo-60,2019-03-10 08:15:51.017146,11102,0
UChXOhG9bRDb3vSTg-qkPAZg,Gweilo-60,2019-03-10 08:14:50.945395,11102,0
UChXOhG9bRDb3vSTg-qkPAZg,Gweilo-60,2019-03-10 08:13:51.114283,11102,0
UChXOhG9bRDb3vSTg-qkPAZg,Gweilo-60,2019-03-10 08:12:51.144471,11102,0
UChXOhG9bRDb3vSTg-qkPAZg,Gweilo-60,2019-03-10 08:11:51.158428,11102,0
UChXOhG9bRDb3vSTg-qkPAZg,Gweilo-60,2019-03-10 08:10:51.118599,11102,1
UChXOhG9bRDb3vSTg-qkPAZg,Gweilo-60,2019-03-10 08:09:50.892637,11101,0
UChXOhG9bRDb3vSTg-qkPAZg,Gweilo-60,2019-03-10 08:08:51.713081,11101,0
UChXOhG9bRDb3vSTg-qkPAZg,Gweilo-60,2019-03-10 08:07:50.676716,11101,0
UChXOhG9bRDb3vSTg-qkPAZg,Gweilo-60,2019-03-10 08:06:50.648633,11101,0
UChXOhG9bRDb3vSTg-qkPAZg,Gweilo-60,2019-03-10 08:05:50.878404,11101,0
UChXOhG9bRDb3vSTg-qkPAZg,Gweilo-60,2019-03-10 08:04:51.10424,11101,0
UChXOhG9bRDb3vSTg-qkPAZg,Gweilo-60,2019-03-10 08:03:51.483176,11101,0
UChXOhG9bRDb3vSTg-qkPAZg,Gweilo-60,2019-03-10 08:02:50.796148,11101,0
UChXOhG9bRDb3vSTg-qkPAZg,Gweilo-60,2019-03-10 08:01:50.907942,11101,0
UChXOhG9bRDb3vSTg-qkPAZg,Gweilo-60,2019-03-10 08:00:50.997191,11101,0
UChXOhG9bRDb3vSTg-qkPAZg,Gweilo-60,2019-03-10 07:59:50.95921,11101,0
UChXOhG9bRDb3vSTg-qkPAZg,Gweilo-60,2019-03-10 07:58:50.714446,11101,0
UChXOhG9bRDb3vSTg-qkPAZg,Gweilo-60,2019-03-10 07:57:50.840184,11101,0
UChXOhG9bRDb3vSTg-qkPAZg,Gweilo-60,2019-03-10 07:56:51.018934,11101,0
UChXOhG9bRDb3vSTg-qkPAZg,Gweilo-60,2019-03-10 07:55:50.939976,11101,0
UChXOhG9bRDb3vSTg-qkPAZg,Gweilo-60,2019-03-10 07:54:50.71978,11101,0
UChXOhG9bRDb3vSTg-qkPAZg,Gweilo-60,2019-03-10 07:53:51.060406,11101,0
UChXOhG9bRDb3vSTg-qkPAZg,Gweilo-60,2019-03-10 07:52:51.190284,11101,0
UChXOhG9bRDb3vSTg-qkPAZg,Gweilo-60,2019-03-10 07:51:50.553066,11101,0
UChXOhG9bRDb3vSTg-qkPAZg,Gweilo-60,2019-03-10 07:50:51.915596,11101,0
UChXOhG9bRDb3vSTg-qkPAZg,Gweilo-60,2019-03-10 07:49:51.223997,11101,0
UChXOhG9bRDb3vSTg-qkPAZg,Gweilo-60,2019-03-10 07:48:50.922777,11101,0
UChXOhG9bRDb3vSTg-qkPAZg,Gweilo-60,2019-03-10 07:47:50.95287,11101,0
UChXOhG9bRDb3vSTg-qkPAZg,Gweilo-60,2019-03-10 07:46:50.630821,11101,0
UChXOhG9bRDb3vSTg-qkPAZg,Gweilo-60,2019-03-10 07:45:50.856901,11101,0
UChXOhG9bRDb3vSTg-qkPAZg,Gweilo-60,2019-03-10 07:44:51.094444,11101,0
UChXOhG9bRDb3vSTg-qkPAZg,Gweilo-60,2019-03-10 07:43:50.996302,11101,0
UChXOhG9bRDb3vSTg-qkPAZg,Gweilo-60,2019-03-10 07:42:52.733715,11101,0
UChXOhG9bRDb3vSTg-qkPAZg,Gweilo-60,2019-03-10 07:41:50.592993,11101,0
UChXOhG9bRDb3vSTg-qkPAZg,Gweilo-60,2019-03-10 07:40:50.961466,11101,0
UChXOhG9bRDb3vSTg-qkPAZg,Gweilo-60,2019-03-10 07:39:50.726465,11101,0
UChXOhG9bRDb3vSTg-qkPAZg,Gweilo-60,2019-03-10 07:38:51.657382,11101,0
UChXOhG9bRDb3vSTg-qkPAZg,Gweilo-60,2019-03-10 07:37:51.121488,11101,0
UChXOhG9bRDb3vSTg-qkPAZg,Gweilo-60,2019-03-10 07:36:51.687372,11101,0
UChXOhG9bRDb3vSTg-qkPAZg,Gweilo-60,2019-03-10 07:35:50.59493,11101,0
UChXOhG9bRDb3vSTg-qkPAZg,Gweilo-60,2019-03-10 07:34:50.988564,11101,0
UChXOhG9bRDb3vSTg-qkPAZg,Gweilo-60,2019-03-10 07:33:50.851705,11101,0
UChXOhG9bRDb3vSTg-qkPAZg,Gweilo-60,2019-03-10 07:32:50.786156,11101,0
UChXOhG9bRDb3vSTg-qkPAZg,Gweilo-60,2019-03-10 07:31:51.753961,11101,0
UChXOhG9bRDb3vSTg-qkPAZg,Gweilo-60,2019-03-10 07:30:50.664785,11101,0
UChXOhG9bRDb3vSTg-qkPAZg,Gweilo-60,2019-03-10 07:29:51.065595,11101,0
UChXOhG9bRDb3vSTg-qkPAZg,Gweilo-60,2019-03-10 07:28:50.976721,11101,0
UChXOhG9bRDb3vSTg-qkPAZg,Gweilo-60,2019-03-10 07:27:51.438558,11101,0
UChXOhG9bRDb3vSTg-qkPAZg,Gweilo-60,2019-03-10 07:26:50.771741,11101,0
UChXOhG9bRDb3vSTg-qkPAZg,Gweilo-60,2019-03-10 07:25:50.739232,11101,0
UChXOhG9bRDb3vSTg-qkPAZg,Gweilo-60,2019-03-10 07:24:50.719034,11101,0
UChXOhG9bRDb3vSTg-qkPAZg,Gweilo-60,2019-03-10 07:23:50.674435,11101,0
UChXOhG9bRDb3vSTg-qkPAZg,Gweilo-60,2019-03-10 07:22:50.779078,11101,0
UChXOhG9bRDb3vSTg-qkPAZg,Gweilo-60,2019-03-10 07:21:50.911444,11101,0
UChXOhG9bRDb3vSTg-qkPAZg,Gweilo-60,2019-03-10 07:20:51.111606,11101,0
UChXOhG9bRDb3vSTg-qkPAZg,Gweilo-60,2019-03-10 07:19:50.882349,11101,0
UChXOhG9bRDb3vSTg-qkPAZg,Gweilo-60,2019-03-10 07:18:50.70922,11101,0
UChXOhG9bRDb3vSTg-qkPAZg,Gweilo-60,2019-03-10 07:17:50.925361,11101,0
UChXOhG9bRDb3vSTg-qkPAZg,Gweilo-60,2019-03-10 07:16:51.52474,11101,0
UChXOhG9bRDb3vSTg-qkPAZg,Gweilo-60,2019-03-10 07:15:50.981843,11101,0
UChXOhG9bRDb3vSTg-qkPAZg,Gweilo-60,2019-03-10 07:14:50.910424,11101,0
UChXOhG9bRDb3vSTg-qkPAZg,Gweilo-60,2019-03-10 07:13:51.105358,11101,0
UChXOhG9bRDb3vSTg-qkPAZg,Gweilo-60,2019-03-10 07:12:51.103518,11101,0
UChXOhG9bRDb3vSTg-qkPAZg,Gweilo-60,2019-03-10 07:11:50.96226,11101,0
UChXOhG9bRDb3vSTg-qkPAZg,Gweilo-60,2019-03-10 07:10:50.760958,11101,0
UChXOhG9bRDb3vSTg-qkPAZg,Gweilo-60,2019-03-10 07:09:51.023388,11101,0
UChXOhG9bRDb3vSTg-qkPAZg,Gweilo-60,2019-03-10 07:08:51.11555,11101,0
UChXOhG9bRDb3vSTg-qkPAZg,Gweilo-60,2019-03-10 07:07:51.175854,11101,0
UChXOhG9bRDb3vSTg-qkPAZg,Gweilo-60,2019-03-10 07:06:51.042263,11101,0
UChXOhG9bRDb3vSTg-qkPAZg,Gweilo-60,2019-03-10 07:05:51.067842,11101,0
UChXOhG9bRDb3vSTg-qkPAZg,Gweilo-60,2019-03-10 07:04:50.814819,11101,0
UChXOhG9bRDb3vSTg-qkPAZg,Gweilo-60,2019-03-10 07:03:50.740499,11101,0
UChXOhG9bRDb3vSTg-qkPAZg,Gweilo-60,2019-03-10 07:02:50.77697,11101,0
UChXOhG9bRDb3vSTg-qkPAZg,Gweilo-60,2019-03-10 07:01:50.91642,11101,0
UChXOhG9bRDb3vSTg-qkPAZg,Gweilo-60,2019-03-10 07:00:51.094939,11101,0
UChXOhG9bRDb3vSTg-qkPAZg,Gweilo-60,2019-03-10 06:59:50.722363,11101,0
UChXOhG9bRDb3vSTg-qkPAZg,Gweilo-60,2019-03-10 06:58:50.558558,11101,0
UChXOhG9bRDb3vSTg-qkPAZg,Gweilo-60,2019-03-10 06:57:51.376966,11101,0
UChXOhG9bRDb3vSTg-qkPAZg,Gweilo-60,2019-03-10 06:56:50.923798,11101,0
UChXOhG9bRDb3vSTg-qkPAZg,Gweilo-60,2019-03-10 06:55:51.101717,11101,0
UChXOhG9bRDb3vSTg-qkPAZg,Gweilo-60,2019-03-10 06:54:51.148055,11101,0
UChXOhG9bRDb3vSTg-qkPAZg,Gweilo-60,2019-03-10 06:53:50.837517,11101,0
UChXOhG9bRDb3vSTg-qkPAZg,Gweilo-60,2019-03-10 06:52:50.782005,11101,0
UChXOhG9bRDb3vSTg-qkPAZg,Gweilo-60,2019-03-10 06:51:52.96731,11101,0
UChXOhG9bRDb3vSTg-qkPAZg,Gweilo-60,2019-03-10 06:50:51.76157,11101,0
UChXOhG9bRDb3vSTg-qkPAZg,Gweilo-60,2019-03-10 06:49:51.326037,11101,0
UChXOhG9bRDb3vSTg-qkPAZg,Gweilo-60,2019-03-10 06:48:50.938609,11101,0
UChXOhG9bRDb3vSTg-qkPAZg,Gweilo-60,2019-03-10 06:47:51.1364,11101,0
UChXOhG9bRDb3vSTg-qkPAZg,Gweilo-60,2019-03-10 06:46:51.204171,11101,0
UChXOhG9bRDb3vSTg-qkPAZg,Gweilo-60,2019-03-10 06:45:50.82525,11101,0
UChXOhG9bRDb3vSTg-qkPAZg,Gweilo-60,2019-03-10 06:44:50.8951,11101,0
UChXOhG9bRDb3vSTg-qkPAZg,Gweilo-60,2019-03-10 06:43:51.272583,11101,0
UChXOhG9bRDb3vSTg-qkPAZg,Gweilo-60,2019-03-10 06:42:50.932442,11101,0
UChXOhG9bRDb3vSTg-qkPAZg,Gweilo-60,2019-03-10 06:41:50.959035,11101,0
UChXOhG9bRDb3vSTg-qkPAZg,Gweilo-60,2019-03-10 06:40:51.217866,11101,0
UChXOhG9bRDb3vSTg-qkPAZg,Gweilo-60,2019-03-10 06:39:50.999379,11101,0
UChXOhG9bRDb3vSTg-qkPAZg,Gweilo-60,2019-03-10 06:38:51.035431,11101,0
UChXOhG9bRDb3vSTg-qkPAZg,Gweilo-60,2019-03-10 06:37:51.326022,11101,0
UChXOhG9bRDb3vSTg-qkPAZg,Gweilo-60,2019-03-10 06:36:50.772855,11101,0
UChXOhG9bRDb3vSTg-qkPAZg,Gweilo-60,2019-03-10 06:35:50.827298,11101,0
UChXOhG9bRDb3vSTg-qkPAZg,Gweilo-60,2019-03-10 06:34:51.056402,11101,0
UChXOhG9bRDb3vSTg-qkPAZg,Gweilo-60,2019-03-10 06:33:50.864561,11101,0
UChXOhG9bRDb3vSTg-qkPAZg,Gweilo-60,2019-03-10 06:32:50.907743,11101,0
UChXOhG9bRDb3vSTg-qkPAZg,Gweilo-60,2019-03-10 06:31:51.208297,11101,0
UChXOhG9bRDb3vSTg-qkPAZg,Gweilo-60,2019-03-10 06:30:50.658055,11101,0
UChXOhG9bRDb3vSTg-qkPAZg,Gweilo-60,2019-03-10 06:29:51.426064,11101,0
UChXOhG9bRDb3vSTg-qkPAZg,Gweilo-60,2019-03-10 06:28:51.227013,11101,0
UChXOhG9bRDb3vSTg-qkPAZg,Gweilo-60,2019-03-10 06:27:51.103927,11101,0
UChXOhG9bRDb3vSTg-qkPAZg,Gweilo-60,2019-03-10 06:26:50.8415,11101,0
UChXOhG9bRDb3vSTg-qkPAZg,Gweilo-60,2019-03-10 06:25:50.751068,11101,0
UChXOhG9bRDb3vSTg-qkPAZg,Gweilo-60,2019-03-10 06:24:51.248339,11101,0
UChXOhG9bRDb3vSTg-qkPAZg,Gweilo-60,2019-03-10 06:23:51.030503,11101,0
UChXOhG9bRDb3vSTg-qkPAZg,Gweilo-60,2019-03-10 06:22:51.656416,11101,0
UChXOhG9bRDb3vSTg-qkPAZg,Gweilo-60,2019-03-10 06:21:51.144169,11101,0
UChXOhG9bRDb3vSTg-qkPAZg,Gweilo-60,2019-03-10 06:20:50.94655,11101,0
UChXOhG9bRDb3vSTg-qkPAZg,Gweilo-60,2019-03-10 06:19:51.085297,11101,0
UChXOhG9bRDb3vSTg-qkPAZg,Gweilo-60,2019-03-10 06:18:50.524411,11101,0
UChXOhG9bRDb3vSTg-qkPAZg,Gweilo-60,2019-03-10 06:17:51.389483,11101,0
UChXOhG9bRDb3vSTg-qkPAZg,Gweilo-60,2019-03-10 06:16:50.874087,11101,0
UChXOhG9bRDb3vSTg-qkPAZg,Gweilo-60,2019-03-10 06:15:51.127943,11101,0
UChXOhG9bRDb3vSTg-qkPAZg,Gweilo-60,2019-03-10 06:14:51.41465,11101,0
UChXOhG9bRDb3vSTg-qkPAZg,Gweilo-60,2019-03-10 06:13:51.23596,11101,0
UChXOhG9bRDb3vSTg-qkPAZg,Gweilo-60,2019-03-10 06:12:51.023802,11101,0
UChXOhG9bRDb3vSTg-qkPAZg,Gweilo-60,2019-03-10 06:11:51.028981,11101,0
UChXOhG9bRDb3vSTg-qkPAZg,Gweilo-60,2019-03-10 06:10:51.749958,11101,0
UChXOhG9bRDb3vSTg-qkPAZg,Gweilo-60,2019-03-10 06:09:50.921476,11101,0
UChXOhG9bRDb3vSTg-qkPAZg,Gweilo-60,2019-03-10 06:08:50.739993,11101,0
UChXOhG9bRDb3vSTg-qkPAZg,Gweilo-60,2019-03-10 06:07:51.318022,11101,0
UChXOhG9bRDb3vSTg-qkPAZg,Gweilo-60,2019-03-10 06:06:51.645879,11101,0
UChXOhG9bRDb3vSTg-qkPAZg,Gweilo-60,2019-03-10 06:05:50.692804,11101,0
UChXOhG9bRDb3vSTg-qkPAZg,Gweilo-60,2019-03-10 06:04:50.796649,11101,0
UChXOhG9bRDb3vSTg-qkPAZg,Gweilo-60,2019-03-10 06:03:51.584257,11101,0
UChXOhG9bRDb3vSTg-qkPAZg,Gweilo-60,2019-03-10 06:02:51.33908,11101,0
UChXOhG9bRDb3vSTg-qkPAZg,Gweilo-60,2019-03-10 06:01:51.363329,11101,0
UChXOhG9bRDb3vSTg-qkPAZg,Gweilo-60,2019-03-10 06:00:50.966233,11101,0
UChXOhG9bRDb3vSTg-qkPAZg,Gweilo-60,2019-03-10 05:59:50.900439,11101,0
UChXOhG9bRDb3vSTg-qkPAZg,Gweilo-60,2019-03-10 05:58:51.035563,11101,0
UChXOhG9bRDb3vSTg-qkPAZg,Gweilo-60,2019-03-10 05:57:51.007846,11101,0
UChXOhG9bRDb3vSTg-qkPAZg,Gweilo-60,2019-03-10 05:56:50.944083,11101,0
UChXOhG9bRDb3vSTg-qkPAZg,Gweilo-60,2019-03-10 05:55:50.969747,11101,0
UChXOhG9bRDb3vSTg-qkPAZg,Gweilo-60,2019-03-10 05:54:50.871621,11101,0
UChXOhG9bRDb3vSTg-qkPAZg,Gweilo-60,2019-03-10 05:53:51.429765,11101,0
UChXOhG9bRDb3vSTg-qkPAZg,Gweilo-60,2019-03-10 05:52:51.027012,11101,0
UChXOhG9bRDb3vSTg-qkPAZg,Gweilo-60,2019-03-10 05:51:50.792863,11101,0
UChXOhG9bRDb3vSTg-qkPAZg,Gweilo-60,2019-03-10 05:50:51.101991,11101,0
UChXOhG9bRDb3vSTg-qkPAZg,Gweilo-60,2019-03-10 05:49:50.721632,11101,0
UChXOhG9bRDb3vSTg-qkPAZg,Gweilo-60,2019-03-10 05:48:50.735906,11101,0
UChXOhG9bRDb3vSTg-qkPAZg,Gweilo-60,2019-03-10 05:47:51.190981,11101,0
UChXOhG9bRDb3vSTg-qkPAZg,Gweilo-60,2019-03-10 05:46:51.10364,11101,0
UChXOhG9bRDb3vSTg-qkPAZg,Gweilo-60,2019-03-10 05:45:50.889034,11101,0
UChXOhG9bRDb3vSTg-qkPAZg,Gweilo-60,2019-03-10 05:44:50.946514,11101,0
UChXOhG9bRDb3vSTg-qkPAZg,Gweilo-60,2019-03-10 05:43:50.583407,11101,0
UChXOhG9bRDb3vSTg-qkPAZg,Gweilo-60,2019-03-10 05:42:51.17417,11101,0
UChXOhG9bRDb3vSTg-qkPAZg,Gweilo-60,2019-03-10 05:41:50.956239,11101,0
UChXOhG9bRDb3vSTg-qkPAZg,Gweilo-60,2019-03-10 05:40:50.926744,11101,0
UChXOhG9bRDb3vSTg-qkPAZg,Gweilo-60,2019-03-10 05:39:51.591924,11101,0
UChXOhG9bRDb3vSTg-qkPAZg,Gweilo-60,2019-03-10 05:38:50.704588,11101,0
UChXOhG9bRDb3vSTg-qkPAZg,Gweilo-60,2019-03-10 05:37:52.082439,11101,0
UChXOhG9bRDb3vSTg-qkPAZg,Gweilo-60,2019-03-10 05:36:51.338715,11101,0
UChXOhG9bRDb3vSTg-qkPAZg,Gweilo-60,2019-03-10 05:35:50.975548,11101,0
UChXOhG9bRDb3vSTg-qkPAZg,Gweilo-60,2019-03-10 05:34:50.507339,11101,0
UChXOhG9bRDb3vSTg-qkPAZg,Gweilo-60,2019-03-10 05:33:51.019753,11101,0
UChXOhG9bRDb3vSTg-qkPAZg,Gweilo-60,2019-03-10 05:32:51.129982,11101,0
UChXOhG9bRDb3vSTg-qkPAZg,Gweilo-60,2019-03-10 05:31:51.035,11101,0
UChXOhG9bRDb3vSTg-qkPAZg,Gweilo-60,2019-03-10 05:30:50.755111,11101,0
UChXOhG9bRDb3vSTg-qkPAZg,Gweilo-60,2019-03-10 05:29:51.059492,11101,0
UChXOhG9bRDb3vSTg-qkPAZg,Gweilo-60,2019-03-10 05:28:51.331705,11101,0
UChXOhG9bRDb3vSTg-qkPAZg,Gweilo-60,2019-03-10 05:27:50.797161,11101,0
UChXOhG9bRDb3vSTg-qkPAZg,Gweilo-60,2019-03-10 05:26:51.317173,11101,0
UChXOhG9bRDb3vSTg-qkPAZg,Gweilo-60,2019-03-10 05:25:50.946678,11101,0
UChXOhG9bRDb3vSTg-qkPAZg,Gweilo-60,2019-03-10 05:24:50.874337,11101,0
UChXOhG9bRDb3vSTg-qkPAZg,Gweilo-60,2019-03-10 05:23:51.080107,11101,0
UChXOhG9bRDb3vSTg-qkPAZg,Gweilo-60,2019-03-10 05:22:50.778963,11101,0
UChXOhG9bRDb3vSTg-qkPAZg,Gweilo-60,2019-03-10 05:21:50.974408,11101,0
UChXOhG9bRDb3vSTg-qkPAZg,Gweilo-60,2019-03-10 05:20:51.033769,11101,0
UChXOhG9bRDb3vSTg-qkPAZg,Gweilo-60,2019-03-10 05:19:51.214894,11101,0
UChXOhG9bRDb3vSTg-qkPAZg,Gweilo-60,2019-03-10 05:18:51.073402,11101,0
UChXOhG9bRDb3vSTg-qkPAZg,Gweilo-60,2019-03-10 05:17:50.684883,11101,0
UChXOhG9bRDb3vSTg-qkPAZg,Gweilo-60,2019-03-10 05:16:50.87557,11101,0
UChXOhG9bRDb3vSTg-qkPAZg,Gweilo-60,2019-03-10 05:15:50.565888,11101,0
UChXOhG9bRDb3vSTg-qkPAZg,Gweilo-60,2019-03-10 05:14:51.105412,11101,0
UChXOhG9bRDb3vSTg-qkPAZg,Gweilo-60,2019-03-10 05:13:51.031538,11101,0
UChXOhG9bRDb3vSTg-qkPAZg,Gweilo-60,2019-03-10 05:12:50.896237,11101,0
UChXOhG9bRDb3vSTg-qkPAZg,Gweilo-60,2019-03-10 05:11:51.118431,11101,0
UChXOhG9bRDb3vSTg-qkPAZg,Gweilo-60,2019-03-10 05:10:50.72986,11101,0
UChXOhG9bRDb3vSTg-qkPAZg,Gweilo-60,2019-03-10 05:09:51.158431,11101,0
UChXOhG9bRDb3vSTg-qkPAZg,Gweilo-60,2019-03-10 05:08:50.766945,11101,0
UChXOhG9bRDb3vSTg-qkPAZg,Gweilo-60,2019-03-10 05:07:51.107785,11101,0
UChXOhG9bRDb3vSTg-qkPAZg,Gweilo-60,2019-03-10 05:06:51.179405,11101,0
UChXOhG9bRDb3vSTg-qkPAZg,Gweilo-60,2019-03-10 05:05:51.009788,11101,0
UChXOhG9bRDb3vSTg-qkPAZg,Gweilo-60,2019-03-10 05:04:50.904567,11101,0
UChXOhG9bRDb3vSTg-qkPAZg,Gweilo-60,2019-03-10 05:03:51.111125,11101,0
UChXOhG9bRDb3vSTg-qkPAZg,Gweilo-60,2019-03-10 05:02:51.055032,11101,0
UChXOhG9bRDb3vSTg-qkPAZg,Gweilo-60,2019-03-10 05:01:50.781292,11101,0
UChXOhG9bRDb3vSTg-qkPAZg,Gweilo-60,2019-03-10 05:00:51.254556,11101,0
UChXOhG9bRDb3vSTg-qkPAZg,Gweilo-60,2019-03-10 04:59:51.295389,11101,0
UChXOhG9bRDb3vSTg-qkPAZg,Gweilo-60,2019-03-10 04:58:51.275346,11101,0
UChXOhG9bRDb3vSTg-qkPAZg,Gweilo-60,2019-03-10 04:57:50.669518,11101,0
UChXOhG9bRDb3vSTg-qkPAZg,Gweilo-60,2019-03-10 04:56:50.918392,11101,0
UChXOhG9bRDb3vSTg-qkPAZg,Gweilo-60,2019-03-10 04:55:50.666626,11101,0
UChXOhG9bRDb3vSTg-qkPAZg,Gweilo-60,2019-03-10 04:54:50.609891,11101,0
UChXOhG9bRDb3vSTg-qkPAZg,Gweilo-60,2019-03-10 04:53:51.47324,11101,0
UChXOhG9bRDb3vSTg-qkPAZg,Gweilo-60,2019-03-10 04:52:51.401353,11101,0
UChXOhG9bRDb3vSTg-qkPAZg,Gweilo-60,2019-03-10 04:51:50.966026,11101,0
UChXOhG9bRDb3vSTg-qkPAZg,Gweilo-60,2019-03-10 04:50:50.697581,11101,0
UChXOhG9bRDb3vSTg-qkPAZg,Gweilo-60,2019-03-10 04:49:51.344431,11101,0
UChXOhG9bRDb3vSTg-qkPAZg,Gweilo-60,2019-03-10 04:48:50.677282,11101,0
UChXOhG9bRDb3vSTg-qkPAZg,Gweilo-60,2019-03-10 04:47:51.195819,11101,0
UChXOhG9bRDb3vSTg-qkPAZg,Gweilo-60,2019-03-10 04:46:51.017361,11101,0
UChXOhG9bRDb3vSTg-qkPAZg,Gweilo-60,2019-03-10 04:45:51.223559,11101,0
UChXOhG9bRDb3vSTg-qkPAZg,Gweilo-60,2019-03-10 04:44:51.148492,11101,0
UChXOhG9bRDb3vSTg-qkPAZg,Gweilo-60,2019-03-10 04:43:51.233381,11101,0
UChXOhG9bRDb3vSTg-qkPAZg,Gweilo-60,2019-03-10 04:42:51.165778,11101,0
UChXOhG9bRDb3vSTg-qkPAZg,Gweilo-60,2019-03-10 04:41:51.337989,11101,0
UChXOhG9bRDb3vSTg-qkPAZg,Gweilo-60,2019-03-10 04:40:51.07735,11101,0
UChXOhG9bRDb3vSTg-qkPAZg,Gweilo-60,2019-03-10 04:39:51.298901,11101,0
UChXOhG9bRDb3vSTg-qkPAZg,Gweilo-60,2019-03-10 04:38:50.701928,11101,0
UChXOhG9bRDb3vSTg-qkPAZg,Gweilo-60,2019-03-10 04:37:50.628614,11101,0
UChXOhG9bRDb3vSTg-qkPAZg,Gweilo-60,2019-03-10 04:36:51.795936,11101,0
UChXOhG9bRDb3vSTg-qkPAZg,Gweilo-60,2019-03-10 04:35:50.711797,11101,-1
UChXOhG9bRDb3vSTg-qkPAZg,Gweilo-60,2019-03-10 04:34:50.821809,11102,0
UChXOhG9bRDb3vSTg-qkPAZg,Gweilo-60,2019-03-10 04:33:50.780824,11102,0
UChXOhG9bRDb3vSTg-qkPAZg,Gweilo-60,2019-03-10 04:32:50.633053,11102,0
UChXOhG9bRDb3vSTg-qkPAZg,Gweilo-60,2019-03-10 04:31:50.54645,11102,0
UChXOhG9bRDb3vSTg-qkPAZg,Gweilo-60,2019-03-10 04:30:51.168186,11102,0
UChXOhG9bRDb3vSTg-qkPAZg,Gweilo-60,2019-03-10 04:29:51.038608,11102,0
UChXOhG9bRDb3vSTg-qkPAZg,Gweilo-60,2019-03-10 04:28:51.172095,11102,0
UChXOhG9bRDb3vSTg-qkPAZg,Gweilo-60,2019-03-10 04:27:50.632629,11102,1
UChXOhG9bRDb3vSTg-qkPAZg,Gweilo-60,2019-03-10 04:26:50.80506,11101,0
UChXOhG9bRDb3vSTg-qkPAZg,Gweilo-60,2019-03-10 04:25:51.002657,11101,0
UChXOhG9bRDb3vSTg-qkPAZg,Gweilo-60,2019-03-10 04:24:51.088619,11101,0
UChXOhG9bRDb3vSTg-qkPAZg,Gweilo-60,2019-03-10 04:23:50.528735,11101,0
UChXOhG9bRDb3vSTg-qkPAZg,Gweilo-60,2019-03-10 04:22:50.928484,11101,0
UChXOhG9bRDb3vSTg-qkPAZg,Gweilo-60,2019-03-10 04:21:50.962636,11101,0
UChXOhG9bRDb3vSTg-qkPAZg,Gweilo-60,2019-03-10 04:20:50.776551,11101,0
UChXOhG9bRDb3vSTg-qkPAZg,Gweilo-60,2019-03-10 04:19:50.988208,11101,0
UChXOhG9bRDb3vSTg-qkPAZg,Gweilo-60,2019-03-10 04:18:51.140901,11101,0
UChXOhG9bRDb3vSTg-qkPAZg,Gweilo-60,2019-03-10 04:17:51.318852,11101,0
UChXOhG9bRDb3vSTg-qkPAZg,Gweilo-60,2019-03-10 04:16:51.809009,11101,0
UChXOhG9bRDb3vSTg-qkPAZg,Gweilo-60,2019-03-10 04:15:50.865045,11101,0
UChXOhG9bRDb3vSTg-qkPAZg,Gweilo-60,2019-03-10 04:14:50.953666,11101,0
UChXOhG9bRDb3vSTg-qkPAZg,Gweilo-60,2019-03-10 04:13:51.571282,11101,0
UChXOhG9bRDb3vSTg-qkPAZg,Gweilo-60,2019-03-10 04:12:50.5938,11101,0
UChXOhG9bRDb3vSTg-qkPAZg,Gweilo-60,2019-03-10 04:11:50.833837,11101,0
UChXOhG9bRDb3vSTg-qkPAZg,Gweilo-60,2019-03-10 04:10:51.091275,11101,0
UChXOhG9bRDb3vSTg-qkPAZg,Gweilo-60,2019-03-10 04:09:50.982373,11101,0
UChXOhG9bRDb3vSTg-qkPAZg,Gweilo-60,2019-03-10 04:08:50.650183,11101,0
UChXOhG9bRDb3vSTg-qkPAZg,Gweilo-60,2019-03-10 04:07:50.742541,11101,0
UChXOhG9bRDb3vSTg-qkPAZg,Gweilo-60,2019-03-10 04:06:50.760804,11101,0
UChXOhG9bRDb3vSTg-qkPAZg,Gweilo-60,2019-03-10 04:05:50.958659,11101,0
UChXOhG9bRDb3vSTg-qkPAZg,Gweilo-60,2019-03-10 04:04:51.145093,11101,0
UChXOhG9bRDb3vSTg-qkPAZg,Gweilo-60,2019-03-10 04:03:50.650392,11101,0
UChXOhG9bRDb3vSTg-qkPAZg,Gweilo-60,2019-03-10 04:02:51.180897,11101,0
UChXOhG9bRDb3vSTg-qkPAZg,Gweilo-60,2019-03-10 04:01:50.840252,11101,0
UChXOhG9bRDb3vSTg-qkPAZg,Gweilo-60,2019-03-10 04:00:51.032437,11101,0
UChXOhG9bRDb3vSTg-qkPAZg,Gweilo-60,2019-03-10 03:59:50.509388,11101,0
UChXOhG9bRDb3vSTg-qkPAZg,Gweilo-60,2019-03-10 03:58:51.543246,11101,0
UChXOhG9bRDb3vSTg-qkPAZg,Gweilo-60,2019-03-10 03:57:50.784913,11101,0
UChXOhG9bRDb3vSTg-qkPAZg,Gweilo-60,2019-03-10 03:56:51.164888,11101,0
UChXOhG9bRDb3vSTg-qkPAZg,Gweilo-60,2019-03-10 03:55:50.932694,11101,0
UChXOhG9bRDb3vSTg-qkPAZg,Gweilo-60,2019-03-10 03:54:50.908277,11101,0
UChXOhG9bRDb3vSTg-qkPAZg,Gweilo-60,2019-03-10 03:53:50.52991,11101,0
UChXOhG9bRDb3vSTg-qkPAZg,Gweilo-60,2019-03-10 03:52:50.619013,11101,0
UChXOhG9bRDb3vSTg-qkPAZg,Gweilo-60,2019-03-10 03:51:51.011003,11101,0
UChXOhG9bRDb3vSTg-qkPAZg,Gweilo-60,2019-03-10 03:50:51.266358,11101,0
UChXOhG9bRDb3vSTg-qkPAZg,Gweilo-60,2019-03-10 03:49:51.796966,11101,0
UChXOhG9bRDb3vSTg-qkPAZg,Gweilo-60,2019-03-10 03:48:50.60901,11101,0
UChXOhG9bRDb3vSTg-qkPAZg,Gweilo-60,2019-03-10 03:47:51.288456,11101,0
UChXOhG9bRDb3vSTg-qkPAZg,Gweilo-60,2019-03-10 03:46:50.678513,11101,0
UChXOhG9bRDb3vSTg-qkPAZg,Gweilo-60,2019-03-10 03:45:51.49523,11101,0
UChXOhG9bRDb3vSTg-qkPAZg,Gweilo-60,2019-03-10 03:44:50.755537,11101,0
UChXOhG9bRDb3vSTg-qkPAZg,Gweilo-60,2019-03-10 03:43:50.837281,11101,0
UChXOhG9bRDb3vSTg-qkPAZg,Gweilo-60,2019-03-10 03:42:50.706093,11101,0
UChXOhG9bRDb3vSTg-qkPAZg,Gweilo-60,2019-03-10 03:41:51.180586,11101,0
UChXOhG9bRDb3vSTg-qkPAZg,Gweilo-60,2019-03-10 03:40:50.973426,11101,0
UChXOhG9bRDb3vSTg-qkPAZg,Gweilo-60,2019-03-10 03:39:51.299096,11101,0
UChXOhG9bRDb3vSTg-qkPAZg,Gweilo-60,2019-03-10 03:38:50.745001,11101,0
UChXOhG9bRDb3vSTg-qkPAZg,Gweilo-60,2019-03-10 03:37:51.456846,11101,0
UChXOhG9bRDb3vSTg-qkPAZg,Gweilo-60,2019-03-10 03:36:51.033799,11101,0
UChXOhG9bRDb3vSTg-qkPAZg,Gweilo-60,2019-03-10 03:35:51.01324,11101,0
UChXOhG9bRDb3vSTg-qkPAZg,Gweilo-60,2019-03-10 03:34:51.012037,11101,0
UChXOhG9bRDb3vSTg-qkPAZg,Gweilo-60,2019-03-10 03:33:50.85297,11101,0
UChXOhG9bRDb3vSTg-qkPAZg,Gweilo-60,2019-03-10 03:32:51.188134,11101,0
UChXOhG9bRDb3vSTg-qkPAZg,Gweilo-60,2019-03-10 03:31:50.597356,11101,0
UChXOhG9bRDb3vSTg-qkPAZg,Gweilo-60,2019-03-10 03:30:50.571777,11101,0
UChXOhG9bRDb3vSTg-qkPAZg,Gweilo-60,2019-03-10 03:29:51.029434,11101,0
UChXOhG9bRDb3vSTg-qkPAZg,Gweilo-60,2019-03-10 03:28:50.713889,11101,0
UChXOhG9bRDb3vSTg-qkPAZg,Gweilo-60,2019-03-10 03:27:50.893518,11101,0
UChXOhG9bRDb3vSTg-qkPAZg,Gweilo-60,2019-03-10 03:26:51.08747,11101,0
UChXOhG9bRDb3vSTg-qkPAZg,Gweilo-60,2019-03-10 03:25:51.356581,11101,0
UChXOhG9bRDb3vSTg-qkPAZg,Gweilo-60,2019-03-10 03:24:50.831462,11101,0
UChXOhG9bRDb3vSTg-qkPAZg,Gweilo-60,2019-03-10 03:23:51.544849,11101,0
UChXOhG9bRDb3vSTg-qkPAZg,Gweilo-60,2019-03-10 03:22:50.995404,11101,0
UChXOhG9bRDb3vSTg-qkPAZg,Gweilo-60,2019-03-10 03:21:51.276286,11101,0
UChXOhG9bRDb3vSTg-qkPAZg,Gweilo-60,2019-03-10 03:20:50.866521,11101,0
UChXOhG9bRDb3vSTg-qkPAZg,Gweilo-60,2019-03-10 03:19:50.83673,11101,0
UChXOhG9bRDb3vSTg-qkPAZg,Gweilo-60,2019-03-10 03:18:50.823941,11101,0
UChXOhG9bRDb3vSTg-qkPAZg,Gweilo-60,2019-03-10 03:17:50.833263,11101,0
UChXOhG9bRDb3vSTg-qkPAZg,Gweilo-60,2019-03-10 03:16:50.950916,11101,0
UChXOhG9bRDb3vSTg-qkPAZg,Gweilo-60,2019-03-10 03:15:50.813011,11101,0
UChXOhG9bRDb3vSTg-qkPAZg,Gweilo-60,2019-03-10 03:14:50.994967,11101,0
UChXOhG9bRDb3vSTg-qkPAZg,Gweilo-60,2019-03-10 03:13:51.061182,11101,0
UChXOhG9bRDb3vSTg-qkPAZg,Gweilo-60,2019-03-10 03:12:50.926238,11101,0
UChXOhG9bRDb3vSTg-qkPAZg,Gweilo-60,2019-03-10 03:11:50.887557,11101,0
UChXOhG9bRDb3vSTg-qkPAZg,Gweilo-60,2019-03-10 03:10:50.580655,11101,0
UChXOhG9bRDb3vSTg-qkPAZg,Gweilo-60,2019-03-10 03:09:50.757877,11101,0
UChXOhG9bRDb3vSTg-qkPAZg,Gweilo-60,2019-03-10 03:08:50.598047,11101,0
UChXOhG9bRDb3vSTg-qkPAZg,Gweilo-60,2019-03-10 03:07:51.038956,11101,0
UChXOhG9bRDb3vSTg-qkPAZg,Gweilo-60,2019-03-10 03:06:51.415964,11101,0
UChXOhG9bRDb3vSTg-qkPAZg,Gweilo-60,2019-03-10 03:05:51.139264,11101,0
UChXOhG9bRDb3vSTg-qkPAZg,Gweilo-60,2019-03-10 03:04:50.817889,11101,0
UChXOhG9bRDb3vSTg-qkPAZg,Gweilo-60,2019-03-10 03:03:51.028873,11101,0
UChXOhG9bRDb3vSTg-qkPAZg,Gweilo-60,2019-03-10 03:02:51.163576,11101,0
UChXOhG9bRDb3vSTg-qkPAZg,Gweilo-60,2019-03-10 03:01:50.997007,11101,0
UChXOhG9bRDb3vSTg-qkPAZg,Gweilo-60,2019-03-10 03:00:51.232373,11101,0
UChXOhG9bRDb3vSTg-qkPAZg,Gweilo-60,2019-03-10 02:59:51.124507,11101,0
UChXOhG9bRDb3vSTg-qkPAZg,Gweilo-60,2019-03-10 02:58:50.883379,11101,0
UChXOhG9bRDb3vSTg-qkPAZg,Gweilo-60,2019-03-10 02:57:51.045149,11101,0
UChXOhG9bRDb3vSTg-qkPAZg,Gweilo-60,2019-03-10 02:56:50.747401,11101,0
UChXOhG9bRDb3vSTg-qkPAZg,Gweilo-60,2019-03-10 02:55:51.003865,11101,0
UChXOhG9bRDb3vSTg-qkPAZg,Gweilo-60,2019-03-10 02:54:51.440168,11101,0
UChXOhG9bRDb3vSTg-qkPAZg,Gweilo-60,2019-03-10 02:53:51.14725,11101,0
UChXOhG9bRDb3vSTg-qkPAZg,Gweilo-60,2019-03-10 02:52:50.686402,11101,0
UChXOhG9bRDb3vSTg-qkPAZg,Gweilo-60,2019-03-10 02:51:51.148143,11101,0
UChXOhG9bRDb3vSTg-qkPAZg,Gweilo-60,2019-03-10 02:50:51.373261,11101,0
UChXOhG9bRDb3vSTg-qkPAZg,Gweilo-60,2019-03-10 02:49:51.261229,11101,0
UChXOhG9bRDb3vSTg-qkPAZg,Gweilo-60,2019-03-10 02:48:51.679047,11101,0
UChXOhG9bRDb3vSTg-qkPAZg,Gweilo-60,2019-03-10 02:47:50.973073,11101,0
UChXOhG9bRDb3vSTg-qkPAZg,Gweilo-60,2019-03-10 02:46:51.156454,11101,0
UChXOhG9bRDb3vSTg-qkPAZg,Gweilo-60,2019-03-10 02:45:50.849771,11101,0
UChXOhG9bRDb3vSTg-qkPAZg,Gweilo-60,2019-03-10 02:44:51.135836,11101,0
UChXOhG9bRDb3vSTg-qkPAZg,Gweilo-60,2019-03-10 02:43:51.11713,11101,0
UChXOhG9bRDb3vSTg-qkPAZg,Gweilo-60,2019-03-10 02:42:51.043063,11101,0
UChXOhG9bRDb3vSTg-qkPAZg,Gweilo-60,2019-03-10 02:41:50.887837,11101,0
UChXOhG9bRDb3vSTg-qkPAZg,Gweilo-60,2019-03-10 02:40:51.0923,11101,0
UChXOhG9bRDb3vSTg-qkPAZg,Gweilo-60,2019-03-10 02:39:51.25229,11101,0
UChXOhG9bRDb3vSTg-qkPAZg,Gweilo-60,2019-03-10 02:38:51.299625,11101,0
UChXOhG9bRDb3vSTg-qkPAZg,Gweilo-60,2019-03-10 02:37:50.71904,11101,0
UChXOhG9bRDb3vSTg-qkPAZg,Gweilo-60,2019-03-10 02:36:50.954226,11101,0
UChXOhG9bRDb3vSTg-qkPAZg,Gweilo-60,2019-03-10 02:35:50.934986,11101,0
UChXOhG9bRDb3vSTg-qkPAZg,Gweilo-60,2019-03-10 02:34:51.144323,11101,0
UChXOhG9bRDb3vSTg-qkPAZg,Gweilo-60,2019-03-10 02:33:50.835833,11101,0
UChXOhG9bRDb3vSTg-qkPAZg,Gweilo-60,2019-03-10 02:32:50.690721,11101,0
UChXOhG9bRDb3vSTg-qkPAZg,Gweilo-60,2019-03-10 02:31:50.97417,11101,0
UChXOhG9bRDb3vSTg-qkPAZg,Gweilo-60,2019-03-10 02:30:51.589648,11101,0
UChXOhG9bRDb3vSTg-qkPAZg,Gweilo-60,2019-03-10 02:29:50.966586,11101,0
UChXOhG9bRDb3vSTg-qkPAZg,Gweilo-60,2019-03-10 02:28:50.825474,11101,0
UChXOhG9bRDb3vSTg-qkPAZg,Gweilo-60,2019-03-10 02:27:51.006415,11101,0
UChXOhG9bRDb3vSTg-qkPAZg,Gweilo-60,2019-03-10 02:26:50.909602,11101,0
UChXOhG9bRDb3vSTg-qkPAZg,Gweilo-60,2019-03-10 02:25:50.540106,11101,0
UChXOhG9bRDb3vSTg-qkPAZg,Gweilo-60,2019-03-10 02:24:50.631719,11101,0
UChXOhG9bRDb3vSTg-qkPAZg,Gweilo-60,2019-03-10 02:23:51.555722,11101,0
UChXOhG9bRDb3vSTg-qkPAZg,Gweilo-60,2019-03-10 02:22:50.781128,11101,0
UChXOhG9bRDb3vSTg-qkPAZg,Gweilo-60,2019-03-10 02:21:51.012084,11101,0
UChXOhG9bRDb3vSTg-qkPAZg,Gweilo-60,2019-03-10 02:20:50.693464,11101,0
UChXOhG9bRDb3vSTg-qkPAZg,Gweilo-60,2019-03-10 02:19:51.01378,11101,0
UChXOhG9bRDb3vSTg-qkPAZg,Gweilo-60,2019-03-10 02:18:50.544047,11101,0
UChXOhG9bRDb3vSTg-qkPAZg,Gweilo-60,2019-03-10 02:17:50.849521,11101,0
UChXOhG9bRDb3vSTg-qkPAZg,Gweilo-60,2019-03-10 02:16:50.748233,11101,0
UChXOhG9bRDb3vSTg-qkPAZg,Gweilo-60,2019-03-10 02:15:51.20115,11101,0
UChXOhG9bRDb3vSTg-qkPAZg,Gweilo-60,2019-03-10 02:14:51.235745,11101,0
UChXOhG9bRDb3vSTg-qkPAZg,Gweilo-60,2019-03-10 02:13:50.869198,11101,0
UChXOhG9bRDb3vSTg-qkPAZg,Gweilo-60,2019-03-10 02:12:50.80425,11101,0
UChXOhG9bRDb3vSTg-qkPAZg,Gweilo-60,2019-03-10 02:11:50.958669,11101,0
UChXOhG9bRDb3vSTg-qkPAZg,Gweilo-60,2019-03-10 02:10:51.232365,11101,0
UChXOhG9bRDb3vSTg-qkPAZg,Gweilo-60,2019-03-10 02:09:51.104979,11101,0
UChXOhG9bRDb3vSTg-qkPAZg,Gweilo-60,2019-03-10 02:08:50.909974,11101,0
UChXOhG9bRDb3vSTg-qkPAZg,Gweilo-60,2019-03-10 02:07:50.882969,11101,0
UChXOhG9bRDb3vSTg-qkPAZg,Gweilo-60,2019-03-10 02:06:51.620016,11101,0
UChXOhG9bRDb3vSTg-qkPAZg,Gweilo-60,2019-03-10 02:05:50.818381,11101,0
UChXOhG9bRDb3vSTg-qkPAZg,Gweilo-60,2019-03-10 02:04:50.996486,11101,0
UChXOhG9bRDb3vSTg-qkPAZg,Gweilo-60,2019-03-10 02:03:51.420371,11101,0
UChXOhG9bRDb3vSTg-qkPAZg,Gweilo-60,2019-03-10 02:02:51.002061,11101,0
UChXOhG9bRDb3vSTg-qkPAZg,Gweilo-60,2019-03-10 02:01:51.121701,11101,0
UChXOhG9bRDb3vSTg-qkPAZg,Gweilo-60,2019-03-10 02:00:51.123411,11101,0
UChXOhG9bRDb3vSTg-qkPAZg,Gweilo-60,2019-03-10 01:59:51.223562,11101,0
UChXOhG9bRDb3vSTg-qkPAZg,Gweilo-60,2019-03-10 01:58:51.05155,11101,0
UChXOhG9bRDb3vSTg-qkPAZg,Gweilo-60,2019-03-10 01:57:50.966521,11101,0
UChXOhG9bRDb3vSTg-qkPAZg,Gweilo-60,2019-03-10 01:56:51.058323,11101,0
UChXOhG9bRDb3vSTg-qkPAZg,Gweilo-60,2019-03-10 01:55:51.373153,11101,0
UChXOhG9bRDb3vSTg-qkPAZg,Gweilo-60,2019-03-10 01:54:51.240394,11101,0
UChXOhG9bRDb3vSTg-qkPAZg,Gweilo-60,2019-03-10 01:53:51.485272,11101,0
UChXOhG9bRDb3vSTg-qkPAZg,Gweilo-60,2019-03-10 01:52:51.170672,11101,0
UChXOhG9bRDb3vSTg-qkPAZg,Gweilo-60,2019-03-10 01:51:50.979596,11101,0
UChXOhG9bRDb3vSTg-qkPAZg,Gweilo-60,2019-03-10 01:50:51.343025,11101,0
UChXOhG9bRDb3vSTg-qkPAZg,Gweilo-60,2019-03-10 01:49:51.500607,11101,0
UChXOhG9bRDb3vSTg-qkPAZg,Gweilo-60,2019-03-10 01:48:51.158805,11101,0
UChXOhG9bRDb3vSTg-qkPAZg,Gweilo-60,2019-03-10 01:47:51.219343,11101,0
UChXOhG9bRDb3vSTg-qkPAZg,Gweilo-60,2019-03-10 01:46:51.449802,11101,0
UChXOhG9bRDb3vSTg-qkPAZg,Gweilo-60,2019-03-10 01:45:51.539524,11101,0
UChXOhG9bRDb3vSTg-qkPAZg,Gweilo-60,2019-03-10 01:44:50.574939,11101,0
UChXOhG9bRDb3vSTg-qkPAZg,Gweilo-60,2019-03-10 01:43:50.925517,11101,0
UChXOhG9bRDb3vSTg-qkPAZg,Gweilo-60,2019-03-10 01:42:50.814939,11101,0
UChXOhG9bRDb3vSTg-qkPAZg,Gweilo-60,2019-03-10 01:41:50.956132,11101,0
UChXOhG9bRDb3vSTg-qkPAZg,Gweilo-60,2019-03-10 01:40:50.571691,11101,0
UChXOhG9bRDb3vSTg-qkPAZg,Gweilo-60,2019-03-10 01:39:50.887272,11101,0
UChXOhG9bRDb3vSTg-qkPAZg,Gweilo-60,2019-03-10 01:38:51.493726,11101,0
UChXOhG9bRDb3vSTg-qkPAZg,Gweilo-60,2019-03-10 01:37:50.713404,11101,0
UChXOhG9bRDb3vSTg-qkPAZg,Gweilo-60,2019-03-10 01:36:51.27128,11101,0
UChXOhG9bRDb3vSTg-qkPAZg,Gweilo-60,2019-03-10 01:35:51.091009,11101,0
UChXOhG9bRDb3vSTg-qkPAZg,Gweilo-60,2019-03-10 01:34:50.746646,11101,0
UChXOhG9bRDb3vSTg-qkPAZg,Gweilo-60,2019-03-10 01:33:50.795565,11101,0
UChXOhG9bRDb3vSTg-qkPAZg,Gweilo-60,2019-03-10 01:32:51.080946,11101,0
UChXOhG9bRDb3vSTg-qkPAZg,Gweilo-60,2019-03-10 01:31:50.862632,11101,0
UChXOhG9bRDb3vSTg-qkPAZg,Gweilo-60,2019-03-10 01:30:50.746858,11101,0
UChXOhG9bRDb3vSTg-qkPAZg,Gweilo-60,2019-03-10 01:29:51.168039,11101,0
UChXOhG9bRDb3vSTg-qkPAZg,Gweilo-60,2019-03-10 01:28:50.851284,11101,0
UChXOhG9bRDb3vSTg-qkPAZg,Gweilo-60,2019-03-10 01:27:51.307192,11101,0
UChXOhG9bRDb3vSTg-qkPAZg,Gweilo-60,2019-03-10 01:26:50.788215,11101,0
UChXOhG9bRDb3vSTg-qkPAZg,Gweilo-60,2019-03-10 01:25:51.195263,11101,0
UChXOhG9bRDb3vSTg-qkPAZg,Gweilo-60,2019-03-10 01:24:51.051738,11101,0
UChXOhG9bRDb3vSTg-qkPAZg,Gweilo-60,2019-03-10 01:23:50.786947,11101,0
UChXOhG9bRDb3vSTg-qkPAZg,Gweilo-60,2019-03-10 01:22:50.920401,11101,0
UChXOhG9bRDb3vSTg-qkPAZg,Gweilo-60,2019-03-10 01:21:51.28501,11101,0
UChXOhG9bRDb3vSTg-qkPAZg,Gweilo-60,2019-03-10 01:20:51.232042,11101,0
UChXOhG9bRDb3vSTg-qkPAZg,Gweilo-60,2019-03-10 01:19:51.033219,11101,0
UChXOhG9bRDb3vSTg-qkPAZg,Gweilo-60,2019-03-10 01:18:50.722299,11101,0
UChXOhG9bRDb3vSTg-qkPAZg,Gweilo-60,2019-03-10 01:17:50.726822,11101,0
UChXOhG9bRDb3vSTg-qkPAZg,Gweilo-60,2019-03-10 01:16:50.669366,11101,0
UChXOhG9bRDb3vSTg-qkPAZg,Gweilo-60,2019-03-10 01:15:51.001965,11101,0
UChXOhG9bRDb3vSTg-qkPAZg,Gweilo-60,2019-03-10 01:14:50.791417,11101,0
UChXOhG9bRDb3vSTg-qkPAZg,Gweilo-60,2019-03-10 01:13:51.113283,11101,0
UChXOhG9bRDb3vSTg-qkPAZg,Gweilo-60,2019-03-10 01:12:51.142208,11101,0
UChXOhG9bRDb3vSTg-qkPAZg,Gweilo-60,2019-03-10 01:11:50.875026,11101,0
UChXOhG9bRDb3vSTg-qkPAZg,Gweilo-60,2019-03-10 01:10:50.948167,11101,0
UChXOhG9bRDb3vSTg-qkPAZg,Gweilo-60,2019-03-10 01:09:50.903004,11101,0
UChXOhG9bRDb3vSTg-qkPAZg,Gweilo-60,2019-03-10 01:08:51.113333,11101,0
UChXOhG9bRDb3vSTg-qkPAZg,Gweilo-60,2019-03-10 01:07:50.979386,11101,0
UChXOhG9bRDb3vSTg-qkPAZg,Gweilo-60,2019-03-10 01:06:51.214461,11101,0
UChXOhG9bRDb3vSTg-qkPAZg,Gweilo-60,2019-03-10 01:05:50.799826,11101,0
UChXOhG9bRDb3vSTg-qkPAZg,Gweilo-60,2019-03-10 01:04:50.327899,11101,0
UChXOhG9bRDb3vSTg-qkPAZg,Gweilo-60,2019-03-10 01:03:50.780762,11101,0
UChXOhG9bRDb3vSTg-qkPAZg,Gweilo-60,2019-03-10 01:02:51.072122,11101,0
UChXOhG9bRDb3vSTg-qkPAZg,Gweilo-60,2019-03-10 01:01:51.243865,11101,0
UChXOhG9bRDb3vSTg-qkPAZg,Gweilo-60,2019-03-10 01:00:50.779481,11101,0
UChXOhG9bRDb3vSTg-qkPAZg,Gweilo-60,2019-03-10 00:59:50.732621,11101,0
UChXOhG9bRDb3vSTg-qkPAZg,Gweilo-60,2019-03-10 00:58:50.619586,11101,0
UChXOhG9bRDb3vSTg-qkPAZg,Gweilo-60,2019-03-10 00:57:50.664401,11101,0
UChXOhG9bRDb3vSTg-qkPAZg,Gweilo-60,2019-03-10 00:56:50.722035,11101,0
UChXOhG9bRDb3vSTg-qkPAZg,Gweilo-60,2019-03-10 00:55:51.542063,11101,1
UChXOhG9bRDb3vSTg-qkPAZg,Gweilo-60,2019-03-10 00:54:51.068108,11100,0
UChXOhG9bRDb3vSTg-qkPAZg,Gweilo-60,2019-03-10 00:53:51.194673,11100,0
UChXOhG9bRDb3vSTg-qkPAZg,Gweilo-60,2019-03-10 00:52:50.997075,11100,0
UChXOhG9bRDb3vSTg-qkPAZg,Gweilo-60,2019-03-10 00:51:51.178181,11100,0
UChXOhG9bRDb3vSTg-qkPAZg,Gweilo-60,2019-03-10 00:50:50.857572,11100,0
UChXOhG9bRDb3vSTg-qkPAZg,Gweilo-60,2019-03-10 00:49:50.972845,11100,0
UChXOhG9bRDb3vSTg-qkPAZg,Gweilo-60,2019-03-10 00:48:50.932995,11100,0
UChXOhG9bRDb3vSTg-qkPAZg,Gweilo-60,2019-03-10 00:47:50.99992,11100,0
UChXOhG9bRDb3vSTg-qkPAZg,Gweilo-60,2019-03-10 00:46:50.756674,11100,0
UChXOhG9bRDb3vSTg-qkPAZg,Gweilo-60,2019-03-10 00:45:50.966055,11100,0
UChXOhG9bRDb3vSTg-qkPAZg,Gweilo-60,2019-03-10 00:44:51.10205,11100,0
UChXOhG9bRDb3vSTg-qkPAZg,Gweilo-60,2019-03-10 00:43:51.069875,11100,0
UChXOhG9bRDb3vSTg-qkPAZg,Gweilo-60,2019-03-10 00:42:50.843267,11100,0
UChXOhG9bRDb3vSTg-qkPAZg,Gweilo-60,2019-03-10 00:41:51.022455,11100,0
UChXOhG9bRDb3vSTg-qkPAZg,Gweilo-60,2019-03-10 00:40:51.009671,11100,0
UChXOhG9bRDb3vSTg-qkPAZg,Gweilo-60,2019-03-10 00:39:50.884583,11100,0
UChXOhG9bRDb3vSTg-qkPAZg,Gweilo-60,2019-03-10 00:38:51.869108,11100,0
UChXOhG9bRDb3vSTg-qkPAZg,Gweilo-60,2019-03-10 00:37:50.59099,11100,0
UChXOhG9bRDb3vSTg-qkPAZg,Gweilo-60,2019-03-10 00:36:51.208806,11100,0
UChXOhG9bRDb3vSTg-qkPAZg,Gweilo-60,2019-03-10 00:35:51.167949,11100,0
UChXOhG9bRDb3vSTg-qkPAZg,Gweilo-60,2019-03-10 00:34:51.260953,11100,0
UChXOhG9bRDb3vSTg-qkPAZg,Gweilo-60,2019-03-10 00:33:51.0712,11100,0
UChXOhG9bRDb3vSTg-qkPAZg,Gweilo-60,2019-03-10 00:32:50.734126,11100,0
UChXOhG9bRDb3vSTg-qkPAZg,Gweilo-60,2019-03-10 00:31:51.166086,11100,0
UChXOhG9bRDb3vSTg-qkPAZg,Gweilo-60,2019-03-10 00:30:50.83742,11100,0
UChXOhG9bRDb3vSTg-qkPAZg,Gweilo-60,2019-03-10 00:29:50.601413,11100,0
UChXOhG9bRDb3vSTg-qkPAZg,Gweilo-60,2019-03-10 00:28:50.567688,11100,0
UChXOhG9bRDb3vSTg-qkPAZg,Gweilo-60,2019-03-10 00:27:51.100905,11100,0
UChXOhG9bRDb3vSTg-qkPAZg,Gweilo-60,2019-03-10 00:26:50.741084,11100,0
UChXOhG9bRDb3vSTg-qkPAZg,Gweilo-60,2019-03-10 00:25:51.16917,11100,0
UChXOhG9bRDb3vSTg-qkPAZg,Gweilo-60,2019-03-10 00:24:51.040953,11100,0
UChXOhG9bRDb3vSTg-qkPAZg,Gweilo-60,2019-03-10 00:23:50.939545,11100,0
UChXOhG9bRDb3vSTg-qkPAZg,Gweilo-60,2019-03-10 00:22:50.966939,11100,0
UChXOhG9bRDb3vSTg-qkPAZg,Gweilo-60,2019-03-10 00:21:51.342216,11100,0
UChXOhG9bRDb3vSTg-qkPAZg,Gweilo-60,2019-03-10 00:20:51.09707,11100,0
UChXOhG9bRDb3vSTg-qkPAZg,Gweilo-60,2019-03-10 00:19:50.951911,11100,0
UChXOhG9bRDb3vSTg-qkPAZg,Gweilo-60,2019-03-10 00:18:51.796357,11100,0
UChXOhG9bRDb3vSTg-qkPAZg,Gweilo-60,2019-03-10 00:17:51.877004,11100,0
UChXOhG9bRDb3vSTg-qkPAZg,Gweilo-60,2019-03-10 00:16:51.127081,11100,0
UChXOhG9bRDb3vSTg-qkPAZg,Gweilo-60,2019-03-10 00:15:51.352189,11100,0
UChXOhG9bRDb3vSTg-qkPAZg,Gweilo-60,2019-03-10 00:14:51.214143,11100,0
UChXOhG9bRDb3vSTg-qkPAZg,Gweilo-60,2019-03-10 00:13:51.160284,11100,0
UChXOhG9bRDb3vSTg-qkPAZg,Gweilo-60,2019-03-10 00:12:50.748367,11100,0
UChXOhG9bRDb3vSTg-qkPAZg,Gweilo-60,2019-03-10 00:11:51.217116,11100,0
UChXOhG9bRDb3vSTg-qkPAZg,Gweilo-60,2019-03-10 00:10:51.517189,11100,0
UChXOhG9bRDb3vSTg-qkPAZg,Gweilo-60,2019-03-10 00:09:50.821366,11100,-1
UChXOhG9bRDb3vSTg-qkPAZg,Gweilo-60,2019-03-10 00:08:50.978311,11101,0
UChXOhG9bRDb3vSTg-qkPAZg,Gweilo-60,2019-03-10 00:07:51.633131,11101,0
UChXOhG9bRDb3vSTg-qkPAZg,Gweilo-60,2019-03-10 00:06:50.99033,11101,0
UChXOhG9bRDb3vSTg-qkPAZg,Gweilo-60,2019-03-10 00:05:51.473908,11101,0
UChXOhG9bRDb3vSTg-qkPAZg,Gweilo-60,2019-03-10 00:04:51.629423,11101,0
UChXOhG9bRDb3vSTg-qkPAZg,Gweilo-60,2019-03-10 00:03:51.102837,11101,0
UChXOhG9bRDb3vSTg-qkPAZg,Gweilo-60,2019-03-10 00:02:50.710097,11101,0
UChXOhG9bRDb3vSTg-qkPAZg,Gweilo-60,2019-03-10 00:01:50.80041,11101,0
UChXOhG9bRDb3vSTg-qkPAZg,Gweilo-60,2019-03-10 00:00:51.806863,11101,0
UChXOhG9bRDb3vSTg-qkPAZg,Gweilo-60,2019-03-09 23:59:51.444995,11101,0
UChXOhG9bRDb3vSTg-qkPAZg,Gweilo-60,2019-03-09 23:58:51.069957,11101,0
UChXOhG9bRDb3vSTg-qkPAZg,Gweilo-60,2019-03-09 23:57:51.433026,11101,0
UChXOhG9bRDb3vSTg-qkPAZg,Gweilo-60,2019-03-09 23:56:50.907538,11101,0
UChXOhG9bRDb3vSTg-qkPAZg,Gweilo-60,2019-03-09 23:55:50.99637,11101,0
UChXOhG9bRDb3vSTg-qkPAZg,Gweilo-60,2019-03-09 23:54:50.528509,11101,0
UChXOhG9bRDb3vSTg-qkPAZg,Gweilo-60,2019-03-09 23:53:51.166414,11101,0
UChXOhG9bRDb3vSTg-qkPAZg,Gweilo-60,2019-03-09 23:52:51.272588,11101,0
UChXOhG9bRDb3vSTg-qkPAZg,Gweilo-60,2019-03-09 23:51:50.756642,11101,0
UChXOhG9bRDb3vSTg-qkPAZg,Gweilo-60,2019-03-09 23:50:50.966305,11101,0
UChXOhG9bRDb3vSTg-qkPAZg,Gweilo-60,2019-03-09 23:49:50.987252,11101,0
UChXOhG9bRDb3vSTg-qkPAZg,Gweilo-60,2019-03-09 23:48:51.591365,11101,0
UChXOhG9bRDb3vSTg-qkPAZg,Gweilo-60,2019-03-09 23:47:51.259658,11101,0
UChXOhG9bRDb3vSTg-qkPAZg,Gweilo-60,2019-03-09 23:46:51.923278,11101,0
UChXOhG9bRDb3vSTg-qkPAZg,Gweilo-60,2019-03-09 23:45:50.888413,11101,0
UChXOhG9bRDb3vSTg-qkPAZg,Gweilo-60,2019-03-09 23:44:51.508003,11101,0
UChXOhG9bRDb3vSTg-qkPAZg,Gweilo-60,2019-03-09 23:43:51.39501,11101,0
UChXOhG9bRDb3vSTg-qkPAZg,Gweilo-60,2019-03-09 23:42:51.204009,11101,0
UChXOhG9bRDb3vSTg-qkPAZg,Gweilo-60,2019-03-09 23:41:50.933108,11101,0
UChXOhG9bRDb3vSTg-qkPAZg,Gweilo-60,2019-03-09 23:40:51.279307,11101,0
UChXOhG9bRDb3vSTg-qkPAZg,Gweilo-60,2019-03-09 23:39:50.963786,11101,0
UChXOhG9bRDb3vSTg-qkPAZg,Gweilo-60,2019-03-09 23:38:50.936266,11101,0
UChXOhG9bRDb3vSTg-qkPAZg,Gweilo-60,2019-03-09 23:37:51.601573,11101,0
UChXOhG9bRDb3vSTg-qkPAZg,Gweilo-60,2019-03-09 23:36:51.770486,11101,0
UChXOhG9bRDb3vSTg-qkPAZg,Gweilo-60,2019-03-09 23:35:50.893257,11101,0
UChXOhG9bRDb3vSTg-qkPAZg,Gweilo-60,2019-03-09 23:34:51.059858,11101,0
UChXOhG9bRDb3vSTg-qkPAZg,Gweilo-60,2019-03-09 23:33:50.630754,11101,0
UChXOhG9bRDb3vSTg-qkPAZg,Gweilo-60,2019-03-09 23:32:51.381602,11101,0
UChXOhG9bRDb3vSTg-qkPAZg,Gweilo-60,2019-03-09 23:31:51.529767,11101,0
UChXOhG9bRDb3vSTg-qkPAZg,Gweilo-60,2019-03-09 23:30:51.044963,11101,0
UChXOhG9bRDb3vSTg-qkPAZg,Gweilo-60,2019-03-09 23:29:50.844459,11101,0
UChXOhG9bRDb3vSTg-qkPAZg,Gweilo-60,2019-03-09 23:28:51.157692,11101,0
UChXOhG9bRDb3vSTg-qkPAZg,Gweilo-60,2019-03-09 23:27:51.549849,11101,0
UChXOhG9bRDb3vSTg-qkPAZg,Gweilo-60,2019-03-09 23:26:51.598258,11101,0
UChXOhG9bRDb3vSTg-qkPAZg,Gweilo-60,2019-03-09 23:25:51.506214,11101,0
UChXOhG9bRDb3vSTg-qkPAZg,Gweilo-60,2019-03-09 23:24:51.772305,11101,0
UChXOhG9bRDb3vSTg-qkPAZg,Gweilo-60,2019-03-09 23:23:50.820084,11101,0
UChXOhG9bRDb3vSTg-qkPAZg,Gweilo-60,2019-03-09 23:22:51.74979,11101,0
UChXOhG9bRDb3vSTg-qkPAZg,Gweilo-60,2019-03-09 23:21:51.418597,11101,0
UChXOhG9bRDb3vSTg-qkPAZg,Gweilo-60,2019-03-09 23:20:51.603498,11101,0
UChXOhG9bRDb3vSTg-qkPAZg,Gweilo-60,2019-03-09 23:19:51.340541,11101,0
UChXOhG9bRDb3vSTg-qkPAZg,Gweilo-60,2019-03-09 23:18:51.445622,11101,0
UChXOhG9bRDb3vSTg-qkPAZg,Gweilo-60,2019-03-09 23:17:51.754407,11101,0
UChXOhG9bRDb3vSTg-qkPAZg,Gweilo-60,2019-03-09 23:16:51.18812,11101,0
UChXOhG9bRDb3vSTg-qkPAZg,Gweilo-60,2019-03-09 23:15:51.200282,11101,0
UChXOhG9bRDb3vSTg-qkPAZg,Gweilo-60,2019-03-09 23:14:51.32943,11101,0
UChXOhG9bRDb3vSTg-qkPAZg,Gweilo-60,2019-03-09 23:13:50.964659,11101,0
UChXOhG9bRDb3vSTg-qkPAZg,Gweilo-60,2019-03-09 23:12:51.453482,11101,0
UChXOhG9bRDb3vSTg-qkPAZg,Gweilo-60,2019-03-09 23:11:51.827838,11101,0
UChXOhG9bRDb3vSTg-qkPAZg,Gweilo-60,2019-03-09 23:10:51.766172,11101,0
UChXOhG9bRDb3vSTg-qkPAZg,Gweilo-60,2019-03-09 23:09:51.315009,11101,0
UChXOhG9bRDb3vSTg-qkPAZg,Gweilo-60,2019-03-09 23:08:51.380293,11101,0
UChXOhG9bRDb3vSTg-qkPAZg,Gweilo-60,2019-03-09 23:07:51.153133,11101,0
UChXOhG9bRDb3vSTg-qkPAZg,Gweilo-60,2019-03-09 23:06:51.437987,11101,0
UChXOhG9bRDb3vSTg-qkPAZg,Gweilo-60,2019-03-09 23:05:52.150728,11101,0
UChXOhG9bRDb3vSTg-qkPAZg,Gweilo-60,2019-03-09 23:04:51.162416,11101,0
UChXOhG9bRDb3vSTg-qkPAZg,Gweilo-60,2019-03-09 23:03:51.241489,11101,0
UChXOhG9bRDb3vSTg-qkPAZg,Gweilo-60,2019-03-09 23:02:51.157401,11101,0
UChXOhG9bRDb3vSTg-qkPAZg,Gweilo-60,2019-03-09 23:01:51.840153,11101,0
UChXOhG9bRDb3vSTg-qkPAZg,Gweilo-60,2019-03-09 23:00:50.882252,11101,0
UChXOhG9bRDb3vSTg-qkPAZg,Gweilo-60,2019-03-09 22:59:51.174783,11101,0
UChXOhG9bRDb3vSTg-qkPAZg,Gweilo-60,2019-03-09 22:58:51.054209,11101,0
UChXOhG9bRDb3vSTg-qkPAZg,Gweilo-60,2019-03-09 22:57:51.217199,11101,0
UChXOhG9bRDb3vSTg-qkPAZg,Gweilo-60,2019-03-09 22:56:51.083952,11101,0
UChXOhG9bRDb3vSTg-qkPAZg,Gweilo-60,2019-03-09 22:55:51.384009,11101,0
UChXOhG9bRDb3vSTg-qkPAZg,Gweilo-60,2019-03-09 22:54:51.348112,11101,0
UChXOhG9bRDb3vSTg-qkPAZg,Gweilo-60,2019-03-09 22:53:51.626466,11101,0
UChXOhG9bRDb3vSTg-qkPAZg,Gweilo-60,2019-03-09 22:52:50.944579,11101,0
UChXOhG9bRDb3vSTg-qkPAZg,Gweilo-60,2019-03-09 22:51:51.553117,11101,0
UChXOhG9bRDb3vSTg-qkPAZg,Gweilo-60,2019-03-09 22:50:51.05351,11101,0
UChXOhG9bRDb3vSTg-qkPAZg,Gweilo-60,2019-03-09 22:49:51.677041,11101,0
UChXOhG9bRDb3vSTg-qkPAZg,Gweilo-60,2019-03-09 22:48:50.956604,11101,0
UChXOhG9bRDb3vSTg-qkPAZg,Gweilo-60,2019-03-09 22:47:51.439235,11101,0
UChXOhG9bRDb3vSTg-qkPAZg,Gweilo-60,2019-03-09 22:46:54.742191,11101,0
UChXOhG9bRDb3vSTg-qkPAZg,Gweilo-60,2019-03-09 22:45:51.347379,11101,0
UChXOhG9bRDb3vSTg-qkPAZg,Gweilo-60,2019-03-09 22:44:51.475757,11101,0
UChXOhG9bRDb3vSTg-qkPAZg,Gweilo-60,2019-03-09 22:43:51.480453,11101,0
UChXOhG9bRDb3vSTg-qkPAZg,Gweilo-60,2019-03-09 22:42:51.047211,11101,0
UChXOhG9bRDb3vSTg-qkPAZg,Gweilo-60,2019-03-09 22:41:51.552638,11101,0
UChXOhG9bRDb3vSTg-qkPAZg,Gweilo-60,2019-03-09 22:40:51.293855,11101,0
UChXOhG9bRDb3vSTg-qkPAZg,Gweilo-60,2019-03-09 22:39:51.556166,11101,0
UChXOhG9bRDb3vSTg-qkPAZg,Gweilo-60,2019-03-09 22:38:51.126693,11101,0
UChXOhG9bRDb3vSTg-qkPAZg,Gweilo-60,2019-03-09 22:37:51.519637,11101,0
UChXOhG9bRDb3vSTg-qkPAZg,Gweilo-60,2019-03-09 22:36:51.445965,11101,0
UChXOhG9bRDb3vSTg-qkPAZg,Gweilo-60,2019-03-09 22:35:52.373197,11101,0
UChXOhG9bRDb3vSTg-qkPAZg,Gweilo-60,2019-03-09 22:34:51.699156,11101,0
UChXOhG9bRDb3vSTg-qkPAZg,Gweilo-60,2019-03-09 22:33:51.203883,11101,0
UChXOhG9bRDb3vSTg-qkPAZg,Gweilo-60,2019-03-09 22:32:51.200099,11101,0
UChXOhG9bRDb3vSTg-qkPAZg,Gweilo-60,2019-03-09 22:31:51.08459,11101,0
UChXOhG9bRDb3vSTg-qkPAZg,Gweilo-60,2019-03-09 22:30:52.862397,11101,0
UChXOhG9bRDb3vSTg-qkPAZg,Gweilo-60,2019-03-09 22:29:51.247224,11101,0
UChXOhG9bRDb3vSTg-qkPAZg,Gweilo-60,2019-03-09 22:28:51.088588,11101,0
UChXOhG9bRDb3vSTg-qkPAZg,Gweilo-60,2019-03-09 22:27:51.581301,11101,0
UChXOhG9bRDb3vSTg-qkPAZg,Gweilo-60,2019-03-09 22:26:51.822277,11101,0
UChXOhG9bRDb3vSTg-qkPAZg,Gweilo-60,2019-03-09 22:25:51.231197,11101,0
UChXOhG9bRDb3vSTg-qkPAZg,Gweilo-60,2019-03-09 22:24:50.929115,11101,0
UChXOhG9bRDb3vSTg-qkPAZg,Gweilo-60,2019-03-09 22:23:51.111728,11101,0
UChXOhG9bRDb3vSTg-qkPAZg,Gweilo-60,2019-03-09 22:22:51.422091,11101,0
UChXOhG9bRDb3vSTg-qkPAZg,Gweilo-60,2019-03-09 22:21:51.584391,11101,0
UChXOhG9bRDb3vSTg-qkPAZg,Gweilo-60,2019-03-09 22:20:51.908508,11101,0
UChXOhG9bRDb3vSTg-qkPAZg,Gweilo-60,2019-03-09 22:19:52.02269,11101,0
UChXOhG9bRDb3vSTg-qkPAZg,Gweilo-60,2019-03-09 22:18:51.85846,11101,0
UChXOhG9bRDb3vSTg-qkPAZg,Gweilo-60,2019-03-09 22:17:51.847587,11101,0
UChXOhG9bRDb3vSTg-qkPAZg,Gweilo-60,2019-03-09 22:16:50.9219,11101,0
UChXOhG9bRDb3vSTg-qkPAZg,Gweilo-60,2019-03-09 22:15:51.464926,11101,0
UChXOhG9bRDb3vSTg-qkPAZg,Gweilo-60,2019-03-09 22:14:51.777273,11101,0
UChXOhG9bRDb3vSTg-qkPAZg,Gweilo-60,2019-03-09 22:13:51.48975,11101,0
UChXOhG9bRDb3vSTg-qkPAZg,Gweilo-60,2019-03-09 22:12:51.407428,11101,0
UChXOhG9bRDb3vSTg-qkPAZg,Gweilo-60,2019-03-09 22:11:51.272695,11101,0
UChXOhG9bRDb3vSTg-qkPAZg,Gweilo-60,2019-03-09 22:10:51.556618,11101,0
UChXOhG9bRDb3vSTg-qkPAZg,Gweilo-60,2019-03-09 22:09:51.924989,11101,0
UChXOhG9bRDb3vSTg-qkPAZg,Gweilo-60,2019-03-09 22:08:51.254311,11101,0
UChXOhG9bRDb3vSTg-qkPAZg,Gweilo-60,2019-03-09 22:07:51.901358,11101,0
UChXOhG9bRDb3vSTg-qkPAZg,Gweilo-60,2019-03-09 22:06:51.400329,11101,0
UChXOhG9bRDb3vSTg-qkPAZg,Gweilo-60,2019-03-09 22:05:51.362168,11101,0
UChXOhG9bRDb3vSTg-qkPAZg,Gweilo-60,2019-03-09 22:04:51.572463,11101,0
UChXOhG9bRDb3vSTg-qkPAZg,Gweilo-60,2019-03-09 22:03:50.901188,11101,0
UChXOhG9bRDb3vSTg-qkPAZg,Gweilo-60,2019-03-09 22:02:50.980708,11101,0
UChXOhG9bRDb3vSTg-qkPAZg,Gweilo-60,2019-03-09 22:01:51.503041,11101,0
UChXOhG9bRDb3vSTg-qkPAZg,Gweilo-60,2019-03-09 22:00:51.600183,11101,0
UChXOhG9bRDb3vSTg-qkPAZg,Gweilo-60,2019-03-09 21:59:51.693949,11101,0
UChXOhG9bRDb3vSTg-qkPAZg,Gweilo-60,2019-03-09 21:58:51.169494,11101,0
UChXOhG9bRDb3vSTg-qkPAZg,Gweilo-60,2019-03-09 21:57:51.681734,11101,0
UChXOhG9bRDb3vSTg-qkPAZg,Gweilo-60,2019-03-09 21:56:51.799498,11101,0
UChXOhG9bRDb3vSTg-qkPAZg,Gweilo-60,2019-03-09 21:55:51.105094,11101,0
UChXOhG9bRDb3vSTg-qkPAZg,Gweilo-60,2019-03-09 21:54:51.248462,11101,0
UChXOhG9bRDb3vSTg-qkPAZg,Gweilo-60,2019-03-09 21:53:51.681216,11101,0
UChXOhG9bRDb3vSTg-qkPAZg,Gweilo-60,2019-03-09 21:52:51.086833,11101,0
UChXOhG9bRDb3vSTg-qkPAZg,Gweilo-60,2019-03-09 21:51:51.606139,11101,0
UChXOhG9bRDb3vSTg-qkPAZg,Gweilo-60,2019-03-09 21:50:51.537885,11101,0
UChXOhG9bRDb3vSTg-qkPAZg,Gweilo-60,2019-03-09 21:49:51.718977,11101,0
UChXOhG9bRDb3vSTg-qkPAZg,Gweilo-60,2019-03-09 21:48:51.98372,11101,0
UChXOhG9bRDb3vSTg-qkPAZg,Gweilo-60,2019-03-09 21:47:51.230136,11101,0
UChXOhG9bRDb3vSTg-qkPAZg,Gweilo-60,2019-03-09 21:46:51.121759,11101,0
UChXOhG9bRDb3vSTg-qkPAZg,Gweilo-60,2019-03-09 21:45:50.927145,11101,0
UChXOhG9bRDb3vSTg-qkPAZg,Gweilo-60,2019-03-09 21:44:51.58442,11101,0
UChXOhG9bRDb3vSTg-qkPAZg,Gweilo-60,2019-03-09 21:43:51.781132,11101,0
UChXOhG9bRDb3vSTg-qkPAZg,Gweilo-60,2019-03-09 21:42:51.307609,11101,0
UChXOhG9bRDb3vSTg-qkPAZg,Gweilo-60,2019-03-09 21:41:51.707401,11101,0
UChXOhG9bRDb3vSTg-qkPAZg,Gweilo-60,2019-03-09 21:40:51.093602,11101,0
UChXOhG9bRDb3vSTg-qkPAZg,Gweilo-60,2019-03-09 21:39:51.575848,11101,0
UChXOhG9bRDb3vSTg-qkPAZg,Gweilo-60,2019-03-09 21:38:51.03147,11101,0
UChXOhG9bRDb3vSTg-qkPAZg,Gweilo-60,2019-03-09 21:37:51.370176,11101,0
UChXOhG9bRDb3vSTg-qkPAZg,Gweilo-60,2019-03-09 21:36:51.338385,11101,0
UChXOhG9bRDb3vSTg-qkPAZg,Gweilo-60,2019-03-09 21:35:51.636051,11101,0
UChXOhG9bRDb3vSTg-qkPAZg,Gweilo-60,2019-03-09 21:34:51.812268,11101,0
UChXOhG9bRDb3vSTg-qkPAZg,Gweilo-60,2019-03-09 21:33:51.184304,11101,0
UChXOhG9bRDb3vSTg-qkPAZg,Gweilo-60,2019-03-09 21:32:51.223204,11101,0
UChXOhG9bRDb3vSTg-qkPAZg,Gweilo-60,2019-03-09 21:31:51.092,11101,0
UChXOhG9bRDb3vSTg-qkPAZg,Gweilo-60,2019-03-09 21:30:51.50279,11101,0
UChXOhG9bRDb3vSTg-qkPAZg,Gweilo-60,2019-03-09 21:29:51.679239,11101,0
UChXOhG9bRDb3vSTg-qkPAZg,Gweilo-60,2019-03-09 21:28:51.101326,11101,0
UChXOhG9bRDb3vSTg-qkPAZg,Gweilo-60,2019-03-09 21:27:50.934712,11101,0
UChXOhG9bRDb3vSTg-qkPAZg,Gweilo-60,2019-03-09 21:26:51.032995,11101,0
UChXOhG9bRDb3vSTg-qkPAZg,Gweilo-60,2019-03-09 21:25:50.982943,11101,0
UChXOhG9bRDb3vSTg-qkPAZg,Gweilo-60,2019-03-09 21:24:51.617929,11101,0
UChXOhG9bRDb3vSTg-qkPAZg,Gweilo-60,2019-03-09 21:23:51.580592,11101,0
UChXOhG9bRDb3vSTg-qkPAZg,Gweilo-60,2019-03-09 21:22:51.305168,11101,0
UChXOhG9bRDb3vSTg-qkPAZg,Gweilo-60,2019-03-09 21:21:51.341477,11101,0
UChXOhG9bRDb3vSTg-qkPAZg,Gweilo-60,2019-03-09 21:20:51.163254,11101,0
UChXOhG9bRDb3vSTg-qkPAZg,Gweilo-60,2019-03-09 21:19:51.783082,11101,0
UChXOhG9bRDb3vSTg-qkPAZg,Gweilo-60,2019-03-09 21:18:50.853802,11101,0
UChXOhG9bRDb3vSTg-qkPAZg,Gweilo-60,2019-03-09 21:17:51.178416,11101,0
UChXOhG9bRDb3vSTg-qkPAZg,Gweilo-60,2019-03-09 21:16:51.530672,11101,0
UChXOhG9bRDb3vSTg-qkPAZg,Gweilo-60,2019-03-09 21:15:51.581645,11101,0
UChXOhG9bRDb3vSTg-qkPAZg,Gweilo-60,2019-03-09 21:14:51.56423,11101,0
UChXOhG9bRDb3vSTg-qkPAZg,Gweilo-60,2019-03-09 21:13:52.002206,11101,0
UChXOhG9bRDb3vSTg-qkPAZg,Gweilo-60,2019-03-09 21:12:51.748676,11101,0
UChXOhG9bRDb3vSTg-qkPAZg,Gweilo-60,2019-03-09 21:11:51.307796,11101,0
UChXOhG9bRDb3vSTg-qkPAZg,Gweilo-60,2019-03-09 21:10:51.098362,11101,0
UChXOhG9bRDb3vSTg-qkPAZg,Gweilo-60,2019-03-09 21:09:51.233764,11101,0
UChXOhG9bRDb3vSTg-qkPAZg,Gweilo-60,2019-03-09 21:08:51.558625,11101,0
UChXOhG9bRDb3vSTg-qkPAZg,Gweilo-60,2019-03-09 21:07:51.41668,11101,0
UChXOhG9bRDb3vSTg-qkPAZg,Gweilo-60,2019-03-09 21:06:50.93249,11101,0
UChXOhG9bRDb3vSTg-qkPAZg,Gweilo-60,2019-03-09 21:05:51.506439,11101,0
UChXOhG9bRDb3vSTg-qkPAZg,Gweilo-60,2019-03-09 21:04:51.510273,11101,0
UChXOhG9bRDb3vSTg-qkPAZg,Gweilo-60,2019-03-09 21:03:51.756861,11101,0
UChXOhG9bRDb3vSTg-qkPAZg,Gweilo-60,2019-03-09 21:02:51.474699,11101,0
UChXOhG9bRDb3vSTg-qkPAZg,Gweilo-60,2019-03-09 21:01:50.897812,11101,0
UChXOhG9bRDb3vSTg-qkPAZg,Gweilo-60,2019-03-09 21:00:50.994731,11101,0
UChXOhG9bRDb3vSTg-qkPAZg,Gweilo-60,2019-03-09 20:59:51.302765,11101,0
UChXOhG9bRDb3vSTg-qkPAZg,Gweilo-60,2019-03-09 20:58:51.403352,11101,0
UChXOhG9bRDb3vSTg-qkPAZg,Gweilo-60,2019-03-09 20:57:51.273775,11101,0
UChXOhG9bRDb3vSTg-qkPAZg,Gweilo-60,2019-03-09 20:56:51.842647,11101,0
UChXOhG9bRDb3vSTg-qkPAZg,Gweilo-60,2019-03-09 20:55:51.227842,11101,0
UChXOhG9bRDb3vSTg-qkPAZg,Gweilo-60,2019-03-09 20:54:51.506754,11101,0
UChXOhG9bRDb3vSTg-qkPAZg,Gweilo-60,2019-03-09 20:53:51.674558,11101,0
UChXOhG9bRDb3vSTg-qkPAZg,Gweilo-60,2019-03-09 20:52:51.160514,11101,0
UChXOhG9bRDb3vSTg-qkPAZg,Gweilo-60,2019-03-09 20:51:51.353313,11101,0
UChXOhG9bRDb3vSTg-qkPAZg,Gweilo-60,2019-03-09 20:50:51.436492,11101,0
UChXOhG9bRDb3vSTg-qkPAZg,Gweilo-60,2019-03-09 20:49:51.517664,11101,0
UChXOhG9bRDb3vSTg-qkPAZg,Gweilo-60,2019-03-09 20:48:51.376603,11101,0
UChXOhG9bRDb3vSTg-qkPAZg,Gweilo-60,2019-03-09 20:47:51.596073,11101,0
UChXOhG9bRDb3vSTg-qkPAZg,Gweilo-60,2019-03-09 20:46:51.474931,11101,0
UChXOhG9bRDb3vSTg-qkPAZg,Gweilo-60,2019-03-09 20:45:51.501795,11101,0
UChXOhG9bRDb3vSTg-qkPAZg,Gweilo-60,2019-03-09 20:44:51.330883,11101,0
UChXOhG9bRDb3vSTg-qkPAZg,Gweilo-60,2019-03-09 20:43:51.304629,11101,0
UChXOhG9bRDb3vSTg-qkPAZg,Gweilo-60,2019-03-09 20:42:51.666423,11101,0
UChXOhG9bRDb3vSTg-qkPAZg,Gweilo-60,2019-03-09 20:41:50.726483,11101,0
UChXOhG9bRDb3vSTg-qkPAZg,Gweilo-60,2019-03-09 20:40:50.958266,11101,0
UChXOhG9bRDb3vSTg-qkPAZg,Gweilo-60,2019-03-09 20:39:50.99499,11101,0
UChXOhG9bRDb3vSTg-qkPAZg,Gweilo-60,2019-03-09 20:38:51.537601,11101,0
UChXOhG9bRDb3vSTg-qkPAZg,Gweilo-60,2019-03-09 20:37:51.486692,11101,0
UChXOhG9bRDb3vSTg-qkPAZg,Gweilo-60,2019-03-09 20:36:51.157354,11101,0
UChXOhG9bRDb3vSTg-qkPAZg,Gweilo-60,2019-03-09 20:35:51.703806,11101,0
UChXOhG9bRDb3vSTg-qkPAZg,Gweilo-60,2019-03-09 20:34:51.430621,11101,0
UChXOhG9bRDb3vSTg-qkPAZg,Gweilo-60,2019-03-09 20:33:51.225275,11101,0
UChXOhG9bRDb3vSTg-qkPAZg,Gweilo-60,2019-03-09 20:32:51.374674,11101,0
UChXOhG9bRDb3vSTg-qkPAZg,Gweilo-60,2019-03-09 20:31:51.497117,11101,0
UChXOhG9bRDb3vSTg-qkPAZg,Gweilo-60,2019-03-09 20:30:52.261166,11101,0
UChXOhG9bRDb3vSTg-qkPAZg,Gweilo-60,2019-03-09 20:29:51.264742,11101,0
UChXOhG9bRDb3vSTg-qkPAZg,Gweilo-60,2019-03-09 20:28:51.339562,11101,0
UChXOhG9bRDb3vSTg-qkPAZg,Gweilo-60,2019-03-09 20:27:50.907543,11101,0
UChXOhG9bRDb3vSTg-qkPAZg,Gweilo-60,2019-03-09 20:26:51.370672,11101,0
UChXOhG9bRDb3vSTg-qkPAZg,Gweilo-60,2019-03-09 20:25:51.055613,11101,0
UChXOhG9bRDb3vSTg-qkPAZg,Gweilo-60,2019-03-09 20:24:51.27746,11101,0
UChXOhG9bRDb3vSTg-qkPAZg,Gweilo-60,2019-03-09 20:23:51.333033,11101,0
UChXOhG9bRDb3vSTg-qkPAZg,Gweilo-60,2019-03-09 20:22:51.400752,11101,0
UChXOhG9bRDb3vSTg-qkPAZg,Gweilo-60,2019-03-09 20:21:51.224111,11101,0
UChXOhG9bRDb3vSTg-qkPAZg,Gweilo-60,2019-03-09 20:20:51.467992,11101,0
UChXOhG9bRDb3vSTg-qkPAZg,Gweilo-60,2019-03-09 20:19:51.497719,11101,0
UChXOhG9bRDb3vSTg-qkPAZg,Gweilo-60,2019-03-09 20:18:51.899189,11101,0
UChXOhG9bRDb3vSTg-qkPAZg,Gweilo-60,2019-03-09 20:17:51.139398,11101,0
UChXOhG9bRDb3vSTg-qkPAZg,Gweilo-60,2019-03-09 20:16:50.879415,11101,0
UChXOhG9bRDb3vSTg-qkPAZg,Gweilo-60,2019-03-09 20:15:50.873916,11101,0
UChXOhG9bRDb3vSTg-qkPAZg,Gweilo-60,2019-03-09 20:14:51.321115,11101,0
UChXOhG9bRDb3vSTg-qkPAZg,Gweilo-60,2019-03-09 20:13:51.519885,11101,0
UChXOhG9bRDb3vSTg-qkPAZg,Gweilo-60,2019-03-09 20:12:51.722405,11101,0
UChXOhG9bRDb3vSTg-qkPAZg,Gweilo-60,2019-03-09 20:11:50.817799,11101,0
UChXOhG9bRDb3vSTg-qkPAZg,Gweilo-60,2019-03-09 20:10:51.112621,11101,0
UChXOhG9bRDb3vSTg-qkPAZg,Gweilo-60,2019-03-09 20:09:51.471548,11101,0
UChXOhG9bRDb3vSTg-qkPAZg,Gweilo-60,2019-03-09 20:08:51.39327,11101,0
UChXOhG9bRDb3vSTg-qkPAZg,Gweilo-60,2019-03-09 20:07:51.675009,11101,0
UChXOhG9bRDb3vSTg-qkPAZg,Gweilo-60,2019-03-09 20:06:50.582698,11101,0
UChXOhG9bRDb3vSTg-qkPAZg,Gweilo-60,2019-03-09 20:05:51.410526,11101,0
UChXOhG9bRDb3vSTg-qkPAZg,Gweilo-60,2019-03-09 20:04:52.160726,11101,0
UChXOhG9bRDb3vSTg-qkPAZg,Gweilo-60,2019-03-09 20:03:51.992832,11101,0
UChXOhG9bRDb3vSTg-qkPAZg,Gweilo-60,2019-03-09 20:02:51.576188,11101,0
UChXOhG9bRDb3vSTg-qkPAZg,Gweilo-60,2019-03-09 20:01:51.28353,11101,0
UChXOhG9bRDb3vSTg-qkPAZg,Gweilo-60,2019-03-09 20:00:51.532488,11101,0
UChXOhG9bRDb3vSTg-qkPAZg,Gweilo-60,2019-03-09 19:59:51.372487,11101,0
UChXOhG9bRDb3vSTg-qkPAZg,Gweilo-60,2019-03-09 19:58:51.276881,11101,0
UChXOhG9bRDb3vSTg-qkPAZg,Gweilo-60,2019-03-09 19:57:51.363045,11101,0
UChXOhG9bRDb3vSTg-qkPAZg,Gweilo-60,2019-03-09 19:56:51.268512,11101,0
UChXOhG9bRDb3vSTg-qkPAZg,Gweilo-60,2019-03-09 19:55:51.488594,11101,0
UChXOhG9bRDb3vSTg-qkPAZg,Gweilo-60,2019-03-09 19:54:51.573465,11101,0
UChXOhG9bRDb3vSTg-qkPAZg,Gweilo-60,2019-03-09 19:53:51.571462,11101,0
UChXOhG9bRDb3vSTg-qkPAZg,Gweilo-60,2019-03-09 19:52:51.100146,11101,-1
UChXOhG9bRDb3vSTg-qkPAZg,Gweilo-60,2019-03-09 19:51:51.898778,11102,0
UChXOhG9bRDb3vSTg-qkPAZg,Gweilo-60,2019-03-09 19:50:50.994154,11102,0
UChXOhG9bRDb3vSTg-qkPAZg,Gweilo-60,2019-03-09 19:49:51.229837,11102,0
UChXOhG9bRDb3vSTg-qkPAZg,Gweilo-60,2019-03-09 19:48:51.58034,11102,0
UChXOhG9bRDb3vSTg-qkPAZg,Gweilo-60,2019-03-09 19:47:51.233933,11102,0
UChXOhG9bRDb3vSTg-qkPAZg,Gweilo-60,2019-03-09 19:46:51.135084,11102,0
UChXOhG9bRDb3vSTg-qkPAZg,Gweilo-60,2019-03-09 19:45:51.316778,11102,0
UChXOhG9bRDb3vSTg-qkPAZg,Gweilo-60,2019-03-09 19:44:51.317504,11102,0
UChXOhG9bRDb3vSTg-qkPAZg,Gweilo-60,2019-03-09 19:43:51.503132,11102,0
UChXOhG9bRDb3vSTg-qkPAZg,Gweilo-60,2019-03-09 19:42:50.923905,11102,0
UChXOhG9bRDb3vSTg-qkPAZg,Gweilo-60,2019-03-09 19:41:51.073185,11102,1
UChXOhG9bRDb3vSTg-qkPAZg,Gweilo-60,2019-03-09 19:40:51.462091,11101,0
UChXOhG9bRDb3vSTg-qkPAZg,Gweilo-60,2019-03-09 19:39:50.955794,11101,0
UChXOhG9bRDb3vSTg-qkPAZg,Gweilo-60,2019-03-09 19:38:51.846992,11101,0
UChXOhG9bRDb3vSTg-qkPAZg,Gweilo-60,2019-03-09 19:37:51.216495,11101,0
UChXOhG9bRDb3vSTg-qkPAZg,Gweilo-60,2019-03-09 19:36:51.556048,11101,0
UChXOhG9bRDb3vSTg-qkPAZg,Gweilo-60,2019-03-09 19:35:51.859371,11101,0
UChXOhG9bRDb3vSTg-qkPAZg,Gweilo-60,2019-03-09 19:34:51.745601,11101,0
UChXOhG9bRDb3vSTg-qkPAZg,Gweilo-60,2019-03-09 19:33:51.394356,11101,0
UChXOhG9bRDb3vSTg-qkPAZg,Gweilo-60,2019-03-09 19:32:51.251002,11101,0
UChXOhG9bRDb3vSTg-qkPAZg,Gweilo-60,2019-03-09 19:31:51.379419,11101,0
UChXOhG9bRDb3vSTg-qkPAZg,Gweilo-60,2019-03-09 19:30:51.608209,11101,0
UChXOhG9bRDb3vSTg-qkPAZg,Gweilo-60,2019-03-09 19:29:51.323137,11101,0
UChXOhG9bRDb3vSTg-qkPAZg,Gweilo-60,2019-03-09 19:28:51.325053,11101,0
UChXOhG9bRDb3vSTg-qkPAZg,Gweilo-60,2019-03-09 19:27:51.431208,11101,0
UChXOhG9bRDb3vSTg-qkPAZg,Gweilo-60,2019-03-09 19:26:51.21998,11101,0
UChXOhG9bRDb3vSTg-qkPAZg,Gweilo-60,2019-03-09 19:25:50.735386,11101,0
UChXOhG9bRDb3vSTg-qkPAZg,Gweilo-60,2019-03-09 19:24:52.75685,11101,0
UChXOhG9bRDb3vSTg-qkPAZg,Gweilo-60,2019-03-09 19:23:51.590481,11101,0
UChXOhG9bRDb3vSTg-qkPAZg,Gweilo-60,2019-03-09 19:22:51.376067,11101,0
UChXOhG9bRDb3vSTg-qkPAZg,Gweilo-60,2019-03-09 19:21:51.057122,11101,0
UChXOhG9bRDb3vSTg-qkPAZg,Gweilo-60,2019-03-09 19:20:52.06907,11101,0
UChXOhG9bRDb3vSTg-qkPAZg,Gweilo-60,2019-03-09 19:19:51.810141,11101,0
UChXOhG9bRDb3vSTg-qkPAZg,Gweilo-60,2019-03-09 19:18:51.276498,11101,0
UChXOhG9bRDb3vSTg-qkPAZg,Gweilo-60,2019-03-09 19:17:51.844688,11101,0
UChXOhG9bRDb3vSTg-qkPAZg,Gweilo-60,2019-03-09 19:16:51.313913,11101,0
UChXOhG9bRDb3vSTg-qkPAZg,Gweilo-60,2019-03-09 19:15:54.376438,11101,0
UChXOhG9bRDb3vSTg-qkPAZg,Gweilo-60,2019-03-09 19:14:51.166017,11101,0
UChXOhG9bRDb3vSTg-qkPAZg,Gweilo-60,2019-03-09 19:13:51.176774,11101,0
UChXOhG9bRDb3vSTg-qkPAZg,Gweilo-60,2019-03-09 19:12:51.250327,11101,0
UChXOhG9bRDb3vSTg-qkPAZg,Gweilo-60,2019-03-09 19:11:51.83994,11101,0
UChXOhG9bRDb3vSTg-qkPAZg,Gweilo-60,2019-03-09 19:10:50.748073,11101,0
UChXOhG9bRDb3vSTg-qkPAZg,Gweilo-60,2019-03-09 19:09:51.136727,11101,0
UChXOhG9bRDb3vSTg-qkPAZg,Gweilo-60,2019-03-09 19:08:51.409024,11101,0
UChXOhG9bRDb3vSTg-qkPAZg,Gweilo-60,2019-03-09 19:07:51.549687,11101,0
UChXOhG9bRDb3vSTg-qkPAZg,Gweilo-60,2019-03-09 19:06:51.433764,11101,0
UChXOhG9bRDb3vSTg-qkPAZg,Gweilo-60,2019-03-09 19:05:51.362289,11101,0
UChXOhG9bRDb3vSTg-qkPAZg,Gweilo-60,2019-03-09 19:04:51.389196,11101,0
UChXOhG9bRDb3vSTg-qkPAZg,Gweilo-60,2019-03-09 19:03:51.350598,11101,0
UChXOhG9bRDb3vSTg-qkPAZg,Gweilo-60,2019-03-09 19:02:51.680133,11101,0
UChXOhG9bRDb3vSTg-qkPAZg,Gweilo-60,2019-03-09 19:01:51.056724,11101,0
UChXOhG9bRDb3vSTg-qkPAZg,Gweilo-60,2019-03-09 19:00:51.545116,11101,0
UChXOhG9bRDb3vSTg-qkPAZg,Gweilo-60,2019-03-09 18:59:51.239127,11101,0
UChXOhG9bRDb3vSTg-qkPAZg,Gweilo-60,2019-03-09 18:58:51.449315,11101,0
UChXOhG9bRDb3vSTg-qkPAZg,Gweilo-60,2019-03-09 18:57:51.51433,11101,0
UChXOhG9bRDb3vSTg-qkPAZg,Gweilo-60,2019-03-09 18:56:51.147235,11101,0
UChXOhG9bRDb3vSTg-qkPAZg,Gweilo-60,2019-03-09 18:55:51.043432,11101,0
UChXOhG9bRDb3vSTg-qkPAZg,Gweilo-60,2019-03-09 18:54:51.053757,11101,0
UChXOhG9bRDb3vSTg-qkPAZg,Gweilo-60,2019-03-09 18:53:51.167833,11101,0
UChXOhG9bRDb3vSTg-qkPAZg,Gweilo-60,2019-03-09 18:52:51.288967,11101,0
UChXOhG9bRDb3vSTg-qkPAZg,Gweilo-60,2019-03-09 18:51:52.055256,11101,0
UChXOhG9bRDb3vSTg-qkPAZg,Gweilo-60,2019-03-09 18:50:51.144839,11101,0
UChXOhG9bRDb3vSTg-qkPAZg,Gweilo-60,2019-03-09 18:49:51.524751,11101,0
UChXOhG9bRDb3vSTg-qkPAZg,Gweilo-60,2019-03-09 18:48:51.909485,11101,0
UChXOhG9bRDb3vSTg-qkPAZg,Gweilo-60,2019-03-09 18:47:51.263668,11101,0
UChXOhG9bRDb3vSTg-qkPAZg,Gweilo-60,2019-03-09 18:46:51.634086,11101,0
UChXOhG9bRDb3vSTg-qkPAZg,Gweilo-60,2019-03-09 18:45:51.055074,11101,0
UChXOhG9bRDb3vSTg-qkPAZg,Gweilo-60,2019-03-09 18:44:51.580619,11101,0
UChXOhG9bRDb3vSTg-qkPAZg,Gweilo-60,2019-03-09 18:43:51.917748,11101,0
UChXOhG9bRDb3vSTg-qkPAZg,Gweilo-60,2019-03-09 18:42:51.155943,11101,0
UChXOhG9bRDb3vSTg-qkPAZg,Gweilo-60,2019-03-09 18:41:51.287427,11101,0
UChXOhG9bRDb3vSTg-qkPAZg,Gweilo-60,2019-03-09 18:40:51.905084,11101,0
UChXOhG9bRDb3vSTg-qkPAZg,Gweilo-60,2019-03-09 18:39:51.440151,11101,0
UChXOhG9bRDb3vSTg-qkPAZg,Gweilo-60,2019-03-09 18:38:51.869047,11101,0
UChXOhG9bRDb3vSTg-qkPAZg,Gweilo-60,2019-03-09 18:37:51.432446,11101,0
UChXOhG9bRDb3vSTg-qkPAZg,Gweilo-60,2019-03-09 18:36:51.410722,11101,0
UChXOhG9bRDb3vSTg-qkPAZg,Gweilo-60,2019-03-09 18:35:51.417079,11101,0
UChXOhG9bRDb3vSTg-qkPAZg,Gweilo-60,2019-03-09 18:34:50.783334,11101,0
UChXOhG9bRDb3vSTg-qkPAZg,Gweilo-60,2019-03-09 18:33:50.847475,11101,0
UChXOhG9bRDb3vSTg-qkPAZg,Gweilo-60,2019-03-09 18:32:51.563857,11101,0
UChXOhG9bRDb3vSTg-qkPAZg,Gweilo-60,2019-03-09 18:31:51.836475,11101,0
UChXOhG9bRDb3vSTg-qkPAZg,Gweilo-60,2019-03-09 18:30:51.54956,11101,0
UChXOhG9bRDb3vSTg-qkPAZg,Gweilo-60,2019-03-09 18:29:51.573018,11101,0
UChXOhG9bRDb3vSTg-qkPAZg,Gweilo-60,2019-03-09 18:28:51.034833,11101,0
UChXOhG9bRDb3vSTg-qkPAZg,Gweilo-60,2019-03-09 18:27:52.473245,11101,0
UChXOhG9bRDb3vSTg-qkPAZg,Gweilo-60,2019-03-09 18:26:51.034658,11101,0
UChXOhG9bRDb3vSTg-qkPAZg,Gweilo-60,2019-03-09 18:25:51.969887,11101,0
UChXOhG9bRDb3vSTg-qkPAZg,Gweilo-60,2019-03-09 18:24:51.390667,11101,0
UChXOhG9bRDb3vSTg-qkPAZg,Gweilo-60,2019-03-09 18:23:51.606122,11101,0
UChXOhG9bRDb3vSTg-qkPAZg,Gweilo-60,2019-03-09 18:22:51.216582,11101,0
UChXOhG9bRDb3vSTg-qkPAZg,Gweilo-60,2019-03-09 18:21:51.34691,11101,0
UChXOhG9bRDb3vSTg-qkPAZg,Gweilo-60,2019-03-09 18:20:51.698042,11101,0
UChXOhG9bRDb3vSTg-qkPAZg,Gweilo-60,2019-03-09 18:19:51.423555,11101,0
UChXOhG9bRDb3vSTg-qkPAZg,Gweilo-60,2019-03-09 18:18:51.250036,11101,0
UChXOhG9bRDb3vSTg-qkPAZg,Gweilo-60,2019-03-09 18:17:51.094419,11101,0
UChXOhG9bRDb3vSTg-qkPAZg,Gweilo-60,2019-03-09 18:16:51.542268,11101,0
UChXOhG9bRDb3vSTg-qkPAZg,Gweilo-60,2019-03-09 18:15:51.176318,11101,0
UChXOhG9bRDb3vSTg-qkPAZg,Gweilo-60,2019-03-09 18:14:51.117391,11101,0
UChXOhG9bRDb3vSTg-qkPAZg,Gweilo-60,2019-03-09 18:13:51.258852,11101,0
UChXOhG9bRDb3vSTg-qkPAZg,Gweilo-60,2019-03-09 18:12:51.647577,11101,0
UChXOhG9bRDb3vSTg-qkPAZg,Gweilo-60,2019-03-09 18:11:50.876996,11101,0
UChXOhG9bRDb3vSTg-qkPAZg,Gweilo-60,2019-03-09 18:10:51.823133,11101,0
UChXOhG9bRDb3vSTg-qkPAZg,Gweilo-60,2019-03-09 18:09:51.675435,11101,0
UChXOhG9bRDb3vSTg-qkPAZg,Gweilo-60,2019-03-09 18:08:51.341638,11101,0
UChXOhG9bRDb3vSTg-qkPAZg,Gweilo-60,2019-03-09 18:07:51.003484,11101,0
UChXOhG9bRDb3vSTg-qkPAZg,Gweilo-60,2019-03-09 18:06:50.909607,11101,0
UChXOhG9bRDb3vSTg-qkPAZg,Gweilo-60,2019-03-09 18:05:51.162759,11101,0
UChXOhG9bRDb3vSTg-qkPAZg,Gweilo-60,2019-03-09 18:04:51.207558,11101,0
UChXOhG9bRDb3vSTg-qkPAZg,Gweilo-60,2019-03-09 18:03:51.008951,11101,0
UChXOhG9bRDb3vSTg-qkPAZg,Gweilo-60,2019-03-09 18:02:51.352313,11101,0
UChXOhG9bRDb3vSTg-qkPAZg,Gweilo-60,2019-03-09 18:01:51.348178,11101,1
UChXOhG9bRDb3vSTg-qkPAZg,Gweilo-60,2019-03-09 18:00:51.277494,11100,0
UChXOhG9bRDb3vSTg-qkPAZg,Gweilo-60,2019-03-09 17:59:51.373273,11100,0
UChXOhG9bRDb3vSTg-qkPAZg,Gweilo-60,2019-03-09 17:58:50.963077,11100,0
UChXOhG9bRDb3vSTg-qkPAZg,Gweilo-60,2019-03-09 17:57:51.093388,11100,0
UChXOhG9bRDb3vSTg-qkPAZg,Gweilo-60,2019-03-09 17:56:51.6686,11100,0
UChXOhG9bRDb3vSTg-qkPAZg,Gweilo-60,2019-03-09 17:55:51.481968,11100,0
UChXOhG9bRDb3vSTg-qkPAZg,Gweilo-60,2019-03-09 17:54:51.286381,11100,0
UChXOhG9bRDb3vSTg-qkPAZg,Gweilo-60,2019-03-09 17:53:51.931037,11100,0
UChXOhG9bRDb3vSTg-qkPAZg,Gweilo-60,2019-03-09 17:52:51.921655,11100,0
UChXOhG9bRDb3vSTg-qkPAZg,Gweilo-60,2019-03-09 17:51:51.680221,11100,0
UChXOhG9bRDb3vSTg-qkPAZg,Gweilo-60,2019-03-09 17:50:51.185177,11100,0
UChXOhG9bRDb3vSTg-qkPAZg,Gweilo-60,2019-03-09 17:49:51.486105,11100,0
UChXOhG9bRDb3vSTg-qkPAZg,Gweilo-60,2019-03-09 17:48:51.126717,11100,0
UChXOhG9bRDb3vSTg-qkPAZg,Gweilo-60,2019-03-09 17:47:51.815947,11100,0
UChXOhG9bRDb3vSTg-qkPAZg,Gweilo-60,2019-03-09 17:46:51.365293,11100,0
UChXOhG9bRDb3vSTg-qkPAZg,Gweilo-60,2019-03-09 17:45:51.154403,11100,0
UChXOhG9bRDb3vSTg-qkPAZg,Gweilo-60,2019-03-09 17:44:51.386003,11100,0
UChXOhG9bRDb3vSTg-qkPAZg,Gweilo-60,2019-03-09 17:43:50.991049,11100,0
UChXOhG9bRDb3vSTg-qkPAZg,Gweilo-60,2019-03-09 17:42:51.044869,11100,0
UChXOhG9bRDb3vSTg-qkPAZg,Gweilo-60,2019-03-09 17:41:51.798185,11100,0
UChXOhG9bRDb3vSTg-qkPAZg,Gweilo-60,2019-03-09 17:40:51.631355,11100,0
UChXOhG9bRDb3vSTg-qkPAZg,Gweilo-60,2019-03-09 17:39:51.403162,11100,0
UChXOhG9bRDb3vSTg-qkPAZg,Gweilo-60,2019-03-09 17:38:51.450291,11100,0
UChXOhG9bRDb3vSTg-qkPAZg,Gweilo-60,2019-03-09 17:37:51.728537,11100,0
UChXOhG9bRDb3vSTg-qkPAZg,Gweilo-60,2019-03-09 17:36:51.252348,11100,0
UChXOhG9bRDb3vSTg-qkPAZg,Gweilo-60,2019-03-09 17:35:51.581517,11100,0
UChXOhG9bRDb3vSTg-qkPAZg,Gweilo-60,2019-03-09 17:34:51.993618,11100,0
UChXOhG9bRDb3vSTg-qkPAZg,Gweilo-60,2019-03-09 17:33:51.443725,11100,0
UChXOhG9bRDb3vSTg-qkPAZg,Gweilo-60,2019-03-09 17:32:51.253512,11100,0
UChXOhG9bRDb3vSTg-qkPAZg,Gweilo-60,2019-03-09 17:31:51.539273,11100,0
UChXOhG9bRDb3vSTg-qkPAZg,Gweilo-60,2019-03-09 17:30:51.671509,11100,0
UChXOhG9bRDb3vSTg-qkPAZg,Gweilo-60,2019-03-09 17:29:51.500583,11100,0
UChXOhG9bRDb3vSTg-qkPAZg,Gweilo-60,2019-03-09 17:28:51.466917,11100,0
UChXOhG9bRDb3vSTg-qkPAZg,Gweilo-60,2019-03-09 17:27:51.422645,11100,0
UChXOhG9bRDb3vSTg-qkPAZg,Gweilo-60,2019-03-09 17:26:51.488927,11100,0
UChXOhG9bRDb3vSTg-qkPAZg,Gweilo-60,2019-03-09 17:25:51.405249,11100,0
UChXOhG9bRDb3vSTg-qkPAZg,Gweilo-60,2019-03-09 17:24:51.178178,11100,0
UChXOhG9bRDb3vSTg-qkPAZg,Gweilo-60,2019-03-09 17:23:51.173526,11100,0
UChXOhG9bRDb3vSTg-qkPAZg,Gweilo-60,2019-03-09 17:22:51.344111,11100,0
UChXOhG9bRDb3vSTg-qkPAZg,Gweilo-60,2019-03-09 17:21:51.839944,11100,0
UChXOhG9bRDb3vSTg-qkPAZg,Gweilo-60,2019-03-09 17:20:50.880338,11100,0
UChXOhG9bRDb3vSTg-qkPAZg,Gweilo-60,2019-03-09 17:19:51.119426,11100,0
UChXOhG9bRDb3vSTg-qkPAZg,Gweilo-60,2019-03-09 17:18:50.896233,11100,0
UChXOhG9bRDb3vSTg-qkPAZg,Gweilo-60,2019-03-09 17:17:51.258759,11100,0
UChXOhG9bRDb3vSTg-qkPAZg,Gweilo-60,2019-03-09 17:16:50.997324,11100,0
UChXOhG9bRDb3vSTg-qkPAZg,Gweilo-60,2019-03-09 17:15:51.079681,11100,0
UChXOhG9bRDb3vSTg-qkPAZg,Gweilo-60,2019-03-09 17:14:50.922983,11100,0
UChXOhG9bRDb3vSTg-qkPAZg,Gweilo-60,2019-03-09 17:13:51.499386,11100,0
UChXOhG9bRDb3vSTg-qkPAZg,Gweilo-60,2019-03-09 17:12:51.752883,11100,0
UChXOhG9bRDb3vSTg-qkPAZg,Gweilo-60,2019-03-09 17:11:51.853525,11100,0
UChXOhG9bRDb3vSTg-qkPAZg,Gweilo-60,2019-03-09 17:10:51.190086,11100,0
UChXOhG9bRDb3vSTg-qkPAZg,Gweilo-60,2019-03-09 17:09:51.106461,11100,0
UChXOhG9bRDb3vSTg-qkPAZg,Gweilo-60,2019-03-09 17:08:51.502243,11100,0
UChXOhG9bRDb3vSTg-qkPAZg,Gweilo-60,2019-03-09 17:07:50.917424,11100,0
UChXOhG9bRDb3vSTg-qkPAZg,Gweilo-60,2019-03-09 17:06:51.228399,11100,0
UChXOhG9bRDb3vSTg-qkPAZg,Gweilo-60,2019-03-09 17:05:51.351224,11100,0
UChXOhG9bRDb3vSTg-qkPAZg,Gweilo-60,2019-03-09 17:04:51.514263,11100,0
UChXOhG9bRDb3vSTg-qkPAZg,Gweilo-60,2019-03-09 17:03:51.480864,11100,0
UChXOhG9bRDb3vSTg-qkPAZg,Gweilo-60,2019-03-09 17:02:51.193571,11100,0
UChXOhG9bRDb3vSTg-qkPAZg,Gweilo-60,2019-03-09 17:01:51.720213,11100,0
UChXOhG9bRDb3vSTg-qkPAZg,Gweilo-60,2019-03-09 17:00:51.870764,11100,0
UChXOhG9bRDb3vSTg-qkPAZg,Gweilo-60,2019-03-09 16:59:51.801497,11100,0
UChXOhG9bRDb3vSTg-qkPAZg,Gweilo-60,2019-03-09 16:58:50.745247,11100,0
UChXOhG9bRDb3vSTg-qkPAZg,Gweilo-60,2019-03-09 16:57:51.41917,11100,0
UChXOhG9bRDb3vSTg-qkPAZg,Gweilo-60,2019-03-09 16:56:51.135868,11100,0
UChXOhG9bRDb3vSTg-qkPAZg,Gweilo-60,2019-03-09 16:55:51.639554,11100,0
UChXOhG9bRDb3vSTg-qkPAZg,Gweilo-60,2019-03-09 16:54:51.545968,11100,0
UChXOhG9bRDb3vSTg-qkPAZg,Gweilo-60,2019-03-09 16:53:50.956156,11100,0
UChXOhG9bRDb3vSTg-qkPAZg,Gweilo-60,2019-03-09 16:52:51.13757,11100,0
UChXOhG9bRDb3vSTg-qkPAZg,Gweilo-60,2019-03-09 16:51:51.819933,11100,0
UChXOhG9bRDb3vSTg-qkPAZg,Gweilo-60,2019-03-09 16:50:51.383394,11100,0
UChXOhG9bRDb3vSTg-qkPAZg,Gweilo-60,2019-03-09 16:49:51.3722,11100,0
UChXOhG9bRDb3vSTg-qkPAZg,Gweilo-60,2019-03-09 16:48:51.145071,11100,0
UChXOhG9bRDb3vSTg-qkPAZg,Gweilo-60,2019-03-09 16:47:51.190299,11100,0
UChXOhG9bRDb3vSTg-qkPAZg,Gweilo-60,2019-03-09 16:46:51.298513,11100,0
UChXOhG9bRDb3vSTg-qkPAZg,Gweilo-60,2019-03-09 16:45:51.018516,11100,0
UChXOhG9bRDb3vSTg-qkPAZg,Gweilo-60,2019-03-09 16:44:51.273068,11100,0
UChXOhG9bRDb3vSTg-qkPAZg,Gweilo-60,2019-03-09 16:43:51.187383,11100,0
UChXOhG9bRDb3vSTg-qkPAZg,Gweilo-60,2019-03-09 16:42:51.083843,11100,0
UChXOhG9bRDb3vSTg-qkPAZg,Gweilo-60,2019-03-09 16:41:51.075596,11100,0
UChXOhG9bRDb3vSTg-qkPAZg,Gweilo-60,2019-03-09 16:40:51.192843,11100,0
UChXOhG9bRDb3vSTg-qkPAZg,Gweilo-60,2019-03-09 16:39:51.923845,11100,0
UChXOhG9bRDb3vSTg-qkPAZg,Gweilo-60,2019-03-09 16:38:52.195153,11100,0
UChXOhG9bRDb3vSTg-qkPAZg,Gweilo-60,2019-03-09 16:37:51.484484,11100,0
UChXOhG9bRDb3vSTg-qkPAZg,Gweilo-60,2019-03-09 16:36:51.422883,11100,0
UChXOhG9bRDb3vSTg-qkPAZg,Gweilo-60,2019-03-09 16:35:50.94909,11100,0
UChXOhG9bRDb3vSTg-qkPAZg,Gweilo-60,2019-03-09 16:34:52.909939,11100,0
UChXOhG9bRDb3vSTg-qkPAZg,Gweilo-60,2019-03-09 16:33:52.045207,11100,0
UChXOhG9bRDb3vSTg-qkPAZg,Gweilo-60,2019-03-09 16:32:51.256317,11100,0
UChXOhG9bRDb3vSTg-qkPAZg,Gweilo-60,2019-03-09 16:31:50.972793,11100,0
UChXOhG9bRDb3vSTg-qkPAZg,Gweilo-60,2019-03-09 16:30:51.54204,11100,0
UChXOhG9bRDb3vSTg-qkPAZg,Gweilo-60,2019-03-09 16:29:51.265598,11100,0
UChXOhG9bRDb3vSTg-qkPAZg,Gweilo-60,2019-03-09 16:28:50.901014,11100,0
UChXOhG9bRDb3vSTg-qkPAZg,Gweilo-60,2019-03-09 16:27:51.744456,11100,0
UChXOhG9bRDb3vSTg-qkPAZg,Gweilo-60,2019-03-09 16:26:51.499445,11100,0
UChXOhG9bRDb3vSTg-qkPAZg,Gweilo-60,2019-03-09 16:25:51.589986,11100,0
UChXOhG9bRDb3vSTg-qkPAZg,Gweilo-60,2019-03-09 16:24:51.093696,11100,0
UChXOhG9bRDb3vSTg-qkPAZg,Gweilo-60,2019-03-09 16:23:51.215032,11100,0
UChXOhG9bRDb3vSTg-qkPAZg,Gweilo-60,2019-03-09 16:22:51.282416,11100,0
UChXOhG9bRDb3vSTg-qkPAZg,Gweilo-60,2019-03-09 16:21:51.247915,11100,0
UChXOhG9bRDb3vSTg-qkPAZg,Gweilo-60,2019-03-09 16:20:50.862822,11100,0
UChXOhG9bRDb3vSTg-qkPAZg,Gweilo-60,2019-03-09 16:19:51.227624,11100,0
UChXOhG9bRDb3vSTg-qkPAZg,Gweilo-60,2019-03-09 16:18:51.11924,11100,0
UChXOhG9bRDb3vSTg-qkPAZg,Gweilo-60,2019-03-09 16:17:51.590324,11100,0
UChXOhG9bRDb3vSTg-qkPAZg,Gweilo-60,2019-03-09 16:16:51.29921,11100,-1
UChXOhG9bRDb3vSTg-qkPAZg,Gweilo-60,2019-03-09 16:15:51.171243,11101,0
UChXOhG9bRDb3vSTg-qkPAZg,Gweilo-60,2019-03-09 16:14:51.200092,11101,0
UChXOhG9bRDb3vSTg-qkPAZg,Gweilo-60,2019-03-09 16:13:51.178962,11101,0
UChXOhG9bRDb3vSTg-qkPAZg,Gweilo-60,2019-03-09 16:12:51.377274,11101,0
UChXOhG9bRDb3vSTg-qkPAZg,Gweilo-60,2019-03-09 16:11:51.848003,11101,0
UChXOhG9bRDb3vSTg-qkPAZg,Gweilo-60,2019-03-09 16:10:51.079717,11101,0
UChXOhG9bRDb3vSTg-qkPAZg,Gweilo-60,2019-03-09 16:09:50.884209,11101,0
UChXOhG9bRDb3vSTg-qkPAZg,Gweilo-60,2019-03-09 16:08:51.19148,11101,0
UChXOhG9bRDb3vSTg-qkPAZg,Gweilo-60,2019-03-09 16:07:51.686937,11101,0
UChXOhG9bRDb3vSTg-qkPAZg,Gweilo-60,2019-03-09 16:06:51.063025,11101,0
UChXOhG9bRDb3vSTg-qkPAZg,Gweilo-60,2019-03-09 16:05:51.472358,11101,0
UChXOhG9bRDb3vSTg-qkPAZg,Gweilo-60,2019-03-09 16:04:51.953585,11101,0
UChXOhG9bRDb3vSTg-qkPAZg,Gweilo-60,2019-03-09 16:03:50.929934,11101,0
UChXOhG9bRDb3vSTg-qkPAZg,Gweilo-60,2019-03-09 16:02:51.000548,11101,0
UChXOhG9bRDb3vSTg-qkPAZg,Gweilo-60,2019-03-09 16:01:50.941252,11101,0
UChXOhG9bRDb3vSTg-qkPAZg,Gweilo-60,2019-03-09 16:00:51.434806,11101,0
UChXOhG9bRDb3vSTg-qkPAZg,Gweilo-60,2019-03-09 15:59:51.967263,11101,0
UChXOhG9bRDb3vSTg-qkPAZg,Gweilo-60,2019-03-09 15:58:51.284845,11101,0
UChXOhG9bRDb3vSTg-qkPAZg,Gweilo-60,2019-03-09 15:57:51.178129,11101,0
UChXOhG9bRDb3vSTg-qkPAZg,Gweilo-60,2019-03-09 15:56:51.125603,11101,0
UChXOhG9bRDb3vSTg-qkPAZg,Gweilo-60,2019-03-09 15:55:51.004959,11101,0
UChXOhG9bRDb3vSTg-qkPAZg,Gweilo-60,2019-03-09 15:54:50.934582,11101,0
UChXOhG9bRDb3vSTg-qkPAZg,Gweilo-60,2019-03-09 15:53:51.204699,11101,0
UChXOhG9bRDb3vSTg-qkPAZg,Gweilo-60,2019-03-09 15:52:50.990688,11101,0
UChXOhG9bRDb3vSTg-qkPAZg,Gweilo-60,2019-03-09 15:51:51.476496,11101,0
UChXOhG9bRDb3vSTg-qkPAZg,Gweilo-60,2019-03-09 15:50:51.075154,11101,0
UChXOhG9bRDb3vSTg-qkPAZg,Gweilo-60,2019-03-09 15:49:50.769883,11101,0
UChXOhG9bRDb3vSTg-qkPAZg,Gweilo-60,2019-03-09 15:48:51.186044,11101,0
UChXOhG9bRDb3vSTg-qkPAZg,Gweilo-60,2019-03-09 15:47:51.193477,11101,0
UChXOhG9bRDb3vSTg-qkPAZg,Gweilo-60,2019-03-09 15:46:51.172124,11101,0
UChXOhG9bRDb3vSTg-qkPAZg,Gweilo-60,2019-03-09 15:45:51.263565,11101,0
UChXOhG9bRDb3vSTg-qkPAZg,Gweilo-60,2019-03-09 15:44:51.183755,11101,0
UChXOhG9bRDb3vSTg-qkPAZg,Gweilo-60,2019-03-09 15:43:51.223225,11101,0
UChXOhG9bRDb3vSTg-qkPAZg,Gweilo-60,2019-03-09 15:42:50.916153,11101,0
UChXOhG9bRDb3vSTg-qkPAZg,Gweilo-60,2019-03-09 15:41:50.979639,11101,0
UChXOhG9bRDb3vSTg-qkPAZg,Gweilo-60,2019-03-09 15:40:51.301732,11101,0
UChXOhG9bRDb3vSTg-qkPAZg,Gweilo-60,2019-03-09 15:39:51.590878,11101,0
UChXOhG9bRDb3vSTg-qkPAZg,Gweilo-60,2019-03-09 15:38:51.645652,11101,0
UChXOhG9bRDb3vSTg-qkPAZg,Gweilo-60,2019-03-09 15:37:51.48268,11101,0
UChXOhG9bRDb3vSTg-qkPAZg,Gweilo-60,2019-03-09 15:36:51.356666,11101,0
UChXOhG9bRDb3vSTg-qkPAZg,Gweilo-60,2019-03-09 15:35:51.528674,11101,0
UChXOhG9bRDb3vSTg-qkPAZg,Gweilo-60,2019-03-09 15:34:51.703945,11101,0
UChXOhG9bRDb3vSTg-qkPAZg,Gweilo-60,2019-03-09 15:33:51.463802,11101,0
UChXOhG9bRDb3vSTg-qkPAZg,Gweilo-60,2019-03-09 15:32:51.212378,11101,0
UChXOhG9bRDb3vSTg-qkPAZg,Gweilo-60,2019-03-09 15:31:51.413952,11101,0
UChXOhG9bRDb3vSTg-qkPAZg,Gweilo-60,2019-03-09 15:30:51.603546,11101,0
UChXOhG9bRDb3vSTg-qkPAZg,Gweilo-60,2019-03-09 15:29:51.392213,11101,0
UChXOhG9bRDb3vSTg-qkPAZg,Gweilo-60,2019-03-09 15:28:50.820809,11101,0
UChXOhG9bRDb3vSTg-qkPAZg,Gweilo-60,2019-03-09 15:27:50.91255,11101,0
UChXOhG9bRDb3vSTg-qkPAZg,Gweilo-60,2019-03-09 15:26:51.13599,11101,0
UChXOhG9bRDb3vSTg-qkPAZg,Gweilo-60,2019-03-09 15:25:51.385905,11101,0
UChXOhG9bRDb3vSTg-qkPAZg,Gweilo-60,2019-03-09 15:24:52.000255,11101,0
UChXOhG9bRDb3vSTg-qkPAZg,Gweilo-60,2019-03-09 15:23:51.494004,11101,0
UChXOhG9bRDb3vSTg-qkPAZg,Gweilo-60,2019-03-09 15:22:51.082289,11101,0
UChXOhG9bRDb3vSTg-qkPAZg,Gweilo-60,2019-03-09 15:21:51.052713,11101,0
UChXOhG9bRDb3vSTg-qkPAZg,Gweilo-60,2019-03-09 15:20:51.196794,11101,0
UChXOhG9bRDb3vSTg-qkPAZg,Gweilo-60,2019-03-09 15:19:50.809956,11101,0
UChXOhG9bRDb3vSTg-qkPAZg,Gweilo-60,2019-03-09 15:18:51.2951,11101,0
UChXOhG9bRDb3vSTg-qkPAZg,Gweilo-60,2019-03-09 15:17:51.299532,11101,0
UChXOhG9bRDb3vSTg-qkPAZg,Gweilo-60,2019-03-09 15:16:51.123306,11101,0
UChXOhG9bRDb3vSTg-qkPAZg,Gweilo-60,2019-03-09 15:15:51.444467,11101,0
UChXOhG9bRDb3vSTg-qkPAZg,Gweilo-60,2019-03-09 15:14:50.594458,11101,0
UChXOhG9bRDb3vSTg-qkPAZg,Gweilo-60,2019-03-09 15:13:51.072473,11101,0
UChXOhG9bRDb3vSTg-qkPAZg,Gweilo-60,2019-03-09 15:12:51.963754,11101,0
UChXOhG9bRDb3vSTg-qkPAZg,Gweilo-60,2019-03-09 15:11:51.172134,11101,0
UChXOhG9bRDb3vSTg-qkPAZg,Gweilo-60,2019-03-09 15:10:51.187746,11101,0
UChXOhG9bRDb3vSTg-qkPAZg,Gweilo-60,2019-03-09 15:09:51.366096,11101,0
UChXOhG9bRDb3vSTg-qkPAZg,Gweilo-60,2019-03-09 15:08:51.490973,11101,0
UChXOhG9bRDb3vSTg-qkPAZg,Gweilo-60,2019-03-09 15:07:51.680668,11101,0
UChXOhG9bRDb3vSTg-qkPAZg,Gweilo-60,2019-03-09 15:06:51.872409,11101,0
UChXOhG9bRDb3vSTg-qkPAZg,Gweilo-60,2019-03-09 15:05:51.462975,11101,0
UChXOhG9bRDb3vSTg-qkPAZg,Gweilo-60,2019-03-09 15:04:51.50723,11101,0
UChXOhG9bRDb3vSTg-qkPAZg,Gweilo-60,2019-03-09 15:03:51.790959,11101,0
UChXOhG9bRDb3vSTg-qkPAZg,Gweilo-60,2019-03-09 15:02:51.111447,11101,0
UChXOhG9bRDb3vSTg-qkPAZg,Gweilo-60,2019-03-09 15:01:51.000744,11101,0
UChXOhG9bRDb3vSTg-qkPAZg,Gweilo-60,2019-03-09 15:00:51.588826,11101,0
UChXOhG9bRDb3vSTg-qkPAZg,Gweilo-60,2019-03-09 14:59:51.508694,11101,0
UChXOhG9bRDb3vSTg-qkPAZg,Gweilo-60,2019-03-09 14:58:51.92583,11101,0
UChXOhG9bRDb3vSTg-qkPAZg,Gweilo-60,2019-03-09 14:57:52.072208,11101,0
UChXOhG9bRDb3vSTg-qkPAZg,Gweilo-60,2019-03-09 14:56:51.372531,11101,0
UChXOhG9bRDb3vSTg-qkPAZg,Gweilo-60,2019-03-09 14:55:51.295011,11101,0
UChXOhG9bRDb3vSTg-qkPAZg,Gweilo-60,2019-03-09 14:54:51.542497,11101,0
UChXOhG9bRDb3vSTg-qkPAZg,Gweilo-60,2019-03-09 14:53:51.045211,11101,0
UChXOhG9bRDb3vSTg-qkPAZg,Gweilo-60,2019-03-09 14:52:51.673185,11101,0
UChXOhG9bRDb3vSTg-qkPAZg,Gweilo-60,2019-03-09 14:51:51.161225,11101,0
UChXOhG9bRDb3vSTg-qkPAZg,Gweilo-60,2019-03-09 14:50:51.297703,11101,0
UChXOhG9bRDb3vSTg-qkPAZg,Gweilo-60,2019-03-09 14:49:51.156276,11101,0
UChXOhG9bRDb3vSTg-qkPAZg,Gweilo-60,2019-03-09 14:48:50.979784,11101,0
UChXOhG9bRDb3vSTg-qkPAZg,Gweilo-60,2019-03-09 14:47:50.994314,11101,0
UChXOhG9bRDb3vSTg-qkPAZg,Gweilo-60,2019-03-09 14:46:52.878685,11101,0
UChXOhG9bRDb3vSTg-qkPAZg,Gweilo-60,2019-03-09 14:45:51.003705,11101,0
UChXOhG9bRDb3vSTg-qkPAZg,Gweilo-60,2019-03-09 14:44:51.235799,11101,0
UChXOhG9bRDb3vSTg-qkPAZg,Gweilo-60,2019-03-09 14:43:51.571724,11101,0
UChXOhG9bRDb3vSTg-qkPAZg,Gweilo-60,2019-03-09 14:42:51.40972,11101,0
UChXOhG9bRDb3vSTg-qkPAZg,Gweilo-60,2019-03-09 14:41:51.030288,11101,0
UChXOhG9bRDb3vSTg-qkPAZg,Gweilo-60,2019-03-09 14:40:50.985103,11101,0
UChXOhG9bRDb3vSTg-qkPAZg,Gweilo-60,2019-03-09 14:39:51.656314,11101,0
UChXOhG9bRDb3vSTg-qkPAZg,Gweilo-60,2019-03-09 14:38:51.050897,11101,0
UChXOhG9bRDb3vSTg-qkPAZg,Gweilo-60,2019-03-09 14:37:51.265487,11101,0
UChXOhG9bRDb3vSTg-qkPAZg,Gweilo-60,2019-03-09 14:36:51.601297,11101,0
UChXOhG9bRDb3vSTg-qkPAZg,Gweilo-60,2019-03-09 14:35:51.089103,11101,0
UChXOhG9bRDb3vSTg-qkPAZg,Gweilo-60,2019-03-09 14:34:51.725047,11101,0
UChXOhG9bRDb3vSTg-qkPAZg,Gweilo-60,2019-03-09 14:33:51.686253,11101,0
UChXOhG9bRDb3vSTg-qkPAZg,Gweilo-60,2019-03-09 14:32:51.899942,11101,0
UChXOhG9bRDb3vSTg-qkPAZg,Gweilo-60,2019-03-09 14:31:50.975131,11101,0
UChXOhG9bRDb3vSTg-qkPAZg,Gweilo-60,2019-03-09 14:30:50.77979,11101,0
UChXOhG9bRDb3vSTg-qkPAZg,Gweilo-60,2019-03-09 14:29:51.325516,11101,0
UChXOhG9bRDb3vSTg-qkPAZg,Gweilo-60,2019-03-09 14:28:51.498208,11101,0
UChXOhG9bRDb3vSTg-qkPAZg,Gweilo-60,2019-03-09 14:27:51.364517,11101,0
UChXOhG9bRDb3vSTg-qkPAZg,Gweilo-60,2019-03-09 14:26:51.200264,11101,0
UChXOhG9bRDb3vSTg-qkPAZg,Gweilo-60,2019-03-09 14:25:51.432945,11101,0
UChXOhG9bRDb3vSTg-qkPAZg,Gweilo-60,2019-03-09 14:24:50.964533,11101,0
UChXOhG9bRDb3vSTg-qkPAZg,Gweilo-60,2019-03-09 14:23:52.135495,11101,0
UChXOhG9bRDb3vSTg-qkPAZg,Gweilo-60,2019-03-09 14:22:51.463422,11101,0
UChXOhG9bRDb3vSTg-qkPAZg,Gweilo-60,2019-03-09 14:21:52.271205,11101,0
UChXOhG9bRDb3vSTg-qkPAZg,Gweilo-60,2019-03-09 14:20:52.454676,11101,0
UChXOhG9bRDb3vSTg-qkPAZg,Gweilo-60,2019-03-09 14:19:51.438711,11101,0
UChXOhG9bRDb3vSTg-qkPAZg,Gweilo-60,2019-03-09 14:18:51.3481,11101,0
UChXOhG9bRDb3vSTg-qkPAZg,Gweilo-60,2019-03-09 14:17:51.822467,11101,0
UChXOhG9bRDb3vSTg-qkPAZg,Gweilo-60,2019-03-09 14:16:51.404096,11101,0
UChXOhG9bRDb3vSTg-qkPAZg,Gweilo-60,2019-03-09 14:15:51.151566,11101,0
UChXOhG9bRDb3vSTg-qkPAZg,Gweilo-60,2019-03-09 14:14:51.030575,11101,0
UChXOhG9bRDb3vSTg-qkPAZg,Gweilo-60,2019-03-09 14:13:51.131568,11101,0
UChXOhG9bRDb3vSTg-qkPAZg,Gweilo-60,2019-03-09 14:12:51.634389,11101,0
UChXOhG9bRDb3vSTg-qkPAZg,Gweilo-60,2019-03-09 14:11:51.097878,11101,0
UChXOhG9bRDb3vSTg-qkPAZg,Gweilo-60,2019-03-09 14:10:51.207271,11101,0
UChXOhG9bRDb3vSTg-qkPAZg,Gweilo-60,2019-03-09 14:09:51.012538,11101,0
UChXOhG9bRDb3vSTg-qkPAZg,Gweilo-60,2019-03-09 14:08:51.696714,11101,0
UChXOhG9bRDb3vSTg-qkPAZg,Gweilo-60,2019-03-09 14:07:51.145592,11101,0
UChXOhG9bRDb3vSTg-qkPAZg,Gweilo-60,2019-03-09 14:06:51.303328,11101,0
UChXOhG9bRDb3vSTg-qkPAZg,Gweilo-60,2019-03-09 14:05:51.289642,11101,0
UChXOhG9bRDb3vSTg-qkPAZg,Gweilo-60,2019-03-09 14:04:51.109909,11101,0
UChXOhG9bRDb3vSTg-qkPAZg,Gweilo-60,2019-03-09 14:03:51.129023,11101,0
UChXOhG9bRDb3vSTg-qkPAZg,Gweilo-60,2019-03-09 14:02:51.162588,11101,0
UChXOhG9bRDb3vSTg-qkPAZg,Gweilo-60,2019-03-09 14:01:51.102493,11101,0
UChXOhG9bRDb3vSTg-qkPAZg,Gweilo-60,2019-03-09 14:00:51.464548,11101,0
UChXOhG9bRDb3vSTg-qkPAZg,Gweilo-60,2019-03-09 13:59:51.411858,11101,0
UChXOhG9bRDb3vSTg-qkPAZg,Gweilo-60,2019-03-09 13:58:51.283228,11101,0
UChXOhG9bRDb3vSTg-qkPAZg,Gweilo-60,2019-03-09 13:57:51.16893,11101,0
UChXOhG9bRDb3vSTg-qkPAZg,Gweilo-60,2019-03-09 13:56:50.945767,11101,0
UChXOhG9bRDb3vSTg-qkPAZg,Gweilo-60,2019-03-09 13:55:50.829903,11101,0
UChXOhG9bRDb3vSTg-qkPAZg,Gweilo-60,2019-03-09 13:54:51.708881,11101,0
UChXOhG9bRDb3vSTg-qkPAZg,Gweilo-60,2019-03-09 13:53:51.105443,11101,0
UChXOhG9bRDb3vSTg-qkPAZg,Gweilo-60,2019-03-09 13:52:51.60308,11101,0
UChXOhG9bRDb3vSTg-qkPAZg,Gweilo-60,2019-03-09 13:51:50.724669,11101,0
UChXOhG9bRDb3vSTg-qkPAZg,Gweilo-60,2019-03-09 13:50:51.349893,11101,0
UChXOhG9bRDb3vSTg-qkPAZg,Gweilo-60,2019-03-09 13:49:51.096,11101,0
UChXOhG9bRDb3vSTg-qkPAZg,Gweilo-60,2019-03-09 13:48:51.895647,11101,0
UChXOhG9bRDb3vSTg-qkPAZg,Gweilo-60,2019-03-09 13:47:51.829461,11101,0
UChXOhG9bRDb3vSTg-qkPAZg,Gweilo-60,2019-03-09 13:46:51.9539,11101,0
UChXOhG9bRDb3vSTg-qkPAZg,Gweilo-60,2019-03-09 13:45:51.801149,11101,0
UChXOhG9bRDb3vSTg-qkPAZg,Gweilo-60,2019-03-09 13:44:50.798126,11101,0
UChXOhG9bRDb3vSTg-qkPAZg,Gweilo-60,2019-03-09 13:43:51.358798,11101,0
UChXOhG9bRDb3vSTg-qkPAZg,Gweilo-60,2019-03-09 13:42:51.773611,11101,0
UChXOhG9bRDb3vSTg-qkPAZg,Gweilo-60,2019-03-09 13:41:51.061109,11101,0
UChXOhG9bRDb3vSTg-qkPAZg,Gweilo-60,2019-03-09 13:40:50.952207,11101,0
UChXOhG9bRDb3vSTg-qkPAZg,Gweilo-60,2019-03-09 13:39:51.736916,11101,0
UChXOhG9bRDb3vSTg-qkPAZg,Gweilo-60,2019-03-09 13:38:51.1072,11101,0
UChXOhG9bRDb3vSTg-qkPAZg,Gweilo-60,2019-03-09 13:37:51.224014,11101,0
UChXOhG9bRDb3vSTg-qkPAZg,Gweilo-60,2019-03-09 13:36:51.066379,11101,0
UChXOhG9bRDb3vSTg-qkPAZg,Gweilo-60,2019-03-09 13:35:50.925749,11101,0
UChXOhG9bRDb3vSTg-qkPAZg,Gweilo-60,2019-03-09 13:34:51.283685,11101,0
UChXOhG9bRDb3vSTg-qkPAZg,Gweilo-60,2019-03-09 13:33:51.46956,11101,0
UChXOhG9bRDb3vSTg-qkPAZg,Gweilo-60,2019-03-09 13:32:50.965221,11101,0
UChXOhG9bRDb3vSTg-qkPAZg,Gweilo-60,2019-03-09 13:31:51.618879,11101,0
UChXOhG9bRDb3vSTg-qkPAZg,Gweilo-60,2019-03-09 13:30:50.967005,11101,0
UChXOhG9bRDb3vSTg-qkPAZg,Gweilo-60,2019-03-09 13:29:51.024405,11101,0
UChXOhG9bRDb3vSTg-qkPAZg,Gweilo-60,2019-03-09 13:28:51.596364,11101,0
UChXOhG9bRDb3vSTg-qkPAZg,Gweilo-60,2019-03-09 13:27:50.975497,11101,0
UChXOhG9bRDb3vSTg-qkPAZg,Gweilo-60,2019-03-09 13:26:51.059824,11101,0
UChXOhG9bRDb3vSTg-qkPAZg,Gweilo-60,2019-03-09 13:25:51.455186,11101,0
UChXOhG9bRDb3vSTg-qkPAZg,Gweilo-60,2019-03-09 13:24:51.148375,11101,0
UChXOhG9bRDb3vSTg-qkPAZg,Gweilo-60,2019-03-09 13:23:51.04339,11101,0
UChXOhG9bRDb3vSTg-qkPAZg,Gweilo-60,2019-03-09 13:22:51.078248,11101,0
UChXOhG9bRDb3vSTg-qkPAZg,Gweilo-60,2019-03-09 13:21:51.426113,11101,0
UChXOhG9bRDb3vSTg-qkPAZg,Gweilo-60,2019-03-09 13:20:50.864862,11101,0
UChXOhG9bRDb3vSTg-qkPAZg,Gweilo-60,2019-03-09 13:19:51.554844,11101,0
UChXOhG9bRDb3vSTg-qkPAZg,Gweilo-60,2019-03-09 13:18:51.129306,11101,0
UChXOhG9bRDb3vSTg-qkPAZg,Gweilo-60,2019-03-09 13:17:51.282469,11101,0
UChXOhG9bRDb3vSTg-qkPAZg,Gweilo-60,2019-03-09 13:16:51.134739,11101,0
UChXOhG9bRDb3vSTg-qkPAZg,Gweilo-60,2019-03-09 13:15:51.193038,11101,0
UChXOhG9bRDb3vSTg-qkPAZg,Gweilo-60,2019-03-09 13:14:51.098033,11101,0
UChXOhG9bRDb3vSTg-qkPAZg,Gweilo-60,2019-03-09 13:13:51.229853,11101,0
UChXOhG9bRDb3vSTg-qkPAZg,Gweilo-60,2019-03-09 13:12:51.132263,11101,0
UChXOhG9bRDb3vSTg-qkPAZg,Gweilo-60,2019-03-09 13:11:51.829196,11101,0
UChXOhG9bRDb3vSTg-qkPAZg,Gweilo-60,2019-03-09 13:10:51.222628,11101,0
UChXOhG9bRDb3vSTg-qkPAZg,Gweilo-60,2019-03-09 13:09:50.95522,11101,0
UChXOhG9bRDb3vSTg-qkPAZg,Gweilo-60,2019-03-09 13:08:50.782071,11101,0
UChXOhG9bRDb3vSTg-qkPAZg,Gweilo-60,2019-03-09 13:07:51.692594,11101,0
UChXOhG9bRDb3vSTg-qkPAZg,Gweilo-60,2019-03-09 13:06:51.885719,11101,0
UChXOhG9bRDb3vSTg-qkPAZg,Gweilo-60,2019-03-09 13:05:50.994051,11101,0
UChXOhG9bRDb3vSTg-qkPAZg,Gweilo-60,2019-03-09 13:04:50.677127,11101,0
UChXOhG9bRDb3vSTg-qkPAZg,Gweilo-60,2019-03-09 13:03:51.178569,11101,0
UChXOhG9bRDb3vSTg-qkPAZg,Gweilo-60,2019-03-09 13:02:51.731439,11101,0
UChXOhG9bRDb3vSTg-qkPAZg,Gweilo-60,2019-03-09 13:01:51.009693,11101,0
UChXOhG9bRDb3vSTg-qkPAZg,Gweilo-60,2019-03-09 13:00:51.162667,11101,0
UChXOhG9bRDb3vSTg-qkPAZg,Gweilo-60,2019-03-09 12:59:50.903615,11101,0
UChXOhG9bRDb3vSTg-qkPAZg,Gweilo-60,2019-03-09 12:58:51.571459,11101,0
UChXOhG9bRDb3vSTg-qkPAZg,Gweilo-60,2019-03-09 12:57:51.181909,11101,0
UChXOhG9bRDb3vSTg-qkPAZg,Gweilo-60,2019-03-09 12:56:50.76133,11101,0
UChXOhG9bRDb3vSTg-qkPAZg,Gweilo-60,2019-03-09 12:55:51.054965,11101,0
UChXOhG9bRDb3vSTg-qkPAZg,Gweilo-60,2019-03-09 12:54:50.856043,11101,0
UChXOhG9bRDb3vSTg-qkPAZg,Gweilo-60,2019-03-09 12:53:51.653515,11101,0
UChXOhG9bRDb3vSTg-qkPAZg,Gweilo-60,2019-03-09 12:52:51.186134,11101,0
UChXOhG9bRDb3vSTg-qkPAZg,Gweilo-60,2019-03-09 12:51:51.360434,11101,0
UChXOhG9bRDb3vSTg-qkPAZg,Gweilo-60,2019-03-09 12:50:50.914008,11101,0
UChXOhG9bRDb3vSTg-qkPAZg,Gweilo-60,2019-03-09 12:49:50.975512,11101,0
UChXOhG9bRDb3vSTg-qkPAZg,Gweilo-60,2019-03-09 12:48:51.168595,11101,0
UChXOhG9bRDb3vSTg-qkPAZg,Gweilo-60,2019-03-09 12:47:51.343743,11101,0
UChXOhG9bRDb3vSTg-qkPAZg,Gweilo-60,2019-03-09 12:46:50.76024,11101,0
UChXOhG9bRDb3vSTg-qkPAZg,Gweilo-60,2019-03-09 12:45:51.231009,11101,0
UChXOhG9bRDb3vSTg-qkPAZg,Gweilo-60,2019-03-09 12:44:51.217964,11101,0
UChXOhG9bRDb3vSTg-qkPAZg,Gweilo-60,2019-03-09 12:43:51.102106,11101,0
UChXOhG9bRDb3vSTg-qkPAZg,Gweilo-60,2019-03-09 12:42:50.87109,11101,0
UChXOhG9bRDb3vSTg-qkPAZg,Gweilo-60,2019-03-09 12:41:51.341322,11101,0
UChXOhG9bRDb3vSTg-qkPAZg,Gweilo-60,2019-03-09 12:40:50.908235,11101,0
UChXOhG9bRDb3vSTg-qkPAZg,Gweilo-60,2019-03-09 12:39:51.383589,11101,0
UChXOhG9bRDb3vSTg-qkPAZg,Gweilo-60,2019-03-09 12:38:51.403054,11101,0
UChXOhG9bRDb3vSTg-qkPAZg,Gweilo-60,2019-03-09 12:37:51.2756,11101,0
UChXOhG9bRDb3vSTg-qkPAZg,Gweilo-60,2019-03-09 12:36:51.356379,11101,0
UChXOhG9bRDb3vSTg-qkPAZg,Gweilo-60,2019-03-09 12:35:50.711686,11101,0
UChXOhG9bRDb3vSTg-qkPAZg,Gweilo-60,2019-03-09 12:34:51.157698,11101,0
UChXOhG9bRDb3vSTg-qkPAZg,Gweilo-60,2019-03-09 12:33:50.834349,11101,0
UChXOhG9bRDb3vSTg-qkPAZg,Gweilo-60,2019-03-09 12:32:51.460666,11101,0
UChXOhG9bRDb3vSTg-qkPAZg,Gweilo-60,2019-03-09 12:31:51.065811,11101,0
UChXOhG9bRDb3vSTg-qkPAZg,Gweilo-60,2019-03-09 12:30:51.159096,11101,0
UChXOhG9bRDb3vSTg-qkPAZg,Gweilo-60,2019-03-09 12:29:51.298275,11101,0
UChXOhG9bRDb3vSTg-qkPAZg,Gweilo-60,2019-03-09 12:28:51.060952,11101,0
UChXOhG9bRDb3vSTg-qkPAZg,Gweilo-60,2019-03-09 12:27:51.193071,11101,0
UChXOhG9bRDb3vSTg-qkPAZg,Gweilo-60,2019-03-09 12:26:51.245355,11101,0
UChXOhG9bRDb3vSTg-qkPAZg,Gweilo-60,2019-03-09 12:25:50.722569,11101,0
UChXOhG9bRDb3vSTg-qkPAZg,Gweilo-60,2019-03-09 12:24:50.825289,11101,0
UChXOhG9bRDb3vSTg-qkPAZg,Gweilo-60,2019-03-09 12:23:51.092952,11101,0
UChXOhG9bRDb3vSTg-qkPAZg,Gweilo-60,2019-03-09 12:22:52.214917,11101,0
UChXOhG9bRDb3vSTg-qkPAZg,Gweilo-60,2019-03-09 12:21:50.819094,11101,0
UChXOhG9bRDb3vSTg-qkPAZg,Gweilo-60,2019-03-09 12:20:50.840212,11101,0
UChXOhG9bRDb3vSTg-qkPAZg,Gweilo-60,2019-03-09 12:19:51.427395,11101,0
UChXOhG9bRDb3vSTg-qkPAZg,Gweilo-60,2019-03-09 12:18:51.248095,11101,0
UChXOhG9bRDb3vSTg-qkPAZg,Gweilo-60,2019-03-09 12:17:51.051376,11101,0
UChXOhG9bRDb3vSTg-qkPAZg,Gweilo-60,2019-03-09 12:16:53.520198,11101,0
UChXOhG9bRDb3vSTg-qkPAZg,Gweilo-60,2019-03-09 12:15:51.555323,11101,0
UChXOhG9bRDb3vSTg-qkPAZg,Gweilo-60,2019-03-09 12:14:51.953756,11101,0
UChXOhG9bRDb3vSTg-qkPAZg,Gweilo-60,2019-03-09 12:13:51.366939,11101,0
UChXOhG9bRDb3vSTg-qkPAZg,Gweilo-60,2019-03-09 12:12:51.128596,11101,0
UChXOhG9bRDb3vSTg-qkPAZg,Gweilo-60,2019-03-09 12:11:51.347464,11101,0
UChXOhG9bRDb3vSTg-qkPAZg,Gweilo-60,2019-03-09 12:10:51.096771,11101,0
UChXOhG9bRDb3vSTg-qkPAZg,Gweilo-60,2019-03-09 12:09:50.822485,11101,0
UChXOhG9bRDb3vSTg-qkPAZg,Gweilo-60,2019-03-09 12:08:51.252335,11101,0
UChXOhG9bRDb3vSTg-qkPAZg,Gweilo-60,2019-03-09 12:07:51.30025,11101,0
UChXOhG9bRDb3vSTg-qkPAZg,Gweilo-60,2019-03-09 12:06:51.663996,11101,0
UChXOhG9bRDb3vSTg-qkPAZg,Gweilo-60,2019-03-09 12:05:51.054289,11101,0
UChXOhG9bRDb3vSTg-qkPAZg,Gweilo-60,2019-03-09 12:04:51.160514,11101,0
UChXOhG9bRDb3vSTg-qkPAZg,Gweilo-60,2019-03-09 12:03:51.031174,11101,0
UChXOhG9bRDb3vSTg-qkPAZg,Gweilo-60,2019-03-09 12:02:51.296724,11101,0
UChXOhG9bRDb3vSTg-qkPAZg,Gweilo-60,2019-03-09 12:01:51.362696,11101,0
UChXOhG9bRDb3vSTg-qkPAZg,Gweilo-60,2019-03-09 12:00:51.086161,11101,0
UChXOhG9bRDb3vSTg-qkPAZg,Gweilo-60,2019-03-09 11:59:51.143518,11101,0
UChXOhG9bRDb3vSTg-qkPAZg,Gweilo-60,2019-03-09 11:58:50.953736,11101,0
UChXOhG9bRDb3vSTg-qkPAZg,Gweilo-60,2019-03-09 11:57:51.010361,11101,0
UChXOhG9bRDb3vSTg-qkPAZg,Gweilo-60,2019-03-09 11:56:51.343693,11101,0
UChXOhG9bRDb3vSTg-qkPAZg,Gweilo-60,2019-03-09 11:55:51.461266,11101,0
UChXOhG9bRDb3vSTg-qkPAZg,Gweilo-60,2019-03-09 11:54:51.24942,11101,0
UChXOhG9bRDb3vSTg-qkPAZg,Gweilo-60,2019-03-09 11:53:51.331283,11101,0
UChXOhG9bRDb3vSTg-qkPAZg,Gweilo-60,2019-03-09 11:52:51.623829,11101,0
UChXOhG9bRDb3vSTg-qkPAZg,Gweilo-60,2019-03-09 11:51:51.345222,11101,0
UChXOhG9bRDb3vSTg-qkPAZg,Gweilo-60,2019-03-09 11:50:50.995828,11101,0
UChXOhG9bRDb3vSTg-qkPAZg,Gweilo-60,2019-03-09 11:49:52.298609,11101,0
UChXOhG9bRDb3vSTg-qkPAZg,Gweilo-60,2019-03-09 11:48:51.178854,11101,0
UChXOhG9bRDb3vSTg-qkPAZg,Gweilo-60,2019-03-09 11:47:50.934246,11101,0
UChXOhG9bRDb3vSTg-qkPAZg,Gweilo-60,2019-03-09 11:46:51.093591,11101,0
UChXOhG9bRDb3vSTg-qkPAZg,Gweilo-60,2019-03-09 11:45:50.904351,11101,0
UChXOhG9bRDb3vSTg-qkPAZg,Gweilo-60,2019-03-09 11:44:51.385371,11101,0
UChXOhG9bRDb3vSTg-qkPAZg,Gweilo-60,2019-03-09 11:43:50.833458,11101,0
UChXOhG9bRDb3vSTg-qkPAZg,Gweilo-60,2019-03-09 11:42:50.627001,11101,0
UChXOhG9bRDb3vSTg-qkPAZg,Gweilo-60,2019-03-09 11:41:51.367221,11101,0
UChXOhG9bRDb3vSTg-qkPAZg,Gweilo-60,2019-03-09 11:40:50.869033,11101,0
UChXOhG9bRDb3vSTg-qkPAZg,Gweilo-60,2019-03-09 11:39:51.236741,11101,0
UChXOhG9bRDb3vSTg-qkPAZg,Gweilo-60,2019-03-09 11:38:51.356886,11101,0
UChXOhG9bRDb3vSTg-qkPAZg,Gweilo-60,2019-03-09 11:37:51.349338,11101,0
UChXOhG9bRDb3vSTg-qkPAZg,Gweilo-60,2019-03-09 11:36:50.82012,11101,0
UChXOhG9bRDb3vSTg-qkPAZg,Gweilo-60,2019-03-09 11:35:51.242747,11101,0
UChXOhG9bRDb3vSTg-qkPAZg,Gweilo-60,2019-03-09 11:34:51.186451,11101,0
UChXOhG9bRDb3vSTg-qkPAZg,Gweilo-60,2019-03-09 11:33:50.808979,11101,0
UChXOhG9bRDb3vSTg-qkPAZg,Gweilo-60,2019-03-09 11:32:51.13923,11101,0
UChXOhG9bRDb3vSTg-qkPAZg,Gweilo-60,2019-03-09 11:31:51.096736,11101,0
UChXOhG9bRDb3vSTg-qkPAZg,Gweilo-60,2019-03-09 11:30:51.064035,11101,0
UChXOhG9bRDb3vSTg-qkPAZg,Gweilo-60,2019-03-09 11:29:51.234627,11101,0
UChXOhG9bRDb3vSTg-qkPAZg,Gweilo-60,2019-03-09 11:28:51.266001,11101,0
UChXOhG9bRDb3vSTg-qkPAZg,Gweilo-60,2019-03-09 11:27:50.870615,11101,0
UChXOhG9bRDb3vSTg-qkPAZg,Gweilo-60,2019-03-09 11:26:51.027663,11101,0
UChXOhG9bRDb3vSTg-qkPAZg,Gweilo-60,2019-03-09 11:25:51.247133,11101,0
UChXOhG9bRDb3vSTg-qkPAZg,Gweilo-60,2019-03-09 11:24:50.989146,11101,0
UChXOhG9bRDb3vSTg-qkPAZg,Gweilo-60,2019-03-09 11:23:51.105337,11101,0
UChXOhG9bRDb3vSTg-qkPAZg,Gweilo-60,2019-03-09 11:22:51.3128,11101,0
UChXOhG9bRDb3vSTg-qkPAZg,Gweilo-60,2019-03-09 11:21:51.265671,11101,0
UChXOhG9bRDb3vSTg-qkPAZg,Gweilo-60,2019-03-09 11:20:51.061223,11101,0
UChXOhG9bRDb3vSTg-qkPAZg,Gweilo-60,2019-03-09 11:19:51.454419,11101,0
UChXOhG9bRDb3vSTg-qkPAZg,Gweilo-60,2019-03-09 11:18:51.351936,11101,0
UChXOhG9bRDb3vSTg-qkPAZg,Gweilo-60,2019-03-09 11:17:50.780095,11101,0
UChXOhG9bRDb3vSTg-qkPAZg,Gweilo-60,2019-03-09 11:16:51.287222,11101,0
UChXOhG9bRDb3vSTg-qkPAZg,Gweilo-60,2019-03-09 11:15:51.176433,11101,0
UChXOhG9bRDb3vSTg-qkPAZg,Gweilo-60,2019-03-09 11:14:51.142268,11101,0
UChXOhG9bRDb3vSTg-qkPAZg,Gweilo-60,2019-03-09 11:13:51.411627,11101,0
UChXOhG9bRDb3vSTg-qkPAZg,Gweilo-60,2019-03-09 11:12:50.884747,11101,0
UChXOhG9bRDb3vSTg-qkPAZg,Gweilo-60,2019-03-09 11:11:50.806306,11101,0
UChXOhG9bRDb3vSTg-qkPAZg,Gweilo-60,2019-03-09 11:10:51.310847,11101,0
UChXOhG9bRDb3vSTg-qkPAZg,Gweilo-60,2019-03-09 11:09:51.095192,11101,0
UChXOhG9bRDb3vSTg-qkPAZg,Gweilo-60,2019-03-09 11:08:51.492874,11101,0
UChXOhG9bRDb3vSTg-qkPAZg,Gweilo-60,2019-03-09 11:07:51.061103,11101,0
UChXOhG9bRDb3vSTg-qkPAZg,Gweilo-60,2019-03-09 11:06:51.13041,11101,0
UChXOhG9bRDb3vSTg-qkPAZg,Gweilo-60,2019-03-09 11:05:50.948005,11101,0
UChXOhG9bRDb3vSTg-qkPAZg,Gweilo-60,2019-03-09 11:04:51.290419,11101,0
UChXOhG9bRDb3vSTg-qkPAZg,Gweilo-60,2019-03-09 11:03:53.153448,11101,0
UChXOhG9bRDb3vSTg-qkPAZg,Gweilo-60,2019-03-09 11:02:51.448555,11101,0
UChXOhG9bRDb3vSTg-qkPAZg,Gweilo-60,2019-03-09 11:01:50.853405,11101,0
UChXOhG9bRDb3vSTg-qkPAZg,Gweilo-60,2019-03-09 11:00:51.127448,11101,0
UChXOhG9bRDb3vSTg-qkPAZg,Gweilo-60,2019-03-09 10:59:50.998591,11101,0
UChXOhG9bRDb3vSTg-qkPAZg,Gweilo-60,2019-03-09 10:58:51.238494,11101,0
UChXOhG9bRDb3vSTg-qkPAZg,Gweilo-60,2019-03-09 10:57:51.70188,11101,0
UChXOhG9bRDb3vSTg-qkPAZg,Gweilo-60,2019-03-09 10:56:51.184855,11101,0
UChXOhG9bRDb3vSTg-qkPAZg,Gweilo-60,2019-03-09 10:55:50.627048,11101,0
UChXOhG9bRDb3vSTg-qkPAZg,Gweilo-60,2019-03-09 10:54:51.373843,11101,0
UChXOhG9bRDb3vSTg-qkPAZg,Gweilo-60,2019-03-09 10:53:50.830524,11101,0
UChXOhG9bRDb3vSTg-qkPAZg,Gweilo-60,2019-03-09 10:52:51.331766,11101,0
UChXOhG9bRDb3vSTg-qkPAZg,Gweilo-60,2019-03-09 10:51:51.284676,11101,0
UChXOhG9bRDb3vSTg-qkPAZg,Gweilo-60,2019-03-09 10:50:51.202146,11101,0
UChXOhG9bRDb3vSTg-qkPAZg,Gweilo-60,2019-03-09 10:49:51.344815,11101,0
UChXOhG9bRDb3vSTg-qkPAZg,Gweilo-60,2019-03-09 10:48:51.936907,11101,0
UChXOhG9bRDb3vSTg-qkPAZg,Gweilo-60,2019-03-09 10:47:51.8834,11101,0
UChXOhG9bRDb3vSTg-qkPAZg,Gweilo-60,2019-03-09 10:46:50.707364,11101,0
UChXOhG9bRDb3vSTg-qkPAZg,Gweilo-60,2019-03-09 10:45:51.084082,11101,0
UChXOhG9bRDb3vSTg-qkPAZg,Gweilo-60,2019-03-09 10:44:51.16398,11101,0
UChXOhG9bRDb3vSTg-qkPAZg,Gweilo-60,2019-03-09 10:43:51.428407,11101,0
UChXOhG9bRDb3vSTg-qkPAZg,Gweilo-60,2019-03-09 10:42:51.102424,11101,0
UChXOhG9bRDb3vSTg-qkPAZg,Gweilo-60,2019-03-09 10:41:51.17536,11101,0
UChXOhG9bRDb3vSTg-qkPAZg,Gweilo-60,2019-03-09 10:40:50.964219,11101,0
UChXOhG9bRDb3vSTg-qkPAZg,Gweilo-60,2019-03-09 10:39:51.130102,11101,0
UChXOhG9bRDb3vSTg-qkPAZg,Gweilo-60,2019-03-09 10:38:51.053091,11101,0
UChXOhG9bRDb3vSTg-qkPAZg,Gweilo-60,2019-03-09 10:37:51.600389,11101,0
UChXOhG9bRDb3vSTg-qkPAZg,Gweilo-60,2019-03-09 10:36:51.609182,11101,0
UChXOhG9bRDb3vSTg-qkPAZg,Gweilo-60,2019-03-09 10:35:51.305234,11101,0
UChXOhG9bRDb3vSTg-qkPAZg,Gweilo-60,2019-03-09 10:34:50.65331,11101,0
UChXOhG9bRDb3vSTg-qkPAZg,Gweilo-60,2019-03-09 10:33:51.238132,11101,0
UChXOhG9bRDb3vSTg-qkPAZg,Gweilo-60,2019-03-09 10:32:51.877568,11101,0
UChXOhG9bRDb3vSTg-qkPAZg,Gweilo-60,2019-03-09 10:31:51.434954,11101,0
UChXOhG9bRDb3vSTg-qkPAZg,Gweilo-60,2019-03-09 10:30:51.551342,11101,0
UChXOhG9bRDb3vSTg-qkPAZg,Gweilo-60,2019-03-09 10:29:50.86107,11101,0
UChXOhG9bRDb3vSTg-qkPAZg,Gweilo-60,2019-03-09 10:28:50.828472,11101,0
UChXOhG9bRDb3vSTg-qkPAZg,Gweilo-60,2019-03-09 10:27:51.117408,11101,0
UChXOhG9bRDb3vSTg-qkPAZg,Gweilo-60,2019-03-09 10:26:51.200493,11101,0
UChXOhG9bRDb3vSTg-qkPAZg,Gweilo-60,2019-03-09 10:25:51.36797,11101,0
UChXOhG9bRDb3vSTg-qkPAZg,Gweilo-60,2019-03-09 10:24:51.342204,11101,0
UChXOhG9bRDb3vSTg-qkPAZg,Gweilo-60,2019-03-09 10:23:51.279281,11101,0
UChXOhG9bRDb3vSTg-qkPAZg,Gweilo-60,2019-03-09 10:22:51.332468,11101,0
UChXOhG9bRDb3vSTg-qkPAZg,Gweilo-60,2019-03-09 10:21:51.016984,11101,0
UChXOhG9bRDb3vSTg-qkPAZg,Gweilo-60,2019-03-09 10:20:51.03279,11101,0
UChXOhG9bRDb3vSTg-qkPAZg,Gweilo-60,2019-03-09 10:19:51.52176,11101,0
UChXOhG9bRDb3vSTg-qkPAZg,Gweilo-60,2019-03-09 10:18:50.976217,11101,0
UChXOhG9bRDb3vSTg-qkPAZg,Gweilo-60,2019-03-09 10:17:51.451442,11101,1
UChXOhG9bRDb3vSTg-qkPAZg,Gweilo-60,2019-03-09 10:16:51.111216,11100,0
UChXOhG9bRDb3vSTg-qkPAZg,Gweilo-60,2019-03-09 10:15:50.80891,11100,0
UChXOhG9bRDb3vSTg-qkPAZg,Gweilo-60,2019-03-09 10:14:50.907229,11100,0
UChXOhG9bRDb3vSTg-qkPAZg,Gweilo-60,2019-03-09 10:13:51.14501,11100,0
UChXOhG9bRDb3vSTg-qkPAZg,Gweilo-60,2019-03-09 10:12:51.310133,11100,0
UChXOhG9bRDb3vSTg-qkPAZg,Gweilo-60,2019-03-09 10:11:51.159231,11100,0
UChXOhG9bRDb3vSTg-qkPAZg,Gweilo-60,2019-03-09 10:10:51.469013,11100,0
UChXOhG9bRDb3vSTg-qkPAZg,Gweilo-60,2019-03-09 10:09:51.302846,11100,0
UChXOhG9bRDb3vSTg-qkPAZg,Gweilo-60,2019-03-09 10:08:50.939385,11100,0
UChXOhG9bRDb3vSTg-qkPAZg,Gweilo-60,2019-03-09 10:07:51.641309,11100,0
UChXOhG9bRDb3vSTg-qkPAZg,Gweilo-60,2019-03-09 10:06:51.123411,11100,0
UChXOhG9bRDb3vSTg-qkPAZg,Gweilo-60,2019-03-09 10:05:51.648735,11100,0
UChXOhG9bRDb3vSTg-qkPAZg,Gweilo-60,2019-03-09 10:04:50.870883,11100,0
UChXOhG9bRDb3vSTg-qkPAZg,Gweilo-60,2019-03-09 10:03:51.244215,11100,0
UChXOhG9bRDb3vSTg-qkPAZg,Gweilo-60,2019-03-09 10:02:51.020768,11100,0
UChXOhG9bRDb3vSTg-qkPAZg,Gweilo-60,2019-03-09 10:01:51.477062,11100,0
UChXOhG9bRDb3vSTg-qkPAZg,Gweilo-60,2019-03-09 10:00:51.455497,11100,0
UChXOhG9bRDb3vSTg-qkPAZg,Gweilo-60,2019-03-09 09:59:51.455992,11100,0
UChXOhG9bRDb3vSTg-qkPAZg,Gweilo-60,2019-03-09 09:58:51.128228,11100,0
UChXOhG9bRDb3vSTg-qkPAZg,Gweilo-60,2019-03-09 09:57:51.217571,11100,0
UChXOhG9bRDb3vSTg-qkPAZg,Gweilo-60,2019-03-09 09:56:51.206888,11100,0
UChXOhG9bRDb3vSTg-qkPAZg,Gweilo-60,2019-03-09 09:55:51.465744,11100,0
UChXOhG9bRDb3vSTg-qkPAZg,Gweilo-60,2019-03-09 09:54:51.424962,11100,0
UChXOhG9bRDb3vSTg-qkPAZg,Gweilo-60,2019-03-09 09:53:52.700288,11100,0
UChXOhG9bRDb3vSTg-qkPAZg,Gweilo-60,2019-03-09 09:52:51.410448,11100,0
UChXOhG9bRDb3vSTg-qkPAZg,Gweilo-60,2019-03-09 09:51:51.609918,11100,0
UChXOhG9bRDb3vSTg-qkPAZg,Gweilo-60,2019-03-09 09:50:51.977166,11100,0
UChXOhG9bRDb3vSTg-qkPAZg,Gweilo-60,2019-03-09 09:49:51.229945,11100,0
UChXOhG9bRDb3vSTg-qkPAZg,Gweilo-60,2019-03-09 09:48:51.254817,11100,0
UChXOhG9bRDb3vSTg-qkPAZg,Gweilo-60,2019-03-09 09:47:51.058355,11100,0
UChXOhG9bRDb3vSTg-qkPAZg,Gweilo-60,2019-03-09 09:46:51.061721,11100,0
UChXOhG9bRDb3vSTg-qkPAZg,Gweilo-60,2019-03-09 09:45:51.193043,11100,0
UChXOhG9bRDb3vSTg-qkPAZg,Gweilo-60,2019-03-09 09:44:52.774243,11100,0
UChXOhG9bRDb3vSTg-qkPAZg,Gweilo-60,2019-03-09 09:43:51.198868,11100,0
UChXOhG9bRDb3vSTg-qkPAZg,Gweilo-60,2019-03-09 09:42:50.971796,11100,0
UChXOhG9bRDb3vSTg-qkPAZg,Gweilo-60,2019-03-09 09:41:50.964508,11100,0
UChXOhG9bRDb3vSTg-qkPAZg,Gweilo-60,2019-03-09 09:40:50.991174,11100,0
UChXOhG9bRDb3vSTg-qkPAZg,Gweilo-60,2019-03-09 09:39:51.320897,11100,0
UChXOhG9bRDb3vSTg-qkPAZg,Gweilo-60,2019-03-09 09:38:51.278987,11100,0
UChXOhG9bRDb3vSTg-qkPAZg,Gweilo-60,2019-03-09 09:37:51.607172,11100,0
UChXOhG9bRDb3vSTg-qkPAZg,Gweilo-60,2019-03-09 09:36:51.153959,11100,0
UChXOhG9bRDb3vSTg-qkPAZg,Gweilo-60,2019-03-09 09:35:51.245432,11100,0
UChXOhG9bRDb3vSTg-qkPAZg,Gweilo-60,2019-03-09 09:34:51.324565,11100,0
UChXOhG9bRDb3vSTg-qkPAZg,Gweilo-60,2019-03-09 09:33:51.712058,11100,0
UChXOhG9bRDb3vSTg-qkPAZg,Gweilo-60,2019-03-09 09:32:51.022129,11100,0
UChXOhG9bRDb3vSTg-qkPAZg,Gweilo-60,2019-03-09 09:31:51.074588,11100,0
UChXOhG9bRDb3vSTg-qkPAZg,Gweilo-60,2019-03-09 09:30:51.158977,11100,0
UChXOhG9bRDb3vSTg-qkPAZg,Gweilo-60,2019-03-09 09:29:51.200214,11100,0
UChXOhG9bRDb3vSTg-qkPAZg,Gweilo-60,2019-03-09 09:28:51.057163,11100,0
UChXOhG9bRDb3vSTg-qkPAZg,Gweilo-60,2019-03-09 09:27:51.069886,11100,0
UChXOhG9bRDb3vSTg-qkPAZg,Gweilo-60,2019-03-09 09:26:51.25222,11100,0
UChXOhG9bRDb3vSTg-qkPAZg,Gweilo-60,2019-03-09 09:25:50.850153,11100,1
UChXOhG9bRDb3vSTg-qkPAZg,Gweilo-60,2019-03-09 09:24:51.396351,11099,0
UChXOhG9bRDb3vSTg-qkPAZg,Gweilo-60,2019-03-09 09:23:51.362918,11099,0
UChXOhG9bRDb3vSTg-qkPAZg,Gweilo-60,2019-03-09 09:22:50.84906,11099,0
UChXOhG9bRDb3vSTg-qkPAZg,Gweilo-60,2019-03-09 09:21:50.804256,11099,0
UChXOhG9bRDb3vSTg-qkPAZg,Gweilo-60,2019-03-09 09:20:50.942513,11099,0
UChXOhG9bRDb3vSTg-qkPAZg,Gweilo-60,2019-03-09 09:19:51.027165,11099,0
UChXOhG9bRDb3vSTg-qkPAZg,Gweilo-60,2019-03-09 09:18:51.991054,11099,0
UChXOhG9bRDb3vSTg-qkPAZg,Gweilo-60,2019-03-09 09:17:51.002232,11099,0
UChXOhG9bRDb3vSTg-qkPAZg,Gweilo-60,2019-03-09 09:16:50.930374,11099,0
UChXOhG9bRDb3vSTg-qkPAZg,Gweilo-60,2019-03-09 09:15:50.814933,11099,0
UChXOhG9bRDb3vSTg-qkPAZg,Gweilo-60,2019-03-09 09:14:51.418002,11099,0
UChXOhG9bRDb3vSTg-qkPAZg,Gweilo-60,2019-03-09 09:13:51.36199,11099,0
UChXOhG9bRDb3vSTg-qkPAZg,Gweilo-60,2019-03-09 09:12:51.206436,11099,0
UChXOhG9bRDb3vSTg-qkPAZg,Gweilo-60,2019-03-09 09:11:51.235505,11099,0
UChXOhG9bRDb3vSTg-qkPAZg,Gweilo-60,2019-03-09 09:10:51.130321,11099,0
UChXOhG9bRDb3vSTg-qkPAZg,Gweilo-60,2019-03-09 09:09:51.378656,11099,0
UChXOhG9bRDb3vSTg-qkPAZg,Gweilo-60,2019-03-09 09:08:50.833188,11099,0
UChXOhG9bRDb3vSTg-qkPAZg,Gweilo-60,2019-03-09 09:07:51.699036,11099,0
UChXOhG9bRDb3vSTg-qkPAZg,Gweilo-60,2019-03-09 09:06:51.821821,11099,0
UChXOhG9bRDb3vSTg-qkPAZg,Gweilo-60,2019-03-09 09:05:50.929185,11099,0
UChXOhG9bRDb3vSTg-qkPAZg,Gweilo-60,2019-03-09 09:04:51.529164,11099,0
UChXOhG9bRDb3vSTg-qkPAZg,Gweilo-60,2019-03-09 09:03:51.22413,11099,0
UChXOhG9bRDb3vSTg-qkPAZg,Gweilo-60,2019-03-09 09:02:51.184253,11099,0
UChXOhG9bRDb3vSTg-qkPAZg,Gweilo-60,2019-03-09 09:01:51.241656,11099,0
UChXOhG9bRDb3vSTg-qkPAZg,Gweilo-60,2019-03-09 09:00:51.47844,11099,0
UChXOhG9bRDb3vSTg-qkPAZg,Gweilo-60,2019-03-09 08:59:51.19476,11099,0
UChXOhG9bRDb3vSTg-qkPAZg,Gweilo-60,2019-03-09 08:58:51.218098,11099,0
UChXOhG9bRDb3vSTg-qkPAZg,Gweilo-60,2019-03-09 08:57:51.369219,11099,0
UChXOhG9bRDb3vSTg-qkPAZg,Gweilo-60,2019-03-09 08:56:51.228274,11099,0
UChXOhG9bRDb3vSTg-qkPAZg,Gweilo-60,2019-03-09 08:55:50.977315,11099,0
UChXOhG9bRDb3vSTg-qkPAZg,Gweilo-60,2019-03-09 08:54:51.766205,11099,0
UChXOhG9bRDb3vSTg-qkPAZg,Gweilo-60,2019-03-09 08:53:51.238282,11099,0
UChXOhG9bRDb3vSTg-qkPAZg,Gweilo-60,2019-03-09 08:52:51.475771,11099,0
UChXOhG9bRDb3vSTg-qkPAZg,Gweilo-60,2019-03-09 08:51:51.166853,11099,0
UChXOhG9bRDb3vSTg-qkPAZg,Gweilo-60,2019-03-09 08:50:51.580257,11099,0
UChXOhG9bRDb3vSTg-qkPAZg,Gweilo-60,2019-03-09 08:49:52.129942,11099,0
UChXOhG9bRDb3vSTg-qkPAZg,Gweilo-60,2019-03-09 08:48:50.782171,11099,0
UChXOhG9bRDb3vSTg-qkPAZg,Gweilo-60,2019-03-09 08:47:51.078732,11099,0
UChXOhG9bRDb3vSTg-qkPAZg,Gweilo-60,2019-03-09 08:46:51.313245,11099,0
UChXOhG9bRDb3vSTg-qkPAZg,Gweilo-60,2019-03-09 08:45:50.848456,11099,0
UChXOhG9bRDb3vSTg-qkPAZg,Gweilo-60,2019-03-09 08:44:51.161595,11099,0
UChXOhG9bRDb3vSTg-qkPAZg,Gweilo-60,2019-03-09 08:43:51.230189,11099,0
UChXOhG9bRDb3vSTg-qkPAZg,Gweilo-60,2019-03-09 08:42:51.225651,11099,0
UChXOhG9bRDb3vSTg-qkPAZg,Gweilo-60,2019-03-09 08:41:51.121728,11099,0
UChXOhG9bRDb3vSTg-qkPAZg,Gweilo-60,2019-03-09 08:40:51.19252,11099,0
UChXOhG9bRDb3vSTg-qkPAZg,Gweilo-60,2019-03-09 08:39:51.253491,11099,0
UChXOhG9bRDb3vSTg-qkPAZg,Gweilo-60,2019-03-09 08:38:50.910787,11099,0
UChXOhG9bRDb3vSTg-qkPAZg,Gweilo-60,2019-03-09 08:37:51.144842,11099,0
UChXOhG9bRDb3vSTg-qkPAZg,Gweilo-60,2019-03-09 08:36:50.826755,11099,0
UChXOhG9bRDb3vSTg-qkPAZg,Gweilo-60,2019-03-09 08:35:50.939013,11099,0
UChXOhG9bRDb3vSTg-qkPAZg,Gweilo-60,2019-03-09 08:34:50.837202,11099,0
UChXOhG9bRDb3vSTg-qkPAZg,Gweilo-60,2019-03-09 08:33:50.739249,11099,0
UChXOhG9bRDb3vSTg-qkPAZg,Gweilo-60,2019-03-09 08:32:51.015523,11099,0
UChXOhG9bRDb3vSTg-qkPAZg,Gweilo-60,2019-03-09 08:31:50.931529,11099,0
UChXOhG9bRDb3vSTg-qkPAZg,Gweilo-60,2019-03-09 08:30:50.909464,11099,0
UChXOhG9bRDb3vSTg-qkPAZg,Gweilo-60,2019-03-09 08:29:50.812212,11099,0
UChXOhG9bRDb3vSTg-qkPAZg,Gweilo-60,2019-03-09 08:28:51.31104,11099,0
UChXOhG9bRDb3vSTg-qkPAZg,Gweilo-60,2019-03-09 08:27:51.283655,11099,0
UChXOhG9bRDb3vSTg-qkPAZg,Gweilo-60,2019-03-09 08:26:51.720718,11099,0
UChXOhG9bRDb3vSTg-qkPAZg,Gweilo-60,2019-03-09 08:25:50.860372,11099,0
UChXOhG9bRDb3vSTg-qkPAZg,Gweilo-60,2019-03-09 08:24:50.906457,11099,0
UChXOhG9bRDb3vSTg-qkPAZg,Gweilo-60,2019-03-09 08:23:51.286454,11099,0
UChXOhG9bRDb3vSTg-qkPAZg,Gweilo-60,2019-03-09 08:22:51.257738,11099,0
UChXOhG9bRDb3vSTg-qkPAZg,Gweilo-60,2019-03-09 08:21:51.40974,11099,0
UChXOhG9bRDb3vSTg-qkPAZg,Gweilo-60,2019-03-09 08:20:51.08466,11099,0
UChXOhG9bRDb3vSTg-qkPAZg,Gweilo-60,2019-03-09 08:19:51.388626,11099,0
UChXOhG9bRDb3vSTg-qkPAZg,Gweilo-60,2019-03-09 08:18:51.294126,11099,0
UChXOhG9bRDb3vSTg-qkPAZg,Gweilo-60,2019-03-09 08:17:51.513134,11099,0
UChXOhG9bRDb3vSTg-qkPAZg,Gweilo-60,2019-03-09 08:16:51.374849,11099,0
UChXOhG9bRDb3vSTg-qkPAZg,Gweilo-60,2019-03-09 08:15:51.317248,11099,0
UChXOhG9bRDb3vSTg-qkPAZg,Gweilo-60,2019-03-09 08:14:51.989679,11099,0
UChXOhG9bRDb3vSTg-qkPAZg,Gweilo-60,2019-03-09 08:13:51.19503,11099,0
UChXOhG9bRDb3vSTg-qkPAZg,Gweilo-60,2019-03-09 08:12:51.157764,11099,0
UChXOhG9bRDb3vSTg-qkPAZg,Gweilo-60,2019-03-09 08:11:51.68985,11099,0
UChXOhG9bRDb3vSTg-qkPAZg,Gweilo-60,2019-03-09 08:10:51.368335,11099,0
UChXOhG9bRDb3vSTg-qkPAZg,Gweilo-60,2019-03-09 08:09:51.242589,11099,0
UChXOhG9bRDb3vSTg-qkPAZg,Gweilo-60,2019-03-09 08:08:51.33537,11099,0
UChXOhG9bRDb3vSTg-qkPAZg,Gweilo-60,2019-03-09 08:07:50.917825,11099,0
UChXOhG9bRDb3vSTg-qkPAZg,Gweilo-60,2019-03-09 08:06:51.096709,11099,0
UChXOhG9bRDb3vSTg-qkPAZg,Gweilo-60,2019-03-09 08:05:51.310344,11099,0
UChXOhG9bRDb3vSTg-qkPAZg,Gweilo-60,2019-03-09 08:04:51.157408,11099,0
UChXOhG9bRDb3vSTg-qkPAZg,Gweilo-60,2019-03-09 08:03:51.310758,11099,1
UChXOhG9bRDb3vSTg-qkPAZg,Gweilo-60,2019-03-09 08:02:51.746499,11098,0
UChXOhG9bRDb3vSTg-qkPAZg,Gweilo-60,2019-03-09 08:01:51.090766,11098,0
UChXOhG9bRDb3vSTg-qkPAZg,Gweilo-60,2019-03-09 08:00:51.772712,11098,0
UChXOhG9bRDb3vSTg-qkPAZg,Gweilo-60,2019-03-09 07:59:51.010904,11098,0
UChXOhG9bRDb3vSTg-qkPAZg,Gweilo-60,2019-03-09 07:58:51.129476,11098,0
UChXOhG9bRDb3vSTg-qkPAZg,Gweilo-60,2019-03-09 07:57:50.942787,11098,0
UChXOhG9bRDb3vSTg-qkPAZg,Gweilo-60,2019-03-09 07:56:50.832393,11098,0
UChXOhG9bRDb3vSTg-qkPAZg,Gweilo-60,2019-03-09 07:55:51.268249,11098,0
UChXOhG9bRDb3vSTg-qkPAZg,Gweilo-60,2019-03-09 07:54:51.490947,11098,0
UChXOhG9bRDb3vSTg-qkPAZg,Gweilo-60,2019-03-09 07:53:51.681321,11098,0
UChXOhG9bRDb3vSTg-qkPAZg,Gweilo-60,2019-03-09 07:52:51.177071,11098,0
UChXOhG9bRDb3vSTg-qkPAZg,Gweilo-60,2019-03-09 07:51:50.94413,11098,0
UChXOhG9bRDb3vSTg-qkPAZg,Gweilo-60,2019-03-09 07:50:51.854286,11098,0
UChXOhG9bRDb3vSTg-qkPAZg,Gweilo-60,2019-03-09 07:49:51.291021,11098,0
UChXOhG9bRDb3vSTg-qkPAZg,Gweilo-60,2019-03-09 07:48:51.086538,11098,0
UChXOhG9bRDb3vSTg-qkPAZg,Gweilo-60,2019-03-09 07:47:51.090879,11098,0
UChXOhG9bRDb3vSTg-qkPAZg,Gweilo-60,2019-03-09 07:46:51.388913,11098,0
UChXOhG9bRDb3vSTg-qkPAZg,Gweilo-60,2019-03-09 07:45:50.89448,11098,0
UChXOhG9bRDb3vSTg-qkPAZg,Gweilo-60,2019-03-09 07:44:51.668462,11098,0
UChXOhG9bRDb3vSTg-qkPAZg,Gweilo-60,2019-03-09 07:43:51.515213,11098,0
UChXOhG9bRDb3vSTg-qkPAZg,Gweilo-60,2019-03-09 07:42:51.027687,11098,0
UChXOhG9bRDb3vSTg-qkPAZg,Gweilo-60,2019-03-09 07:41:51.135799,11098,0
UChXOhG9bRDb3vSTg-qkPAZg,Gweilo-60,2019-03-09 07:40:51.03233,11098,0
UChXOhG9bRDb3vSTg-qkPAZg,Gweilo-60,2019-03-09 07:39:50.851283,11098,0
UChXOhG9bRDb3vSTg-qkPAZg,Gweilo-60,2019-03-09 07:38:50.868722,11098,0
UChXOhG9bRDb3vSTg-qkPAZg,Gweilo-60,2019-03-09 07:37:50.842818,11098,0
UChXOhG9bRDb3vSTg-qkPAZg,Gweilo-60,2019-03-09 07:36:51.397118,11098,0
UChXOhG9bRDb3vSTg-qkPAZg,Gweilo-60,2019-03-09 07:35:51.022892,11098,0
UChXOhG9bRDb3vSTg-qkPAZg,Gweilo-60,2019-03-09 07:34:51.33153,11098,0
UChXOhG9bRDb3vSTg-qkPAZg,Gweilo-60,2019-03-09 07:33:51.576143,11098,0
UChXOhG9bRDb3vSTg-qkPAZg,Gweilo-60,2019-03-09 07:32:50.559684,11098,0
UChXOhG9bRDb3vSTg-qkPAZg,Gweilo-60,2019-03-09 07:31:50.919814,11098,0
UChXOhG9bRDb3vSTg-qkPAZg,Gweilo-60,2019-03-09 07:30:51.032581,11098,0
UChXOhG9bRDb3vSTg-qkPAZg,Gweilo-60,2019-03-09 07:29:51.08898,11098,0
UChXOhG9bRDb3vSTg-qkPAZg,Gweilo-60,2019-03-09 07:28:51.364936,11098,0
UChXOhG9bRDb3vSTg-qkPAZg,Gweilo-60,2019-03-09 07:27:51.208889,11098,0
UChXOhG9bRDb3vSTg-qkPAZg,Gweilo-60,2019-03-09 07:26:50.739002,11098,0
UChXOhG9bRDb3vSTg-qkPAZg,Gweilo-60,2019-03-09 07:25:51.165799,11098,0
UChXOhG9bRDb3vSTg-qkPAZg,Gweilo-60,2019-03-09 07:24:51.192152,11098,0
UChXOhG9bRDb3vSTg-qkPAZg,Gweilo-60,2019-03-09 07:23:50.865245,11098,0
UChXOhG9bRDb3vSTg-qkPAZg,Gweilo-60,2019-03-09 07:22:51.471911,11098,0
UChXOhG9bRDb3vSTg-qkPAZg,Gweilo-60,2019-03-09 07:21:50.71281,11098,0
UChXOhG9bRDb3vSTg-qkPAZg,Gweilo-60,2019-03-09 07:20:50.923058,11098,0
UChXOhG9bRDb3vSTg-qkPAZg,Gweilo-60,2019-03-09 07:19:50.796385,11098,0
UChXOhG9bRDb3vSTg-qkPAZg,Gweilo-60,2019-03-09 07:18:50.999261,11098,0
UChXOhG9bRDb3vSTg-qkPAZg,Gweilo-60,2019-03-09 07:17:51.238093,11098,0
UChXOhG9bRDb3vSTg-qkPAZg,Gweilo-60,2019-03-09 07:16:50.817031,11098,0
UChXOhG9bRDb3vSTg-qkPAZg,Gweilo-60,2019-03-09 07:15:51.128156,11098,0
UChXOhG9bRDb3vSTg-qkPAZg,Gweilo-60,2019-03-09 07:14:51.725974,11098,0
UChXOhG9bRDb3vSTg-qkPAZg,Gweilo-60,2019-03-09 07:13:51.409255,11098,0
UChXOhG9bRDb3vSTg-qkPAZg,Gweilo-60,2019-03-09 07:12:50.849128,11098,0
UChXOhG9bRDb3vSTg-qkPAZg,Gweilo-60,2019-03-09 07:11:51.653499,11098,0
UChXOhG9bRDb3vSTg-qkPAZg,Gweilo-60,2019-03-09 07:10:51.259098,11098,0
UChXOhG9bRDb3vSTg-qkPAZg,Gweilo-60,2019-03-09 07:09:51.465254,11098,0
UChXOhG9bRDb3vSTg-qkPAZg,Gweilo-60,2019-03-09 07:08:51.643851,11098,0
UChXOhG9bRDb3vSTg-qkPAZg,Gweilo-60,2019-03-09 07:07:50.93069,11098,0
UChXOhG9bRDb3vSTg-qkPAZg,Gweilo-60,2019-03-09 07:06:51.133898,11098,0
UChXOhG9bRDb3vSTg-qkPAZg,Gweilo-60,2019-03-09 07:05:51.220406,11098,0
UChXOhG9bRDb3vSTg-qkPAZg,Gweilo-60,2019-03-09 07:04:51.346508,11098,0
UChXOhG9bRDb3vSTg-qkPAZg,Gweilo-60,2019-03-09 07:03:51.3149,11098,0
UChXOhG9bRDb3vSTg-qkPAZg,Gweilo-60,2019-03-09 07:02:51.347981,11098,0
UChXOhG9bRDb3vSTg-qkPAZg,Gweilo-60,2019-03-09 07:01:51.480322,11098,0
UChXOhG9bRDb3vSTg-qkPAZg,Gweilo-60,2019-03-09 07:00:51.105231,11098,0
UChXOhG9bRDb3vSTg-qkPAZg,Gweilo-60,2019-03-09 06:59:51.180863,11098,0
UChXOhG9bRDb3vSTg-qkPAZg,Gweilo-60,2019-03-09 06:58:51.53456,11098,0
UChXOhG9bRDb3vSTg-qkPAZg,Gweilo-60,2019-03-09 06:57:51.326956,11098,0
UChXOhG9bRDb3vSTg-qkPAZg,Gweilo-60,2019-03-09 06:56:50.870907,11098,0
UChXOhG9bRDb3vSTg-qkPAZg,Gweilo-60,2019-03-09 06:55:51.586174,11098,0
UChXOhG9bRDb3vSTg-qkPAZg,Gweilo-60,2019-03-09 06:54:51.22617,11098,0
UChXOhG9bRDb3vSTg-qkPAZg,Gweilo-60,2019-03-09 06:53:51.078415,11098,0
UChXOhG9bRDb3vSTg-qkPAZg,Gweilo-60,2019-03-09 06:52:51.878136,11098,0
UChXOhG9bRDb3vSTg-qkPAZg,Gweilo-60,2019-03-09 06:51:51.362556,11098,0
UChXOhG9bRDb3vSTg-qkPAZg,Gweilo-60,2019-03-09 06:50:51.676545,11098,0
UChXOhG9bRDb3vSTg-qkPAZg,Gweilo-60,2019-03-09 06:49:51.465141,11098,0
UChXOhG9bRDb3vSTg-qkPAZg,Gweilo-60,2019-03-09 06:48:51.271048,11098,0
UChXOhG9bRDb3vSTg-qkPAZg,Gweilo-60,2019-03-09 06:47:51.560446,11098,0
UChXOhG9bRDb3vSTg-qkPAZg,Gweilo-60,2019-03-09 06:46:50.647285,11098,0
UChXOhG9bRDb3vSTg-qkPAZg,Gweilo-60,2019-03-09 06:45:51.223856,11098,0
UChXOhG9bRDb3vSTg-qkPAZg,Gweilo-60,2019-03-09 06:44:50.815644,11098,0
UChXOhG9bRDb3vSTg-qkPAZg,Gweilo-60,2019-03-09 06:43:51.418664,11098,0
UChXOhG9bRDb3vSTg-qkPAZg,Gweilo-60,2019-03-09 06:42:50.9193,11098,0
UChXOhG9bRDb3vSTg-qkPAZg,Gweilo-60,2019-03-09 06:41:51.115167,11098,0
UChXOhG9bRDb3vSTg-qkPAZg,Gweilo-60,2019-03-09 06:40:51.637378,11098,0
UChXOhG9bRDb3vSTg-qkPAZg,Gweilo-60,2019-03-09 06:39:51.153857,11098,0
UChXOhG9bRDb3vSTg-qkPAZg,Gweilo-60,2019-03-09 06:38:51.488813,11098,0
UChXOhG9bRDb3vSTg-qkPAZg,Gweilo-60,2019-03-09 06:37:51.181065,11098,0
UChXOhG9bRDb3vSTg-qkPAZg,Gweilo-60,2019-03-09 06:36:50.839895,11098,0
UChXOhG9bRDb3vSTg-qkPAZg,Gweilo-60,2019-03-09 06:35:51.130738,11098,0
UChXOhG9bRDb3vSTg-qkPAZg,Gweilo-60,2019-03-09 06:34:51.724194,11098,0
UChXOhG9bRDb3vSTg-qkPAZg,Gweilo-60,2019-03-09 06:33:50.738162,11098,0
UChXOhG9bRDb3vSTg-qkPAZg,Gweilo-60,2019-03-09 06:32:51.111366,11098,0
UChXOhG9bRDb3vSTg-qkPAZg,Gweilo-60,2019-03-09 06:31:51.28446,11098,0
UChXOhG9bRDb3vSTg-qkPAZg,Gweilo-60,2019-03-09 06:30:50.902908,11098,0
UChXOhG9bRDb3vSTg-qkPAZg,Gweilo-60,2019-03-09 06:29:51.617986,11098,0
UChXOhG9bRDb3vSTg-qkPAZg,Gweilo-60,2019-03-09 06:28:51.36583,11098,0
UChXOhG9bRDb3vSTg-qkPAZg,Gweilo-60,2019-03-09 06:27:51.302809,11098,0
UChXOhG9bRDb3vSTg-qkPAZg,Gweilo-60,2019-03-09 06:26:52.132156,11098,0
UChXOhG9bRDb3vSTg-qkPAZg,Gweilo-60,2019-03-09 06:25:51.168239,11098,0
UChXOhG9bRDb3vSTg-qkPAZg,Gweilo-60,2019-03-09 06:24:51.440753,11098,0
UChXOhG9bRDb3vSTg-qkPAZg,Gweilo-60,2019-03-09 06:23:51.035814,11098,0
UChXOhG9bRDb3vSTg-qkPAZg,Gweilo-60,2019-03-09 06:22:50.837469,11098,0
UChXOhG9bRDb3vSTg-qkPAZg,Gweilo-60,2019-03-09 06:21:52.035446,11098,0
UChXOhG9bRDb3vSTg-qkPAZg,Gweilo-60,2019-03-09 06:20:51.00887,11098,0
UChXOhG9bRDb3vSTg-qkPAZg,Gweilo-60,2019-03-09 06:19:50.935165,11098,0
UChXOhG9bRDb3vSTg-qkPAZg,Gweilo-60,2019-03-09 06:18:51.075184,11098,0
UChXOhG9bRDb3vSTg-qkPAZg,Gweilo-60,2019-03-09 06:17:50.925358,11098,0
UChXOhG9bRDb3vSTg-qkPAZg,Gweilo-60,2019-03-09 06:16:52.484035,11098,0
UChXOhG9bRDb3vSTg-qkPAZg,Gweilo-60,2019-03-09 06:15:51.443459,11098,0
UChXOhG9bRDb3vSTg-qkPAZg,Gweilo-60,2019-03-09 06:14:50.851711,11098,0
UChXOhG9bRDb3vSTg-qkPAZg,Gweilo-60,2019-03-09 06:13:51.308227,11098,0
UChXOhG9bRDb3vSTg-qkPAZg,Gweilo-60,2019-03-09 06:12:50.995582,11098,0
UChXOhG9bRDb3vSTg-qkPAZg,Gweilo-60,2019-03-09 06:11:50.772259,11098,0
UChXOhG9bRDb3vSTg-qkPAZg,Gweilo-60,2019-03-09 06:10:50.82005,11098,0
UChXOhG9bRDb3vSTg-qkPAZg,Gweilo-60,2019-03-09 06:09:52.138676,11098,0
UChXOhG9bRDb3vSTg-qkPAZg,Gweilo-60,2019-03-09 06:08:51.228051,11098,0
UChXOhG9bRDb3vSTg-qkPAZg,Gweilo-60,2019-03-09 06:07:51.225167,11098,0
UChXOhG9bRDb3vSTg-qkPAZg,Gweilo-60,2019-03-09 06:06:51.995824,11098,0
UChXOhG9bRDb3vSTg-qkPAZg,Gweilo-60,2019-03-09 06:05:51.123773,11098,0
UChXOhG9bRDb3vSTg-qkPAZg,Gweilo-60,2019-03-09 06:04:51.60908,11098,0
UChXOhG9bRDb3vSTg-qkPAZg,Gweilo-60,2019-03-09 06:03:51.253576,11098,0
UChXOhG9bRDb3vSTg-qkPAZg,Gweilo-60,2019-03-09 06:02:51.181089,11098,0
UChXOhG9bRDb3vSTg-qkPAZg,Gweilo-60,2019-03-09 06:01:51.629211,11098,0
UChXOhG9bRDb3vSTg-qkPAZg,Gweilo-60,2019-03-09 06:00:51.25133,11098,0
UChXOhG9bRDb3vSTg-qkPAZg,Gweilo-60,2019-03-09 05:59:51.201819,11098,0
UChXOhG9bRDb3vSTg-qkPAZg,Gweilo-60,2019-03-09 05:58:51.024717,11098,0
UChXOhG9bRDb3vSTg-qkPAZg,Gweilo-60,2019-03-09 05:57:51.10664,11098,0
UChXOhG9bRDb3vSTg-qkPAZg,Gweilo-60,2019-03-09 05:56:51.193341,11098,0
UChXOhG9bRDb3vSTg-qkPAZg,Gweilo-60,2019-03-09 05:55:51.74751,11098,0
UChXOhG9bRDb3vSTg-qkPAZg,Gweilo-60,2019-03-09 05:54:51.006484,11098,0
UChXOhG9bRDb3vSTg-qkPAZg,Gweilo-60,2019-03-09 05:53:50.841644,11098,0
UChXOhG9bRDb3vSTg-qkPAZg,Gweilo-60,2019-03-09 05:52:51.441444,11098,0
UChXOhG9bRDb3vSTg-qkPAZg,Gweilo-60,2019-03-09 05:51:50.968908,11098,0
UChXOhG9bRDb3vSTg-qkPAZg,Gweilo-60,2019-03-09 05:50:50.903334,11098,0
UChXOhG9bRDb3vSTg-qkPAZg,Gweilo-60,2019-03-09 05:49:51.055975,11098,0
UChXOhG9bRDb3vSTg-qkPAZg,Gweilo-60,2019-03-09 05:48:51.003951,11098,0
UChXOhG9bRDb3vSTg-qkPAZg,Gweilo-60,2019-03-09 05:47:50.889973,11098,0
UChXOhG9bRDb3vSTg-qkPAZg,Gweilo-60,2019-03-09 05:46:51.513847,11098,0
UChXOhG9bRDb3vSTg-qkPAZg,Gweilo-60,2019-03-09 05:45:50.975158,11098,0
UChXOhG9bRDb3vSTg-qkPAZg,Gweilo-60,2019-03-09 05:44:50.765701,11098,0
UChXOhG9bRDb3vSTg-qkPAZg,Gweilo-60,2019-03-09 05:43:51.629743,11098,0
UChXOhG9bRDb3vSTg-qkPAZg,Gweilo-60,2019-03-09 05:42:51.243877,11098,0
UChXOhG9bRDb3vSTg-qkPAZg,Gweilo-60,2019-03-09 05:41:50.962688,11098,0
UChXOhG9bRDb3vSTg-qkPAZg,Gweilo-60,2019-03-09 05:40:50.750443,11098,0
UChXOhG9bRDb3vSTg-qkPAZg,Gweilo-60,2019-03-09 05:39:51.645708,11098,0
UChXOhG9bRDb3vSTg-qkPAZg,Gweilo-60,2019-03-09 05:38:50.906375,11098,0
UChXOhG9bRDb3vSTg-qkPAZg,Gweilo-60,2019-03-09 05:37:51.053286,11098,0
UChXOhG9bRDb3vSTg-qkPAZg,Gweilo-60,2019-03-09 05:36:51.070753,11098,0
UChXOhG9bRDb3vSTg-qkPAZg,Gweilo-60,2019-03-09 05:35:51.362209,11098,0
UChXOhG9bRDb3vSTg-qkPAZg,Gweilo-60,2019-03-09 05:34:51.243835,11098,0
UChXOhG9bRDb3vSTg-qkPAZg,Gweilo-60,2019-03-09 05:33:50.862859,11098,0
UChXOhG9bRDb3vSTg-qkPAZg,Gweilo-60,2019-03-09 05:32:51.404841,11098,0
UChXOhG9bRDb3vSTg-qkPAZg,Gweilo-60,2019-03-09 05:31:51.272146,11098,0
UChXOhG9bRDb3vSTg-qkPAZg,Gweilo-60,2019-03-09 05:30:51.198097,11098,0
UChXOhG9bRDb3vSTg-qkPAZg,Gweilo-60,2019-03-09 05:29:51.571068,11098,0
UChXOhG9bRDb3vSTg-qkPAZg,Gweilo-60,2019-03-09 05:28:51.080888,11098,0
UChXOhG9bRDb3vSTg-qkPAZg,Gweilo-60,2019-03-09 05:27:51.189618,11098,0
UChXOhG9bRDb3vSTg-qkPAZg,Gweilo-60,2019-03-09 05:26:50.969771,11098,0
UChXOhG9bRDb3vSTg-qkPAZg,Gweilo-60,2019-03-09 05:25:50.757138,11098,0
UChXOhG9bRDb3vSTg-qkPAZg,Gweilo-60,2019-03-09 05:24:51.044753,11098,0
UChXOhG9bRDb3vSTg-qkPAZg,Gweilo-60,2019-03-09 05:23:51.058429,11098,0
UChXOhG9bRDb3vSTg-qkPAZg,Gweilo-60,2019-03-09 05:22:50.867729,11098,0
UChXOhG9bRDb3vSTg-qkPAZg,Gweilo-60,2019-03-09 05:21:50.988758,11098,0
UChXOhG9bRDb3vSTg-qkPAZg,Gweilo-60,2019-03-09 05:20:50.924041,11098,0
UChXOhG9bRDb3vSTg-qkPAZg,Gweilo-60,2019-03-09 05:19:51.234894,11098,0
UChXOhG9bRDb3vSTg-qkPAZg,Gweilo-60,2019-03-09 05:18:51.017489,11098,0
UChXOhG9bRDb3vSTg-qkPAZg,Gweilo-60,2019-03-09 05:17:50.757598,11098,0
UChXOhG9bRDb3vSTg-qkPAZg,Gweilo-60,2019-03-09 05:16:51.26578,11098,0
UChXOhG9bRDb3vSTg-qkPAZg,Gweilo-60,2019-03-09 05:15:51.186952,11098,0
UChXOhG9bRDb3vSTg-qkPAZg,Gweilo-60,2019-03-09 05:14:51.228389,11098,0
UChXOhG9bRDb3vSTg-qkPAZg,Gweilo-60,2019-03-09 05:13:51.35219,11098,0
UChXOhG9bRDb3vSTg-qkPAZg,Gweilo-60,2019-03-09 05:12:51.208079,11098,0
UChXOhG9bRDb3vSTg-qkPAZg,Gweilo-60,2019-03-09 05:11:51.355567,11098,0
UChXOhG9bRDb3vSTg-qkPAZg,Gweilo-60,2019-03-09 05:10:51.32483,11098,0
UChXOhG9bRDb3vSTg-qkPAZg,Gweilo-60,2019-03-09 05:09:51.108147,11098,0
UChXOhG9bRDb3vSTg-qkPAZg,Gweilo-60,2019-03-09 05:08:51.482361,11098,0
UChXOhG9bRDb3vSTg-qkPAZg,Gweilo-60,2019-03-09 05:07:50.999683,11098,0
UChXOhG9bRDb3vSTg-qkPAZg,Gweilo-60,2019-03-09 05:06:51.141745,11098,0
UChXOhG9bRDb3vSTg-qkPAZg,Gweilo-60,2019-03-09 05:05:50.993429,11098,0
UChXOhG9bRDb3vSTg-qkPAZg,Gweilo-60,2019-03-09 05:04:51.411739,11098,0
UChXOhG9bRDb3vSTg-qkPAZg,Gweilo-60,2019-03-09 05:03:52.672764,11098,0
UChXOhG9bRDb3vSTg-qkPAZg,Gweilo-60,2019-03-09 05:02:50.959976,11098,0
UChXOhG9bRDb3vSTg-qkPAZg,Gweilo-60,2019-03-09 05:01:51.79994,11098,0
UChXOhG9bRDb3vSTg-qkPAZg,Gweilo-60,2019-03-09 05:00:50.859127,11098,0
UChXOhG9bRDb3vSTg-qkPAZg,Gweilo-60,2019-03-09 04:59:51.00768,11098,0
UChXOhG9bRDb3vSTg-qkPAZg,Gweilo-60,2019-03-09 04:58:51.187818,11098,0
UChXOhG9bRDb3vSTg-qkPAZg,Gweilo-60,2019-03-09 04:57:50.847045,11098,0
UChXOhG9bRDb3vSTg-qkPAZg,Gweilo-60,2019-03-09 04:56:51.482361,11098,0
UChXOhG9bRDb3vSTg-qkPAZg,Gweilo-60,2019-03-09 04:55:51.147074,11098,0
UChXOhG9bRDb3vSTg-qkPAZg,Gweilo-60,2019-03-09 04:54:51.122982,11098,0
UChXOhG9bRDb3vSTg-qkPAZg,Gweilo-60,2019-03-09 04:53:50.75078,11098,0
UChXOhG9bRDb3vSTg-qkPAZg,Gweilo-60,2019-03-09 04:52:51.561162,11098,0
UChXOhG9bRDb3vSTg-qkPAZg,Gweilo-60,2019-03-09 04:51:51.060988,11098,0
UChXOhG9bRDb3vSTg-qkPAZg,Gweilo-60,2019-03-09 04:50:51.685703,11098,0
UChXOhG9bRDb3vSTg-qkPAZg,Gweilo-60,2019-03-09 04:49:51.172889,11098,0
UChXOhG9bRDb3vSTg-qkPAZg,Gweilo-60,2019-03-09 04:48:51.842638,11098,0
UChXOhG9bRDb3vSTg-qkPAZg,Gweilo-60,2019-03-09 04:47:50.809045,11098,0
UChXOhG9bRDb3vSTg-qkPAZg,Gweilo-60,2019-03-09 04:46:50.779567,11098,0
UChXOhG9bRDb3vSTg-qkPAZg,Gweilo-60,2019-03-09 04:45:51.15172,11098,0
UChXOhG9bRDb3vSTg-qkPAZg,Gweilo-60,2019-03-09 04:44:51.565745,11098,0
UChXOhG9bRDb3vSTg-qkPAZg,Gweilo-60,2019-03-09 04:43:51.190742,11098,0
UChXOhG9bRDb3vSTg-qkPAZg,Gweilo-60,2019-03-09 04:42:51.810988,11098,0
UChXOhG9bRDb3vSTg-qkPAZg,Gweilo-60,2019-03-09 04:41:51.08278,11098,0
UChXOhG9bRDb3vSTg-qkPAZg,Gweilo-60,2019-03-09 04:40:51.053514,11098,0
UChXOhG9bRDb3vSTg-qkPAZg,Gweilo-60,2019-03-09 04:39:51.965092,11098,0
UChXOhG9bRDb3vSTg-qkPAZg,Gweilo-60,2019-03-09 04:38:51.445949,11098,0
UChXOhG9bRDb3vSTg-qkPAZg,Gweilo-60,2019-03-09 04:37:52.248367,11098,0
UChXOhG9bRDb3vSTg-qkPAZg,Gweilo-60,2019-03-09 04:36:51.142755,11098,0
UChXOhG9bRDb3vSTg-qkPAZg,Gweilo-60,2019-03-09 04:35:50.704486,11098,0
UChXOhG9bRDb3vSTg-qkPAZg,Gweilo-60,2019-03-09 04:34:52.21033,11098,0
UChXOhG9bRDb3vSTg-qkPAZg,Gweilo-60,2019-03-09 04:33:50.818383,11098,0
UChXOhG9bRDb3vSTg-qkPAZg,Gweilo-60,2019-03-09 04:32:51.477851,11098,0
UChXOhG9bRDb3vSTg-qkPAZg,Gweilo-60,2019-03-09 04:31:50.928536,11098,0
UChXOhG9bRDb3vSTg-qkPAZg,Gweilo-60,2019-03-09 04:30:50.912568,11098,0
UChXOhG9bRDb3vSTg-qkPAZg,Gweilo-60,2019-03-09 04:29:50.764836,11098,0
UChXOhG9bRDb3vSTg-qkPAZg,Gweilo-60,2019-03-09 04:28:51.467887,11098,0
UChXOhG9bRDb3vSTg-qkPAZg,Gweilo-60,2019-03-09 04:27:51.016989,11098,0
UChXOhG9bRDb3vSTg-qkPAZg,Gweilo-60,2019-03-09 04:26:51.632058,11098,0
UChXOhG9bRDb3vSTg-qkPAZg,Gweilo-60,2019-03-09 04:25:51.305752,11098,0
UChXOhG9bRDb3vSTg-qkPAZg,Gweilo-60,2019-03-09 04:24:51.339277,11098,0
UChXOhG9bRDb3vSTg-qkPAZg,Gweilo-60,2019-03-09 04:23:51.521338,11098,0
UChXOhG9bRDb3vSTg-qkPAZg,Gweilo-60,2019-03-09 04:22:51.210159,11098,0
UChXOhG9bRDb3vSTg-qkPAZg,Gweilo-60,2019-03-09 04:21:50.884143,11098,0
UChXOhG9bRDb3vSTg-qkPAZg,Gweilo-60,2019-03-09 04:20:51.015688,11098,0
UChXOhG9bRDb3vSTg-qkPAZg,Gweilo-60,2019-03-09 04:19:51.243466,11098,0
UChXOhG9bRDb3vSTg-qkPAZg,Gweilo-60,2019-03-09 04:18:51.229848,11098,0
UChXOhG9bRDb3vSTg-qkPAZg,Gweilo-60,2019-03-09 04:17:51.632292,11098,0
UChXOhG9bRDb3vSTg-qkPAZg,Gweilo-60,2019-03-09 04:16:52.016313,11098,0
UChXOhG9bRDb3vSTg-qkPAZg,Gweilo-60,2019-03-09 04:15:50.887359,11098,0
UChXOhG9bRDb3vSTg-qkPAZg,Gweilo-60,2019-03-09 04:14:51.538271,11098,0
UChXOhG9bRDb3vSTg-qkPAZg,Gweilo-60,2019-03-09 04:13:51.133096,11098,0
UChXOhG9bRDb3vSTg-qkPAZg,Gweilo-60,2019-03-09 04:12:51.250156,11098,0
UChXOhG9bRDb3vSTg-qkPAZg,Gweilo-60,2019-03-09 04:11:51.16132,11098,0
UChXOhG9bRDb3vSTg-qkPAZg,Gweilo-60,2019-03-09 04:10:50.894393,11098,0
UChXOhG9bRDb3vSTg-qkPAZg,Gweilo-60,2019-03-09 04:09:50.486823,11098,0
UChXOhG9bRDb3vSTg-qkPAZg,Gweilo-60,2019-03-09 04:08:51.354449,11098,0
UChXOhG9bRDb3vSTg-qkPAZg,Gweilo-60,2019-03-09 04:07:50.68991,11098,0
UChXOhG9bRDb3vSTg-qkPAZg,Gweilo-60,2019-03-09 04:06:50.925658,11098,0
UChXOhG9bRDb3vSTg-qkPAZg,Gweilo-60,2019-03-09 04:05:53.314003,11098,0
UChXOhG9bRDb3vSTg-qkPAZg,Gweilo-60,2019-03-09 04:04:51.256529,11098,0
UChXOhG9bRDb3vSTg-qkPAZg,Gweilo-60,2019-03-09 04:03:51.229876,11098,0
UChXOhG9bRDb3vSTg-qkPAZg,Gweilo-60,2019-03-09 04:02:50.590328,11098,0
UChXOhG9bRDb3vSTg-qkPAZg,Gweilo-60,2019-03-09 04:01:50.678692,11098,0
UChXOhG9bRDb3vSTg-qkPAZg,Gweilo-60,2019-03-09 04:00:50.915343,11098,0
UChXOhG9bRDb3vSTg-qkPAZg,Gweilo-60,2019-03-09 03:59:51.074143,11098,0
UChXOhG9bRDb3vSTg-qkPAZg,Gweilo-60,2019-03-09 03:58:51.199214,11098,0
UChXOhG9bRDb3vSTg-qkPAZg,Gweilo-60,2019-03-09 03:57:51.193373,11098,0
UChXOhG9bRDb3vSTg-qkPAZg,Gweilo-60,2019-03-09 03:56:51.154805,11098,0
UChXOhG9bRDb3vSTg-qkPAZg,Gweilo-60,2019-03-09 03:55:51.015349,11098,0
UChXOhG9bRDb3vSTg-qkPAZg,Gweilo-60,2019-03-09 03:54:50.536946,11098,0
UChXOhG9bRDb3vSTg-qkPAZg,Gweilo-60,2019-03-09 03:53:50.745822,11098,1
UChXOhG9bRDb3vSTg-qkPAZg,Gweilo-60,2019-03-09 03:52:50.484717,11097,0
UChXOhG9bRDb3vSTg-qkPAZg,Gweilo-60,2019-03-09 03:51:51.041935,11097,0
UChXOhG9bRDb3vSTg-qkPAZg,Gweilo-60,2019-03-09 03:50:51.146177,11097,0
UChXOhG9bRDb3vSTg-qkPAZg,Gweilo-60,2019-03-09 03:49:51.171521,11097,0
UChXOhG9bRDb3vSTg-qkPAZg,Gweilo-60,2019-03-09 03:48:51.16102,11097,0
UChXOhG9bRDb3vSTg-qkPAZg,Gweilo-60,2019-03-09 03:47:50.849917,11097,0
UChXOhG9bRDb3vSTg-qkPAZg,Gweilo-60,2019-03-09 03:46:55.174824,11097,0
UChXOhG9bRDb3vSTg-qkPAZg,Gweilo-60,2019-03-09 03:45:50.626847,11097,0
UChXOhG9bRDb3vSTg-qkPAZg,Gweilo-60,2019-03-09 03:44:51.479355,11097,0
UChXOhG9bRDb3vSTg-qkPAZg,Gweilo-60,2019-03-09 03:43:51.262581,11097,0
UChXOhG9bRDb3vSTg-qkPAZg,Gweilo-60,2019-03-09 03:42:50.929448,11097,0
UChXOhG9bRDb3vSTg-qkPAZg,Gweilo-60,2019-03-09 03:41:50.960804,11097,0
UChXOhG9bRDb3vSTg-qkPAZg,Gweilo-60,2019-03-09 03:40:51.80844,11097,0
UChXOhG9bRDb3vSTg-qkPAZg,Gweilo-60,2019-03-09 03:39:51.701446,11097,0
UChXOhG9bRDb3vSTg-qkPAZg,Gweilo-60,2019-03-09 03:38:50.952308,11097,0
UChXOhG9bRDb3vSTg-qkPAZg,Gweilo-60,2019-03-09 03:37:50.865392,11097,0
UChXOhG9bRDb3vSTg-qkPAZg,Gweilo-60,2019-03-09 03:36:51.005297,11097,0
UChXOhG9bRDb3vSTg-qkPAZg,Gweilo-60,2019-03-09 03:35:51.073679,11097,0
UChXOhG9bRDb3vSTg-qkPAZg,Gweilo-60,2019-03-09 03:34:50.712788,11097,0
UChXOhG9bRDb3vSTg-qkPAZg,Gweilo-60,2019-03-09 03:33:51.400331,11097,1
UChXOhG9bRDb3vSTg-qkPAZg,Gweilo-60,2019-03-09 03:32:51.438895,11096,0
UChXOhG9bRDb3vSTg-qkPAZg,Gweilo-60,2019-03-09 03:31:50.919351,11096,0
UChXOhG9bRDb3vSTg-qkPAZg,Gweilo-60,2019-03-09 03:30:51.36641,11096,0
UChXOhG9bRDb3vSTg-qkPAZg,Gweilo-60,2019-03-09 03:29:51.063488,11096,0
UChXOhG9bRDb3vSTg-qkPAZg,Gweilo-60,2019-03-09 03:28:51.038929,11096,0
UChXOhG9bRDb3vSTg-qkPAZg,Gweilo-60,2019-03-09 03:27:51.194407,11096,0
UChXOhG9bRDb3vSTg-qkPAZg,Gweilo-60,2019-03-09 03:26:51.181235,11096,0
UChXOhG9bRDb3vSTg-qkPAZg,Gweilo-60,2019-03-09 03:25:51.279052,11096,0
UChXOhG9bRDb3vSTg-qkPAZg,Gweilo-60,2019-03-09 03:24:51.721868,11096,0
UChXOhG9bRDb3vSTg-qkPAZg,Gweilo-60,2019-03-09 03:23:51.468521,11096,0
UChXOhG9bRDb3vSTg-qkPAZg,Gweilo-60,2019-03-09 03:22:51.345429,11096,0
UChXOhG9bRDb3vSTg-qkPAZg,Gweilo-60,2019-03-09 03:21:51.227907,11096,0
UChXOhG9bRDb3vSTg-qkPAZg,Gweilo-60,2019-03-09 03:20:51.257716,11096,0
UChXOhG9bRDb3vSTg-qkPAZg,Gweilo-60,2019-03-09 03:19:51.926455,11096,0
UChXOhG9bRDb3vSTg-qkPAZg,Gweilo-60,2019-03-09 03:18:50.986669,11096,0
UChXOhG9bRDb3vSTg-qkPAZg,Gweilo-60,2019-03-09 03:17:51.906434,11096,0
UChXOhG9bRDb3vSTg-qkPAZg,Gweilo-60,2019-03-09 03:16:50.906239,11096,0
UChXOhG9bRDb3vSTg-qkPAZg,Gweilo-60,2019-03-09 03:15:51.085709,11096,0
UChXOhG9bRDb3vSTg-qkPAZg,Gweilo-60,2019-03-09 03:14:52.419901,11096,0
UChXOhG9bRDb3vSTg-qkPAZg,Gweilo-60,2019-03-09 03:13:52.559662,11096,0
UChXOhG9bRDb3vSTg-qkPAZg,Gweilo-60,2019-03-09 03:12:51.07006,11096,0
UChXOhG9bRDb3vSTg-qkPAZg,Gweilo-60,2019-03-09 03:11:51.030808,11096,0
UChXOhG9bRDb3vSTg-qkPAZg,Gweilo-60,2019-03-09 03:10:51.19108,11096,0
UChXOhG9bRDb3vSTg-qkPAZg,Gweilo-60,2019-03-09 03:09:52.113627,11096,0
UChXOhG9bRDb3vSTg-qkPAZg,Gweilo-60,2019-03-09 03:08:50.882153,11096,0
UChXOhG9bRDb3vSTg-qkPAZg,Gweilo-60,2019-03-09 03:07:50.856371,11096,0
UChXOhG9bRDb3vSTg-qkPAZg,Gweilo-60,2019-03-09 03:06:50.911592,11096,0
UChXOhG9bRDb3vSTg-qkPAZg,Gweilo-60,2019-03-09 03:05:51.323327,11096,0
UChXOhG9bRDb3vSTg-qkPAZg,Gweilo-60,2019-03-09 03:04:50.953839,11096,0
UChXOhG9bRDb3vSTg-qkPAZg,Gweilo-60,2019-03-09 03:03:51.212758,11096,0
UChXOhG9bRDb3vSTg-qkPAZg,Gweilo-60,2019-03-09 03:02:51.554054,11096,0
UChXOhG9bRDb3vSTg-qkPAZg,Gweilo-60,2019-03-09 03:01:51.216502,11096,0
UChXOhG9bRDb3vSTg-qkPAZg,Gweilo-60,2019-03-09 03:00:51.865208,11096,0
UChXOhG9bRDb3vSTg-qkPAZg,Gweilo-60,2019-03-09 02:59:51.264174,11096,0
UChXOhG9bRDb3vSTg-qkPAZg,Gweilo-60,2019-03-09 02:58:51.151544,11096,-1
UChXOhG9bRDb3vSTg-qkPAZg,Gweilo-60,2019-03-09 02:57:50.84847,11097,0
UChXOhG9bRDb3vSTg-qkPAZg,Gweilo-60,2019-03-09 02:56:51.432012,11097,0
UChXOhG9bRDb3vSTg-qkPAZg,Gweilo-60,2019-03-09 02:55:50.910329,11097,0
UChXOhG9bRDb3vSTg-qkPAZg,Gweilo-60,2019-03-09 02:54:51.187627,11097,0
UChXOhG9bRDb3vSTg-qkPAZg,Gweilo-60,2019-03-09 02:53:51.411666,11097,0
UChXOhG9bRDb3vSTg-qkPAZg,Gweilo-60,2019-03-09 02:52:50.753671,11097,0
UChXOhG9bRDb3vSTg-qkPAZg,Gweilo-60,2019-03-09 02:51:51.040334,11097,0
UChXOhG9bRDb3vSTg-qkPAZg,Gweilo-60,2019-03-09 02:50:50.737312,11097,0
UChXOhG9bRDb3vSTg-qkPAZg,Gweilo-60,2019-03-09 02:49:50.989825,11097,0
UChXOhG9bRDb3vSTg-qkPAZg,Gweilo-60,2019-03-09 02:48:51.105821,11097,0
UChXOhG9bRDb3vSTg-qkPAZg,Gweilo-60,2019-03-09 02:47:50.768003,11097,0
UChXOhG9bRDb3vSTg-qkPAZg,Gweilo-60,2019-03-09 02:46:51.226506,11097,0
UChXOhG9bRDb3vSTg-qkPAZg,Gweilo-60,2019-03-09 02:45:50.817054,11097,0
UChXOhG9bRDb3vSTg-qkPAZg,Gweilo-60,2019-03-09 02:44:51.143982,11097,0
UChXOhG9bRDb3vSTg-qkPAZg,Gweilo-60,2019-03-09 02:43:51.180725,11097,0
UChXOhG9bRDb3vSTg-qkPAZg,Gweilo-60,2019-03-09 02:42:50.660781,11097,0
UChXOhG9bRDb3vSTg-qkPAZg,Gweilo-60,2019-03-09 02:41:50.754283,11097,0
UChXOhG9bRDb3vSTg-qkPAZg,Gweilo-60,2019-03-09 02:40:50.983056,11097,0
UChXOhG9bRDb3vSTg-qkPAZg,Gweilo-60,2019-03-09 02:39:51.022897,11097,0
UChXOhG9bRDb3vSTg-qkPAZg,Gweilo-60,2019-03-09 02:38:50.887159,11097,0
UChXOhG9bRDb3vSTg-qkPAZg,Gweilo-60,2019-03-09 02:37:51.270976,11097,0
UChXOhG9bRDb3vSTg-qkPAZg,Gweilo-60,2019-03-09 02:36:50.972627,11097,0
UChXOhG9bRDb3vSTg-qkPAZg,Gweilo-60,2019-03-09 02:35:51.007078,11097,0
UChXOhG9bRDb3vSTg-qkPAZg,Gweilo-60,2019-03-09 02:34:50.405791,11097,0
UChXOhG9bRDb3vSTg-qkPAZg,Gweilo-60,2019-03-09 02:33:50.668073,11097,0
UChXOhG9bRDb3vSTg-qkPAZg,Gweilo-60,2019-03-09 02:32:50.878831,11097,0
UChXOhG9bRDb3vSTg-qkPAZg,Gweilo-60,2019-03-09 02:31:51.100773,11097,0
UChXOhG9bRDb3vSTg-qkPAZg,Gweilo-60,2019-03-09 02:30:51.820103,11097,0
UChXOhG9bRDb3vSTg-qkPAZg,Gweilo-60,2019-03-09 02:29:52.94039,11097,0
UChXOhG9bRDb3vSTg-qkPAZg,Gweilo-60,2019-03-09 02:28:50.797274,11097,0
UChXOhG9bRDb3vSTg-qkPAZg,Gweilo-60,2019-03-09 02:27:51.23827,11097,0
UChXOhG9bRDb3vSTg-qkPAZg,Gweilo-60,2019-03-09 02:26:51.065012,11097,0
UChXOhG9bRDb3vSTg-qkPAZg,Gweilo-60,2019-03-09 02:25:51.196123,11097,0
UChXOhG9bRDb3vSTg-qkPAZg,Gweilo-60,2019-03-09 02:24:50.840579,11097,0
UChXOhG9bRDb3vSTg-qkPAZg,Gweilo-60,2019-03-09 02:23:50.844484,11097,0
UChXOhG9bRDb3vSTg-qkPAZg,Gweilo-60,2019-03-09 02:22:50.984637,11097,0
UChXOhG9bRDb3vSTg-qkPAZg,Gweilo-60,2019-03-09 02:21:50.843397,11097,0
UChXOhG9bRDb3vSTg-qkPAZg,Gweilo-60,2019-03-09 02:20:50.686181,11097,0
UChXOhG9bRDb3vSTg-qkPAZg,Gweilo-60,2019-03-09 02:19:50.714854,11097,0
UChXOhG9bRDb3vSTg-qkPAZg,Gweilo-60,2019-03-09 02:18:51.006667,11097,0
UChXOhG9bRDb3vSTg-qkPAZg,Gweilo-60,2019-03-09 02:17:51.048766,11097,0
UChXOhG9bRDb3vSTg-qkPAZg,Gweilo-60,2019-03-09 02:16:51.195082,11097,0
UChXOhG9bRDb3vSTg-qkPAZg,Gweilo-60,2019-03-09 02:15:51.004352,11097,0
UChXOhG9bRDb3vSTg-qkPAZg,Gweilo-60,2019-03-09 02:14:51.370554,11097,0
UChXOhG9bRDb3vSTg-qkPAZg,Gweilo-60,2019-03-09 02:13:51.208409,11097,0
UChXOhG9bRDb3vSTg-qkPAZg,Gweilo-60,2019-03-09 02:12:50.769608,11097,0
UChXOhG9bRDb3vSTg-qkPAZg,Gweilo-60,2019-03-09 02:11:51.685669,11097,0
UChXOhG9bRDb3vSTg-qkPAZg,Gweilo-60,2019-03-09 02:10:51.001483,11097,0
UChXOhG9bRDb3vSTg-qkPAZg,Gweilo-60,2019-03-09 02:09:51.005144,11097,0
UChXOhG9bRDb3vSTg-qkPAZg,Gweilo-60,2019-03-09 02:08:50.899772,11097,0
UChXOhG9bRDb3vSTg-qkPAZg,Gweilo-60,2019-03-09 02:07:50.734373,11097,0
UChXOhG9bRDb3vSTg-qkPAZg,Gweilo-60,2019-03-09 02:06:51.272388,11097,0
UChXOhG9bRDb3vSTg-qkPAZg,Gweilo-60,2019-03-09 02:05:50.812154,11097,0
UChXOhG9bRDb3vSTg-qkPAZg,Gweilo-60,2019-03-09 02:04:51.003437,11097,0
UChXOhG9bRDb3vSTg-qkPAZg,Gweilo-60,2019-03-09 02:03:50.953872,11097,0
UChXOhG9bRDb3vSTg-qkPAZg,Gweilo-60,2019-03-09 02:02:50.926733,11097,0
UChXOhG9bRDb3vSTg-qkPAZg,Gweilo-60,2019-03-09 02:01:51.197728,11097,0
UChXOhG9bRDb3vSTg-qkPAZg,Gweilo-60,2019-03-09 02:00:51.408842,11097,0
UChXOhG9bRDb3vSTg-qkPAZg,Gweilo-60,2019-03-09 01:59:51.109455,11097,0
UChXOhG9bRDb3vSTg-qkPAZg,Gweilo-60,2019-03-09 01:58:51.679053,11097,0
UChXOhG9bRDb3vSTg-qkPAZg,Gweilo-60,2019-03-09 01:57:51.617744,11097,0
UChXOhG9bRDb3vSTg-qkPAZg,Gweilo-60,2019-03-09 01:56:51.202657,11097,0
UChXOhG9bRDb3vSTg-qkPAZg,Gweilo-60,2019-03-09 01:55:51.071514,11097,0
UChXOhG9bRDb3vSTg-qkPAZg,Gweilo-60,2019-03-09 01:54:51.713738,11097,0
UChXOhG9bRDb3vSTg-qkPAZg,Gweilo-60,2019-03-09 01:53:50.943586,11097,0
UChXOhG9bRDb3vSTg-qkPAZg,Gweilo-60,2019-03-09 01:52:51.435353,11097,0
UChXOhG9bRDb3vSTg-qkPAZg,Gweilo-60,2019-03-09 01:51:51.408724,11097,0
UChXOhG9bRDb3vSTg-qkPAZg,Gweilo-60,2019-03-09 01:50:51.173381,11097,0
UChXOhG9bRDb3vSTg-qkPAZg,Gweilo-60,2019-03-09 01:49:51.111125,11097,0
UChXOhG9bRDb3vSTg-qkPAZg,Gweilo-60,2019-03-09 01:48:51.675737,11097,0
UChXOhG9bRDb3vSTg-qkPAZg,Gweilo-60,2019-03-09 01:47:50.70034,11097,0
UChXOhG9bRDb3vSTg-qkPAZg,Gweilo-60,2019-03-09 01:46:50.841949,11097,0
UChXOhG9bRDb3vSTg-qkPAZg,Gweilo-60,2019-03-09 01:45:51.656774,11097,0
UChXOhG9bRDb3vSTg-qkPAZg,Gweilo-60,2019-03-09 01:44:51.125363,11097,0
UChXOhG9bRDb3vSTg-qkPAZg,Gweilo-60,2019-03-09 01:43:51.326763,11097,0
UChXOhG9bRDb3vSTg-qkPAZg,Gweilo-60,2019-03-09 01:42:50.853616,11097,0
UChXOhG9bRDb3vSTg-qkPAZg,Gweilo-60,2019-03-09 01:41:51.416913,11097,0
UChXOhG9bRDb3vSTg-qkPAZg,Gweilo-60,2019-03-09 01:40:50.903563,11097,0
UChXOhG9bRDb3vSTg-qkPAZg,Gweilo-60,2019-03-09 01:39:50.781439,11097,0
UChXOhG9bRDb3vSTg-qkPAZg,Gweilo-60,2019-03-09 01:38:51.556875,11097,0
UChXOhG9bRDb3vSTg-qkPAZg,Gweilo-60,2019-03-09 01:37:51.114164,11097,0
UChXOhG9bRDb3vSTg-qkPAZg,Gweilo-60,2019-03-09 01:36:50.721896,11097,0
UChXOhG9bRDb3vSTg-qkPAZg,Gweilo-60,2019-03-09 01:35:50.80335,11097,0
UChXOhG9bRDb3vSTg-qkPAZg,Gweilo-60,2019-03-09 01:34:50.64004,11097,0
UChXOhG9bRDb3vSTg-qkPAZg,Gweilo-60,2019-03-09 01:33:50.870225,11097,0
UChXOhG9bRDb3vSTg-qkPAZg,Gweilo-60,2019-03-09 01:32:51.215914,11097,0
UChXOhG9bRDb3vSTg-qkPAZg,Gweilo-60,2019-03-09 01:31:50.964563,11097,0
UChXOhG9bRDb3vSTg-qkPAZg,Gweilo-60,2019-03-09 01:30:51.203717,11097,0
UChXOhG9bRDb3vSTg-qkPAZg,Gweilo-60,2019-03-09 01:29:50.866111,11097,0
UChXOhG9bRDb3vSTg-qkPAZg,Gweilo-60,2019-03-09 01:28:50.911001,11097,0
UChXOhG9bRDb3vSTg-qkPAZg,Gweilo-60,2019-03-09 01:27:51.264815,11097,0
UChXOhG9bRDb3vSTg-qkPAZg,Gweilo-60,2019-03-09 01:26:50.455444,11097,0
UChXOhG9bRDb3vSTg-qkPAZg,Gweilo-60,2019-03-09 01:25:50.760894,11097,0
UChXOhG9bRDb3vSTg-qkPAZg,Gweilo-60,2019-03-09 01:24:51.574449,11097,0
UChXOhG9bRDb3vSTg-qkPAZg,Gweilo-60,2019-03-09 01:23:51.499393,11097,0
UChXOhG9bRDb3vSTg-qkPAZg,Gweilo-60,2019-03-09 01:22:51.026929,11097,0
UChXOhG9bRDb3vSTg-qkPAZg,Gweilo-60,2019-03-09 01:21:52.486369,11097,0
UChXOhG9bRDb3vSTg-qkPAZg,Gweilo-60,2019-03-09 01:20:51.303574,11097,0
UChXOhG9bRDb3vSTg-qkPAZg,Gweilo-60,2019-03-09 01:19:51.242083,11097,0
UChXOhG9bRDb3vSTg-qkPAZg,Gweilo-60,2019-03-09 01:18:51.176472,11097,0
UChXOhG9bRDb3vSTg-qkPAZg,Gweilo-60,2019-03-09 01:17:50.973269,11097,0
UChXOhG9bRDb3vSTg-qkPAZg,Gweilo-60,2019-03-09 01:16:50.8833,11097,0
UChXOhG9bRDb3vSTg-qkPAZg,Gweilo-60,2019-03-09 01:15:50.727669,11097,0
UChXOhG9bRDb3vSTg-qkPAZg,Gweilo-60,2019-03-09 01:14:51.351721,11097,0
UChXOhG9bRDb3vSTg-qkPAZg,Gweilo-60,2019-03-09 01:13:50.985398,11097,0
UChXOhG9bRDb3vSTg-qkPAZg,Gweilo-60,2019-03-09 01:12:50.980679,11097,0
UChXOhG9bRDb3vSTg-qkPAZg,Gweilo-60,2019-03-09 01:11:50.397604,11097,0
UChXOhG9bRDb3vSTg-qkPAZg,Gweilo-60,2019-03-09 01:10:51.0065,11097,0
UChXOhG9bRDb3vSTg-qkPAZg,Gweilo-60,2019-03-09 01:09:50.764423,11097,0
UChXOhG9bRDb3vSTg-qkPAZg,Gweilo-60,2019-03-09 01:08:51.347524,11097,0
UChXOhG9bRDb3vSTg-qkPAZg,Gweilo-60,2019-03-09 01:07:51.137144,11097,0
UChXOhG9bRDb3vSTg-qkPAZg,Gweilo-60,2019-03-09 01:06:50.511042,11097,0
UChXOhG9bRDb3vSTg-qkPAZg,Gweilo-60,2019-03-09 01:05:50.908898,11097,0
UChXOhG9bRDb3vSTg-qkPAZg,Gweilo-60,2019-03-09 01:04:51.208486,11097,0
UChXOhG9bRDb3vSTg-qkPAZg,Gweilo-60,2019-03-09 01:03:52.490922,11097,0
UChXOhG9bRDb3vSTg-qkPAZg,Gweilo-60,2019-03-09 01:02:51.12641,11097,0
UChXOhG9bRDb3vSTg-qkPAZg,Gweilo-60,2019-03-09 01:01:50.31501,11097,0
UChXOhG9bRDb3vSTg-qkPAZg,Gweilo-60,2019-03-09 01:00:51.381829,11097,0
UChXOhG9bRDb3vSTg-qkPAZg,Gweilo-60,2019-03-09 00:59:50.507021,11097,0
UChXOhG9bRDb3vSTg-qkPAZg,Gweilo-60,2019-03-09 00:58:51.753616,11097,0
UChXOhG9bRDb3vSTg-qkPAZg,Gweilo-60,2019-03-09 00:57:50.763589,11097,0
UChXOhG9bRDb3vSTg-qkPAZg,Gweilo-60,2019-03-09 00:56:51.541961,11097,0
UChXOhG9bRDb3vSTg-qkPAZg,Gweilo-60,2019-03-09 00:55:51.38086,11097,0
UChXOhG9bRDb3vSTg-qkPAZg,Gweilo-60,2019-03-09 00:54:50.559721,11097,0
UChXOhG9bRDb3vSTg-qkPAZg,Gweilo-60,2019-03-09 00:53:51.007042,11097,0
UChXOhG9bRDb3vSTg-qkPAZg,Gweilo-60,2019-03-09 00:52:51.027875,11097,0
UChXOhG9bRDb3vSTg-qkPAZg,Gweilo-60,2019-03-09 00:51:50.225498,11097,0
UChXOhG9bRDb3vSTg-qkPAZg,Gweilo-60,2019-03-09 00:50:50.942845,11097,0
UChXOhG9bRDb3vSTg-qkPAZg,Gweilo-60,2019-03-09 00:49:51.02712,11097,0
UChXOhG9bRDb3vSTg-qkPAZg,Gweilo-60,2019-03-09 00:48:51.047311,11097,0
UChXOhG9bRDb3vSTg-qkPAZg,Gweilo-60,2019-03-09 00:47:51.270316,11097,0
UChXOhG9bRDb3vSTg-qkPAZg,Gweilo-60,2019-03-09 00:46:50.895291,11097,0
UChXOhG9bRDb3vSTg-qkPAZg,Gweilo-60,2019-03-09 00:45:51.1611,11097,0
UChXOhG9bRDb3vSTg-qkPAZg,Gweilo-60,2019-03-09 00:44:50.61707,11097,0
UChXOhG9bRDb3vSTg-qkPAZg,Gweilo-60,2019-03-09 00:43:51.022062,11097,0
UChXOhG9bRDb3vSTg-qkPAZg,Gweilo-60,2019-03-09 00:42:50.831485,11097,0
UChXOhG9bRDb3vSTg-qkPAZg,Gweilo-60,2019-03-09 00:41:50.777622,11097,0
UChXOhG9bRDb3vSTg-qkPAZg,Gweilo-60,2019-03-09 00:40:51.85227,11097,0
UChXOhG9bRDb3vSTg-qkPAZg,Gweilo-60,2019-03-09 00:39:50.866213,11097,0
UChXOhG9bRDb3vSTg-qkPAZg,Gweilo-60,2019-03-09 00:38:50.951732,11097,0
UChXOhG9bRDb3vSTg-qkPAZg,Gweilo-60,2019-03-09 00:37:51.36559,11097,0
UChXOhG9bRDb3vSTg-qkPAZg,Gweilo-60,2019-03-09 00:36:50.864674,11097,0
UChXOhG9bRDb3vSTg-qkPAZg,Gweilo-60,2019-03-09 00:35:50.581492,11097,0
UChXOhG9bRDb3vSTg-qkPAZg,Gweilo-60,2019-03-09 00:34:50.910283,11097,0
UChXOhG9bRDb3vSTg-qkPAZg,Gweilo-60,2019-03-09 00:33:51.055813,11097,0
UChXOhG9bRDb3vSTg-qkPAZg,Gweilo-60,2019-03-09 00:32:51.611342,11097,0
UChXOhG9bRDb3vSTg-qkPAZg,Gweilo-60,2019-03-09 00:31:51.135656,11097,0
UChXOhG9bRDb3vSTg-qkPAZg,Gweilo-60,2019-03-09 00:30:51.099658,11097,0
UChXOhG9bRDb3vSTg-qkPAZg,Gweilo-60,2019-03-09 00:29:51.27484,11097,0
UChXOhG9bRDb3vSTg-qkPAZg,Gweilo-60,2019-03-09 00:28:51.536355,11097,0
UChXOhG9bRDb3vSTg-qkPAZg,Gweilo-60,2019-03-09 00:27:50.487315,11097,0
UChXOhG9bRDb3vSTg-qkPAZg,Gweilo-60,2019-03-09 00:26:51.416019,11097,0
UChXOhG9bRDb3vSTg-qkPAZg,Gweilo-60,2019-03-09 00:25:50.837107,11097,0
UChXOhG9bRDb3vSTg-qkPAZg,Gweilo-60,2019-03-09 00:24:51.090366,11097,0
UChXOhG9bRDb3vSTg-qkPAZg,Gweilo-60,2019-03-09 00:23:51.47881,11097,0
UChXOhG9bRDb3vSTg-qkPAZg,Gweilo-60,2019-03-09 00:22:51.330522,11097,0
UChXOhG9bRDb3vSTg-qkPAZg,Gweilo-60,2019-03-09 00:21:51.196286,11097,0
UChXOhG9bRDb3vSTg-qkPAZg,Gweilo-60,2019-03-09 00:20:51.246484,11097,0
UChXOhG9bRDb3vSTg-qkPAZg,Gweilo-60,2019-03-09 00:19:50.888256,11097,0
UChXOhG9bRDb3vSTg-qkPAZg,Gweilo-60,2019-03-09 00:18:51.597507,11097,0
UChXOhG9bRDb3vSTg-qkPAZg,Gweilo-60,2019-03-09 00:17:51.225218,11097,0
UChXOhG9bRDb3vSTg-qkPAZg,Gweilo-60,2019-03-09 00:16:51.401618,11097,0
UChXOhG9bRDb3vSTg-qkPAZg,Gweilo-60,2019-03-09 00:15:51.66906,11097,0
UChXOhG9bRDb3vSTg-qkPAZg,Gweilo-60,2019-03-09 00:14:50.933363,11097,0
UChXOhG9bRDb3vSTg-qkPAZg,Gweilo-60,2019-03-09 00:13:50.8317,11097,0
UChXOhG9bRDb3vSTg-qkPAZg,Gweilo-60,2019-03-09 00:12:51.012897,11097,0
UChXOhG9bRDb3vSTg-qkPAZg,Gweilo-60,2019-03-09 00:11:51.420937,11097,0
UChXOhG9bRDb3vSTg-qkPAZg,Gweilo-60,2019-03-09 00:10:50.84796,11097,0
UChXOhG9bRDb3vSTg-qkPAZg,Gweilo-60,2019-03-09 00:09:51.917313,11097,0
UChXOhG9bRDb3vSTg-qkPAZg,Gweilo-60,2019-03-09 00:08:50.688787,11097,0
UChXOhG9bRDb3vSTg-qkPAZg,Gweilo-60,2019-03-09 00:07:51.345725,11097,0
UChXOhG9bRDb3vSTg-qkPAZg,Gweilo-60,2019-03-09 00:06:53.757614,11097,0
UChXOhG9bRDb3vSTg-qkPAZg,Gweilo-60,2019-03-09 00:05:51.284765,11097,0
UChXOhG9bRDb3vSTg-qkPAZg,Gweilo-60,2019-03-09 00:04:51.08499,11097,0
UChXOhG9bRDb3vSTg-qkPAZg,Gweilo-60,2019-03-09 00:03:51.454694,11097,0
UChXOhG9bRDb3vSTg-qkPAZg,Gweilo-60,2019-03-09 00:02:51.18623,11097,0
UChXOhG9bRDb3vSTg-qkPAZg,Gweilo-60,2019-03-09 00:01:51.131508,11097,0
UChXOhG9bRDb3vSTg-qkPAZg,Gweilo-60,2019-03-09 00:00:50.865907,11097,0
UChXOhG9bRDb3vSTg-qkPAZg,Gweilo-60,2019-03-08 23:59:51.442793,11097,0
UChXOhG9bRDb3vSTg-qkPAZg,Gweilo-60,2019-03-08 23:58:51.168763,11097,0
UChXOhG9bRDb3vSTg-qkPAZg,Gweilo-60,2019-03-08 23:57:51.330559,11097,0
UChXOhG9bRDb3vSTg-qkPAZg,Gweilo-60,2019-03-08 23:56:50.813741,11097,0
UChXOhG9bRDb3vSTg-qkPAZg,Gweilo-60,2019-03-08 23:55:50.947818,11097,0
UChXOhG9bRDb3vSTg-qkPAZg,Gweilo-60,2019-03-08 23:54:51.189723,11097,0
UChXOhG9bRDb3vSTg-qkPAZg,Gweilo-60,2019-03-08 23:53:51.138201,11097,0
UChXOhG9bRDb3vSTg-qkPAZg,Gweilo-60,2019-03-08 23:52:51.203945,11097,0
UChXOhG9bRDb3vSTg-qkPAZg,Gweilo-60,2019-03-08 23:51:50.960928,11097,0
UChXOhG9bRDb3vSTg-qkPAZg,Gweilo-60,2019-03-08 23:50:50.943306,11097,0
UChXOhG9bRDb3vSTg-qkPAZg,Gweilo-60,2019-03-08 23:49:51.017029,11097,0
UChXOhG9bRDb3vSTg-qkPAZg,Gweilo-60,2019-03-08 23:48:50.701894,11097,0
UChXOhG9bRDb3vSTg-qkPAZg,Gweilo-60,2019-03-08 23:47:51.157651,11097,0
UChXOhG9bRDb3vSTg-qkPAZg,Gweilo-60,2019-03-08 23:46:51.268221,11097,0
UChXOhG9bRDb3vSTg-qkPAZg,Gweilo-60,2019-03-08 23:45:52.607332,11097,0
UChXOhG9bRDb3vSTg-qkPAZg,Gweilo-60,2019-03-08 23:44:51.465626,11097,0
UChXOhG9bRDb3vSTg-qkPAZg,Gweilo-60,2019-03-08 23:43:50.905823,11097,0
UChXOhG9bRDb3vSTg-qkPAZg,Gweilo-60,2019-03-08 23:42:51.16373,11097,0
UChXOhG9bRDb3vSTg-qkPAZg,Gweilo-60,2019-03-08 23:41:51.164646,11097,0
UChXOhG9bRDb3vSTg-qkPAZg,Gweilo-60,2019-03-08 23:40:51.048941,11097,0
UChXOhG9bRDb3vSTg-qkPAZg,Gweilo-60,2019-03-08 23:39:50.909656,11097,0
UChXOhG9bRDb3vSTg-qkPAZg,Gweilo-60,2019-03-08 23:38:51.357274,11097,0
UChXOhG9bRDb3vSTg-qkPAZg,Gweilo-60,2019-03-08 23:37:51.932279,11097,0
UChXOhG9bRDb3vSTg-qkPAZg,Gweilo-60,2019-03-08 23:36:50.854826,11097,0
UChXOhG9bRDb3vSTg-qkPAZg,Gweilo-60,2019-03-08 23:35:52.065305,11097,0
UChXOhG9bRDb3vSTg-qkPAZg,Gweilo-60,2019-03-08 23:34:50.973043,11097,0
UChXOhG9bRDb3vSTg-qkPAZg,Gweilo-60,2019-03-08 23:33:50.735442,11097,0
UChXOhG9bRDb3vSTg-qkPAZg,Gweilo-60,2019-03-08 23:32:51.496811,11097,0
UChXOhG9bRDb3vSTg-qkPAZg,Gweilo-60,2019-03-08 23:31:51.43445,11097,0
UChXOhG9bRDb3vSTg-qkPAZg,Gweilo-60,2019-03-08 23:30:50.910946,11097,0
UChXOhG9bRDb3vSTg-qkPAZg,Gweilo-60,2019-03-08 23:29:51.352278,11097,0
UChXOhG9bRDb3vSTg-qkPAZg,Gweilo-60,2019-03-08 23:28:51.34578,11097,0
UChXOhG9bRDb3vSTg-qkPAZg,Gweilo-60,2019-03-08 23:27:50.873472,11097,0
UChXOhG9bRDb3vSTg-qkPAZg,Gweilo-60,2019-03-08 23:26:50.842144,11097,0
UChXOhG9bRDb3vSTg-qkPAZg,Gweilo-60,2019-03-08 23:25:50.829431,11097,0
UChXOhG9bRDb3vSTg-qkPAZg,Gweilo-60,2019-03-08 23:24:51.093222,11097,0
UChXOhG9bRDb3vSTg-qkPAZg,Gweilo-60,2019-03-08 23:23:51.417498,11097,0
UChXOhG9bRDb3vSTg-qkPAZg,Gweilo-60,2019-03-08 23:22:51.205456,11097,0
UChXOhG9bRDb3vSTg-qkPAZg,Gweilo-60,2019-03-08 23:21:51.491278,11097,0
UChXOhG9bRDb3vSTg-qkPAZg,Gweilo-60,2019-03-08 23:20:51.395418,11097,0
UChXOhG9bRDb3vSTg-qkPAZg,Gweilo-60,2019-03-08 23:19:51.733876,11097,0
UChXOhG9bRDb3vSTg-qkPAZg,Gweilo-60,2019-03-08 23:18:50.902853,11097,0
UChXOhG9bRDb3vSTg-qkPAZg,Gweilo-60,2019-03-08 23:17:51.367942,11097,0
UChXOhG9bRDb3vSTg-qkPAZg,Gweilo-60,2019-03-08 23:16:50.955962,11097,0
UChXOhG9bRDb3vSTg-qkPAZg,Gweilo-60,2019-03-08 23:15:50.680548,11097,0
UChXOhG9bRDb3vSTg-qkPAZg,Gweilo-60,2019-03-08 23:14:51.131773,11097,0
UChXOhG9bRDb3vSTg-qkPAZg,Gweilo-60,2019-03-08 23:13:50.959038,11097,0
UChXOhG9bRDb3vSTg-qkPAZg,Gweilo-60,2019-03-08 23:12:51.262209,11097,0
UChXOhG9bRDb3vSTg-qkPAZg,Gweilo-60,2019-03-08 23:11:51.475113,11097,0
UChXOhG9bRDb3vSTg-qkPAZg,Gweilo-60,2019-03-08 23:10:51.325155,11097,0
UChXOhG9bRDb3vSTg-qkPAZg,Gweilo-60,2019-03-08 23:09:52.089056,11097,0
UChXOhG9bRDb3vSTg-qkPAZg,Gweilo-60,2019-03-08 23:08:51.406793,11097,0
UChXOhG9bRDb3vSTg-qkPAZg,Gweilo-60,2019-03-08 23:07:50.55364,11097,0
UChXOhG9bRDb3vSTg-qkPAZg,Gweilo-60,2019-03-08 23:06:51.396836,11097,0
UChXOhG9bRDb3vSTg-qkPAZg,Gweilo-60,2019-03-08 23:05:51.868993,11097,0
UChXOhG9bRDb3vSTg-qkPAZg,Gweilo-60,2019-03-08 23:04:51.336805,11097,0
UChXOhG9bRDb3vSTg-qkPAZg,Gweilo-60,2019-03-08 23:03:51.376995,11097,0
UChXOhG9bRDb3vSTg-qkPAZg,Gweilo-60,2019-03-08 23:02:51.145797,11097,0
UChXOhG9bRDb3vSTg-qkPAZg,Gweilo-60,2019-03-08 23:01:50.999869,11097,0
UChXOhG9bRDb3vSTg-qkPAZg,Gweilo-60,2019-03-08 23:00:51.637246,11097,0
UChXOhG9bRDb3vSTg-qkPAZg,Gweilo-60,2019-03-08 22:59:52.527276,11097,0
UChXOhG9bRDb3vSTg-qkPAZg,Gweilo-60,2019-03-08 22:58:51.488867,11097,0
UChXOhG9bRDb3vSTg-qkPAZg,Gweilo-60,2019-03-08 22:57:51.480388,11097,0
UChXOhG9bRDb3vSTg-qkPAZg,Gweilo-60,2019-03-08 22:56:51.576932,11097,0
UChXOhG9bRDb3vSTg-qkPAZg,Gweilo-60,2019-03-08 22:55:51.635087,11097,0
UChXOhG9bRDb3vSTg-qkPAZg,Gweilo-60,2019-03-08 22:54:51.206232,11097,0
UChXOhG9bRDb3vSTg-qkPAZg,Gweilo-60,2019-03-08 22:53:51.823887,11097,0
UChXOhG9bRDb3vSTg-qkPAZg,Gweilo-60,2019-03-08 22:52:51.102606,11097,0
UChXOhG9bRDb3vSTg-qkPAZg,Gweilo-60,2019-03-08 22:51:51.520964,11097,0
UChXOhG9bRDb3vSTg-qkPAZg,Gweilo-60,2019-03-08 22:50:51.34892,11097,0
UChXOhG9bRDb3vSTg-qkPAZg,Gweilo-60,2019-03-08 22:49:51.553203,11097,0
UChXOhG9bRDb3vSTg-qkPAZg,Gweilo-60,2019-03-08 22:48:51.380202,11097,0
UChXOhG9bRDb3vSTg-qkPAZg,Gweilo-60,2019-03-08 22:47:51.344574,11097,0
UChXOhG9bRDb3vSTg-qkPAZg,Gweilo-60,2019-03-08 22:46:51.607825,11097,0
UChXOhG9bRDb3vSTg-qkPAZg,Gweilo-60,2019-03-08 22:45:51.322058,11097,0
UChXOhG9bRDb3vSTg-qkPAZg,Gweilo-60,2019-03-08 22:44:51.684685,11097,0
UChXOhG9bRDb3vSTg-qkPAZg,Gweilo-60,2019-03-08 22:43:51.374964,11097,0
UChXOhG9bRDb3vSTg-qkPAZg,Gweilo-60,2019-03-08 22:42:51.294808,11097,0
UChXOhG9bRDb3vSTg-qkPAZg,Gweilo-60,2019-03-08 22:41:51.276791,11097,0
UChXOhG9bRDb3vSTg-qkPAZg,Gweilo-60,2019-03-08 22:40:50.955181,11097,0
UChXOhG9bRDb3vSTg-qkPAZg,Gweilo-60,2019-03-08 22:39:51.388204,11097,0
UChXOhG9bRDb3vSTg-qkPAZg,Gweilo-60,2019-03-08 22:38:51.482978,11097,0
UChXOhG9bRDb3vSTg-qkPAZg,Gweilo-60,2019-03-08 22:37:51.228274,11097,0
UChXOhG9bRDb3vSTg-qkPAZg,Gweilo-60,2019-03-08 22:36:51.530756,11097,0
UChXOhG9bRDb3vSTg-qkPAZg,Gweilo-60,2019-03-08 22:35:51.395547,11097,0
UChXOhG9bRDb3vSTg-qkPAZg,Gweilo-60,2019-03-08 22:34:51.236869,11097,0
UChXOhG9bRDb3vSTg-qkPAZg,Gweilo-60,2019-03-08 22:33:51.426942,11097,0
UChXOhG9bRDb3vSTg-qkPAZg,Gweilo-60,2019-03-08 22:32:52.646297,11097,0
UChXOhG9bRDb3vSTg-qkPAZg,Gweilo-60,2019-03-08 22:31:50.864302,11097,0
UChXOhG9bRDb3vSTg-qkPAZg,Gweilo-60,2019-03-08 22:30:51.690358,11097,0
UChXOhG9bRDb3vSTg-qkPAZg,Gweilo-60,2019-03-08 22:29:51.360507,11097,0
UChXOhG9bRDb3vSTg-qkPAZg,Gweilo-60,2019-03-08 22:28:51.123593,11097,0
UChXOhG9bRDb3vSTg-qkPAZg,Gweilo-60,2019-03-08 22:27:51.543064,11097,0
UChXOhG9bRDb3vSTg-qkPAZg,Gweilo-60,2019-03-08 22:26:51.75088,11097,0
UChXOhG9bRDb3vSTg-qkPAZg,Gweilo-60,2019-03-08 22:25:51.471486,11097,0
UChXOhG9bRDb3vSTg-qkPAZg,Gweilo-60,2019-03-08 22:24:52.836854,11097,0
UChXOhG9bRDb3vSTg-qkPAZg,Gweilo-60,2019-03-08 22:23:50.993766,11097,0
UChXOhG9bRDb3vSTg-qkPAZg,Gweilo-60,2019-03-08 22:22:51.520435,11097,0
UChXOhG9bRDb3vSTg-qkPAZg,Gweilo-60,2019-03-08 22:21:51.239115,11097,-1
UChXOhG9bRDb3vSTg-qkPAZg,Gweilo-60,2019-03-08 22:20:50.917025,11098,0
UChXOhG9bRDb3vSTg-qkPAZg,Gweilo-60,2019-03-08 22:19:51.302994,11098,0
UChXOhG9bRDb3vSTg-qkPAZg,Gweilo-60,2019-03-08 22:18:51.484997,11098,0
UChXOhG9bRDb3vSTg-qkPAZg,Gweilo-60,2019-03-08 22:17:51.483372,11098,0
UChXOhG9bRDb3vSTg-qkPAZg,Gweilo-60,2019-03-08 22:16:51.47846,11098,0
UChXOhG9bRDb3vSTg-qkPAZg,Gweilo-60,2019-03-08 22:15:51.169016,11098,0
UChXOhG9bRDb3vSTg-qkPAZg,Gweilo-60,2019-03-08 22:14:51.610895,11098,0
UChXOhG9bRDb3vSTg-qkPAZg,Gweilo-60,2019-03-08 22:13:51.215648,11098,0
UChXOhG9bRDb3vSTg-qkPAZg,Gweilo-60,2019-03-08 22:12:51.217054,11098,0
UChXOhG9bRDb3vSTg-qkPAZg,Gweilo-60,2019-03-08 22:11:51.747671,11098,0
UChXOhG9bRDb3vSTg-qkPAZg,Gweilo-60,2019-03-08 22:10:51.229342,11098,0
UChXOhG9bRDb3vSTg-qkPAZg,Gweilo-60,2019-03-08 22:09:51.036917,11098,0
UChXOhG9bRDb3vSTg-qkPAZg,Gweilo-60,2019-03-08 22:08:51.10908,11098,0
UChXOhG9bRDb3vSTg-qkPAZg,Gweilo-60,2019-03-08 22:07:51.324773,11098,0
UChXOhG9bRDb3vSTg-qkPAZg,Gweilo-60,2019-03-08 22:06:51.524432,11098,0
UChXOhG9bRDb3vSTg-qkPAZg,Gweilo-60,2019-03-08 22:05:50.918683,11098,0
UChXOhG9bRDb3vSTg-qkPAZg,Gweilo-60,2019-03-08 22:04:51.338263,11098,0
UChXOhG9bRDb3vSTg-qkPAZg,Gweilo-60,2019-03-08 22:03:51.973789,11098,0
UChXOhG9bRDb3vSTg-qkPAZg,Gweilo-60,2019-03-08 22:02:51.58355,11098,0
UChXOhG9bRDb3vSTg-qkPAZg,Gweilo-60,2019-03-08 22:01:51.634006,11098,0
UChXOhG9bRDb3vSTg-qkPAZg,Gweilo-60,2019-03-08 22:00:51.255386,11098,0
UChXOhG9bRDb3vSTg-qkPAZg,Gweilo-60,2019-03-08 21:59:51.941556,11098,0
UChXOhG9bRDb3vSTg-qkPAZg,Gweilo-60,2019-03-08 21:58:51.777321,11098,0
UChXOhG9bRDb3vSTg-qkPAZg,Gweilo-60,2019-03-08 21:57:52.121101,11098,0
UChXOhG9bRDb3vSTg-qkPAZg,Gweilo-60,2019-03-08 21:56:51.400108,11098,0
UChXOhG9bRDb3vSTg-qkPAZg,Gweilo-60,2019-03-08 21:55:50.97564,11098,0
UChXOhG9bRDb3vSTg-qkPAZg,Gweilo-60,2019-03-08 21:54:51.604333,11098,0
UChXOhG9bRDb3vSTg-qkPAZg,Gweilo-60,2019-03-08 21:53:50.934524,11098,0
UChXOhG9bRDb3vSTg-qkPAZg,Gweilo-60,2019-03-08 21:52:51.66853,11098,0
UChXOhG9bRDb3vSTg-qkPAZg,Gweilo-60,2019-03-08 21:51:51.995949,11098,0
UChXOhG9bRDb3vSTg-qkPAZg,Gweilo-60,2019-03-08 21:50:51.505384,11098,0
UChXOhG9bRDb3vSTg-qkPAZg,Gweilo-60,2019-03-08 21:49:51.555009,11098,0
UChXOhG9bRDb3vSTg-qkPAZg,Gweilo-60,2019-03-08 21:48:51.348767,11098,0
UChXOhG9bRDb3vSTg-qkPAZg,Gweilo-60,2019-03-08 21:47:51.66948,11098,0
UChXOhG9bRDb3vSTg-qkPAZg,Gweilo-60,2019-03-08 21:46:51.116564,11098,0
UChXOhG9bRDb3vSTg-qkPAZg,Gweilo-60,2019-03-08 21:45:50.642264,11098,0
UChXOhG9bRDb3vSTg-qkPAZg,Gweilo-60,2019-03-08 21:44:51.307045,11098,0
UChXOhG9bRDb3vSTg-qkPAZg,Gweilo-60,2019-03-08 21:43:50.852712,11098,0
UChXOhG9bRDb3vSTg-qkPAZg,Gweilo-60,2019-03-08 21:42:51.93647,11098,0
UChXOhG9bRDb3vSTg-qkPAZg,Gweilo-60,2019-03-08 21:41:51.235179,11098,0
UChXOhG9bRDb3vSTg-qkPAZg,Gweilo-60,2019-03-08 21:40:51.675378,11098,0
UChXOhG9bRDb3vSTg-qkPAZg,Gweilo-60,2019-03-08 21:39:51.140945,11098,0
UChXOhG9bRDb3vSTg-qkPAZg,Gweilo-60,2019-03-08 21:38:51.006923,11098,0
UChXOhG9bRDb3vSTg-qkPAZg,Gweilo-60,2019-03-08 21:37:51.102252,11098,0
UChXOhG9bRDb3vSTg-qkPAZg,Gweilo-60,2019-03-08 21:36:51.285323,11098,0
UChXOhG9bRDb3vSTg-qkPAZg,Gweilo-60,2019-03-08 21:35:51.020581,11098,0
UChXOhG9bRDb3vSTg-qkPAZg,Gweilo-60,2019-03-08 21:34:51.059707,11098,0
UChXOhG9bRDb3vSTg-qkPAZg,Gweilo-60,2019-03-08 21:33:51.509571,11098,0
UChXOhG9bRDb3vSTg-qkPAZg,Gweilo-60,2019-03-08 21:32:51.250849,11098,0
UChXOhG9bRDb3vSTg-qkPAZg,Gweilo-60,2019-03-08 21:31:51.193658,11098,0
UChXOhG9bRDb3vSTg-qkPAZg,Gweilo-60,2019-03-08 21:30:51.190777,11098,0
UChXOhG9bRDb3vSTg-qkPAZg,Gweilo-60,2019-03-08 21:29:51.037122,11098,0
UChXOhG9bRDb3vSTg-qkPAZg,Gweilo-60,2019-03-08 21:28:51.371573,11098,0
UChXOhG9bRDb3vSTg-qkPAZg,Gweilo-60,2019-03-08 21:27:51.232357,11098,0
UChXOhG9bRDb3vSTg-qkPAZg,Gweilo-60,2019-03-08 21:26:51.463473,11098,0
UChXOhG9bRDb3vSTg-qkPAZg,Gweilo-60,2019-03-08 21:25:51.240976,11098,0
UChXOhG9bRDb3vSTg-qkPAZg,Gweilo-60,2019-03-08 21:24:51.070994,11098,0
UChXOhG9bRDb3vSTg-qkPAZg,Gweilo-60,2019-03-08 21:23:51.529841,11098,0
UChXOhG9bRDb3vSTg-qkPAZg,Gweilo-60,2019-03-08 21:22:51.399871,11098,0
UChXOhG9bRDb3vSTg-qkPAZg,Gweilo-60,2019-03-08 21:21:50.876044,11098,0
UChXOhG9bRDb3vSTg-qkPAZg,Gweilo-60,2019-03-08 21:20:51.395975,11098,0
UChXOhG9bRDb3vSTg-qkPAZg,Gweilo-60,2019-03-08 21:19:51.063316,11098,0
UChXOhG9bRDb3vSTg-qkPAZg,Gweilo-60,2019-03-08 21:18:51.031511,11098,0
UChXOhG9bRDb3vSTg-qkPAZg,Gweilo-60,2019-03-08 21:17:51.155932,11098,0
UChXOhG9bRDb3vSTg-qkPAZg,Gweilo-60,2019-03-08 21:16:50.87623,11098,0
UChXOhG9bRDb3vSTg-qkPAZg,Gweilo-60,2019-03-08 21:15:51.373762,11098,0
UChXOhG9bRDb3vSTg-qkPAZg,Gweilo-60,2019-03-08 21:14:51.699615,11098,0
UChXOhG9bRDb3vSTg-qkPAZg,Gweilo-60,2019-03-08 21:13:51.706239,11098,0
UChXOhG9bRDb3vSTg-qkPAZg,Gweilo-60,2019-03-08 21:12:51.167212,11098,0
UChXOhG9bRDb3vSTg-qkPAZg,Gweilo-60,2019-03-08 21:11:51.097239,11098,0
UChXOhG9bRDb3vSTg-qkPAZg,Gweilo-60,2019-03-08 21:10:51.212031,11098,0
UChXOhG9bRDb3vSTg-qkPAZg,Gweilo-60,2019-03-08 21:09:51.313818,11098,0
UChXOhG9bRDb3vSTg-qkPAZg,Gweilo-60,2019-03-08 21:08:51.641241,11098,0
UChXOhG9bRDb3vSTg-qkPAZg,Gweilo-60,2019-03-08 21:07:51.278359,11098,0
UChXOhG9bRDb3vSTg-qkPAZg,Gweilo-60,2019-03-08 21:06:51.657947,11098,0
UChXOhG9bRDb3vSTg-qkPAZg,Gweilo-60,2019-03-08 21:05:51.525288,11098,0
UChXOhG9bRDb3vSTg-qkPAZg,Gweilo-60,2019-03-08 21:04:51.514064,11098,0
UChXOhG9bRDb3vSTg-qkPAZg,Gweilo-60,2019-03-08 21:03:51.341489,11098,0
UChXOhG9bRDb3vSTg-qkPAZg,Gweilo-60,2019-03-08 21:02:51.049708,11098,0
UChXOhG9bRDb3vSTg-qkPAZg,Gweilo-60,2019-03-08 21:01:52.012264,11098,1
UChXOhG9bRDb3vSTg-qkPAZg,Gweilo-60,2019-03-08 21:00:51.27207,11097,0
UChXOhG9bRDb3vSTg-qkPAZg,Gweilo-60,2019-03-08 20:59:51.66694,11097,0
UChXOhG9bRDb3vSTg-qkPAZg,Gweilo-60,2019-03-08 20:58:51.104784,11097,0
UChXOhG9bRDb3vSTg-qkPAZg,Gweilo-60,2019-03-08 20:57:51.113125,11097,0
UChXOhG9bRDb3vSTg-qkPAZg,Gweilo-60,2019-03-08 20:56:51.242671,11097,0
UChXOhG9bRDb3vSTg-qkPAZg,Gweilo-60,2019-03-08 20:55:51.210448,11097,0
UChXOhG9bRDb3vSTg-qkPAZg,Gweilo-60,2019-03-08 20:54:51.973925,11097,0
UChXOhG9bRDb3vSTg-qkPAZg,Gweilo-60,2019-03-08 20:53:51.238672,11097,0
UChXOhG9bRDb3vSTg-qkPAZg,Gweilo-60,2019-03-08 20:52:51.683733,11097,0
UChXOhG9bRDb3vSTg-qkPAZg,Gweilo-60,2019-03-08 20:51:51.553612,11097,0
UChXOhG9bRDb3vSTg-qkPAZg,Gweilo-60,2019-03-08 20:50:50.896596,11097,0
UChXOhG9bRDb3vSTg-qkPAZg,Gweilo-60,2019-03-08 20:49:52.182446,11097,0
UChXOhG9bRDb3vSTg-qkPAZg,Gweilo-60,2019-03-08 20:48:51.833055,11097,0
UChXOhG9bRDb3vSTg-qkPAZg,Gweilo-60,2019-03-08 20:47:51.614989,11097,0
UChXOhG9bRDb3vSTg-qkPAZg,Gweilo-60,2019-03-08 20:46:51.596141,11097,0
UChXOhG9bRDb3vSTg-qkPAZg,Gweilo-60,2019-03-08 20:45:52.480862,11097,0
UChXOhG9bRDb3vSTg-qkPAZg,Gweilo-60,2019-03-08 20:44:51.287502,11097,0
UChXOhG9bRDb3vSTg-qkPAZg,Gweilo-60,2019-03-08 20:43:51.650131,11097,0
UChXOhG9bRDb3vSTg-qkPAZg,Gweilo-60,2019-03-08 20:42:51.202589,11097,0
UChXOhG9bRDb3vSTg-qkPAZg,Gweilo-60,2019-03-08 20:41:50.980312,11097,0
UChXOhG9bRDb3vSTg-qkPAZg,Gweilo-60,2019-03-08 20:40:51.142998,11097,0
UChXOhG9bRDb3vSTg-qkPAZg,Gweilo-60,2019-03-08 20:39:51.276415,11097,0
UChXOhG9bRDb3vSTg-qkPAZg,Gweilo-60,2019-03-08 20:38:52.391394,11097,0
UChXOhG9bRDb3vSTg-qkPAZg,Gweilo-60,2019-03-08 20:37:51.068045,11097,0
UChXOhG9bRDb3vSTg-qkPAZg,Gweilo-60,2019-03-08 20:36:50.861277,11097,0
UChXOhG9bRDb3vSTg-qkPAZg,Gweilo-60,2019-03-08 20:35:51.336584,11097,0
UChXOhG9bRDb3vSTg-qkPAZg,Gweilo-60,2019-03-08 20:34:51.308856,11097,0
UChXOhG9bRDb3vSTg-qkPAZg,Gweilo-60,2019-03-08 20:33:51.788848,11097,0
UChXOhG9bRDb3vSTg-qkPAZg,Gweilo-60,2019-03-08 20:32:51.251262,11097,0
UChXOhG9bRDb3vSTg-qkPAZg,Gweilo-60,2019-03-08 20:31:51.214662,11097,0
UChXOhG9bRDb3vSTg-qkPAZg,Gweilo-60,2019-03-08 20:30:50.820808,11097,0
UChXOhG9bRDb3vSTg-qkPAZg,Gweilo-60,2019-03-08 20:29:51.275151,11097,0
UChXOhG9bRDb3vSTg-qkPAZg,Gweilo-60,2019-03-08 20:28:51.43897,11097,0
UChXOhG9bRDb3vSTg-qkPAZg,Gweilo-60,2019-03-08 20:27:51.400927,11097,0
UChXOhG9bRDb3vSTg-qkPAZg,Gweilo-60,2019-03-08 20:26:50.971114,11097,0
UChXOhG9bRDb3vSTg-qkPAZg,Gweilo-60,2019-03-08 20:25:50.901251,11097,0
UChXOhG9bRDb3vSTg-qkPAZg,Gweilo-60,2019-03-08 20:24:51.278748,11097,0
UChXOhG9bRDb3vSTg-qkPAZg,Gweilo-60,2019-03-08 20:23:51.531907,11097,0
UChXOhG9bRDb3vSTg-qkPAZg,Gweilo-60,2019-03-08 20:22:51.961291,11097,0
UChXOhG9bRDb3vSTg-qkPAZg,Gweilo-60,2019-03-08 20:21:51.369462,11097,0
UChXOhG9bRDb3vSTg-qkPAZg,Gweilo-60,2019-03-08 20:20:51.384692,11097,0
UChXOhG9bRDb3vSTg-qkPAZg,Gweilo-60,2019-03-08 20:19:51.158698,11097,0
UChXOhG9bRDb3vSTg-qkPAZg,Gweilo-60,2019-03-08 20:18:51.302702,11097,0
UChXOhG9bRDb3vSTg-qkPAZg,Gweilo-60,2019-03-08 20:17:51.587002,11097,0
UChXOhG9bRDb3vSTg-qkPAZg,Gweilo-60,2019-03-08 20:16:51.44868,11097,0
UChXOhG9bRDb3vSTg-qkPAZg,Gweilo-60,2019-03-08 20:15:51.551063,11097,0
UChXOhG9bRDb3vSTg-qkPAZg,Gweilo-60,2019-03-08 20:14:51.229954,11097,0
UChXOhG9bRDb3vSTg-qkPAZg,Gweilo-60,2019-03-08 20:13:51.32151,11097,0
UChXOhG9bRDb3vSTg-qkPAZg,Gweilo-60,2019-03-08 20:12:50.724989,11097,0
UChXOhG9bRDb3vSTg-qkPAZg,Gweilo-60,2019-03-08 20:11:51.328317,11097,0
UChXOhG9bRDb3vSTg-qkPAZg,Gweilo-60,2019-03-08 20:10:51.285892,11097,0
UChXOhG9bRDb3vSTg-qkPAZg,Gweilo-60,2019-03-08 20:09:51.521371,11097,0
UChXOhG9bRDb3vSTg-qkPAZg,Gweilo-60,2019-03-08 20:08:50.980528,11097,0
UChXOhG9bRDb3vSTg-qkPAZg,Gweilo-60,2019-03-08 20:07:51.069099,11097,0
UChXOhG9bRDb3vSTg-qkPAZg,Gweilo-60,2019-03-08 20:06:51.247928,11097,0
UChXOhG9bRDb3vSTg-qkPAZg,Gweilo-60,2019-03-08 20:05:51.373855,11097,0
UChXOhG9bRDb3vSTg-qkPAZg,Gweilo-60,2019-03-08 20:04:51.232985,11097,0
UChXOhG9bRDb3vSTg-qkPAZg,Gweilo-60,2019-03-08 20:03:51.180672,11097,0
UChXOhG9bRDb3vSTg-qkPAZg,Gweilo-60,2019-03-08 20:02:51.341631,11097,0
UChXOhG9bRDb3vSTg-qkPAZg,Gweilo-60,2019-03-08 20:01:51.176473,11097,0
UChXOhG9bRDb3vSTg-qkPAZg,Gweilo-60,2019-03-08 20:00:51.477492,11097,0
UChXOhG9bRDb3vSTg-qkPAZg,Gweilo-60,2019-03-08 19:59:51.201415,11097,0
UChXOhG9bRDb3vSTg-qkPAZg,Gweilo-60,2019-03-08 19:58:51.604278,11097,0
UChXOhG9bRDb3vSTg-qkPAZg,Gweilo-60,2019-03-08 19:57:51.518762,11097,0
UChXOhG9bRDb3vSTg-qkPAZg,Gweilo-60,2019-03-08 19:56:51.203623,11097,0
UChXOhG9bRDb3vSTg-qkPAZg,Gweilo-60,2019-03-08 19:55:51.140948,11097,0
UChXOhG9bRDb3vSTg-qkPAZg,Gweilo-60,2019-03-08 19:54:50.843445,11097,0
UChXOhG9bRDb3vSTg-qkPAZg,Gweilo-60,2019-03-08 19:53:51.072359,11097,0
UChXOhG9bRDb3vSTg-qkPAZg,Gweilo-60,2019-03-08 19:52:51.141449,11097,0
UChXOhG9bRDb3vSTg-qkPAZg,Gweilo-60,2019-03-08 19:51:50.65624,11097,0
UChXOhG9bRDb3vSTg-qkPAZg,Gweilo-60,2019-03-08 19:50:51.223812,11097,0
UChXOhG9bRDb3vSTg-qkPAZg,Gweilo-60,2019-03-08 19:49:51.02744,11097,0
UChXOhG9bRDb3vSTg-qkPAZg,Gweilo-60,2019-03-08 19:48:50.961851,11097,0
UChXOhG9bRDb3vSTg-qkPAZg,Gweilo-60,2019-03-08 19:47:51.022089,11097,0
UChXOhG9bRDb3vSTg-qkPAZg,Gweilo-60,2019-03-08 19:46:51.563683,11097,0
UChXOhG9bRDb3vSTg-qkPAZg,Gweilo-60,2019-03-08 19:45:50.971328,11097,0
UChXOhG9bRDb3vSTg-qkPAZg,Gweilo-60,2019-03-08 19:44:51.199583,11097,0
UChXOhG9bRDb3vSTg-qkPAZg,Gweilo-60,2019-03-08 19:43:51.825847,11097,0
UChXOhG9bRDb3vSTg-qkPAZg,Gweilo-60,2019-03-08 19:42:50.928076,11097,0
UChXOhG9bRDb3vSTg-qkPAZg,Gweilo-60,2019-03-08 19:41:51.427834,11097,0
UChXOhG9bRDb3vSTg-qkPAZg,Gweilo-60,2019-03-08 19:40:51.384886,11097,0
UChXOhG9bRDb3vSTg-qkPAZg,Gweilo-60,2019-03-08 19:39:51.220108,11097,0
UChXOhG9bRDb3vSTg-qkPAZg,Gweilo-60,2019-03-08 19:38:51.369008,11097,0
UChXOhG9bRDb3vSTg-qkPAZg,Gweilo-60,2019-03-08 19:37:51.529168,11097,0
UChXOhG9bRDb3vSTg-qkPAZg,Gweilo-60,2019-03-08 19:36:51.414931,11097,0
UChXOhG9bRDb3vSTg-qkPAZg,Gweilo-60,2019-03-08 19:35:51.41613,11097,0
UChXOhG9bRDb3vSTg-qkPAZg,Gweilo-60,2019-03-08 19:34:50.844432,11097,0
UChXOhG9bRDb3vSTg-qkPAZg,Gweilo-60,2019-03-08 19:33:51.520408,11097,0
UChXOhG9bRDb3vSTg-qkPAZg,Gweilo-60,2019-03-08 19:32:51.043242,11097,0
UChXOhG9bRDb3vSTg-qkPAZg,Gweilo-60,2019-03-08 19:31:51.168289,11097,0
UChXOhG9bRDb3vSTg-qkPAZg,Gweilo-60,2019-03-08 19:30:51.549146,11097,0
UChXOhG9bRDb3vSTg-qkPAZg,Gweilo-60,2019-03-08 19:29:50.796263,11097,0
UChXOhG9bRDb3vSTg-qkPAZg,Gweilo-60,2019-03-08 19:28:50.940532,11097,0
UChXOhG9bRDb3vSTg-qkPAZg,Gweilo-60,2019-03-08 19:27:51.485236,11097,0
UChXOhG9bRDb3vSTg-qkPAZg,Gweilo-60,2019-03-08 19:26:51.01025,11097,0
UChXOhG9bRDb3vSTg-qkPAZg,Gweilo-60,2019-03-08 19:25:51.184927,11097,0
UChXOhG9bRDb3vSTg-qkPAZg,Gweilo-60,2019-03-08 19:24:51.336714,11097,0
UChXOhG9bRDb3vSTg-qkPAZg,Gweilo-60,2019-03-08 19:23:51.109938,11097,0
UChXOhG9bRDb3vSTg-qkPAZg,Gweilo-60,2019-03-08 19:22:51.119311,11097,0
UChXOhG9bRDb3vSTg-qkPAZg,Gweilo-60,2019-03-08 19:21:51.576739,11097,0
UChXOhG9bRDb3vSTg-qkPAZg,Gweilo-60,2019-03-08 19:20:50.806815,11097,0
UChXOhG9bRDb3vSTg-qkPAZg,Gweilo-60,2019-03-08 19:19:51.135066,11097,0
UChXOhG9bRDb3vSTg-qkPAZg,Gweilo-60,2019-03-08 19:18:51.48523,11097,0
UChXOhG9bRDb3vSTg-qkPAZg,Gweilo-60,2019-03-08 19:17:51.146423,11097,0
UChXOhG9bRDb3vSTg-qkPAZg,Gweilo-60,2019-03-08 19:16:51.838847,11097,0
UChXOhG9bRDb3vSTg-qkPAZg,Gweilo-60,2019-03-08 19:15:51.296525,11097,0
UChXOhG9bRDb3vSTg-qkPAZg,Gweilo-60,2019-03-08 19:14:51.161497,11097,0
UChXOhG9bRDb3vSTg-qkPAZg,Gweilo-60,2019-03-08 19:13:51.263426,11097,0
UChXOhG9bRDb3vSTg-qkPAZg,Gweilo-60,2019-03-08 19:12:50.763447,11097,0
UChXOhG9bRDb3vSTg-qkPAZg,Gweilo-60,2019-03-08 19:11:51.085091,11097,0
UChXOhG9bRDb3vSTg-qkPAZg,Gweilo-60,2019-03-08 19:10:51.253963,11097,0
UChXOhG9bRDb3vSTg-qkPAZg,Gweilo-60,2019-03-08 19:09:51.369746,11097,0
UChXOhG9bRDb3vSTg-qkPAZg,Gweilo-60,2019-03-08 19:08:51.041752,11097,0
UChXOhG9bRDb3vSTg-qkPAZg,Gweilo-60,2019-03-08 19:07:51.244438,11097,0
UChXOhG9bRDb3vSTg-qkPAZg,Gweilo-60,2019-03-08 19:06:51.313999,11097,0
UChXOhG9bRDb3vSTg-qkPAZg,Gweilo-60,2019-03-08 19:05:51.373728,11097,0
UChXOhG9bRDb3vSTg-qkPAZg,Gweilo-60,2019-03-08 19:04:52.623015,11097,0
UChXOhG9bRDb3vSTg-qkPAZg,Gweilo-60,2019-03-08 19:03:51.932088,11097,0
UChXOhG9bRDb3vSTg-qkPAZg,Gweilo-60,2019-03-08 19:02:51.543105,11097,0
UChXOhG9bRDb3vSTg-qkPAZg,Gweilo-60,2019-03-08 19:01:51.83773,11097,0
UChXOhG9bRDb3vSTg-qkPAZg,Gweilo-60,2019-03-08 19:00:51.32401,11097,0
UChXOhG9bRDb3vSTg-qkPAZg,Gweilo-60,2019-03-08 18:59:51.086336,11097,0
UChXOhG9bRDb3vSTg-qkPAZg,Gweilo-60,2019-03-08 18:58:51.149875,11097,0
UChXOhG9bRDb3vSTg-qkPAZg,Gweilo-60,2019-03-08 18:57:51.371368,11097,0
UChXOhG9bRDb3vSTg-qkPAZg,Gweilo-60,2019-03-08 18:56:50.923112,11097,0
UChXOhG9bRDb3vSTg-qkPAZg,Gweilo-60,2019-03-08 18:55:51.545343,11097,0
UChXOhG9bRDb3vSTg-qkPAZg,Gweilo-60,2019-03-08 18:54:51.249624,11097,0
UChXOhG9bRDb3vSTg-qkPAZg,Gweilo-60,2019-03-08 18:53:51.37845,11097,0
UChXOhG9bRDb3vSTg-qkPAZg,Gweilo-60,2019-03-08 18:52:51.358298,11097,0
UChXOhG9bRDb3vSTg-qkPAZg,Gweilo-60,2019-03-08 18:51:51.033666,11097,0
UChXOhG9bRDb3vSTg-qkPAZg,Gweilo-60,2019-03-08 18:50:51.774206,11097,0
UChXOhG9bRDb3vSTg-qkPAZg,Gweilo-60,2019-03-08 18:49:51.877771,11097,0
UChXOhG9bRDb3vSTg-qkPAZg,Gweilo-60,2019-03-08 18:48:51.838488,11097,0
UChXOhG9bRDb3vSTg-qkPAZg,Gweilo-60,2019-03-08 18:47:51.029901,11097,0
UChXOhG9bRDb3vSTg-qkPAZg,Gweilo-60,2019-03-08 18:46:51.824455,11097,0
UChXOhG9bRDb3vSTg-qkPAZg,Gweilo-60,2019-03-08 18:45:51.753219,11097,0
UChXOhG9bRDb3vSTg-qkPAZg,Gweilo-60,2019-03-08 18:44:51.49882,11097,0
UChXOhG9bRDb3vSTg-qkPAZg,Gweilo-60,2019-03-08 18:43:51.544846,11097,0
UChXOhG9bRDb3vSTg-qkPAZg,Gweilo-60,2019-03-08 18:42:51.055779,11097,0
UChXOhG9bRDb3vSTg-qkPAZg,Gweilo-60,2019-03-08 18:41:51.411523,11097,0
UChXOhG9bRDb3vSTg-qkPAZg,Gweilo-60,2019-03-08 18:40:51.599782,11097,0
UChXOhG9bRDb3vSTg-qkPAZg,Gweilo-60,2019-03-08 18:39:51.454391,11097,0
UChXOhG9bRDb3vSTg-qkPAZg,Gweilo-60,2019-03-08 18:38:51.984975,11097,0
UChXOhG9bRDb3vSTg-qkPAZg,Gweilo-60,2019-03-08 18:37:51.888634,11097,0
UChXOhG9bRDb3vSTg-qkPAZg,Gweilo-60,2019-03-08 18:36:51.65277,11097,0
UChXOhG9bRDb3vSTg-qkPAZg,Gweilo-60,2019-03-08 18:35:51.465312,11097,0
UChXOhG9bRDb3vSTg-qkPAZg,Gweilo-60,2019-03-08 18:34:51.211773,11097,0
UChXOhG9bRDb3vSTg-qkPAZg,Gweilo-60,2019-03-08 18:33:51.285148,11097,0
UChXOhG9bRDb3vSTg-qkPAZg,Gweilo-60,2019-03-08 18:32:51.124694,11097,0
UChXOhG9bRDb3vSTg-qkPAZg,Gweilo-60,2019-03-08 18:31:51.248209,11097,0
UChXOhG9bRDb3vSTg-qkPAZg,Gweilo-60,2019-03-08 18:30:51.383823,11097,0
UChXOhG9bRDb3vSTg-qkPAZg,Gweilo-60,2019-03-08 18:29:51.188496,11097,0
UChXOhG9bRDb3vSTg-qkPAZg,Gweilo-60,2019-03-08 18:28:52.201791,11097,0
UChXOhG9bRDb3vSTg-qkPAZg,Gweilo-60,2019-03-08 18:27:51.29869,11097,0
UChXOhG9bRDb3vSTg-qkPAZg,Gweilo-60,2019-03-08 18:26:51.45621,11097,0
UChXOhG9bRDb3vSTg-qkPAZg,Gweilo-60,2019-03-08 18:25:48.829002,11097,0
UChXOhG9bRDb3vSTg-qkPAZg,Gweilo-60,2019-03-08 18:23:51.041493,11097,0
UChXOhG9bRDb3vSTg-qkPAZg,Gweilo-60,2019-03-08 18:22:51.272082,11097,0
UChXOhG9bRDb3vSTg-qkPAZg,Gweilo-60,2019-03-08 18:21:51.073901,11097,0
UChXOhG9bRDb3vSTg-qkPAZg,Gweilo-60,2019-03-08 18:20:51.178074,11097,0
UChXOhG9bRDb3vSTg-qkPAZg,Gweilo-60,2019-03-08 18:19:51.189747,11097,0
UChXOhG9bRDb3vSTg-qkPAZg,Gweilo-60,2019-03-08 18:18:50.860283,11097,0
UChXOhG9bRDb3vSTg-qkPAZg,Gweilo-60,2019-03-08 18:17:51.581662,11097,0
UChXOhG9bRDb3vSTg-qkPAZg,Gweilo-60,2019-03-08 18:16:51.014672,11097,0
UChXOhG9bRDb3vSTg-qkPAZg,Gweilo-60,2019-03-08 18:15:50.872969,11097,0
UChXOhG9bRDb3vSTg-qkPAZg,Gweilo-60,2019-03-08 18:14:51.003257,11097,0
UChXOhG9bRDb3vSTg-qkPAZg,Gweilo-60,2019-03-08 18:13:50.69992,11097,0
UChXOhG9bRDb3vSTg-qkPAZg,Gweilo-60,2019-03-08 18:12:52.092261,11097,0
UChXOhG9bRDb3vSTg-qkPAZg,Gweilo-60,2019-03-08 18:11:50.92639,11097,0
UChXOhG9bRDb3vSTg-qkPAZg,Gweilo-60,2019-03-08 18:10:51.195274,11097,0
UChXOhG9bRDb3vSTg-qkPAZg,Gweilo-60,2019-03-08 18:09:51.958104,11097,0
UChXOhG9bRDb3vSTg-qkPAZg,Gweilo-60,2019-03-08 18:08:50.786039,11097,0
UChXOhG9bRDb3vSTg-qkPAZg,Gweilo-60,2019-03-08 18:07:51.837749,11097,0
UChXOhG9bRDb3vSTg-qkPAZg,Gweilo-60,2019-03-08 18:06:51.574638,11097,0
UChXOhG9bRDb3vSTg-qkPAZg,Gweilo-60,2019-03-08 18:05:51.225671,11097,0
UChXOhG9bRDb3vSTg-qkPAZg,Gweilo-60,2019-03-08 18:04:51.694621,11097,0
UChXOhG9bRDb3vSTg-qkPAZg,Gweilo-60,2019-03-08 18:03:51.180785,11097,0
UChXOhG9bRDb3vSTg-qkPAZg,Gweilo-60,2019-03-08 18:02:50.84062,11097,0
UChXOhG9bRDb3vSTg-qkPAZg,Gweilo-60,2019-03-08 18:01:51.588533,11097,0
UChXOhG9bRDb3vSTg-qkPAZg,Gweilo-60,2019-03-08 18:00:51.29093,11097,0
UChXOhG9bRDb3vSTg-qkPAZg,Gweilo-60,2019-03-08 17:59:51.917319,11097,0
UChXOhG9bRDb3vSTg-qkPAZg,Gweilo-60,2019-03-08 17:58:51.756187,11097,0
UChXOhG9bRDb3vSTg-qkPAZg,Gweilo-60,2019-03-08 17:57:51.853062,11097,0
UChXOhG9bRDb3vSTg-qkPAZg,Gweilo-60,2019-03-08 17:56:51.137945,11097,0
UChXOhG9bRDb3vSTg-qkPAZg,Gweilo-60,2019-03-08 17:55:51.447001,11097,0
UChXOhG9bRDb3vSTg-qkPAZg,Gweilo-60,2019-03-08 17:54:51.721017,11097,0
UChXOhG9bRDb3vSTg-qkPAZg,Gweilo-60,2019-03-08 17:53:51.254039,11097,0
UChXOhG9bRDb3vSTg-qkPAZg,Gweilo-60,2019-03-08 17:52:50.884648,11097,0
UChXOhG9bRDb3vSTg-qkPAZg,Gweilo-60,2019-03-08 17:51:51.211239,11097,0
UChXOhG9bRDb3vSTg-qkPAZg,Gweilo-60,2019-03-08 17:50:50.944852,11097,0
UChXOhG9bRDb3vSTg-qkPAZg,Gweilo-60,2019-03-08 17:49:51.54638,11097,0
UChXOhG9bRDb3vSTg-qkPAZg,Gweilo-60,2019-03-08 17:48:51.113384,11097,0
UChXOhG9bRDb3vSTg-qkPAZg,Gweilo-60,2019-03-08 17:47:51.078246,11097,0
UChXOhG9bRDb3vSTg-qkPAZg,Gweilo-60,2019-03-08 17:46:51.427207,11097,0
UChXOhG9bRDb3vSTg-qkPAZg,Gweilo-60,2019-03-08 17:45:51.050268,11097,0
UChXOhG9bRDb3vSTg-qkPAZg,Gweilo-60,2019-03-08 17:44:51.98557,11097,0
UChXOhG9bRDb3vSTg-qkPAZg,Gweilo-60,2019-03-08 17:43:52.878917,11097,0
UChXOhG9bRDb3vSTg-qkPAZg,Gweilo-60,2019-03-08 17:42:51.2176,11097,0
UChXOhG9bRDb3vSTg-qkPAZg,Gweilo-60,2019-03-08 17:41:51.25482,11097,0
UChXOhG9bRDb3vSTg-qkPAZg,Gweilo-60,2019-03-08 17:40:51.292929,11097,0
UChXOhG9bRDb3vSTg-qkPAZg,Gweilo-60,2019-03-08 17:39:51.465307,11097,0
UChXOhG9bRDb3vSTg-qkPAZg,Gweilo-60,2019-03-08 17:38:51.053135,11097,0
UChXOhG9bRDb3vSTg-qkPAZg,Gweilo-60,2019-03-08 17:37:51.157225,11097,0
UChXOhG9bRDb3vSTg-qkPAZg,Gweilo-60,2019-03-08 17:36:51.29634,11097,0
UChXOhG9bRDb3vSTg-qkPAZg,Gweilo-60,2019-03-08 17:35:50.86296,11097,0
UChXOhG9bRDb3vSTg-qkPAZg,Gweilo-60,2019-03-08 17:34:51.345045,11097,0
UChXOhG9bRDb3vSTg-qkPAZg,Gweilo-60,2019-03-08 17:33:51.741375,11097,0
UChXOhG9bRDb3vSTg-qkPAZg,Gweilo-60,2019-03-08 17:32:51.375641,11097,0
UChXOhG9bRDb3vSTg-qkPAZg,Gweilo-60,2019-03-08 17:31:51.694937,11097,0
UChXOhG9bRDb3vSTg-qkPAZg,Gweilo-60,2019-03-08 17:30:51.81503,11097,0
UChXOhG9bRDb3vSTg-qkPAZg,Gweilo-60,2019-03-08 17:29:51.064344,11097,0
UChXOhG9bRDb3vSTg-qkPAZg,Gweilo-60,2019-03-08 17:28:51.076662,11097,0
UChXOhG9bRDb3vSTg-qkPAZg,Gweilo-60,2019-03-08 17:27:51.76313,11097,0
UChXOhG9bRDb3vSTg-qkPAZg,Gweilo-60,2019-03-08 17:26:51.272685,11097,0
UChXOhG9bRDb3vSTg-qkPAZg,Gweilo-60,2019-03-08 17:25:51.578844,11097,0
UChXOhG9bRDb3vSTg-qkPAZg,Gweilo-60,2019-03-08 17:24:51.311345,11097,0
UChXOhG9bRDb3vSTg-qkPAZg,Gweilo-60,2019-03-08 17:23:51.544936,11097,0
UChXOhG9bRDb3vSTg-qkPAZg,Gweilo-60,2019-03-08 17:22:51.259951,11097,0
UChXOhG9bRDb3vSTg-qkPAZg,Gweilo-60,2019-03-08 17:21:51.55124,11097,0
UChXOhG9bRDb3vSTg-qkPAZg,Gweilo-60,2019-03-08 17:20:51.694524,11097,0
UChXOhG9bRDb3vSTg-qkPAZg,Gweilo-60,2019-03-08 17:19:51.437321,11097,0
UChXOhG9bRDb3vSTg-qkPAZg,Gweilo-60,2019-03-08 17:18:50.888517,11097,0
UChXOhG9bRDb3vSTg-qkPAZg,Gweilo-60,2019-03-08 17:17:50.603276,11097,0
UChXOhG9bRDb3vSTg-qkPAZg,Gweilo-60,2019-03-08 17:16:51.281107,11097,0
UChXOhG9bRDb3vSTg-qkPAZg,Gweilo-60,2019-03-08 17:15:51.647209,11097,0
UChXOhG9bRDb3vSTg-qkPAZg,Gweilo-60,2019-03-08 17:14:51.063482,11097,0
UChXOhG9bRDb3vSTg-qkPAZg,Gweilo-60,2019-03-08 17:13:51.264795,11097,0
UChXOhG9bRDb3vSTg-qkPAZg,Gweilo-60,2019-03-08 17:12:51.532367,11097,0
UChXOhG9bRDb3vSTg-qkPAZg,Gweilo-60,2019-03-08 17:11:50.911171,11097,0
UChXOhG9bRDb3vSTg-qkPAZg,Gweilo-60,2019-03-08 17:10:51.448255,11097,0
UChXOhG9bRDb3vSTg-qkPAZg,Gweilo-60,2019-03-08 17:09:51.27053,11097,0
UChXOhG9bRDb3vSTg-qkPAZg,Gweilo-60,2019-03-08 17:08:51.121114,11097,0
UChXOhG9bRDb3vSTg-qkPAZg,Gweilo-60,2019-03-08 17:07:51.653276,11097,0
UChXOhG9bRDb3vSTg-qkPAZg,Gweilo-60,2019-03-08 17:06:51.473607,11097,0
UChXOhG9bRDb3vSTg-qkPAZg,Gweilo-60,2019-03-08 17:05:51.884506,11097,0
UChXOhG9bRDb3vSTg-qkPAZg,Gweilo-60,2019-03-08 17:04:51.805616,11097,0
UChXOhG9bRDb3vSTg-qkPAZg,Gweilo-60,2019-03-08 17:03:51.544666,11097,0
UChXOhG9bRDb3vSTg-qkPAZg,Gweilo-60,2019-03-08 17:02:51.511972,11097,0
UChXOhG9bRDb3vSTg-qkPAZg,Gweilo-60,2019-03-08 17:01:51.766978,11097,0
UChXOhG9bRDb3vSTg-qkPAZg,Gweilo-60,2019-03-08 17:00:51.312723,11097,0
UChXOhG9bRDb3vSTg-qkPAZg,Gweilo-60,2019-03-08 16:59:51.330276,11097,0
UChXOhG9bRDb3vSTg-qkPAZg,Gweilo-60,2019-03-08 16:58:51.172891,11097,0
UChXOhG9bRDb3vSTg-qkPAZg,Gweilo-60,2019-03-08 16:57:51.603045,11097,0
UChXOhG9bRDb3vSTg-qkPAZg,Gweilo-60,2019-03-08 16:56:51.304844,11097,0
UChXOhG9bRDb3vSTg-qkPAZg,Gweilo-60,2019-03-08 16:55:51.001437,11097,0
UChXOhG9bRDb3vSTg-qkPAZg,Gweilo-60,2019-03-08 16:54:51.768275,11097,0
UChXOhG9bRDb3vSTg-qkPAZg,Gweilo-60,2019-03-08 16:53:51.210271,11097,0
UChXOhG9bRDb3vSTg-qkPAZg,Gweilo-60,2019-03-08 16:52:51.751211,11097,0
UChXOhG9bRDb3vSTg-qkPAZg,Gweilo-60,2019-03-08 16:51:51.341975,11097,0
UChXOhG9bRDb3vSTg-qkPAZg,Gweilo-60,2019-03-08 16:50:51.73181,11097,0
UChXOhG9bRDb3vSTg-qkPAZg,Gweilo-60,2019-03-08 16:49:51.847865,11097,0
UChXOhG9bRDb3vSTg-qkPAZg,Gweilo-60,2019-03-08 16:48:51.743996,11097,0
UChXOhG9bRDb3vSTg-qkPAZg,Gweilo-60,2019-03-08 16:47:51.698791,11097,0
UChXOhG9bRDb3vSTg-qkPAZg,Gweilo-60,2019-03-08 16:46:51.435081,11097,0
UChXOhG9bRDb3vSTg-qkPAZg,Gweilo-60,2019-03-08 16:45:51.761996,11097,0
UChXOhG9bRDb3vSTg-qkPAZg,Gweilo-60,2019-03-08 16:44:51.933102,11097,0
UChXOhG9bRDb3vSTg-qkPAZg,Gweilo-60,2019-03-08 16:43:51.854853,11097,0
UChXOhG9bRDb3vSTg-qkPAZg,Gweilo-60,2019-03-08 16:42:51.650421,11097,0
UChXOhG9bRDb3vSTg-qkPAZg,Gweilo-60,2019-03-08 16:41:52.302449,11097,0
UChXOhG9bRDb3vSTg-qkPAZg,Gweilo-60,2019-03-08 16:40:51.817763,11097,0
UChXOhG9bRDb3vSTg-qkPAZg,Gweilo-60,2019-03-08 16:39:51.26547,11097,0
UChXOhG9bRDb3vSTg-qkPAZg,Gweilo-60,2019-03-08 16:38:51.396555,11097,0
UChXOhG9bRDb3vSTg-qkPAZg,Gweilo-60,2019-03-08 16:37:52.003482,11097,0
UChXOhG9bRDb3vSTg-qkPAZg,Gweilo-60,2019-03-08 16:36:51.639602,11097,0
UChXOhG9bRDb3vSTg-qkPAZg,Gweilo-60,2019-03-08 16:35:51.035773,11097,0
UChXOhG9bRDb3vSTg-qkPAZg,Gweilo-60,2019-03-08 16:34:51.413487,11097,0
UChXOhG9bRDb3vSTg-qkPAZg,Gweilo-60,2019-03-08 16:33:51.387987,11097,0
UChXOhG9bRDb3vSTg-qkPAZg,Gweilo-60,2019-03-08 16:32:51.608765,11097,0
UChXOhG9bRDb3vSTg-qkPAZg,Gweilo-60,2019-03-08 16:31:51.739045,11097,0
UChXOhG9bRDb3vSTg-qkPAZg,Gweilo-60,2019-03-08 16:30:52.424856,11097,0
UChXOhG9bRDb3vSTg-qkPAZg,Gweilo-60,2019-03-08 16:29:51.273165,11097,0
UChXOhG9bRDb3vSTg-qkPAZg,Gweilo-60,2019-03-08 16:28:51.731157,11097,0
UChXOhG9bRDb3vSTg-qkPAZg,Gweilo-60,2019-03-08 16:27:51.266968,11097,0
UChXOhG9bRDb3vSTg-qkPAZg,Gweilo-60,2019-03-08 16:26:51.724382,11097,0
UChXOhG9bRDb3vSTg-qkPAZg,Gweilo-60,2019-03-08 16:25:51.581263,11097,0
UChXOhG9bRDb3vSTg-qkPAZg,Gweilo-60,2019-03-08 16:24:51.245031,11097,0
UChXOhG9bRDb3vSTg-qkPAZg,Gweilo-60,2019-03-08 16:23:51.471019,11097,0
UChXOhG9bRDb3vSTg-qkPAZg,Gweilo-60,2019-03-08 16:22:50.87374,11097,0
UChXOhG9bRDb3vSTg-qkPAZg,Gweilo-60,2019-03-08 16:21:50.996202,11097,0
UChXOhG9bRDb3vSTg-qkPAZg,Gweilo-60,2019-03-08 16:20:51.213178,11097,0
UChXOhG9bRDb3vSTg-qkPAZg,Gweilo-60,2019-03-08 16:19:51.630239,11097,0
UChXOhG9bRDb3vSTg-qkPAZg,Gweilo-60,2019-03-08 16:18:51.310473,11097,0
UChXOhG9bRDb3vSTg-qkPAZg,Gweilo-60,2019-03-08 16:17:51.624387,11097,0
UChXOhG9bRDb3vSTg-qkPAZg,Gweilo-60,2019-03-08 16:16:50.948331,11097,0
UChXOhG9bRDb3vSTg-qkPAZg,Gweilo-60,2019-03-08 16:15:51.742093,11097,0
UChXOhG9bRDb3vSTg-qkPAZg,Gweilo-60,2019-03-08 16:14:51.152821,11097,0
UChXOhG9bRDb3vSTg-qkPAZg,Gweilo-60,2019-03-08 16:13:51.290984,11097,0
UChXOhG9bRDb3vSTg-qkPAZg,Gweilo-60,2019-03-08 16:12:51.752266,11097,0
UChXOhG9bRDb3vSTg-qkPAZg,Gweilo-60,2019-03-08 16:11:51.185451,11097,0
UChXOhG9bRDb3vSTg-qkPAZg,Gweilo-60,2019-03-08 16:10:51.469814,11097,0
UChXOhG9bRDb3vSTg-qkPAZg,Gweilo-60,2019-03-08 16:09:51.192318,11097,0
UChXOhG9bRDb3vSTg-qkPAZg,Gweilo-60,2019-03-08 16:08:51.489622,11097,0
UChXOhG9bRDb3vSTg-qkPAZg,Gweilo-60,2019-03-08 16:07:51.69239,11097,0
UChXOhG9bRDb3vSTg-qkPAZg,Gweilo-60,2019-03-08 16:06:51.614946,11097,0
UChXOhG9bRDb3vSTg-qkPAZg,Gweilo-60,2019-03-08 16:05:51.168769,11097,0
UChXOhG9bRDb3vSTg-qkPAZg,Gweilo-60,2019-03-08 16:04:51.362246,11097,0
UChXOhG9bRDb3vSTg-qkPAZg,Gweilo-60,2019-03-08 16:03:51.389596,11097,0
UChXOhG9bRDb3vSTg-qkPAZg,Gweilo-60,2019-03-08 16:02:51.498391,11097,0
UChXOhG9bRDb3vSTg-qkPAZg,Gweilo-60,2019-03-08 16:01:51.136739,11097,0
UChXOhG9bRDb3vSTg-qkPAZg,Gweilo-60,2019-03-08 16:00:51.145974,11097,0
UChXOhG9bRDb3vSTg-qkPAZg,Gweilo-60,2019-03-08 15:59:51.541866,11097,0
UChXOhG9bRDb3vSTg-qkPAZg,Gweilo-60,2019-03-08 15:58:51.859379,11097,0
UChXOhG9bRDb3vSTg-qkPAZg,Gweilo-60,2019-03-08 15:57:51.286739,11097,0
UChXOhG9bRDb3vSTg-qkPAZg,Gweilo-60,2019-03-08 15:56:51.636587,11097,0
UChXOhG9bRDb3vSTg-qkPAZg,Gweilo-60,2019-03-08 15:55:51.528298,11097,0
UChXOhG9bRDb3vSTg-qkPAZg,Gweilo-60,2019-03-08 15:54:51.848387,11097,0
UChXOhG9bRDb3vSTg-qkPAZg,Gweilo-60,2019-03-08 15:53:51.508334,11097,0
UChXOhG9bRDb3vSTg-qkPAZg,Gweilo-60,2019-03-08 15:52:51.128469,11097,0
UChXOhG9bRDb3vSTg-qkPAZg,Gweilo-60,2019-03-08 15:51:51.450313,11097,0
UChXOhG9bRDb3vSTg-qkPAZg,Gweilo-60,2019-03-08 15:50:51.183315,11097,0
UChXOhG9bRDb3vSTg-qkPAZg,Gweilo-60,2019-03-08 15:49:51.55734,11097,0
UChXOhG9bRDb3vSTg-qkPAZg,Gweilo-60,2019-03-08 15:48:51.447763,11097,0
UChXOhG9bRDb3vSTg-qkPAZg,Gweilo-60,2019-03-08 15:47:51.460731,11097,0
UChXOhG9bRDb3vSTg-qkPAZg,Gweilo-60,2019-03-08 15:46:51.419987,11097,0
UChXOhG9bRDb3vSTg-qkPAZg,Gweilo-60,2019-03-08 15:45:50.725332,11097,0
UChXOhG9bRDb3vSTg-qkPAZg,Gweilo-60,2019-03-08 15:44:52.122166,11097,0
UChXOhG9bRDb3vSTg-qkPAZg,Gweilo-60,2019-03-08 15:43:51.411586,11097,0
UChXOhG9bRDb3vSTg-qkPAZg,Gweilo-60,2019-03-08 15:42:51.490249,11097,0
UChXOhG9bRDb3vSTg-qkPAZg,Gweilo-60,2019-03-08 15:41:51.729326,11097,0
UChXOhG9bRDb3vSTg-qkPAZg,Gweilo-60,2019-03-08 15:40:51.47058,11097,0
UChXOhG9bRDb3vSTg-qkPAZg,Gweilo-60,2019-03-08 15:39:52.067074,11097,0
UChXOhG9bRDb3vSTg-qkPAZg,Gweilo-60,2019-03-08 15:38:51.113734,11097,0
UChXOhG9bRDb3vSTg-qkPAZg,Gweilo-60,2019-03-08 15:37:51.045716,11097,0
UChXOhG9bRDb3vSTg-qkPAZg,Gweilo-60,2019-03-08 15:36:51.872487,11097,0
UChXOhG9bRDb3vSTg-qkPAZg,Gweilo-60,2019-03-08 15:35:51.5265,11097,0
UChXOhG9bRDb3vSTg-qkPAZg,Gweilo-60,2019-03-08 15:34:51.198501,11097,0
UChXOhG9bRDb3vSTg-qkPAZg,Gweilo-60,2019-03-08 15:33:51.26173,11097,0
UChXOhG9bRDb3vSTg-qkPAZg,Gweilo-60,2019-03-08 15:32:51.761852,11097,0
UChXOhG9bRDb3vSTg-qkPAZg,Gweilo-60,2019-03-08 15:31:51.450263,11097,0
UChXOhG9bRDb3vSTg-qkPAZg,Gweilo-60,2019-03-08 15:30:51.015073,11097,0
UChXOhG9bRDb3vSTg-qkPAZg,Gweilo-60,2019-03-08 15:29:51.347848,11097,0
UChXOhG9bRDb3vSTg-qkPAZg,Gweilo-60,2019-03-08 15:28:51.033361,11097,1
UChXOhG9bRDb3vSTg-qkPAZg,Gweilo-60,2019-03-08 15:27:51.23994,11096,0
UChXOhG9bRDb3vSTg-qkPAZg,Gweilo-60,2019-03-08 15:26:51.396455,11096,0
UChXOhG9bRDb3vSTg-qkPAZg,Gweilo-60,2019-03-08 15:25:51.514838,11096,0
UChXOhG9bRDb3vSTg-qkPAZg,Gweilo-60,2019-03-08 15:24:51.889909,11096,0
UChXOhG9bRDb3vSTg-qkPAZg,Gweilo-60,2019-03-08 15:23:50.888759,11096,0
UChXOhG9bRDb3vSTg-qkPAZg,Gweilo-60,2019-03-08 15:22:51.100315,11096,0
UChXOhG9bRDb3vSTg-qkPAZg,Gweilo-60,2019-03-08 15:21:51.539006,11096,0
UChXOhG9bRDb3vSTg-qkPAZg,Gweilo-60,2019-03-08 15:20:51.292515,11096,0
UChXOhG9bRDb3vSTg-qkPAZg,Gweilo-60,2019-03-08 15:19:51.609906,11096,0
UChXOhG9bRDb3vSTg-qkPAZg,Gweilo-60,2019-03-08 15:18:51.602128,11096,0
UChXOhG9bRDb3vSTg-qkPAZg,Gweilo-60,2019-03-08 15:17:52.04061,11096,0
UChXOhG9bRDb3vSTg-qkPAZg,Gweilo-60,2019-03-08 15:16:51.159957,11096,0
UChXOhG9bRDb3vSTg-qkPAZg,Gweilo-60,2019-03-08 15:15:51.646333,11096,0
UChXOhG9bRDb3vSTg-qkPAZg,Gweilo-60,2019-03-08 15:14:51.220928,11096,0
UChXOhG9bRDb3vSTg-qkPAZg,Gweilo-60,2019-03-08 15:13:51.601118,11096,0
UChXOhG9bRDb3vSTg-qkPAZg,Gweilo-60,2019-03-08 15:12:51.277897,11096,0
UChXOhG9bRDb3vSTg-qkPAZg,Gweilo-60,2019-03-08 15:11:51.636989,11096,0
UChXOhG9bRDb3vSTg-qkPAZg,Gweilo-60,2019-03-08 15:10:51.427778,11096,0
UChXOhG9bRDb3vSTg-qkPAZg,Gweilo-60,2019-03-08 15:09:50.917048,11096,0
UChXOhG9bRDb3vSTg-qkPAZg,Gweilo-60,2019-03-08 15:08:52.420232,11096,0
UChXOhG9bRDb3vSTg-qkPAZg,Gweilo-60,2019-03-08 15:07:51.545452,11096,0
UChXOhG9bRDb3vSTg-qkPAZg,Gweilo-60,2019-03-08 15:06:51.61646,11096,0
UChXOhG9bRDb3vSTg-qkPAZg,Gweilo-60,2019-03-08 15:05:51.130682,11096,0
UChXOhG9bRDb3vSTg-qkPAZg,Gweilo-60,2019-03-08 15:04:50.847842,11096,0
UChXOhG9bRDb3vSTg-qkPAZg,Gweilo-60,2019-03-08 15:03:51.267548,11096,0
UChXOhG9bRDb3vSTg-qkPAZg,Gweilo-60,2019-03-08 15:02:51.115667,11096,0
UChXOhG9bRDb3vSTg-qkPAZg,Gweilo-60,2019-03-08 15:01:51.717795,11096,0
UChXOhG9bRDb3vSTg-qkPAZg,Gweilo-60,2019-03-08 15:00:52.08383,11096,0
UChXOhG9bRDb3vSTg-qkPAZg,Gweilo-60,2019-03-08 14:59:51.813694,11096,0
UChXOhG9bRDb3vSTg-qkPAZg,Gweilo-60,2019-03-08 14:58:51.389361,11096,0
UChXOhG9bRDb3vSTg-qkPAZg,Gweilo-60,2019-03-08 14:57:51.588141,11096,0
UChXOhG9bRDb3vSTg-qkPAZg,Gweilo-60,2019-03-08 14:56:51.752483,11096,0
UChXOhG9bRDb3vSTg-qkPAZg,Gweilo-60,2019-03-08 14:55:51.824952,11096,0
UChXOhG9bRDb3vSTg-qkPAZg,Gweilo-60,2019-03-08 14:54:51.579467,11096,0
UChXOhG9bRDb3vSTg-qkPAZg,Gweilo-60,2019-03-08 14:53:51.540316,11096,0
UChXOhG9bRDb3vSTg-qkPAZg,Gweilo-60,2019-03-08 14:52:50.977681,11096,0
UChXOhG9bRDb3vSTg-qkPAZg,Gweilo-60,2019-03-08 14:51:51.296861,11096,0
UChXOhG9bRDb3vSTg-qkPAZg,Gweilo-60,2019-03-08 14:50:51.650539,11096,0
UChXOhG9bRDb3vSTg-qkPAZg,Gweilo-60,2019-03-08 14:49:52.218401,11096,0
UChXOhG9bRDb3vSTg-qkPAZg,Gweilo-60,2019-03-08 14:48:51.713418,11096,0
UChXOhG9bRDb3vSTg-qkPAZg,Gweilo-60,2019-03-08 14:47:51.309899,11096,0
UChXOhG9bRDb3vSTg-qkPAZg,Gweilo-60,2019-03-08 14:46:51.684107,11096,0
UChXOhG9bRDb3vSTg-qkPAZg,Gweilo-60,2019-03-08 14:45:51.454926,11096,0
UChXOhG9bRDb3vSTg-qkPAZg,Gweilo-60,2019-03-08 14:44:51.24369,11096,0
UChXOhG9bRDb3vSTg-qkPAZg,Gweilo-60,2019-03-08 14:43:51.341033,11096,0
UChXOhG9bRDb3vSTg-qkPAZg,Gweilo-60,2019-03-08 14:42:51.568038,11096,0
UChXOhG9bRDb3vSTg-qkPAZg,Gweilo-60,2019-03-08 14:41:51.227552,11096,0
UChXOhG9bRDb3vSTg-qkPAZg,Gweilo-60,2019-03-08 14:40:51.486026,11096,0
UChXOhG9bRDb3vSTg-qkPAZg,Gweilo-60,2019-03-08 14:39:51.292399,11096,0
UChXOhG9bRDb3vSTg-qkPAZg,Gweilo-60,2019-03-08 14:38:51.485273,11096,0
UChXOhG9bRDb3vSTg-qkPAZg,Gweilo-60,2019-03-08 14:37:51.271294,11096,0
UChXOhG9bRDb3vSTg-qkPAZg,Gweilo-60,2019-03-08 14:36:50.823274,11096,0
UChXOhG9bRDb3vSTg-qkPAZg,Gweilo-60,2019-03-08 14:35:51.806612,11096,0
UChXOhG9bRDb3vSTg-qkPAZg,Gweilo-60,2019-03-08 14:34:51.124215,11096,0
UChXOhG9bRDb3vSTg-qkPAZg,Gweilo-60,2019-03-08 14:33:51.519079,11096,0
UChXOhG9bRDb3vSTg-qkPAZg,Gweilo-60,2019-03-08 14:32:51.608972,11096,0
UChXOhG9bRDb3vSTg-qkPAZg,Gweilo-60,2019-03-08 14:31:51.744385,11096,0
UChXOhG9bRDb3vSTg-qkPAZg,Gweilo-60,2019-03-08 14:30:51.259086,11096,0
UChXOhG9bRDb3vSTg-qkPAZg,Gweilo-60,2019-03-08 14:29:51.055938,11096,0
UChXOhG9bRDb3vSTg-qkPAZg,Gweilo-60,2019-03-08 14:28:50.969327,11096,0
UChXOhG9bRDb3vSTg-qkPAZg,Gweilo-60,2019-03-08 14:27:51.063905,11096,0
UChXOhG9bRDb3vSTg-qkPAZg,Gweilo-60,2019-03-08 14:26:51.389432,11096,0
UChXOhG9bRDb3vSTg-qkPAZg,Gweilo-60,2019-03-08 14:25:51.605252,11096,0
UChXOhG9bRDb3vSTg-qkPAZg,Gweilo-60,2019-03-08 14:24:51.617707,11096,0
UChXOhG9bRDb3vSTg-qkPAZg,Gweilo-60,2019-03-08 14:23:51.942077,11096,0
UChXOhG9bRDb3vSTg-qkPAZg,Gweilo-60,2019-03-08 14:22:51.149127,11096,0
UChXOhG9bRDb3vSTg-qkPAZg,Gweilo-60,2019-03-08 14:21:50.882136,11096,0
UChXOhG9bRDb3vSTg-qkPAZg,Gweilo-60,2019-03-08 14:20:51.365423,11096,0
UChXOhG9bRDb3vSTg-qkPAZg,Gweilo-60,2019-03-08 14:19:51.483058,11096,0
UChXOhG9bRDb3vSTg-qkPAZg,Gweilo-60,2019-03-08 14:18:51.212441,11096,0
UChXOhG9bRDb3vSTg-qkPAZg,Gweilo-60,2019-03-08 14:17:50.975056,11096,0
UChXOhG9bRDb3vSTg-qkPAZg,Gweilo-60,2019-03-08 14:16:51.275491,11096,0
UChXOhG9bRDb3vSTg-qkPAZg,Gweilo-60,2019-03-08 14:15:51.168318,11096,0
UChXOhG9bRDb3vSTg-qkPAZg,Gweilo-60,2019-03-08 14:14:51.466095,11096,0
UChXOhG9bRDb3vSTg-qkPAZg,Gweilo-60,2019-03-08 14:13:51.254406,11096,0
UChXOhG9bRDb3vSTg-qkPAZg,Gweilo-60,2019-03-08 14:12:50.959023,11096,0
UChXOhG9bRDb3vSTg-qkPAZg,Gweilo-60,2019-03-08 14:11:50.857648,11096,0
UChXOhG9bRDb3vSTg-qkPAZg,Gweilo-60,2019-03-08 14:10:50.74187,11096,0
UChXOhG9bRDb3vSTg-qkPAZg,Gweilo-60,2019-03-08 14:09:51.157165,11096,0
UChXOhG9bRDb3vSTg-qkPAZg,Gweilo-60,2019-03-08 14:08:51.870312,11096,0
UChXOhG9bRDb3vSTg-qkPAZg,Gweilo-60,2019-03-08 14:07:50.902554,11096,0
UChXOhG9bRDb3vSTg-qkPAZg,Gweilo-60,2019-03-08 14:06:50.864302,11096,0
UChXOhG9bRDb3vSTg-qkPAZg,Gweilo-60,2019-03-08 14:05:51.287171,11096,0
UChXOhG9bRDb3vSTg-qkPAZg,Gweilo-60,2019-03-08 14:04:51.032036,11096,0
UChXOhG9bRDb3vSTg-qkPAZg,Gweilo-60,2019-03-08 14:03:51.640335,11096,0
UChXOhG9bRDb3vSTg-qkPAZg,Gweilo-60,2019-03-08 14:02:50.956238,11096,0
UChXOhG9bRDb3vSTg-qkPAZg,Gweilo-60,2019-03-08 14:01:50.846682,11096,0
UChXOhG9bRDb3vSTg-qkPAZg,Gweilo-60,2019-03-08 14:00:50.986981,11096,0
UChXOhG9bRDb3vSTg-qkPAZg,Gweilo-60,2019-03-08 13:59:51.319528,11096,0
UChXOhG9bRDb3vSTg-qkPAZg,Gweilo-60,2019-03-08 13:58:51.160951,11096,0
UChXOhG9bRDb3vSTg-qkPAZg,Gweilo-60,2019-03-08 13:57:51.287239,11096,0
UChXOhG9bRDb3vSTg-qkPAZg,Gweilo-60,2019-03-08 13:56:51.540035,11096,0
UChXOhG9bRDb3vSTg-qkPAZg,Gweilo-60,2019-03-08 13:55:51.370856,11096,0
UChXOhG9bRDb3vSTg-qkPAZg,Gweilo-60,2019-03-08 13:54:51.252891,11096,0
UChXOhG9bRDb3vSTg-qkPAZg,Gweilo-60,2019-03-08 13:53:51.103996,11096,0
UChXOhG9bRDb3vSTg-qkPAZg,Gweilo-60,2019-03-08 13:52:52.188987,11096,0
UChXOhG9bRDb3vSTg-qkPAZg,Gweilo-60,2019-03-08 13:51:51.014149,11096,0
UChXOhG9bRDb3vSTg-qkPAZg,Gweilo-60,2019-03-08 13:50:51.5154,11096,0
UChXOhG9bRDb3vSTg-qkPAZg,Gweilo-60,2019-03-08 13:49:51.201035,11096,0
UChXOhG9bRDb3vSTg-qkPAZg,Gweilo-60,2019-03-08 13:48:51.826729,11096,0
UChXOhG9bRDb3vSTg-qkPAZg,Gweilo-60,2019-03-08 13:47:51.688925,11096,0
UChXOhG9bRDb3vSTg-qkPAZg,Gweilo-60,2019-03-08 13:46:51.565016,11096,0
UChXOhG9bRDb3vSTg-qkPAZg,Gweilo-60,2019-03-08 13:45:51.125071,11096,0
UChXOhG9bRDb3vSTg-qkPAZg,Gweilo-60,2019-03-08 13:44:50.677245,11096,0
UChXOhG9bRDb3vSTg-qkPAZg,Gweilo-60,2019-03-08 13:43:50.806781,11096,0
UChXOhG9bRDb3vSTg-qkPAZg,Gweilo-60,2019-03-08 13:42:51.537466,11096,0
UChXOhG9bRDb3vSTg-qkPAZg,Gweilo-60,2019-03-08 13:41:51.540458,11096,0
UChXOhG9bRDb3vSTg-qkPAZg,Gweilo-60,2019-03-08 13:40:51.375242,11096,0
UChXOhG9bRDb3vSTg-qkPAZg,Gweilo-60,2019-03-08 13:39:51.37923,11096,0
UChXOhG9bRDb3vSTg-qkPAZg,Gweilo-60,2019-03-08 13:38:51.324209,11096,0
UChXOhG9bRDb3vSTg-qkPAZg,Gweilo-60,2019-03-08 13:37:51.442857,11096,0
UChXOhG9bRDb3vSTg-qkPAZg,Gweilo-60,2019-03-08 13:36:51.18124,11096,0
UChXOhG9bRDb3vSTg-qkPAZg,Gweilo-60,2019-03-08 13:35:51.3579,11096,0
UChXOhG9bRDb3vSTg-qkPAZg,Gweilo-60,2019-03-08 13:34:51.018746,11096,0
UChXOhG9bRDb3vSTg-qkPAZg,Gweilo-60,2019-03-08 13:33:51.479743,11096,0
UChXOhG9bRDb3vSTg-qkPAZg,Gweilo-60,2019-03-08 13:32:50.904774,11096,0
UChXOhG9bRDb3vSTg-qkPAZg,Gweilo-60,2019-03-08 13:31:51.409354,11096,0
UChXOhG9bRDb3vSTg-qkPAZg,Gweilo-60,2019-03-08 13:30:51.290452,11096,0
UChXOhG9bRDb3vSTg-qkPAZg,Gweilo-60,2019-03-08 13:29:50.667299,11096,0
UChXOhG9bRDb3vSTg-qkPAZg,Gweilo-60,2019-03-08 13:28:50.902805,11096,0
UChXOhG9bRDb3vSTg-qkPAZg,Gweilo-60,2019-03-08 13:27:50.98944,11096,0
UChXOhG9bRDb3vSTg-qkPAZg,Gweilo-60,2019-03-08 13:26:50.913594,11096,0
UChXOhG9bRDb3vSTg-qkPAZg,Gweilo-60,2019-03-08 13:25:51.148153,11096,0
UChXOhG9bRDb3vSTg-qkPAZg,Gweilo-60,2019-03-08 13:24:52.135713,11096,0
UChXOhG9bRDb3vSTg-qkPAZg,Gweilo-60,2019-03-08 13:23:51.409419,11096,0
UChXOhG9bRDb3vSTg-qkPAZg,Gweilo-60,2019-03-08 13:22:51.453809,11096,0
UChXOhG9bRDb3vSTg-qkPAZg,Gweilo-60,2019-03-08 13:21:52.01089,11096,1
UChXOhG9bRDb3vSTg-qkPAZg,Gweilo-60,2019-03-08 13:20:50.836946,11095,0
UChXOhG9bRDb3vSTg-qkPAZg,Gweilo-60,2019-03-08 13:19:51.820217,11095,0
UChXOhG9bRDb3vSTg-qkPAZg,Gweilo-60,2019-03-08 13:18:51.764524,11095,0
UChXOhG9bRDb3vSTg-qkPAZg,Gweilo-60,2019-03-08 13:17:51.102803,11095,0
UChXOhG9bRDb3vSTg-qkPAZg,Gweilo-60,2019-03-08 13:16:51.270818,11095,0
UChXOhG9bRDb3vSTg-qkPAZg,Gweilo-60,2019-03-08 13:15:51.032328,11095,0
UChXOhG9bRDb3vSTg-qkPAZg,Gweilo-60,2019-03-08 13:14:51.410754,11095,0
UChXOhG9bRDb3vSTg-qkPAZg,Gweilo-60,2019-03-08 13:13:51.472079,11095,0
UChXOhG9bRDb3vSTg-qkPAZg,Gweilo-60,2019-03-08 13:12:51.309923,11095,0
UChXOhG9bRDb3vSTg-qkPAZg,Gweilo-60,2019-03-08 13:11:49.842128,11095,0
UChXOhG9bRDb3vSTg-qkPAZg,Gweilo-60,2019-03-08 13:10:51.557679,11095,0
UChXOhG9bRDb3vSTg-qkPAZg,Gweilo-60,2019-03-08 13:09:51.385966,11095,0
UChXOhG9bRDb3vSTg-qkPAZg,Gweilo-60,2019-03-08 13:08:50.93594,11095,0
UChXOhG9bRDb3vSTg-qkPAZg,Gweilo-60,2019-03-08 13:07:51.188019,11095,0
UChXOhG9bRDb3vSTg-qkPAZg,Gweilo-60,2019-03-08 13:06:51.487126,11095,0
UChXOhG9bRDb3vSTg-qkPAZg,Gweilo-60,2019-03-08 13:05:52.303929,11095,0
UChXOhG9bRDb3vSTg-qkPAZg,Gweilo-60,2019-03-08 13:04:51.055763,11095,0
UChXOhG9bRDb3vSTg-qkPAZg,Gweilo-60,2019-03-08 13:03:50.859061,11095,0
UChXOhG9bRDb3vSTg-qkPAZg,Gweilo-60,2019-03-08 13:02:51.333929,11095,0
UChXOhG9bRDb3vSTg-qkPAZg,Gweilo-60,2019-03-08 13:01:50.913661,11095,0
UChXOhG9bRDb3vSTg-qkPAZg,Gweilo-60,2019-03-08 13:00:51.310517,11095,0
UChXOhG9bRDb3vSTg-qkPAZg,Gweilo-60,2019-03-08 12:59:51.130853,11095,0
UChXOhG9bRDb3vSTg-qkPAZg,Gweilo-60,2019-03-08 12:58:51.660033,11095,0
UChXOhG9bRDb3vSTg-qkPAZg,Gweilo-60,2019-03-08 12:57:51.112845,11095,0
UChXOhG9bRDb3vSTg-qkPAZg,Gweilo-60,2019-03-08 12:56:51.345072,11095,0
UChXOhG9bRDb3vSTg-qkPAZg,Gweilo-60,2019-03-08 12:55:51.07691,11095,0
UChXOhG9bRDb3vSTg-qkPAZg,Gweilo-60,2019-03-08 12:54:51.189811,11095,0
UChXOhG9bRDb3vSTg-qkPAZg,Gweilo-60,2019-03-08 12:53:51.627142,11095,0
UChXOhG9bRDb3vSTg-qkPAZg,Gweilo-60,2019-03-08 12:52:51.612272,11095,0
UChXOhG9bRDb3vSTg-qkPAZg,Gweilo-60,2019-03-08 12:51:51.556962,11095,0
UChXOhG9bRDb3vSTg-qkPAZg,Gweilo-60,2019-03-08 12:50:51.537437,11095,0
UChXOhG9bRDb3vSTg-qkPAZg,Gweilo-60,2019-03-08 12:49:51.31633,11095,0
UChXOhG9bRDb3vSTg-qkPAZg,Gweilo-60,2019-03-08 12:48:51.279973,11095,0
UChXOhG9bRDb3vSTg-qkPAZg,Gweilo-60,2019-03-08 12:47:51.239339,11095,0
UChXOhG9bRDb3vSTg-qkPAZg,Gweilo-60,2019-03-08 12:46:51.92283,11095,0
UChXOhG9bRDb3vSTg-qkPAZg,Gweilo-60,2019-03-08 12:45:51.389142,11095,0
UChXOhG9bRDb3vSTg-qkPAZg,Gweilo-60,2019-03-08 12:44:51.682244,11095,0
UChXOhG9bRDb3vSTg-qkPAZg,Gweilo-60,2019-03-08 12:43:51.896713,11095,0
UChXOhG9bRDb3vSTg-qkPAZg,Gweilo-60,2019-03-08 12:42:51.860974,11095,0
UChXOhG9bRDb3vSTg-qkPAZg,Gweilo-60,2019-03-08 12:41:51.554496,11095,0
UChXOhG9bRDb3vSTg-qkPAZg,Gweilo-60,2019-03-08 12:40:51.166126,11095,0
UChXOhG9bRDb3vSTg-qkPAZg,Gweilo-60,2019-03-08 12:39:52.105954,11095,0
UChXOhG9bRDb3vSTg-qkPAZg,Gweilo-60,2019-03-08 12:38:50.879682,11095,0
UChXOhG9bRDb3vSTg-qkPAZg,Gweilo-60,2019-03-08 12:37:51.087722,11095,0
UChXOhG9bRDb3vSTg-qkPAZg,Gweilo-60,2019-03-08 12:36:51.241871,11095,0
UChXOhG9bRDb3vSTg-qkPAZg,Gweilo-60,2019-03-08 12:35:51.195651,11095,0
UChXOhG9bRDb3vSTg-qkPAZg,Gweilo-60,2019-03-08 12:34:51.046295,11095,0
UChXOhG9bRDb3vSTg-qkPAZg,Gweilo-60,2019-03-08 12:33:51.034667,11095,0
UChXOhG9bRDb3vSTg-qkPAZg,Gweilo-60,2019-03-08 12:32:50.827097,11095,0
UChXOhG9bRDb3vSTg-qkPAZg,Gweilo-60,2019-03-08 12:31:51.590976,11095,0
UChXOhG9bRDb3vSTg-qkPAZg,Gweilo-60,2019-03-08 12:30:50.762654,11095,0
UChXOhG9bRDb3vSTg-qkPAZg,Gweilo-60,2019-03-08 12:29:51.612058,11095,0
UChXOhG9bRDb3vSTg-qkPAZg,Gweilo-60,2019-03-08 12:28:51.506329,11095,0
UChXOhG9bRDb3vSTg-qkPAZg,Gweilo-60,2019-03-08 12:27:51.676424,11095,0
UChXOhG9bRDb3vSTg-qkPAZg,Gweilo-60,2019-03-08 12:26:51.875947,11095,0
UChXOhG9bRDb3vSTg-qkPAZg,Gweilo-60,2019-03-08 12:25:51.226197,11095,0
UChXOhG9bRDb3vSTg-qkPAZg,Gweilo-60,2019-03-08 12:24:51.322758,11095,0
UChXOhG9bRDb3vSTg-qkPAZg,Gweilo-60,2019-03-08 12:23:51.585926,11095,0
UChXOhG9bRDb3vSTg-qkPAZg,Gweilo-60,2019-03-08 12:22:51.827878,11095,0
UChXOhG9bRDb3vSTg-qkPAZg,Gweilo-60,2019-03-08 12:21:51.439443,11095,0
UChXOhG9bRDb3vSTg-qkPAZg,Gweilo-60,2019-03-08 12:20:51.331982,11095,0
UChXOhG9bRDb3vSTg-qkPAZg,Gweilo-60,2019-03-08 12:19:51.40854,11095,0
UChXOhG9bRDb3vSTg-qkPAZg,Gweilo-60,2019-03-08 12:18:51.121226,11095,0
UChXOhG9bRDb3vSTg-qkPAZg,Gweilo-60,2019-03-08 12:17:51.089213,11095,0
UChXOhG9bRDb3vSTg-qkPAZg,Gweilo-60,2019-03-08 12:16:51.58346,11095,0
UChXOhG9bRDb3vSTg-qkPAZg,Gweilo-60,2019-03-08 12:15:51.359969,11095,0
UChXOhG9bRDb3vSTg-qkPAZg,Gweilo-60,2019-03-08 12:14:51.12462,11095,0
UChXOhG9bRDb3vSTg-qkPAZg,Gweilo-60,2019-03-08 12:13:51.549667,11095,0
UChXOhG9bRDb3vSTg-qkPAZg,Gweilo-60,2019-03-08 12:12:51.145095,11095,0
UChXOhG9bRDb3vSTg-qkPAZg,Gweilo-60,2019-03-08 12:11:51.514756,11095,0
UChXOhG9bRDb3vSTg-qkPAZg,Gweilo-60,2019-03-08 12:10:50.704534,11095,0
UChXOhG9bRDb3vSTg-qkPAZg,Gweilo-60,2019-03-08 12:09:51.080642,11095,0
UChXOhG9bRDb3vSTg-qkPAZg,Gweilo-60,2019-03-08 12:08:51.850793,11095,0
UChXOhG9bRDb3vSTg-qkPAZg,Gweilo-60,2019-03-08 12:07:51.12439,11095,0
UChXOhG9bRDb3vSTg-qkPAZg,Gweilo-60,2019-03-08 12:06:51.360963,11095,0
UChXOhG9bRDb3vSTg-qkPAZg,Gweilo-60,2019-03-08 12:05:50.92839,11095,0
UChXOhG9bRDb3vSTg-qkPAZg,Gweilo-60,2019-03-08 12:04:51.316615,11095,0
UChXOhG9bRDb3vSTg-qkPAZg,Gweilo-60,2019-03-08 12:03:51.264917,11095,0
UChXOhG9bRDb3vSTg-qkPAZg,Gweilo-60,2019-03-08 12:02:50.750037,11095,0
UChXOhG9bRDb3vSTg-qkPAZg,Gweilo-60,2019-03-08 12:01:51.257747,11095,0
UChXOhG9bRDb3vSTg-qkPAZg,Gweilo-60,2019-03-08 12:00:51.037731,11095,0
UChXOhG9bRDb3vSTg-qkPAZg,Gweilo-60,2019-03-08 11:59:51.663724,11095,0
UChXOhG9bRDb3vSTg-qkPAZg,Gweilo-60,2019-03-08 11:58:51.411497,11095,0
UChXOhG9bRDb3vSTg-qkPAZg,Gweilo-60,2019-03-08 11:57:51.647448,11095,0
UChXOhG9bRDb3vSTg-qkPAZg,Gweilo-60,2019-03-08 11:56:52.050014,11095,0
UChXOhG9bRDb3vSTg-qkPAZg,Gweilo-60,2019-03-08 11:55:50.747432,11095,0
UChXOhG9bRDb3vSTg-qkPAZg,Gweilo-60,2019-03-08 11:54:51.512151,11095,0
UChXOhG9bRDb3vSTg-qkPAZg,Gweilo-60,2019-03-08 11:53:51.174573,11095,0
UChXOhG9bRDb3vSTg-qkPAZg,Gweilo-60,2019-03-08 11:52:51.632778,11095,0
UChXOhG9bRDb3vSTg-qkPAZg,Gweilo-60,2019-03-08 11:51:51.586102,11095,0
UChXOhG9bRDb3vSTg-qkPAZg,Gweilo-60,2019-03-08 11:50:51.409719,11095,0
UChXOhG9bRDb3vSTg-qkPAZg,Gweilo-60,2019-03-08 11:49:51.955791,11095,0
UChXOhG9bRDb3vSTg-qkPAZg,Gweilo-60,2019-03-08 11:48:51.233324,11095,0
UChXOhG9bRDb3vSTg-qkPAZg,Gweilo-60,2019-03-08 11:47:51.500814,11095,0
UChXOhG9bRDb3vSTg-qkPAZg,Gweilo-60,2019-03-08 11:46:51.384062,11095,0
UChXOhG9bRDb3vSTg-qkPAZg,Gweilo-60,2019-03-08 11:45:51.29074,11095,0
UChXOhG9bRDb3vSTg-qkPAZg,Gweilo-60,2019-03-08 11:44:51.929822,11095,0
UChXOhG9bRDb3vSTg-qkPAZg,Gweilo-60,2019-03-08 11:43:51.070232,11095,0
UChXOhG9bRDb3vSTg-qkPAZg,Gweilo-60,2019-03-08 11:42:51.576124,11095,0
UChXOhG9bRDb3vSTg-qkPAZg,Gweilo-60,2019-03-08 11:41:50.936896,11095,0
UChXOhG9bRDb3vSTg-qkPAZg,Gweilo-60,2019-03-08 11:40:51.332778,11095,1
UChXOhG9bRDb3vSTg-qkPAZg,Gweilo-60,2019-03-08 11:39:51.075126,11094,0
UChXOhG9bRDb3vSTg-qkPAZg,Gweilo-60,2019-03-08 11:38:51.305881,11094,0
UChXOhG9bRDb3vSTg-qkPAZg,Gweilo-60,2019-03-08 11:37:51.259922,11094,0
UChXOhG9bRDb3vSTg-qkPAZg,Gweilo-60,2019-03-08 11:36:51.200675,11094,0
UChXOhG9bRDb3vSTg-qkPAZg,Gweilo-60,2019-03-08 11:35:51.256688,11094,0
UChXOhG9bRDb3vSTg-qkPAZg,Gweilo-60,2019-03-08 11:34:51.764801,11094,0
UChXOhG9bRDb3vSTg-qkPAZg,Gweilo-60,2019-03-08 11:33:51.881082,11094,0
UChXOhG9bRDb3vSTg-qkPAZg,Gweilo-60,2019-03-08 11:32:51.261928,11094,0
UChXOhG9bRDb3vSTg-qkPAZg,Gweilo-60,2019-03-08 11:31:51.283535,11094,0
UChXOhG9bRDb3vSTg-qkPAZg,Gweilo-60,2019-03-08 11:30:51.211237,11094,0
UChXOhG9bRDb3vSTg-qkPAZg,Gweilo-60,2019-03-08 11:29:50.970496,11094,0
UChXOhG9bRDb3vSTg-qkPAZg,Gweilo-60,2019-03-08 11:28:51.211271,11094,0
UChXOhG9bRDb3vSTg-qkPAZg,Gweilo-60,2019-03-08 11:27:51.243836,11094,-1
UChXOhG9bRDb3vSTg-qkPAZg,Gweilo-60,2019-03-08 11:26:51.33544,11095,0
UChXOhG9bRDb3vSTg-qkPAZg,Gweilo-60,2019-03-08 11:25:50.85304,11095,0
UChXOhG9bRDb3vSTg-qkPAZg,Gweilo-60,2019-03-08 11:24:51.542619,11095,0
UChXOhG9bRDb3vSTg-qkPAZg,Gweilo-60,2019-03-08 11:23:50.928935,11095,0
UChXOhG9bRDb3vSTg-qkPAZg,Gweilo-60,2019-03-08 11:22:50.924081,11095,0
UChXOhG9bRDb3vSTg-qkPAZg,Gweilo-60,2019-03-08 11:21:51.373629,11095,0
UChXOhG9bRDb3vSTg-qkPAZg,Gweilo-60,2019-03-08 11:20:51.075081,11095,0
UChXOhG9bRDb3vSTg-qkPAZg,Gweilo-60,2019-03-08 11:19:51.024733,11095,0
UChXOhG9bRDb3vSTg-qkPAZg,Gweilo-60,2019-03-08 11:18:51.271375,11095,0
UChXOhG9bRDb3vSTg-qkPAZg,Gweilo-60,2019-03-08 11:17:51.514234,11095,0
UChXOhG9bRDb3vSTg-qkPAZg,Gweilo-60,2019-03-08 11:16:51.784242,11095,0
UChXOhG9bRDb3vSTg-qkPAZg,Gweilo-60,2019-03-08 11:15:51.850262,11095,0
UChXOhG9bRDb3vSTg-qkPAZg,Gweilo-60,2019-03-08 11:14:51.026502,11095,0
UChXOhG9bRDb3vSTg-qkPAZg,Gweilo-60,2019-03-08 11:13:50.935964,11095,0
UChXOhG9bRDb3vSTg-qkPAZg,Gweilo-60,2019-03-08 11:12:51.001643,11095,0
UChXOhG9bRDb3vSTg-qkPAZg,Gweilo-60,2019-03-08 11:11:51.632235,11095,0
UChXOhG9bRDb3vSTg-qkPAZg,Gweilo-60,2019-03-08 11:10:51.117293,11095,0
UChXOhG9bRDb3vSTg-qkPAZg,Gweilo-60,2019-03-08 11:09:51.557651,11095,0
UChXOhG9bRDb3vSTg-qkPAZg,Gweilo-60,2019-03-08 11:08:51.120436,11095,0
UChXOhG9bRDb3vSTg-qkPAZg,Gweilo-60,2019-03-08 11:07:51.51579,11095,0
UChXOhG9bRDb3vSTg-qkPAZg,Gweilo-60,2019-03-08 11:06:51.108889,11095,0
UChXOhG9bRDb3vSTg-qkPAZg,Gweilo-60,2019-03-08 11:05:50.691544,11095,0
UChXOhG9bRDb3vSTg-qkPAZg,Gweilo-60,2019-03-08 11:04:51.187419,11095,0
UChXOhG9bRDb3vSTg-qkPAZg,Gweilo-60,2019-03-08 11:03:51.577945,11095,0
UChXOhG9bRDb3vSTg-qkPAZg,Gweilo-60,2019-03-08 11:02:51.034176,11095,0
UChXOhG9bRDb3vSTg-qkPAZg,Gweilo-60,2019-03-08 11:01:51.101446,11095,0
UChXOhG9bRDb3vSTg-qkPAZg,Gweilo-60,2019-03-08 11:00:51.497694,11095,0
UChXOhG9bRDb3vSTg-qkPAZg,Gweilo-60,2019-03-08 10:59:51.298563,11095,0
UChXOhG9bRDb3vSTg-qkPAZg,Gweilo-60,2019-03-08 10:58:51.485938,11095,0
UChXOhG9bRDb3vSTg-qkPAZg,Gweilo-60,2019-03-08 10:57:51.194593,11095,0
UChXOhG9bRDb3vSTg-qkPAZg,Gweilo-60,2019-03-08 10:56:51.202983,11095,0
UChXOhG9bRDb3vSTg-qkPAZg,Gweilo-60,2019-03-08 10:55:51.384311,11095,0
UChXOhG9bRDb3vSTg-qkPAZg,Gweilo-60,2019-03-08 10:54:50.771188,11095,0
UChXOhG9bRDb3vSTg-qkPAZg,Gweilo-60,2019-03-08 10:53:50.74735,11095,0
UChXOhG9bRDb3vSTg-qkPAZg,Gweilo-60,2019-03-08 10:52:51.024468,11095,0
UChXOhG9bRDb3vSTg-qkPAZg,Gweilo-60,2019-03-08 10:51:51.801581,11095,0
UChXOhG9bRDb3vSTg-qkPAZg,Gweilo-60,2019-03-08 10:50:51.272437,11095,0
UChXOhG9bRDb3vSTg-qkPAZg,Gweilo-60,2019-03-08 10:49:50.953769,11095,0
UChXOhG9bRDb3vSTg-qkPAZg,Gweilo-60,2019-03-08 10:48:50.90322,11095,0
UChXOhG9bRDb3vSTg-qkPAZg,Gweilo-60,2019-03-08 10:47:51.708952,11095,0
UChXOhG9bRDb3vSTg-qkPAZg,Gweilo-60,2019-03-08 10:46:51.435919,11095,0
UChXOhG9bRDb3vSTg-qkPAZg,Gweilo-60,2019-03-08 10:45:50.979424,11095,0
UChXOhG9bRDb3vSTg-qkPAZg,Gweilo-60,2019-03-08 10:44:51.098734,11095,0
UChXOhG9bRDb3vSTg-qkPAZg,Gweilo-60,2019-03-08 10:43:51.385441,11095,0
UChXOhG9bRDb3vSTg-qkPAZg,Gweilo-60,2019-03-08 10:42:50.708836,11095,0
UChXOhG9bRDb3vSTg-qkPAZg,Gweilo-60,2019-03-08 10:41:51.152909,11095,0
UChXOhG9bRDb3vSTg-qkPAZg,Gweilo-60,2019-03-08 10:40:51.614723,11095,0
UChXOhG9bRDb3vSTg-qkPAZg,Gweilo-60,2019-03-08 10:39:51.704777,11095,0
UChXOhG9bRDb3vSTg-qkPAZg,Gweilo-60,2019-03-08 10:38:51.613374,11095,0
UChXOhG9bRDb3vSTg-qkPAZg,Gweilo-60,2019-03-08 10:37:51.178593,11095,0
UChXOhG9bRDb3vSTg-qkPAZg,Gweilo-60,2019-03-08 10:36:51.513093,11095,1
UChXOhG9bRDb3vSTg-qkPAZg,Gweilo-60,2019-03-08 10:35:51.291793,11094,0
UChXOhG9bRDb3vSTg-qkPAZg,Gweilo-60,2019-03-08 10:34:51.544966,11094,0
UChXOhG9bRDb3vSTg-qkPAZg,Gweilo-60,2019-03-08 10:33:51.00151,11094,0
UChXOhG9bRDb3vSTg-qkPAZg,Gweilo-60,2019-03-08 10:32:51.731344,11094,0
UChXOhG9bRDb3vSTg-qkPAZg,Gweilo-60,2019-03-08 10:31:51.309859,11094,-1
UChXOhG9bRDb3vSTg-qkPAZg,Gweilo-60,2019-03-08 10:30:51.607556,11095,0
UChXOhG9bRDb3vSTg-qkPAZg,Gweilo-60,2019-03-08 10:29:51.650684,11095,0
UChXOhG9bRDb3vSTg-qkPAZg,Gweilo-60,2019-03-08 10:28:51.193445,11095,0
UChXOhG9bRDb3vSTg-qkPAZg,Gweilo-60,2019-03-08 10:27:51.319801,11095,0
UChXOhG9bRDb3vSTg-qkPAZg,Gweilo-60,2019-03-08 10:26:51.247939,11095,0
UChXOhG9bRDb3vSTg-qkPAZg,Gweilo-60,2019-03-08 10:25:51.314757,11095,0
UChXOhG9bRDb3vSTg-qkPAZg,Gweilo-60,2019-03-08 10:24:50.904405,11095,0
UChXOhG9bRDb3vSTg-qkPAZg,Gweilo-60,2019-03-08 10:23:51.900125,11095,0
UChXOhG9bRDb3vSTg-qkPAZg,Gweilo-60,2019-03-08 10:22:51.077073,11095,0
UChXOhG9bRDb3vSTg-qkPAZg,Gweilo-60,2019-03-08 10:21:51.414428,11095,0
UChXOhG9bRDb3vSTg-qkPAZg,Gweilo-60,2019-03-08 10:20:51.244614,11095,0
UChXOhG9bRDb3vSTg-qkPAZg,Gweilo-60,2019-03-08 10:19:51.439553,11095,0
UChXOhG9bRDb3vSTg-qkPAZg,Gweilo-60,2019-03-08 10:18:51.178246,11095,0
UChXOhG9bRDb3vSTg-qkPAZg,Gweilo-60,2019-03-08 10:17:51.923385,11095,0
UChXOhG9bRDb3vSTg-qkPAZg,Gweilo-60,2019-03-08 10:16:51.078319,11095,0
UChXOhG9bRDb3vSTg-qkPAZg,Gweilo-60,2019-03-08 10:15:51.252409,11095,0
UChXOhG9bRDb3vSTg-qkPAZg,Gweilo-60,2019-03-08 10:14:51.25693,11095,0
UChXOhG9bRDb3vSTg-qkPAZg,Gweilo-60,2019-03-08 10:13:51.416673,11095,0
UChXOhG9bRDb3vSTg-qkPAZg,Gweilo-60,2019-03-08 10:12:51.8972,11095,0
UChXOhG9bRDb3vSTg-qkPAZg,Gweilo-60,2019-03-08 10:11:51.294181,11095,0
UChXOhG9bRDb3vSTg-qkPAZg,Gweilo-60,2019-03-08 10:10:51.280669,11095,0
UChXOhG9bRDb3vSTg-qkPAZg,Gweilo-60,2019-03-08 10:09:51.060115,11095,0
UChXOhG9bRDb3vSTg-qkPAZg,Gweilo-60,2019-03-08 10:08:51.69293,11095,0
UChXOhG9bRDb3vSTg-qkPAZg,Gweilo-60,2019-03-08 10:07:52.00004,11095,0
UChXOhG9bRDb3vSTg-qkPAZg,Gweilo-60,2019-03-08 10:06:51.237567,11095,0
UChXOhG9bRDb3vSTg-qkPAZg,Gweilo-60,2019-03-08 10:05:51.067704,11095,0
UChXOhG9bRDb3vSTg-qkPAZg,Gweilo-60,2019-03-08 10:04:51.425971,11095,0
UChXOhG9bRDb3vSTg-qkPAZg,Gweilo-60,2019-03-08 10:03:52.163238,11095,0
UChXOhG9bRDb3vSTg-qkPAZg,Gweilo-60,2019-03-08 10:02:51.450628,11095,0
UChXOhG9bRDb3vSTg-qkPAZg,Gweilo-60,2019-03-08 10:01:52.393958,11095,0
UChXOhG9bRDb3vSTg-qkPAZg,Gweilo-60,2019-03-08 10:00:53.408497,11095,0
UChXOhG9bRDb3vSTg-qkPAZg,Gweilo-60,2019-03-08 09:59:51.427963,11095,0
UChXOhG9bRDb3vSTg-qkPAZg,Gweilo-60,2019-03-08 09:58:51.581878,11095,0
UChXOhG9bRDb3vSTg-qkPAZg,Gweilo-60,2019-03-08 09:57:51.009004,11095,0
UChXOhG9bRDb3vSTg-qkPAZg,Gweilo-60,2019-03-08 09:56:51.677746,11095,0
UChXOhG9bRDb3vSTg-qkPAZg,Gweilo-60,2019-03-08 09:55:51.306994,11095,0
UChXOhG9bRDb3vSTg-qkPAZg,Gweilo-60,2019-03-08 09:54:50.694916,11095,0
UChXOhG9bRDb3vSTg-qkPAZg,Gweilo-60,2019-03-08 09:53:51.169231,11095,0
UChXOhG9bRDb3vSTg-qkPAZg,Gweilo-60,2019-03-08 09:52:51.937808,11095,0
UChXOhG9bRDb3vSTg-qkPAZg,Gweilo-60,2019-03-08 09:51:51.831916,11095,0
UChXOhG9bRDb3vSTg-qkPAZg,Gweilo-60,2019-03-08 09:50:51.495272,11095,0
UChXOhG9bRDb3vSTg-qkPAZg,Gweilo-60,2019-03-08 09:49:51.220747,11095,0
UChXOhG9bRDb3vSTg-qkPAZg,Gweilo-60,2019-03-08 09:48:51.278055,11095,0
UChXOhG9bRDb3vSTg-qkPAZg,Gweilo-60,2019-03-08 09:47:51.206209,11095,0
UChXOhG9bRDb3vSTg-qkPAZg,Gweilo-60,2019-03-08 09:46:51.12744,11095,0
UChXOhG9bRDb3vSTg-qkPAZg,Gweilo-60,2019-03-08 09:45:51.235121,11095,1
UChXOhG9bRDb3vSTg-qkPAZg,Gweilo-60,2019-03-08 09:44:51.523434,11094,0
UChXOhG9bRDb3vSTg-qkPAZg,Gweilo-60,2019-03-08 09:43:51.36623,11094,0
UChXOhG9bRDb3vSTg-qkPAZg,Gweilo-60,2019-03-08 09:42:51.893801,11094,0
UChXOhG9bRDb3vSTg-qkPAZg,Gweilo-60,2019-03-08 09:41:51.319252,11094,0
UChXOhG9bRDb3vSTg-qkPAZg,Gweilo-60,2019-03-08 09:40:51.227874,11094,0
UChXOhG9bRDb3vSTg-qkPAZg,Gweilo-60,2019-03-08 09:39:51.585436,11094,1
UChXOhG9bRDb3vSTg-qkPAZg,Gweilo-60,2019-03-08 09:38:51.402522,11093,0
UChXOhG9bRDb3vSTg-qkPAZg,Gweilo-60,2019-03-08 09:37:51.504934,11093,0
UChXOhG9bRDb3vSTg-qkPAZg,Gweilo-60,2019-03-08 09:36:51.230042,11093,0
UChXOhG9bRDb3vSTg-qkPAZg,Gweilo-60,2019-03-08 09:35:52.001634,11093,0
UChXOhG9bRDb3vSTg-qkPAZg,Gweilo-60,2019-03-08 09:34:52.098431,11093,0
UChXOhG9bRDb3vSTg-qkPAZg,Gweilo-60,2019-03-08 09:33:51.277298,11093,0
UChXOhG9bRDb3vSTg-qkPAZg,Gweilo-60,2019-03-08 09:32:51.127618,11093,0
UChXOhG9bRDb3vSTg-qkPAZg,Gweilo-60,2019-03-08 09:31:51.513056,11093,0
UChXOhG9bRDb3vSTg-qkPAZg,Gweilo-60,2019-03-08 09:30:51.255823,11093,0
UChXOhG9bRDb3vSTg-qkPAZg,Gweilo-60,2019-03-08 09:29:51.561344,11093,0
UChXOhG9bRDb3vSTg-qkPAZg,Gweilo-60,2019-03-08 09:28:51.092657,11093,0
UChXOhG9bRDb3vSTg-qkPAZg,Gweilo-60,2019-03-08 09:27:51.131579,11093,0
UChXOhG9bRDb3vSTg-qkPAZg,Gweilo-60,2019-03-08 09:26:51.064589,11093,0
UChXOhG9bRDb3vSTg-qkPAZg,Gweilo-60,2019-03-08 09:25:51.124778,11093,0
UChXOhG9bRDb3vSTg-qkPAZg,Gweilo-60,2019-03-08 09:24:51.331981,11093,0
UChXOhG9bRDb3vSTg-qkPAZg,Gweilo-60,2019-03-08 09:23:50.955416,11093,0
UChXOhG9bRDb3vSTg-qkPAZg,Gweilo-60,2019-03-08 09:22:52.22798,11093,0
UChXOhG9bRDb3vSTg-qkPAZg,Gweilo-60,2019-03-08 09:21:51.457104,11093,0
UChXOhG9bRDb3vSTg-qkPAZg,Gweilo-60,2019-03-08 09:20:51.329139,11093,0
UChXOhG9bRDb3vSTg-qkPAZg,Gweilo-60,2019-03-08 09:19:51.052509,11093,0
UChXOhG9bRDb3vSTg-qkPAZg,Gweilo-60,2019-03-08 09:18:51.320201,11093,0
UChXOhG9bRDb3vSTg-qkPAZg,Gweilo-60,2019-03-08 09:17:51.511336,11093,0
UChXOhG9bRDb3vSTg-qkPAZg,Gweilo-60,2019-03-08 09:16:51.378417,11093,0
UChXOhG9bRDb3vSTg-qkPAZg,Gweilo-60,2019-03-08 09:15:51.050116,11093,0
UChXOhG9bRDb3vSTg-qkPAZg,Gweilo-60,2019-03-08 09:14:51.572677,11093,0
UChXOhG9bRDb3vSTg-qkPAZg,Gweilo-60,2019-03-08 09:13:51.717211,11093,0
UChXOhG9bRDb3vSTg-qkPAZg,Gweilo-60,2019-03-08 09:12:51.13129,11093,0
UChXOhG9bRDb3vSTg-qkPAZg,Gweilo-60,2019-03-08 09:11:51.636431,11093,0
UChXOhG9bRDb3vSTg-qkPAZg,Gweilo-60,2019-03-08 09:10:51.349143,11093,0
UChXOhG9bRDb3vSTg-qkPAZg,Gweilo-60,2019-03-08 09:09:51.405796,11093,0
UChXOhG9bRDb3vSTg-qkPAZg,Gweilo-60,2019-03-08 09:08:51.524877,11093,0
UChXOhG9bRDb3vSTg-qkPAZg,Gweilo-60,2019-03-08 09:07:51.95674,11093,0
UChXOhG9bRDb3vSTg-qkPAZg,Gweilo-60,2019-03-08 09:06:51.474547,11093,0
UChXOhG9bRDb3vSTg-qkPAZg,Gweilo-60,2019-03-08 09:05:51.701714,11093,0
UChXOhG9bRDb3vSTg-qkPAZg,Gweilo-60,2019-03-08 09:04:50.927432,11093,0
UChXOhG9bRDb3vSTg-qkPAZg,Gweilo-60,2019-03-08 09:03:51.391047,11093,0
UChXOhG9bRDb3vSTg-qkPAZg,Gweilo-60,2019-03-08 09:02:51.858555,11093,0
UChXOhG9bRDb3vSTg-qkPAZg,Gweilo-60,2019-03-08 09:01:51.390894,11093,0
UChXOhG9bRDb3vSTg-qkPAZg,Gweilo-60,2019-03-08 09:00:51.804437,11093,0
UChXOhG9bRDb3vSTg-qkPAZg,Gweilo-60,2019-03-08 08:59:51.129319,11093,0
UChXOhG9bRDb3vSTg-qkPAZg,Gweilo-60,2019-03-08 08:58:51.076385,11093,0
UChXOhG9bRDb3vSTg-qkPAZg,Gweilo-60,2019-03-08 08:57:51.427943,11093,0
UChXOhG9bRDb3vSTg-qkPAZg,Gweilo-60,2019-03-08 08:56:51.352256,11093,0
UChXOhG9bRDb3vSTg-qkPAZg,Gweilo-60,2019-03-08 08:55:51.61021,11093,0
UChXOhG9bRDb3vSTg-qkPAZg,Gweilo-60,2019-03-08 08:54:50.978462,11093,0
UChXOhG9bRDb3vSTg-qkPAZg,Gweilo-60,2019-03-08 08:53:51.512284,11093,0
UChXOhG9bRDb3vSTg-qkPAZg,Gweilo-60,2019-03-08 08:52:51.375868,11093,0
UChXOhG9bRDb3vSTg-qkPAZg,Gweilo-60,2019-03-08 08:51:51.583728,11093,0
UChXOhG9bRDb3vSTg-qkPAZg,Gweilo-60,2019-03-08 08:50:51.685767,11093,0
UChXOhG9bRDb3vSTg-qkPAZg,Gweilo-60,2019-03-08 08:49:51.229282,11093,0
UChXOhG9bRDb3vSTg-qkPAZg,Gweilo-60,2019-03-08 08:48:51.101183,11093,0
UChXOhG9bRDb3vSTg-qkPAZg,Gweilo-60,2019-03-08 08:47:51.668956,11093,0
UChXOhG9bRDb3vSTg-qkPAZg,Gweilo-60,2019-03-08 08:46:51.944919,11093,0
UChXOhG9bRDb3vSTg-qkPAZg,Gweilo-60,2019-03-08 08:45:51.565356,11093,0
UChXOhG9bRDb3vSTg-qkPAZg,Gweilo-60,2019-03-08 08:44:51.248187,11093,0
UChXOhG9bRDb3vSTg-qkPAZg,Gweilo-60,2019-03-08 08:43:51.120877,11093,0
UChXOhG9bRDb3vSTg-qkPAZg,Gweilo-60,2019-03-08 08:42:51.114887,11093,0
UChXOhG9bRDb3vSTg-qkPAZg,Gweilo-60,2019-03-08 08:41:50.760253,11093,0
UChXOhG9bRDb3vSTg-qkPAZg,Gweilo-60,2019-03-08 08:40:51.533209,11093,0
UChXOhG9bRDb3vSTg-qkPAZg,Gweilo-60,2019-03-08 08:39:51.134494,11093,0
UChXOhG9bRDb3vSTg-qkPAZg,Gweilo-60,2019-03-08 08:38:51.017343,11093,0
UChXOhG9bRDb3vSTg-qkPAZg,Gweilo-60,2019-03-08 08:37:51.567375,11093,0
UChXOhG9bRDb3vSTg-qkPAZg,Gweilo-60,2019-03-08 08:36:51.766843,11093,0
UChXOhG9bRDb3vSTg-qkPAZg,Gweilo-60,2019-03-08 08:35:51.501388,11093,0
UChXOhG9bRDb3vSTg-qkPAZg,Gweilo-60,2019-03-08 08:34:51.004176,11093,0
UChXOhG9bRDb3vSTg-qkPAZg,Gweilo-60,2019-03-08 08:33:51.021523,11093,0
UChXOhG9bRDb3vSTg-qkPAZg,Gweilo-60,2019-03-08 08:32:51.41485,11093,0
UChXOhG9bRDb3vSTg-qkPAZg,Gweilo-60,2019-03-08 08:31:51.391695,11093,0
UChXOhG9bRDb3vSTg-qkPAZg,Gweilo-60,2019-03-08 08:30:51.275685,11093,0
UChXOhG9bRDb3vSTg-qkPAZg,Gweilo-60,2019-03-08 08:29:51.516079,11093,0
UChXOhG9bRDb3vSTg-qkPAZg,Gweilo-60,2019-03-08 08:28:51.348924,11093,0
UChXOhG9bRDb3vSTg-qkPAZg,Gweilo-60,2019-03-08 08:27:51.199782,11093,0
UChXOhG9bRDb3vSTg-qkPAZg,Gweilo-60,2019-03-08 08:26:51.396383,11093,0
UChXOhG9bRDb3vSTg-qkPAZg,Gweilo-60,2019-03-08 08:25:51.234268,11093,0
UChXOhG9bRDb3vSTg-qkPAZg,Gweilo-60,2019-03-08 08:24:51.57788,11093,0
UChXOhG9bRDb3vSTg-qkPAZg,Gweilo-60,2019-03-08 08:23:51.271927,11093,0
UChXOhG9bRDb3vSTg-qkPAZg,Gweilo-60,2019-03-08 08:22:51.04118,11093,0
UChXOhG9bRDb3vSTg-qkPAZg,Gweilo-60,2019-03-08 08:21:51.675082,11093,0
UChXOhG9bRDb3vSTg-qkPAZg,Gweilo-60,2019-03-08 08:20:51.43384,11093,0
UChXOhG9bRDb3vSTg-qkPAZg,Gweilo-60,2019-03-08 08:19:51.798051,11093,0
UChXOhG9bRDb3vSTg-qkPAZg,Gweilo-60,2019-03-08 08:18:51.227184,11093,0
UChXOhG9bRDb3vSTg-qkPAZg,Gweilo-60,2019-03-08 08:17:51.617735,11093,0
UChXOhG9bRDb3vSTg-qkPAZg,Gweilo-60,2019-03-08 08:16:51.366405,11093,0
UChXOhG9bRDb3vSTg-qkPAZg,Gweilo-60,2019-03-08 08:15:51.424414,11093,0
UChXOhG9bRDb3vSTg-qkPAZg,Gweilo-60,2019-03-08 08:14:51.243419,11093,0
UChXOhG9bRDb3vSTg-qkPAZg,Gweilo-60,2019-03-08 08:13:51.166642,11093,0
UChXOhG9bRDb3vSTg-qkPAZg,Gweilo-60,2019-03-08 08:12:51.460573,11093,0
UChXOhG9bRDb3vSTg-qkPAZg,Gweilo-60,2019-03-08 08:11:51.738362,11093,0
UChXOhG9bRDb3vSTg-qkPAZg,Gweilo-60,2019-03-08 08:10:51.5279,11093,0
UChXOhG9bRDb3vSTg-qkPAZg,Gweilo-60,2019-03-08 08:09:51.07242,11093,0
UChXOhG9bRDb3vSTg-qkPAZg,Gweilo-60,2019-03-08 08:08:50.980878,11093,0
UChXOhG9bRDb3vSTg-qkPAZg,Gweilo-60,2019-03-08 08:07:51.577059,11093,0
UChXOhG9bRDb3vSTg-qkPAZg,Gweilo-60,2019-03-08 08:06:51.482449,11093,0
UChXOhG9bRDb3vSTg-qkPAZg,Gweilo-60,2019-03-08 08:05:51.177672,11093,0
UChXOhG9bRDb3vSTg-qkPAZg,Gweilo-60,2019-03-08 08:04:51.078129,11093,0
UChXOhG9bRDb3vSTg-qkPAZg,Gweilo-60,2019-03-08 08:03:51.011663,11093,0
UChXOhG9bRDb3vSTg-qkPAZg,Gweilo-60,2019-03-08 08:02:51.694951,11093,1
UChXOhG9bRDb3vSTg-qkPAZg,Gweilo-60,2019-03-08 08:01:51.445465,11092,0
UChXOhG9bRDb3vSTg-qkPAZg,Gweilo-60,2019-03-08 08:00:50.958578,11092,0
UChXOhG9bRDb3vSTg-qkPAZg,Gweilo-60,2019-03-08 07:59:51.573504,11092,0
UChXOhG9bRDb3vSTg-qkPAZg,Gweilo-60,2019-03-08 07:58:51.937492,11092,0
UChXOhG9bRDb3vSTg-qkPAZg,Gweilo-60,2019-03-08 07:57:51.208131,11092,0
UChXOhG9bRDb3vSTg-qkPAZg,Gweilo-60,2019-03-08 07:56:51.262452,11092,0
UChXOhG9bRDb3vSTg-qkPAZg,Gweilo-60,2019-03-08 07:55:50.910727,11092,0
UChXOhG9bRDb3vSTg-qkPAZg,Gweilo-60,2019-03-08 07:54:51.137443,11092,0
UChXOhG9bRDb3vSTg-qkPAZg,Gweilo-60,2019-03-08 07:53:51.676319,11092,0
UChXOhG9bRDb3vSTg-qkPAZg,Gweilo-60,2019-03-08 07:52:51.265688,11092,0
UChXOhG9bRDb3vSTg-qkPAZg,Gweilo-60,2019-03-08 07:51:51.412495,11092,0
UChXOhG9bRDb3vSTg-qkPAZg,Gweilo-60,2019-03-08 07:50:51.724959,11092,0
UChXOhG9bRDb3vSTg-qkPAZg,Gweilo-60,2019-03-08 07:49:51.276408,11092,0
UChXOhG9bRDb3vSTg-qkPAZg,Gweilo-60,2019-03-08 07:48:51.646242,11092,0
UChXOhG9bRDb3vSTg-qkPAZg,Gweilo-60,2019-03-08 07:47:51.183921,11092,0
UChXOhG9bRDb3vSTg-qkPAZg,Gweilo-60,2019-03-08 07:46:51.243258,11092,0
UChXOhG9bRDb3vSTg-qkPAZg,Gweilo-60,2019-03-08 07:45:51.324976,11092,0
UChXOhG9bRDb3vSTg-qkPAZg,Gweilo-60,2019-03-08 07:44:51.851482,11092,0
UChXOhG9bRDb3vSTg-qkPAZg,Gweilo-60,2019-03-08 07:43:51.421468,11092,0
UChXOhG9bRDb3vSTg-qkPAZg,Gweilo-60,2019-03-08 07:42:51.375422,11092,0
UChXOhG9bRDb3vSTg-qkPAZg,Gweilo-60,2019-03-08 07:41:51.683384,11092,0
UChXOhG9bRDb3vSTg-qkPAZg,Gweilo-60,2019-03-08 07:40:51.016992,11092,0
UChXOhG9bRDb3vSTg-qkPAZg,Gweilo-60,2019-03-08 07:39:51.478177,11092,0
UChXOhG9bRDb3vSTg-qkPAZg,Gweilo-60,2019-03-08 07:38:51.133802,11092,0
UChXOhG9bRDb3vSTg-qkPAZg,Gweilo-60,2019-03-08 07:37:51.2489,11092,0
UChXOhG9bRDb3vSTg-qkPAZg,Gweilo-60,2019-03-08 07:36:51.308932,11092,0
UChXOhG9bRDb3vSTg-qkPAZg,Gweilo-60,2019-03-08 07:35:51.109323,11092,0
UChXOhG9bRDb3vSTg-qkPAZg,Gweilo-60,2019-03-08 07:34:51.566339,11092,0
UChXOhG9bRDb3vSTg-qkPAZg,Gweilo-60,2019-03-08 07:33:51.428954,11092,0
UChXOhG9bRDb3vSTg-qkPAZg,Gweilo-60,2019-03-08 07:32:51.80239,11092,0
UChXOhG9bRDb3vSTg-qkPAZg,Gweilo-60,2019-03-08 07:31:51.833571,11092,0
UChXOhG9bRDb3vSTg-qkPAZg,Gweilo-60,2019-03-08 07:30:51.096345,11092,0
UChXOhG9bRDb3vSTg-qkPAZg,Gweilo-60,2019-03-08 07:29:51.008461,11092,0
UChXOhG9bRDb3vSTg-qkPAZg,Gweilo-60,2019-03-08 07:28:51.290049,11092,0
UChXOhG9bRDb3vSTg-qkPAZg,Gweilo-60,2019-03-08 07:27:52.088352,11092,0
UChXOhG9bRDb3vSTg-qkPAZg,Gweilo-60,2019-03-08 07:26:51.861728,11092,0
UChXOhG9bRDb3vSTg-qkPAZg,Gweilo-60,2019-03-08 07:25:51.692536,11092,0
UChXOhG9bRDb3vSTg-qkPAZg,Gweilo-60,2019-03-08 07:24:50.963805,11092,0
UChXOhG9bRDb3vSTg-qkPAZg,Gweilo-60,2019-03-08 07:23:51.094518,11092,0
UChXOhG9bRDb3vSTg-qkPAZg,Gweilo-60,2019-03-08 07:22:51.434447,11092,0
UChXOhG9bRDb3vSTg-qkPAZg,Gweilo-60,2019-03-08 07:21:51.751406,11092,0
UChXOhG9bRDb3vSTg-qkPAZg,Gweilo-60,2019-03-08 07:20:51.324324,11092,0
UChXOhG9bRDb3vSTg-qkPAZg,Gweilo-60,2019-03-08 07:19:51.261729,11092,0
UChXOhG9bRDb3vSTg-qkPAZg,Gweilo-60,2019-03-08 07:18:51.040682,11092,0
UChXOhG9bRDb3vSTg-qkPAZg,Gweilo-60,2019-03-08 07:17:51.017382,11092,0
UChXOhG9bRDb3vSTg-qkPAZg,Gweilo-60,2019-03-08 07:16:50.955552,11092,0
UChXOhG9bRDb3vSTg-qkPAZg,Gweilo-60,2019-03-08 07:15:51.18745,11092,0
UChXOhG9bRDb3vSTg-qkPAZg,Gweilo-60,2019-03-08 07:14:51.469623,11092,0
UChXOhG9bRDb3vSTg-qkPAZg,Gweilo-60,2019-03-08 07:13:51.565116,11092,0
UChXOhG9bRDb3vSTg-qkPAZg,Gweilo-60,2019-03-08 07:12:51.763753,11092,0
UChXOhG9bRDb3vSTg-qkPAZg,Gweilo-60,2019-03-08 07:11:51.008612,11092,0
UChXOhG9bRDb3vSTg-qkPAZg,Gweilo-60,2019-03-08 07:10:51.421608,11092,0
UChXOhG9bRDb3vSTg-qkPAZg,Gweilo-60,2019-03-08 07:09:51.358455,11092,0
UChXOhG9bRDb3vSTg-qkPAZg,Gweilo-60,2019-03-08 07:08:51.923075,11092,0
UChXOhG9bRDb3vSTg-qkPAZg,Gweilo-60,2019-03-08 07:07:51.257264,11092,0
UChXOhG9bRDb3vSTg-qkPAZg,Gweilo-60,2019-03-08 07:06:51.63569,11092,0
UChXOhG9bRDb3vSTg-qkPAZg,Gweilo-60,2019-03-08 07:05:51.279468,11092,0
UChXOhG9bRDb3vSTg-qkPAZg,Gweilo-60,2019-03-08 07:04:51.992518,11092,0
UChXOhG9bRDb3vSTg-qkPAZg,Gweilo-60,2019-03-08 07:03:51.338968,11092,0
UChXOhG9bRDb3vSTg-qkPAZg,Gweilo-60,2019-03-08 07:02:51.36895,11092,0
UChXOhG9bRDb3vSTg-qkPAZg,Gweilo-60,2019-03-08 07:01:51.6172,11092,0
UChXOhG9bRDb3vSTg-qkPAZg,Gweilo-60,2019-03-08 07:00:51.527453,11092,0
UChXOhG9bRDb3vSTg-qkPAZg,Gweilo-60,2019-03-08 06:59:51.851202,11092,0
UChXOhG9bRDb3vSTg-qkPAZg,Gweilo-60,2019-03-08 06:58:51.143341,11092,0
UChXOhG9bRDb3vSTg-qkPAZg,Gweilo-60,2019-03-08 06:57:50.919167,11092,0
UChXOhG9bRDb3vSTg-qkPAZg,Gweilo-60,2019-03-08 06:56:51.343177,11092,0
UChXOhG9bRDb3vSTg-qkPAZg,Gweilo-60,2019-03-08 06:55:52.348039,11092,0
UChXOhG9bRDb3vSTg-qkPAZg,Gweilo-60,2019-03-08 06:54:51.096798,11092,0
UChXOhG9bRDb3vSTg-qkPAZg,Gweilo-60,2019-03-08 06:53:50.801689,11092,0
UChXOhG9bRDb3vSTg-qkPAZg,Gweilo-60,2019-03-08 06:52:51.184142,11092,0
UChXOhG9bRDb3vSTg-qkPAZg,Gweilo-60,2019-03-08 06:51:51.26669,11092,0
UChXOhG9bRDb3vSTg-qkPAZg,Gweilo-60,2019-03-08 06:50:51.250022,11092,0
UChXOhG9bRDb3vSTg-qkPAZg,Gweilo-60,2019-03-08 06:49:51.189772,11092,0
UChXOhG9bRDb3vSTg-qkPAZg,Gweilo-60,2019-03-08 06:48:51.750914,11092,0
UChXOhG9bRDb3vSTg-qkPAZg,Gweilo-60,2019-03-08 06:47:50.938065,11092,0
UChXOhG9bRDb3vSTg-qkPAZg,Gweilo-60,2019-03-08 06:46:51.435054,11092,0
UChXOhG9bRDb3vSTg-qkPAZg,Gweilo-60,2019-03-08 06:45:51.507587,11092,0
UChXOhG9bRDb3vSTg-qkPAZg,Gweilo-60,2019-03-08 06:44:51.600527,11092,0
UChXOhG9bRDb3vSTg-qkPAZg,Gweilo-60,2019-03-08 06:43:51.254065,11092,0
UChXOhG9bRDb3vSTg-qkPAZg,Gweilo-60,2019-03-08 06:42:51.611785,11092,0
UChXOhG9bRDb3vSTg-qkPAZg,Gweilo-60,2019-03-08 06:41:51.398805,11092,0
UChXOhG9bRDb3vSTg-qkPAZg,Gweilo-60,2019-03-08 06:40:51.945155,11092,0
UChXOhG9bRDb3vSTg-qkPAZg,Gweilo-60,2019-03-08 06:39:50.81435,11092,0
UChXOhG9bRDb3vSTg-qkPAZg,Gweilo-60,2019-03-08 06:38:51.16146,11092,0
UChXOhG9bRDb3vSTg-qkPAZg,Gweilo-60,2019-03-08 06:37:50.776653,11092,0
UChXOhG9bRDb3vSTg-qkPAZg,Gweilo-60,2019-03-08 06:36:51.104035,11092,0
UChXOhG9bRDb3vSTg-qkPAZg,Gweilo-60,2019-03-08 06:35:51.416244,11092,0
UChXOhG9bRDb3vSTg-qkPAZg,Gweilo-60,2019-03-08 06:34:51.218692,11092,0
UChXOhG9bRDb3vSTg-qkPAZg,Gweilo-60,2019-03-08 06:33:51.490414,11092,0
UChXOhG9bRDb3vSTg-qkPAZg,Gweilo-60,2019-03-08 06:32:51.105901,11092,0
UChXOhG9bRDb3vSTg-qkPAZg,Gweilo-60,2019-03-08 06:31:51.149892,11092,0
UChXOhG9bRDb3vSTg-qkPAZg,Gweilo-60,2019-03-08 06:30:51.325648,11092,0
UChXOhG9bRDb3vSTg-qkPAZg,Gweilo-60,2019-03-08 06:29:51.854402,11092,0
UChXOhG9bRDb3vSTg-qkPAZg,Gweilo-60,2019-03-08 06:28:54.065099,11092,0
UChXOhG9bRDb3vSTg-qkPAZg,Gweilo-60,2019-03-08 06:27:52.367002,11092,0
UChXOhG9bRDb3vSTg-qkPAZg,Gweilo-60,2019-03-08 06:26:51.430498,11092,0
UChXOhG9bRDb3vSTg-qkPAZg,Gweilo-60,2019-03-08 06:25:51.759381,11092,0
UChXOhG9bRDb3vSTg-qkPAZg,Gweilo-60,2019-03-08 06:24:51.315801,11092,0
UChXOhG9bRDb3vSTg-qkPAZg,Gweilo-60,2019-03-08 06:23:51.44157,11092,0
UChXOhG9bRDb3vSTg-qkPAZg,Gweilo-60,2019-03-08 06:22:51.527778,11092,0
UChXOhG9bRDb3vSTg-qkPAZg,Gweilo-60,2019-03-08 06:21:51.668716,11092,0
UChXOhG9bRDb3vSTg-qkPAZg,Gweilo-60,2019-03-08 06:20:51.395347,11092,0
UChXOhG9bRDb3vSTg-qkPAZg,Gweilo-60,2019-03-08 06:19:51.547546,11092,0
UChXOhG9bRDb3vSTg-qkPAZg,Gweilo-60,2019-03-08 06:18:51.145044,11092,0
UChXOhG9bRDb3vSTg-qkPAZg,Gweilo-60,2019-03-08 06:17:51.576455,11092,0
UChXOhG9bRDb3vSTg-qkPAZg,Gweilo-60,2019-03-08 06:16:51.294881,11092,0
UChXOhG9bRDb3vSTg-qkPAZg,Gweilo-60,2019-03-08 06:15:53.247888,11092,0
UChXOhG9bRDb3vSTg-qkPAZg,Gweilo-60,2019-03-08 06:14:51.804912,11092,0
UChXOhG9bRDb3vSTg-qkPAZg,Gweilo-60,2019-03-08 06:13:50.843293,11092,0
UChXOhG9bRDb3vSTg-qkPAZg,Gweilo-60,2019-03-08 06:12:51.478238,11092,0
UChXOhG9bRDb3vSTg-qkPAZg,Gweilo-60,2019-03-08 06:11:51.050907,11092,0
UChXOhG9bRDb3vSTg-qkPAZg,Gweilo-60,2019-03-08 06:10:50.832474,11092,0
UChXOhG9bRDb3vSTg-qkPAZg,Gweilo-60,2019-03-08 06:09:50.858794,11092,0
UChXOhG9bRDb3vSTg-qkPAZg,Gweilo-60,2019-03-08 06:08:50.916778,11092,0
UChXOhG9bRDb3vSTg-qkPAZg,Gweilo-60,2019-03-08 06:07:51.218817,11092,0
UChXOhG9bRDb3vSTg-qkPAZg,Gweilo-60,2019-03-08 06:06:51.121259,11092,0
UChXOhG9bRDb3vSTg-qkPAZg,Gweilo-60,2019-03-08 06:05:50.480198,11092,0
UChXOhG9bRDb3vSTg-qkPAZg,Gweilo-60,2019-03-08 06:04:50.858477,11092,0
UChXOhG9bRDb3vSTg-qkPAZg,Gweilo-60,2019-03-08 06:03:50.826873,11092,0
UChXOhG9bRDb3vSTg-qkPAZg,Gweilo-60,2019-03-08 06:02:52.041208,11092,0
UChXOhG9bRDb3vSTg-qkPAZg,Gweilo-60,2019-03-08 06:01:50.755264,11092,0
UChXOhG9bRDb3vSTg-qkPAZg,Gweilo-60,2019-03-08 06:00:51.22872,11092,0
UChXOhG9bRDb3vSTg-qkPAZg,Gweilo-60,2019-03-08 05:59:51.09853,11092,0
UChXOhG9bRDb3vSTg-qkPAZg,Gweilo-60,2019-03-08 05:58:51.016697,11092,0
UChXOhG9bRDb3vSTg-qkPAZg,Gweilo-60,2019-03-08 05:57:50.507442,11092,0
UChXOhG9bRDb3vSTg-qkPAZg,Gweilo-60,2019-03-08 05:56:50.969266,11092,0
UChXOhG9bRDb3vSTg-qkPAZg,Gweilo-60,2019-03-08 05:55:50.65008,11092,0
UChXOhG9bRDb3vSTg-qkPAZg,Gweilo-60,2019-03-08 05:54:50.927504,11092,0
UChXOhG9bRDb3vSTg-qkPAZg,Gweilo-60,2019-03-08 05:53:51.505843,11092,0
UChXOhG9bRDb3vSTg-qkPAZg,Gweilo-60,2019-03-08 05:52:50.979847,11092,0
UChXOhG9bRDb3vSTg-qkPAZg,Gweilo-60,2019-03-08 05:51:51.013516,11092,0
UChXOhG9bRDb3vSTg-qkPAZg,Gweilo-60,2019-03-08 05:50:50.897575,11092,0
UChXOhG9bRDb3vSTg-qkPAZg,Gweilo-60,2019-03-08 05:49:50.869856,11092,0
UChXOhG9bRDb3vSTg-qkPAZg,Gweilo-60,2019-03-08 05:48:51.403324,11092,0
UChXOhG9bRDb3vSTg-qkPAZg,Gweilo-60,2019-03-08 05:47:51.217018,11092,0
UChXOhG9bRDb3vSTg-qkPAZg,Gweilo-60,2019-03-08 05:46:51.18223,11092,0
UChXOhG9bRDb3vSTg-qkPAZg,Gweilo-60,2019-03-08 05:45:51.246041,11092,0
UChXOhG9bRDb3vSTg-qkPAZg,Gweilo-60,2019-03-08 05:44:51.431373,11092,0
UChXOhG9bRDb3vSTg-qkPAZg,Gweilo-60,2019-03-08 05:43:51.22557,11092,0
UChXOhG9bRDb3vSTg-qkPAZg,Gweilo-60,2019-03-08 05:42:51.554507,11092,0
UChXOhG9bRDb3vSTg-qkPAZg,Gweilo-60,2019-03-08 05:41:51.55066,11092,0
UChXOhG9bRDb3vSTg-qkPAZg,Gweilo-60,2019-03-08 05:40:51.337219,11092,0
UChXOhG9bRDb3vSTg-qkPAZg,Gweilo-60,2019-03-08 05:39:51.388361,11092,0
UChXOhG9bRDb3vSTg-qkPAZg,Gweilo-60,2019-03-08 05:38:51.818317,11092,0
UChXOhG9bRDb3vSTg-qkPAZg,Gweilo-60,2019-03-08 05:37:51.339055,11092,0
UChXOhG9bRDb3vSTg-qkPAZg,Gweilo-60,2019-03-08 05:36:51.297194,11092,0
UChXOhG9bRDb3vSTg-qkPAZg,Gweilo-60,2019-03-08 05:35:51.718428,11092,0
UChXOhG9bRDb3vSTg-qkPAZg,Gweilo-60,2019-03-08 05:34:52.579371,11092,0
UChXOhG9bRDb3vSTg-qkPAZg,Gweilo-60,2019-03-08 05:33:50.87306,11092,0
UChXOhG9bRDb3vSTg-qkPAZg,Gweilo-60,2019-03-08 05:32:51.223275,11092,0
UChXOhG9bRDb3vSTg-qkPAZg,Gweilo-60,2019-03-08 05:31:51.152751,11092,0
UChXOhG9bRDb3vSTg-qkPAZg,Gweilo-60,2019-03-08 05:30:51.209485,11092,0
UChXOhG9bRDb3vSTg-qkPAZg,Gweilo-60,2019-03-08 05:29:51.367447,11092,0
UChXOhG9bRDb3vSTg-qkPAZg,Gweilo-60,2019-03-08 05:28:52.045027,11092,0
UChXOhG9bRDb3vSTg-qkPAZg,Gweilo-60,2019-03-08 05:27:51.825724,11092,0
UChXOhG9bRDb3vSTg-qkPAZg,Gweilo-60,2019-03-08 05:26:51.901372,11092,0
UChXOhG9bRDb3vSTg-qkPAZg,Gweilo-60,2019-03-08 05:25:51.153649,11092,0
UChXOhG9bRDb3vSTg-qkPAZg,Gweilo-60,2019-03-08 05:24:51.434064,11092,0
UChXOhG9bRDb3vSTg-qkPAZg,Gweilo-60,2019-03-08 05:23:51.505633,11092,0
UChXOhG9bRDb3vSTg-qkPAZg,Gweilo-60,2019-03-08 05:22:52.2375,11092,0
UChXOhG9bRDb3vSTg-qkPAZg,Gweilo-60,2019-03-08 05:21:51.215787,11092,0
UChXOhG9bRDb3vSTg-qkPAZg,Gweilo-60,2019-03-08 05:20:51.484236,11092,0
UChXOhG9bRDb3vSTg-qkPAZg,Gweilo-60,2019-03-08 05:19:51.260456,11092,0
UChXOhG9bRDb3vSTg-qkPAZg,Gweilo-60,2019-03-08 05:18:51.218202,11092,0
UChXOhG9bRDb3vSTg-qkPAZg,Gweilo-60,2019-03-08 05:17:51.359885,11092,0
UChXOhG9bRDb3vSTg-qkPAZg,Gweilo-60,2019-03-08 05:16:51.645089,11092,0
UChXOhG9bRDb3vSTg-qkPAZg,Gweilo-60,2019-03-08 05:15:51.107808,11092,0
UChXOhG9bRDb3vSTg-qkPAZg,Gweilo-60,2019-03-08 05:14:51.690397,11092,0
UChXOhG9bRDb3vSTg-qkPAZg,Gweilo-60,2019-03-08 05:13:51.244435,11092,0
UChXOhG9bRDb3vSTg-qkPAZg,Gweilo-60,2019-03-08 05:12:51.59114,11092,0
UChXOhG9bRDb3vSTg-qkPAZg,Gweilo-60,2019-03-08 05:11:51.201384,11092,0
UChXOhG9bRDb3vSTg-qkPAZg,Gweilo-60,2019-03-08 05:10:51.20802,11092,0
UChXOhG9bRDb3vSTg-qkPAZg,Gweilo-60,2019-03-08 05:09:51.637466,11092,0
UChXOhG9bRDb3vSTg-qkPAZg,Gweilo-60,2019-03-08 05:08:51.278875,11092,0
UChXOhG9bRDb3vSTg-qkPAZg,Gweilo-60,2019-03-08 05:07:51.394698,11092,0
UChXOhG9bRDb3vSTg-qkPAZg,Gweilo-60,2019-03-08 05:06:51.217747,11092,0
UChXOhG9bRDb3vSTg-qkPAZg,Gweilo-60,2019-03-08 05:05:51.441869,11092,0
UChXOhG9bRDb3vSTg-qkPAZg,Gweilo-60,2019-03-08 05:04:51.206441,11092,0
UChXOhG9bRDb3vSTg-qkPAZg,Gweilo-60,2019-03-08 05:03:51.527793,11092,0
UChXOhG9bRDb3vSTg-qkPAZg,Gweilo-60,2019-03-08 05:02:51.983678,11092,0
UChXOhG9bRDb3vSTg-qkPAZg,Gweilo-60,2019-03-08 05:01:51.326475,11092,0
UChXOhG9bRDb3vSTg-qkPAZg,Gweilo-60,2019-03-08 05:00:50.910954,11092,0
UChXOhG9bRDb3vSTg-qkPAZg,Gweilo-60,2019-03-08 04:59:51.07331,11092,0
UChXOhG9bRDb3vSTg-qkPAZg,Gweilo-60,2019-03-08 04:58:50.899891,11092,0
UChXOhG9bRDb3vSTg-qkPAZg,Gweilo-60,2019-03-08 04:57:51.35869,11092,0
UChXOhG9bRDb3vSTg-qkPAZg,Gweilo-60,2019-03-08 04:56:52.088715,11092,0
UChXOhG9bRDb3vSTg-qkPAZg,Gweilo-60,2019-03-08 04:55:51.405479,11092,0
UChXOhG9bRDb3vSTg-qkPAZg,Gweilo-60,2019-03-08 04:54:51.367577,11092,0
UChXOhG9bRDb3vSTg-qkPAZg,Gweilo-60,2019-03-08 04:53:51.137748,11092,0
UChXOhG9bRDb3vSTg-qkPAZg,Gweilo-60,2019-03-08 04:52:50.832398,11092,0
UChXOhG9bRDb3vSTg-qkPAZg,Gweilo-60,2019-03-08 04:51:51.506937,11092,0
UChXOhG9bRDb3vSTg-qkPAZg,Gweilo-60,2019-03-08 04:50:51.289036,11092,0
UChXOhG9bRDb3vSTg-qkPAZg,Gweilo-60,2019-03-08 04:49:51.499212,11092,0
UChXOhG9bRDb3vSTg-qkPAZg,Gweilo-60,2019-03-08 04:48:51.125204,11092,0
UChXOhG9bRDb3vSTg-qkPAZg,Gweilo-60,2019-03-08 04:47:51.038869,11092,0
UChXOhG9bRDb3vSTg-qkPAZg,Gweilo-60,2019-03-08 04:46:51.188112,11092,0
UChXOhG9bRDb3vSTg-qkPAZg,Gweilo-60,2019-03-08 04:45:51.566538,11092,0
UChXOhG9bRDb3vSTg-qkPAZg,Gweilo-60,2019-03-08 04:44:52.7252,11092,0
UChXOhG9bRDb3vSTg-qkPAZg,Gweilo-60,2019-03-08 04:43:51.391691,11092,0
UChXOhG9bRDb3vSTg-qkPAZg,Gweilo-60,2019-03-08 04:42:51.000795,11092,0
UChXOhG9bRDb3vSTg-qkPAZg,Gweilo-60,2019-03-08 04:41:51.672947,11092,0
UChXOhG9bRDb3vSTg-qkPAZg,Gweilo-60,2019-03-08 04:40:51.439653,11092,0
UChXOhG9bRDb3vSTg-qkPAZg,Gweilo-60,2019-03-08 04:39:51.410474,11092,0
UChXOhG9bRDb3vSTg-qkPAZg,Gweilo-60,2019-03-08 04:38:52.082617,11092,0
UChXOhG9bRDb3vSTg-qkPAZg,Gweilo-60,2019-03-08 04:37:50.898856,11092,0
UChXOhG9bRDb3vSTg-qkPAZg,Gweilo-60,2019-03-08 04:36:51.25246,11092,0
UChXOhG9bRDb3vSTg-qkPAZg,Gweilo-60,2019-03-08 04:35:51.177944,11092,0
UChXOhG9bRDb3vSTg-qkPAZg,Gweilo-60,2019-03-08 04:34:51.525465,11092,0
UChXOhG9bRDb3vSTg-qkPAZg,Gweilo-60,2019-03-08 04:33:51.411252,11092,0
UChXOhG9bRDb3vSTg-qkPAZg,Gweilo-60,2019-03-08 04:32:51.012773,11092,0
UChXOhG9bRDb3vSTg-qkPAZg,Gweilo-60,2019-03-08 04:31:50.9887,11092,0
UChXOhG9bRDb3vSTg-qkPAZg,Gweilo-60,2019-03-08 04:30:52.796578,11092,0
UChXOhG9bRDb3vSTg-qkPAZg,Gweilo-60,2019-03-08 04:29:51.383308,11092,0
UChXOhG9bRDb3vSTg-qkPAZg,Gweilo-60,2019-03-08 04:28:52.665502,11092,0
UChXOhG9bRDb3vSTg-qkPAZg,Gweilo-60,2019-03-08 04:27:50.988315,11092,0
UChXOhG9bRDb3vSTg-qkPAZg,Gweilo-60,2019-03-08 04:26:51.462135,11092,0
UChXOhG9bRDb3vSTg-qkPAZg,Gweilo-60,2019-03-08 04:25:51.434401,11092,0
UChXOhG9bRDb3vSTg-qkPAZg,Gweilo-60,2019-03-08 04:24:51.699036,11092,0
UChXOhG9bRDb3vSTg-qkPAZg,Gweilo-60,2019-03-08 04:23:51.563023,11092,0
UChXOhG9bRDb3vSTg-qkPAZg,Gweilo-60,2019-03-08 04:22:51.202082,11092,0
UChXOhG9bRDb3vSTg-qkPAZg,Gweilo-60,2019-03-08 04:21:51.266788,11092,0
UChXOhG9bRDb3vSTg-qkPAZg,Gweilo-60,2019-03-08 04:20:51.137712,11092,0
UChXOhG9bRDb3vSTg-qkPAZg,Gweilo-60,2019-03-08 04:19:51.375618,11092,0
UChXOhG9bRDb3vSTg-qkPAZg,Gweilo-60,2019-03-08 04:18:50.948692,11092,0
UChXOhG9bRDb3vSTg-qkPAZg,Gweilo-60,2019-03-08 04:17:50.930977,11092,0
UChXOhG9bRDb3vSTg-qkPAZg,Gweilo-60,2019-03-08 04:16:51.800549,11092,0
UChXOhG9bRDb3vSTg-qkPAZg,Gweilo-60,2019-03-08 04:15:51.31573,11092,0
UChXOhG9bRDb3vSTg-qkPAZg,Gweilo-60,2019-03-08 04:14:50.85281,11092,0
UChXOhG9bRDb3vSTg-qkPAZg,Gweilo-60,2019-03-08 04:13:51.155366,11092,0
UChXOhG9bRDb3vSTg-qkPAZg,Gweilo-60,2019-03-08 04:12:50.652361,11092,0
UChXOhG9bRDb3vSTg-qkPAZg,Gweilo-60,2019-03-08 04:11:50.959567,11092,0
UChXOhG9bRDb3vSTg-qkPAZg,Gweilo-60,2019-03-08 04:10:52.419754,11092,0
UChXOhG9bRDb3vSTg-qkPAZg,Gweilo-60,2019-03-08 04:09:51.245244,11092,0
UChXOhG9bRDb3vSTg-qkPAZg,Gweilo-60,2019-03-08 04:08:50.840606,11092,0
UChXOhG9bRDb3vSTg-qkPAZg,Gweilo-60,2019-03-08 04:07:51.022295,11092,0
UChXOhG9bRDb3vSTg-qkPAZg,Gweilo-60,2019-03-08 04:06:51.085665,11092,0
UChXOhG9bRDb3vSTg-qkPAZg,Gweilo-60,2019-03-08 04:05:50.872904,11092,0
UChXOhG9bRDb3vSTg-qkPAZg,Gweilo-60,2019-03-08 04:04:51.962327,11092,0
UChXOhG9bRDb3vSTg-qkPAZg,Gweilo-60,2019-03-08 04:03:51.379248,11092,0
UChXOhG9bRDb3vSTg-qkPAZg,Gweilo-60,2019-03-08 04:02:51.258862,11092,0
UChXOhG9bRDb3vSTg-qkPAZg,Gweilo-60,2019-03-08 04:01:51.050258,11092,0
UChXOhG9bRDb3vSTg-qkPAZg,Gweilo-60,2019-03-08 04:00:51.306841,11092,0
UChXOhG9bRDb3vSTg-qkPAZg,Gweilo-60,2019-03-08 03:59:51.289468,11092,0
UChXOhG9bRDb3vSTg-qkPAZg,Gweilo-60,2019-03-08 03:58:51.027395,11092,0
UChXOhG9bRDb3vSTg-qkPAZg,Gweilo-60,2019-03-08 03:57:51.340655,11092,0
UChXOhG9bRDb3vSTg-qkPAZg,Gweilo-60,2019-03-08 03:56:51.361391,11092,0
UChXOhG9bRDb3vSTg-qkPAZg,Gweilo-60,2019-03-08 03:55:50.882375,11092,0
UChXOhG9bRDb3vSTg-qkPAZg,Gweilo-60,2019-03-08 03:54:51.055403,11092,0
UChXOhG9bRDb3vSTg-qkPAZg,Gweilo-60,2019-03-08 03:53:50.923955,11092,0
UChXOhG9bRDb3vSTg-qkPAZg,Gweilo-60,2019-03-08 03:52:51.184474,11092,0
UChXOhG9bRDb3vSTg-qkPAZg,Gweilo-60,2019-03-08 03:51:51.369382,11092,0
UChXOhG9bRDb3vSTg-qkPAZg,Gweilo-60,2019-03-08 03:50:50.973805,11092,0
UChXOhG9bRDb3vSTg-qkPAZg,Gweilo-60,2019-03-08 03:49:51.299047,11092,0
UChXOhG9bRDb3vSTg-qkPAZg,Gweilo-60,2019-03-08 03:48:51.364767,11092,0
UChXOhG9bRDb3vSTg-qkPAZg,Gweilo-60,2019-03-08 03:47:51.73432,11092,0
UChXOhG9bRDb3vSTg-qkPAZg,Gweilo-60,2019-03-08 03:46:51.646296,11092,0
UChXOhG9bRDb3vSTg-qkPAZg,Gweilo-60,2019-03-08 03:45:51.074419,11092,0
UChXOhG9bRDb3vSTg-qkPAZg,Gweilo-60,2019-03-08 03:44:51.295481,11092,0
UChXOhG9bRDb3vSTg-qkPAZg,Gweilo-60,2019-03-08 03:43:52.043464,11092,0
UChXOhG9bRDb3vSTg-qkPAZg,Gweilo-60,2019-03-08 03:42:51.483991,11092,0
UChXOhG9bRDb3vSTg-qkPAZg,Gweilo-60,2019-03-08 03:41:51.425151,11092,0
UChXOhG9bRDb3vSTg-qkPAZg,Gweilo-60,2019-03-08 03:40:51.319917,11092,0
UChXOhG9bRDb3vSTg-qkPAZg,Gweilo-60,2019-03-08 03:39:51.210478,11092,0
UChXOhG9bRDb3vSTg-qkPAZg,Gweilo-60,2019-03-08 03:38:51.32124,11092,0
UChXOhG9bRDb3vSTg-qkPAZg,Gweilo-60,2019-03-08 03:37:51.155886,11092,0
UChXOhG9bRDb3vSTg-qkPAZg,Gweilo-60,2019-03-08 03:36:50.957629,11092,0
UChXOhG9bRDb3vSTg-qkPAZg,Gweilo-60,2019-03-08 03:35:51.435785,11092,0
UChXOhG9bRDb3vSTg-qkPAZg,Gweilo-60,2019-03-08 03:34:50.80037,11092,0
UChXOhG9bRDb3vSTg-qkPAZg,Gweilo-60,2019-03-08 03:33:51.149898,11092,0
UChXOhG9bRDb3vSTg-qkPAZg,Gweilo-60,2019-03-08 03:32:51.037002,11092,0
UChXOhG9bRDb3vSTg-qkPAZg,Gweilo-60,2019-03-08 03:31:50.702723,11092,0
UChXOhG9bRDb3vSTg-qkPAZg,Gweilo-60,2019-03-08 03:30:50.929971,11092,0
UChXOhG9bRDb3vSTg-qkPAZg,Gweilo-60,2019-03-08 03:29:50.991149,11092,0
UChXOhG9bRDb3vSTg-qkPAZg,Gweilo-60,2019-03-08 03:28:51.036688,11092,0
UChXOhG9bRDb3vSTg-qkPAZg,Gweilo-60,2019-03-08 03:27:50.777247,11092,0
UChXOhG9bRDb3vSTg-qkPAZg,Gweilo-60,2019-03-08 03:26:50.981316,11092,0
UChXOhG9bRDb3vSTg-qkPAZg,Gweilo-60,2019-03-08 03:25:51.222712,11092,0
UChXOhG9bRDb3vSTg-qkPAZg,Gweilo-60,2019-03-08 03:24:50.626483,11092,0
UChXOhG9bRDb3vSTg-qkPAZg,Gweilo-60,2019-03-08 03:23:50.775938,11092,0
UChXOhG9bRDb3vSTg-qkPAZg,Gweilo-60,2019-03-08 03:22:51.129811,11092,0
UChXOhG9bRDb3vSTg-qkPAZg,Gweilo-60,2019-03-08 03:21:50.797025,11092,0
UChXOhG9bRDb3vSTg-qkPAZg,Gweilo-60,2019-03-08 03:20:51.035551,11092,0
UChXOhG9bRDb3vSTg-qkPAZg,Gweilo-60,2019-03-08 03:19:51.494449,11092,0
UChXOhG9bRDb3vSTg-qkPAZg,Gweilo-60,2019-03-08 03:18:51.130424,11092,0
UChXOhG9bRDb3vSTg-qkPAZg,Gweilo-60,2019-03-08 03:17:53.291338,11092,0
UChXOhG9bRDb3vSTg-qkPAZg,Gweilo-60,2019-03-08 03:16:50.907541,11092,0
UChXOhG9bRDb3vSTg-qkPAZg,Gweilo-60,2019-03-08 03:15:50.950494,11092,0
UChXOhG9bRDb3vSTg-qkPAZg,Gweilo-60,2019-03-08 03:14:50.803944,11092,0
UChXOhG9bRDb3vSTg-qkPAZg,Gweilo-60,2019-03-08 03:13:50.73793,11092,0
UChXOhG9bRDb3vSTg-qkPAZg,Gweilo-60,2019-03-08 03:12:51.368044,11092,0
UChXOhG9bRDb3vSTg-qkPAZg,Gweilo-60,2019-03-08 03:11:50.398835,11092,0
UChXOhG9bRDb3vSTg-qkPAZg,Gweilo-60,2019-03-08 03:10:51.250738,11092,0
UChXOhG9bRDb3vSTg-qkPAZg,Gweilo-60,2019-03-08 03:09:51.059344,11092,0
UChXOhG9bRDb3vSTg-qkPAZg,Gweilo-60,2019-03-08 03:08:51.332011,11092,0
UChXOhG9bRDb3vSTg-qkPAZg,Gweilo-60,2019-03-08 03:07:51.473814,11092,0
UChXOhG9bRDb3vSTg-qkPAZg,Gweilo-60,2019-03-08 03:06:51.17553,11092,0
UChXOhG9bRDb3vSTg-qkPAZg,Gweilo-60,2019-03-08 03:05:51.190759,11092,0
UChXOhG9bRDb3vSTg-qkPAZg,Gweilo-60,2019-03-08 03:04:51.823554,11092,0
UChXOhG9bRDb3vSTg-qkPAZg,Gweilo-60,2019-03-08 03:03:51.5922,11092,0
UChXOhG9bRDb3vSTg-qkPAZg,Gweilo-60,2019-03-08 03:02:51.026627,11092,0
UChXOhG9bRDb3vSTg-qkPAZg,Gweilo-60,2019-03-08 03:01:50.873045,11092,0
UChXOhG9bRDb3vSTg-qkPAZg,Gweilo-60,2019-03-08 03:00:50.89508,11092,0
UChXOhG9bRDb3vSTg-qkPAZg,Gweilo-60,2019-03-08 02:59:51.251421,11092,0
UChXOhG9bRDb3vSTg-qkPAZg,Gweilo-60,2019-03-08 02:58:51.497488,11092,0
UChXOhG9bRDb3vSTg-qkPAZg,Gweilo-60,2019-03-08 02:57:51.337114,11092,0
UChXOhG9bRDb3vSTg-qkPAZg,Gweilo-60,2019-03-08 02:56:50.998799,11092,0
UChXOhG9bRDb3vSTg-qkPAZg,Gweilo-60,2019-03-08 02:55:51.149798,11092,0
UChXOhG9bRDb3vSTg-qkPAZg,Gweilo-60,2019-03-08 02:54:51.101915,11092,0
UChXOhG9bRDb3vSTg-qkPAZg,Gweilo-60,2019-03-08 02:53:51.588762,11092,0
UChXOhG9bRDb3vSTg-qkPAZg,Gweilo-60,2019-03-08 02:52:51.214847,11092,0
UChXOhG9bRDb3vSTg-qkPAZg,Gweilo-60,2019-03-08 02:51:51.272438,11092,0
UChXOhG9bRDb3vSTg-qkPAZg,Gweilo-60,2019-03-08 02:50:51.0727,11092,0
UChXOhG9bRDb3vSTg-qkPAZg,Gweilo-60,2019-03-08 02:49:51.05844,11092,0
UChXOhG9bRDb3vSTg-qkPAZg,Gweilo-60,2019-03-08 02:48:51.511745,11092,0
UChXOhG9bRDb3vSTg-qkPAZg,Gweilo-60,2019-03-08 02:47:51.098079,11092,0
UChXOhG9bRDb3vSTg-qkPAZg,Gweilo-60,2019-03-08 02:46:50.852766,11092,0
UChXOhG9bRDb3vSTg-qkPAZg,Gweilo-60,2019-03-08 02:45:51.231104,11092,0
UChXOhG9bRDb3vSTg-qkPAZg,Gweilo-60,2019-03-08 02:44:51.43643,11092,0
UChXOhG9bRDb3vSTg-qkPAZg,Gweilo-60,2019-03-08 02:43:51.506126,11092,0
UChXOhG9bRDb3vSTg-qkPAZg,Gweilo-60,2019-03-08 02:42:51.171869,11092,0
UChXOhG9bRDb3vSTg-qkPAZg,Gweilo-60,2019-03-08 02:41:51.408331,11092,0
UChXOhG9bRDb3vSTg-qkPAZg,Gweilo-60,2019-03-08 02:40:51.129578,11092,0
UChXOhG9bRDb3vSTg-qkPAZg,Gweilo-60,2019-03-08 02:39:50.954793,11092,0
UChXOhG9bRDb3vSTg-qkPAZg,Gweilo-60,2019-03-08 02:38:51.510615,11092,0
UChXOhG9bRDb3vSTg-qkPAZg,Gweilo-60,2019-03-08 02:37:50.874552,11092,0
UChXOhG9bRDb3vSTg-qkPAZg,Gweilo-60,2019-03-08 02:36:51.261852,11092,0
UChXOhG9bRDb3vSTg-qkPAZg,Gweilo-60,2019-03-08 02:35:51.190174,11092,0
UChXOhG9bRDb3vSTg-qkPAZg,Gweilo-60,2019-03-08 02:34:51.432333,11092,0
UChXOhG9bRDb3vSTg-qkPAZg,Gweilo-60,2019-03-08 02:33:51.551832,11092,-1
UChXOhG9bRDb3vSTg-qkPAZg,Gweilo-60,2019-03-08 02:32:51.189723,11093,0
UChXOhG9bRDb3vSTg-qkPAZg,Gweilo-60,2019-03-08 02:31:51.018076,11093,0
UChXOhG9bRDb3vSTg-qkPAZg,Gweilo-60,2019-03-08 02:30:51.555451,11093,0
UChXOhG9bRDb3vSTg-qkPAZg,Gweilo-60,2019-03-08 02:29:51.058232,11093,0
UChXOhG9bRDb3vSTg-qkPAZg,Gweilo-60,2019-03-08 02:28:50.371767,11093,0
UChXOhG9bRDb3vSTg-qkPAZg,Gweilo-60,2019-03-08 02:27:50.812021,11093,0
UChXOhG9bRDb3vSTg-qkPAZg,Gweilo-60,2019-03-08 02:26:51.529193,11093,0
UChXOhG9bRDb3vSTg-qkPAZg,Gweilo-60,2019-03-08 02:25:51.446641,11093,0
UChXOhG9bRDb3vSTg-qkPAZg,Gweilo-60,2019-03-08 02:24:50.741825,11093,0
UChXOhG9bRDb3vSTg-qkPAZg,Gweilo-60,2019-03-08 02:23:52.228573,11093,0
UChXOhG9bRDb3vSTg-qkPAZg,Gweilo-60,2019-03-08 02:22:51.023915,11093,0
UChXOhG9bRDb3vSTg-qkPAZg,Gweilo-60,2019-03-08 02:21:50.995778,11093,0
UChXOhG9bRDb3vSTg-qkPAZg,Gweilo-60,2019-03-08 02:20:51.394248,11093,0
UChXOhG9bRDb3vSTg-qkPAZg,Gweilo-60,2019-03-08 02:19:50.903343,11093,0
UChXOhG9bRDb3vSTg-qkPAZg,Gweilo-60,2019-03-08 02:18:51.606447,11093,0
UChXOhG9bRDb3vSTg-qkPAZg,Gweilo-60,2019-03-08 02:17:51.310792,11093,0
UChXOhG9bRDb3vSTg-qkPAZg,Gweilo-60,2019-03-08 02:16:51.122977,11093,0
UChXOhG9bRDb3vSTg-qkPAZg,Gweilo-60,2019-03-08 02:15:51.132045,11093,0
UChXOhG9bRDb3vSTg-qkPAZg,Gweilo-60,2019-03-08 02:14:51.367816,11093,0
UChXOhG9bRDb3vSTg-qkPAZg,Gweilo-60,2019-03-08 02:13:51.21832,11093,0
UChXOhG9bRDb3vSTg-qkPAZg,Gweilo-60,2019-03-08 02:12:51.09379,11093,0
UChXOhG9bRDb3vSTg-qkPAZg,Gweilo-60,2019-03-08 02:11:50.969992,11093,0
UChXOhG9bRDb3vSTg-qkPAZg,Gweilo-60,2019-03-08 02:10:51.301334,11093,0
UChXOhG9bRDb3vSTg-qkPAZg,Gweilo-60,2019-03-08 02:09:52.74811,11093,0
UChXOhG9bRDb3vSTg-qkPAZg,Gweilo-60,2019-03-08 02:08:50.813854,11093,0
UChXOhG9bRDb3vSTg-qkPAZg,Gweilo-60,2019-03-08 02:07:51.332462,11093,0
UChXOhG9bRDb3vSTg-qkPAZg,Gweilo-60,2019-03-08 02:06:51.431453,11093,0
UChXOhG9bRDb3vSTg-qkPAZg,Gweilo-60,2019-03-08 02:05:51.617487,11093,0
UChXOhG9bRDb3vSTg-qkPAZg,Gweilo-60,2019-03-08 02:04:51.274179,11093,0
UChXOhG9bRDb3vSTg-qkPAZg,Gweilo-60,2019-03-08 02:03:51.599646,11093,0
UChXOhG9bRDb3vSTg-qkPAZg,Gweilo-60,2019-03-08 02:02:51.246032,11093,0
UChXOhG9bRDb3vSTg-qkPAZg,Gweilo-60,2019-03-08 02:01:50.914735,11093,0
UChXOhG9bRDb3vSTg-qkPAZg,Gweilo-60,2019-03-08 02:00:51.630964,11093,0
UChXOhG9bRDb3vSTg-qkPAZg,Gweilo-60,2019-03-08 01:59:51.67608,11093,0
UChXOhG9bRDb3vSTg-qkPAZg,Gweilo-60,2019-03-08 01:58:51.206293,11093,0
UChXOhG9bRDb3vSTg-qkPAZg,Gweilo-60,2019-03-08 01:57:51.095937,11093,0
UChXOhG9bRDb3vSTg-qkPAZg,Gweilo-60,2019-03-08 01:56:51.251798,11093,0
UChXOhG9bRDb3vSTg-qkPAZg,Gweilo-60,2019-03-08 01:55:50.781412,11093,0
UChXOhG9bRDb3vSTg-qkPAZg,Gweilo-60,2019-03-08 01:54:51.644014,11093,0
UChXOhG9bRDb3vSTg-qkPAZg,Gweilo-60,2019-03-08 01:53:50.726155,11093,0
UChXOhG9bRDb3vSTg-qkPAZg,Gweilo-60,2019-03-08 01:52:51.164737,11093,0
UChXOhG9bRDb3vSTg-qkPAZg,Gweilo-60,2019-03-08 01:51:50.905405,11093,0
UChXOhG9bRDb3vSTg-qkPAZg,Gweilo-60,2019-03-08 01:50:50.993114,11093,0
UChXOhG9bRDb3vSTg-qkPAZg,Gweilo-60,2019-03-08 01:49:50.985189,11093,0
UChXOhG9bRDb3vSTg-qkPAZg,Gweilo-60,2019-03-08 01:48:51.782261,11093,0
UChXOhG9bRDb3vSTg-qkPAZg,Gweilo-60,2019-03-08 01:47:51.045912,11093,0
UChXOhG9bRDb3vSTg-qkPAZg,Gweilo-60,2019-03-08 01:46:50.969044,11093,0
UChXOhG9bRDb3vSTg-qkPAZg,Gweilo-60,2019-03-08 01:45:51.290222,11093,0
UChXOhG9bRDb3vSTg-qkPAZg,Gweilo-60,2019-03-08 01:44:51.087105,11093,0
UChXOhG9bRDb3vSTg-qkPAZg,Gweilo-60,2019-03-08 01:43:50.739546,11093,0
UChXOhG9bRDb3vSTg-qkPAZg,Gweilo-60,2019-03-08 01:42:52.108069,11093,0
UChXOhG9bRDb3vSTg-qkPAZg,Gweilo-60,2019-03-08 01:41:51.443457,11093,0
UChXOhG9bRDb3vSTg-qkPAZg,Gweilo-60,2019-03-08 01:40:50.866559,11093,0
UChXOhG9bRDb3vSTg-qkPAZg,Gweilo-60,2019-03-08 01:39:51.046984,11093,0
UChXOhG9bRDb3vSTg-qkPAZg,Gweilo-60,2019-03-08 01:38:51.452334,11093,0
UChXOhG9bRDb3vSTg-qkPAZg,Gweilo-60,2019-03-08 01:37:51.400543,11093,0
UChXOhG9bRDb3vSTg-qkPAZg,Gweilo-60,2019-03-08 01:36:51.577186,11093,0
UChXOhG9bRDb3vSTg-qkPAZg,Gweilo-60,2019-03-08 01:35:51.009139,11093,0
UChXOhG9bRDb3vSTg-qkPAZg,Gweilo-60,2019-03-08 01:34:51.495027,11093,0
UChXOhG9bRDb3vSTg-qkPAZg,Gweilo-60,2019-03-08 01:33:51.813087,11093,0
UChXOhG9bRDb3vSTg-qkPAZg,Gweilo-60,2019-03-08 01:32:51.239453,11093,0
UChXOhG9bRDb3vSTg-qkPAZg,Gweilo-60,2019-03-08 01:31:50.616338,11093,0
UChXOhG9bRDb3vSTg-qkPAZg,Gweilo-60,2019-03-08 01:30:51.35499,11093,0
UChXOhG9bRDb3vSTg-qkPAZg,Gweilo-60,2019-03-08 01:29:51.24549,11093,0
UChXOhG9bRDb3vSTg-qkPAZg,Gweilo-60,2019-03-08 01:28:50.769751,11093,0
UChXOhG9bRDb3vSTg-qkPAZg,Gweilo-60,2019-03-08 01:27:51.065494,11093,0
UChXOhG9bRDb3vSTg-qkPAZg,Gweilo-60,2019-03-08 01:26:50.837798,11093,0
UChXOhG9bRDb3vSTg-qkPAZg,Gweilo-60,2019-03-08 01:25:51.103121,11093,0
UChXOhG9bRDb3vSTg-qkPAZg,Gweilo-60,2019-03-08 01:24:50.83315,11093,0
UChXOhG9bRDb3vSTg-qkPAZg,Gweilo-60,2019-03-08 01:23:51.084787,11093,0
UChXOhG9bRDb3vSTg-qkPAZg,Gweilo-60,2019-03-08 01:22:51.298875,11093,0
UChXOhG9bRDb3vSTg-qkPAZg,Gweilo-60,2019-03-08 01:21:50.844312,11093,0
UChXOhG9bRDb3vSTg-qkPAZg,Gweilo-60,2019-03-08 01:20:50.860673,11093,0
UChXOhG9bRDb3vSTg-qkPAZg,Gweilo-60,2019-03-08 01:19:51.156278,11093,0
UChXOhG9bRDb3vSTg-qkPAZg,Gweilo-60,2019-03-08 01:18:51.04652,11093,0
UChXOhG9bRDb3vSTg-qkPAZg,Gweilo-60,2019-03-08 01:17:50.803084,11093,0
UChXOhG9bRDb3vSTg-qkPAZg,Gweilo-60,2019-03-08 01:16:50.781473,11093,0
UChXOhG9bRDb3vSTg-qkPAZg,Gweilo-60,2019-03-08 01:15:50.948783,11093,0
UChXOhG9bRDb3vSTg-qkPAZg,Gweilo-60,2019-03-08 01:14:50.942349,11093,0
UChXOhG9bRDb3vSTg-qkPAZg,Gweilo-60,2019-03-08 01:13:51.22943,11093,0
UChXOhG9bRDb3vSTg-qkPAZg,Gweilo-60,2019-03-08 01:12:51.011008,11093,0
UChXOhG9bRDb3vSTg-qkPAZg,Gweilo-60,2019-03-08 01:11:50.928733,11093,0
UChXOhG9bRDb3vSTg-qkPAZg,Gweilo-60,2019-03-08 01:10:51.013276,11093,0
UChXOhG9bRDb3vSTg-qkPAZg,Gweilo-60,2019-03-08 01:09:50.521774,11093,0
UChXOhG9bRDb3vSTg-qkPAZg,Gweilo-60,2019-03-08 01:08:51.35594,11093,0
UChXOhG9bRDb3vSTg-qkPAZg,Gweilo-60,2019-03-08 01:07:52.001858,11093,0
UChXOhG9bRDb3vSTg-qkPAZg,Gweilo-60,2019-03-08 01:06:51.147077,11093,0
UChXOhG9bRDb3vSTg-qkPAZg,Gweilo-60,2019-03-08 01:05:51.43077,11093,0
UChXOhG9bRDb3vSTg-qkPAZg,Gweilo-60,2019-03-08 01:04:50.876698,11093,0
UChXOhG9bRDb3vSTg-qkPAZg,Gweilo-60,2019-03-08 01:03:51.161374,11093,0
UChXOhG9bRDb3vSTg-qkPAZg,Gweilo-60,2019-03-08 01:02:51.107851,11093,0
UChXOhG9bRDb3vSTg-qkPAZg,Gweilo-60,2019-03-08 01:01:51.043299,11093,0
UChXOhG9bRDb3vSTg-qkPAZg,Gweilo-60,2019-03-08 01:00:51.056632,11093,0
UChXOhG9bRDb3vSTg-qkPAZg,Gweilo-60,2019-03-08 00:59:50.995161,11093,0
UChXOhG9bRDb3vSTg-qkPAZg,Gweilo-60,2019-03-08 00:58:51.104743,11093,0
UChXOhG9bRDb3vSTg-qkPAZg,Gweilo-60,2019-03-08 00:57:51.096632,11093,0
UChXOhG9bRDb3vSTg-qkPAZg,Gweilo-60,2019-03-08 00:56:50.753459,11093,0
UChXOhG9bRDb3vSTg-qkPAZg,Gweilo-60,2019-03-08 00:55:51.116318,11093,0
UChXOhG9bRDb3vSTg-qkPAZg,Gweilo-60,2019-03-08 00:54:50.767185,11093,0
UChXOhG9bRDb3vSTg-qkPAZg,Gweilo-60,2019-03-08 00:53:51.096977,11093,0
UChXOhG9bRDb3vSTg-qkPAZg,Gweilo-60,2019-03-08 00:52:51.133486,11093,0
UChXOhG9bRDb3vSTg-qkPAZg,Gweilo-60,2019-03-08 00:51:51.354046,11093,0
UChXOhG9bRDb3vSTg-qkPAZg,Gweilo-60,2019-03-08 00:50:51.61777,11093,0
UChXOhG9bRDb3vSTg-qkPAZg,Gweilo-60,2019-03-08 00:49:50.828165,11093,0
UChXOhG9bRDb3vSTg-qkPAZg,Gweilo-60,2019-03-08 00:48:51.082498,11093,0
UChXOhG9bRDb3vSTg-qkPAZg,Gweilo-60,2019-03-08 00:47:51.582901,11093,0
UChXOhG9bRDb3vSTg-qkPAZg,Gweilo-60,2019-03-08 00:46:51.488431,11093,0
UChXOhG9bRDb3vSTg-qkPAZg,Gweilo-60,2019-03-08 00:45:51.396079,11093,0
UChXOhG9bRDb3vSTg-qkPAZg,Gweilo-60,2019-03-08 00:44:51.585391,11093,0
UChXOhG9bRDb3vSTg-qkPAZg,Gweilo-60,2019-03-08 00:43:51.176191,11093,0
UChXOhG9bRDb3vSTg-qkPAZg,Gweilo-60,2019-03-08 00:42:51.03391,11093,0
UChXOhG9bRDb3vSTg-qkPAZg,Gweilo-60,2019-03-08 00:41:50.856706,11093,0
UChXOhG9bRDb3vSTg-qkPAZg,Gweilo-60,2019-03-08 00:40:50.753454,11093,0
UChXOhG9bRDb3vSTg-qkPAZg,Gweilo-60,2019-03-08 00:39:51.240587,11093,0
UChXOhG9bRDb3vSTg-qkPAZg,Gweilo-60,2019-03-08 00:38:51.102934,11093,0
UChXOhG9bRDb3vSTg-qkPAZg,Gweilo-60,2019-03-08 00:37:51.141354,11093,0
UChXOhG9bRDb3vSTg-qkPAZg,Gweilo-60,2019-03-08 00:36:51.433129,11093,0
UChXOhG9bRDb3vSTg-qkPAZg,Gweilo-60,2019-03-08 00:35:50.583526,11093,0
UChXOhG9bRDb3vSTg-qkPAZg,Gweilo-60,2019-03-08 00:34:50.733748,11093,0
UChXOhG9bRDb3vSTg-qkPAZg,Gweilo-60,2019-03-08 00:33:51.340567,11093,0
UChXOhG9bRDb3vSTg-qkPAZg,Gweilo-60,2019-03-08 00:32:51.414076,11093,0
UChXOhG9bRDb3vSTg-qkPAZg,Gweilo-60,2019-03-08 00:31:51.080578,11093,0
UChXOhG9bRDb3vSTg-qkPAZg,Gweilo-60,2019-03-08 00:30:50.888429,11093,0
UChXOhG9bRDb3vSTg-qkPAZg,Gweilo-60,2019-03-08 00:29:50.423723,11093,0
UChXOhG9bRDb3vSTg-qkPAZg,Gweilo-60,2019-03-08 00:28:50.836685,11093,0
UChXOhG9bRDb3vSTg-qkPAZg,Gweilo-60,2019-03-08 00:27:51.402322,11093,0
UChXOhG9bRDb3vSTg-qkPAZg,Gweilo-60,2019-03-08 00:26:50.786777,11093,0
UChXOhG9bRDb3vSTg-qkPAZg,Gweilo-60,2019-03-08 00:25:50.737301,11093,0
UChXOhG9bRDb3vSTg-qkPAZg,Gweilo-60,2019-03-08 00:24:51.311729,11093,0
UChXOhG9bRDb3vSTg-qkPAZg,Gweilo-60,2019-03-08 00:23:51.147794,11093,0
UChXOhG9bRDb3vSTg-qkPAZg,Gweilo-60,2019-03-08 00:22:50.823016,11093,0
UChXOhG9bRDb3vSTg-qkPAZg,Gweilo-60,2019-03-08 00:21:51.120713,11093,0
UChXOhG9bRDb3vSTg-qkPAZg,Gweilo-60,2019-03-08 00:20:51.086792,11093,0
UChXOhG9bRDb3vSTg-qkPAZg,Gweilo-60,2019-03-08 00:19:50.843771,11093,0
UChXOhG9bRDb3vSTg-qkPAZg,Gweilo-60,2019-03-08 00:18:50.655749,11093,0
UChXOhG9bRDb3vSTg-qkPAZg,Gweilo-60,2019-03-08 00:17:51.374551,11093,0
UChXOhG9bRDb3vSTg-qkPAZg,Gweilo-60,2019-03-08 00:16:51.234051,11093,0
UChXOhG9bRDb3vSTg-qkPAZg,Gweilo-60,2019-03-08 00:15:51.088222,11093,0
UChXOhG9bRDb3vSTg-qkPAZg,Gweilo-60,2019-03-08 00:14:51.552208,11093,0
UChXOhG9bRDb3vSTg-qkPAZg,Gweilo-60,2019-03-08 00:13:50.93604,11093,0
UChXOhG9bRDb3vSTg-qkPAZg,Gweilo-60,2019-03-08 00:12:50.782317,11093,0
UChXOhG9bRDb3vSTg-qkPAZg,Gweilo-60,2019-03-08 00:11:51.310486,11093,0
UChXOhG9bRDb3vSTg-qkPAZg,Gweilo-60,2019-03-08 00:10:51.127147,11093,0
UChXOhG9bRDb3vSTg-qkPAZg,Gweilo-60,2019-03-08 00:09:51.422128,11093,0
UChXOhG9bRDb3vSTg-qkPAZg,Gweilo-60,2019-03-08 00:08:50.844795,11093,0
UChXOhG9bRDb3vSTg-qkPAZg,Gweilo-60,2019-03-08 00:07:50.523276,11093,0
UChXOhG9bRDb3vSTg-qkPAZg,Gweilo-60,2019-03-08 00:06:51.07048,11093,0
UChXOhG9bRDb3vSTg-qkPAZg,Gweilo-60,2019-03-08 00:05:50.717467,11093,0
UChXOhG9bRDb3vSTg-qkPAZg,Gweilo-60,2019-03-08 00:04:51.109743,11093,0
UChXOhG9bRDb3vSTg-qkPAZg,Gweilo-60,2019-03-08 00:03:51.595542,11093,0
UChXOhG9bRDb3vSTg-qkPAZg,Gweilo-60,2019-03-08 00:02:50.780248,11093,0
UChXOhG9bRDb3vSTg-qkPAZg,Gweilo-60,2019-03-08 00:01:51.061602,11093,0
UChXOhG9bRDb3vSTg-qkPAZg,Gweilo-60,2019-03-08 00:00:51.192603,11093,0
UChXOhG9bRDb3vSTg-qkPAZg,Gweilo-60,2019-03-07 23:59:51.044519,11093,0
UChXOhG9bRDb3vSTg-qkPAZg,Gweilo-60,2019-03-07 23:58:50.985593,11093,0
UChXOhG9bRDb3vSTg-qkPAZg,Gweilo-60,2019-03-07 23:57:50.928785,11093,0
UChXOhG9bRDb3vSTg-qkPAZg,Gweilo-60,2019-03-07 23:56:51.131684,11093,0
UChXOhG9bRDb3vSTg-qkPAZg,Gweilo-60,2019-03-07 23:55:50.734069,11093,0
UChXOhG9bRDb3vSTg-qkPAZg,Gweilo-60,2019-03-07 23:54:50.944539,11093,0
UChXOhG9bRDb3vSTg-qkPAZg,Gweilo-60,2019-03-07 23:53:50.877595,11093,0
UChXOhG9bRDb3vSTg-qkPAZg,Gweilo-60,2019-03-07 23:52:51.15091,11093,0
UChXOhG9bRDb3vSTg-qkPAZg,Gweilo-60,2019-03-07 23:51:51.072128,11093,0
UChXOhG9bRDb3vSTg-qkPAZg,Gweilo-60,2019-03-07 23:50:50.863808,11093,0
UChXOhG9bRDb3vSTg-qkPAZg,Gweilo-60,2019-03-07 23:49:50.689429,11093,0
UChXOhG9bRDb3vSTg-qkPAZg,Gweilo-60,2019-03-07 23:48:50.77887,11093,0
UChXOhG9bRDb3vSTg-qkPAZg,Gweilo-60,2019-03-07 23:47:51.04805,11093,0
UChXOhG9bRDb3vSTg-qkPAZg,Gweilo-60,2019-03-07 23:46:50.48224,11093,0
UChXOhG9bRDb3vSTg-qkPAZg,Gweilo-60,2019-03-07 23:45:51.239833,11093,0
UChXOhG9bRDb3vSTg-qkPAZg,Gweilo-60,2019-03-07 23:44:51.601769,11093,0
UChXOhG9bRDb3vSTg-qkPAZg,Gweilo-60,2019-03-07 23:43:50.959595,11093,0
UChXOhG9bRDb3vSTg-qkPAZg,Gweilo-60,2019-03-07 23:42:50.55822,11093,0
UChXOhG9bRDb3vSTg-qkPAZg,Gweilo-60,2019-03-07 23:41:50.782515,11093,0
UChXOhG9bRDb3vSTg-qkPAZg,Gweilo-60,2019-03-07 23:40:50.746098,11093,0
UChXOhG9bRDb3vSTg-qkPAZg,Gweilo-60,2019-03-07 23:39:50.845594,11093,0
UChXOhG9bRDb3vSTg-qkPAZg,Gweilo-60,2019-03-07 23:38:51.095323,11093,0
UChXOhG9bRDb3vSTg-qkPAZg,Gweilo-60,2019-03-07 23:37:50.730072,11093,0
UChXOhG9bRDb3vSTg-qkPAZg,Gweilo-60,2019-03-07 23:36:50.935655,11093,0
UChXOhG9bRDb3vSTg-qkPAZg,Gweilo-60,2019-03-07 23:35:50.553476,11093,0
UChXOhG9bRDb3vSTg-qkPAZg,Gweilo-60,2019-03-07 23:34:50.67121,11093,0
UChXOhG9bRDb3vSTg-qkPAZg,Gweilo-60,2019-03-07 23:33:51.424479,11093,0
UChXOhG9bRDb3vSTg-qkPAZg,Gweilo-60,2019-03-07 23:32:50.637712,11093,0
UChXOhG9bRDb3vSTg-qkPAZg,Gweilo-60,2019-03-07 23:31:51.175605,11093,0
UChXOhG9bRDb3vSTg-qkPAZg,Gweilo-60,2019-03-07 23:30:50.812836,11093,0
UChXOhG9bRDb3vSTg-qkPAZg,Gweilo-60,2019-03-07 23:29:51.24233,11093,0
UChXOhG9bRDb3vSTg-qkPAZg,Gweilo-60,2019-03-07 23:28:51.89561,11093,0
UChXOhG9bRDb3vSTg-qkPAZg,Gweilo-60,2019-03-07 23:27:50.926571,11093,0
UChXOhG9bRDb3vSTg-qkPAZg,Gweilo-60,2019-03-07 23:26:51.515495,11093,0
UChXOhG9bRDb3vSTg-qkPAZg,Gweilo-60,2019-03-07 23:25:50.715397,11093,0
UChXOhG9bRDb3vSTg-qkPAZg,Gweilo-60,2019-03-07 23:24:50.622169,11093,0
UChXOhG9bRDb3vSTg-qkPAZg,Gweilo-60,2019-03-07 23:23:51.162004,11093,0
UChXOhG9bRDb3vSTg-qkPAZg,Gweilo-60,2019-03-07 23:22:50.902593,11093,0
UChXOhG9bRDb3vSTg-qkPAZg,Gweilo-60,2019-03-07 23:21:50.597286,11093,0
UChXOhG9bRDb3vSTg-qkPAZg,Gweilo-60,2019-03-07 23:20:50.806073,11093,0
UChXOhG9bRDb3vSTg-qkPAZg,Gweilo-60,2019-03-07 23:19:51.413034,11093,0
UChXOhG9bRDb3vSTg-qkPAZg,Gweilo-60,2019-03-07 23:18:50.60637,11093,0
UChXOhG9bRDb3vSTg-qkPAZg,Gweilo-60,2019-03-07 23:17:50.850648,11093,0
UChXOhG9bRDb3vSTg-qkPAZg,Gweilo-60,2019-03-07 23:16:50.770147,11093,0
UChXOhG9bRDb3vSTg-qkPAZg,Gweilo-60,2019-03-07 23:15:51.334663,11093,0
UChXOhG9bRDb3vSTg-qkPAZg,Gweilo-60,2019-03-07 23:14:50.657257,11093,0
UChXOhG9bRDb3vSTg-qkPAZg,Gweilo-60,2019-03-07 23:13:51.348459,11093,0
UChXOhG9bRDb3vSTg-qkPAZg,Gweilo-60,2019-03-07 23:12:50.716516,11093,0
UChXOhG9bRDb3vSTg-qkPAZg,Gweilo-60,2019-03-07 23:11:50.708769,11093,0
UChXOhG9bRDb3vSTg-qkPAZg,Gweilo-60,2019-03-07 23:10:50.652534,11093,0
UChXOhG9bRDb3vSTg-qkPAZg,Gweilo-60,2019-03-07 23:09:50.859979,11093,0
UChXOhG9bRDb3vSTg-qkPAZg,Gweilo-60,2019-03-07 23:08:50.578796,11093,0
UChXOhG9bRDb3vSTg-qkPAZg,Gweilo-60,2019-03-07 23:07:51.130585,11093,0
UChXOhG9bRDb3vSTg-qkPAZg,Gweilo-60,2019-03-07 23:06:51.407029,11093,0
UChXOhG9bRDb3vSTg-qkPAZg,Gweilo-60,2019-03-07 23:05:50.695002,11093,0
UChXOhG9bRDb3vSTg-qkPAZg,Gweilo-60,2019-03-07 23:04:51.035425,11093,0
UChXOhG9bRDb3vSTg-qkPAZg,Gweilo-60,2019-03-07 23:03:51.640336,11093,0
UChXOhG9bRDb3vSTg-qkPAZg,Gweilo-60,2019-03-07 23:02:52.083513,11093,0
UChXOhG9bRDb3vSTg-qkPAZg,Gweilo-60,2019-03-07 23:01:51.880798,11093,0
UChXOhG9bRDb3vSTg-qkPAZg,Gweilo-60,2019-03-07 23:00:52.620227,11093,0
UChXOhG9bRDb3vSTg-qkPAZg,Gweilo-60,2019-03-07 22:59:52.013238,11093,0
UChXOhG9bRDb3vSTg-qkPAZg,Gweilo-60,2019-03-07 22:58:52.120299,11093,0
UChXOhG9bRDb3vSTg-qkPAZg,Gweilo-60,2019-03-07 22:57:52.418349,11093,0
UChXOhG9bRDb3vSTg-qkPAZg,Gweilo-60,2019-03-07 22:56:52.529663,11093,0
UChXOhG9bRDb3vSTg-qkPAZg,Gweilo-60,2019-03-07 22:55:53.180261,11093,0
UChXOhG9bRDb3vSTg-qkPAZg,Gweilo-60,2019-03-07 22:54:52.291124,11093,0
UChXOhG9bRDb3vSTg-qkPAZg,Gweilo-60,2019-03-07 22:53:52.421371,11093,0
UChXOhG9bRDb3vSTg-qkPAZg,Gweilo-60,2019-03-07 22:52:51.797927,11093,0
UChXOhG9bRDb3vSTg-qkPAZg,Gweilo-60,2019-03-07 22:51:52.406074,11093,0
UChXOhG9bRDb3vSTg-qkPAZg,Gweilo-60,2019-03-07 22:50:51.774947,11093,0
UChXOhG9bRDb3vSTg-qkPAZg,Gweilo-60,2019-03-07 22:49:52.096246,11093,0
UChXOhG9bRDb3vSTg-qkPAZg,Gweilo-60,2019-03-07 22:48:51.522679,11093,0
UChXOhG9bRDb3vSTg-qkPAZg,Gweilo-60,2019-03-07 22:47:51.87,11093,0
UChXOhG9bRDb3vSTg-qkPAZg,Gweilo-60,2019-03-07 22:46:52.35928,11093,0
UChXOhG9bRDb3vSTg-qkPAZg,Gweilo-60,2019-03-07 22:45:52.276991,11093,0
UChXOhG9bRDb3vSTg-qkPAZg,Gweilo-60,2019-03-07 22:44:51.724487,11093,0
UChXOhG9bRDb3vSTg-qkPAZg,Gweilo-60,2019-03-07 22:43:52.54478,11093,0
UChXOhG9bRDb3vSTg-qkPAZg,Gweilo-60,2019-03-07 22:42:52.179834,11093,0
UChXOhG9bRDb3vSTg-qkPAZg,Gweilo-60,2019-03-07 22:41:52.386424,11093,0
UChXOhG9bRDb3vSTg-qkPAZg,Gweilo-60,2019-03-07 22:40:52.488112,11093,0
UChXOhG9bRDb3vSTg-qkPAZg,Gweilo-60,2019-03-07 22:39:52.457363,11093,0
UChXOhG9bRDb3vSTg-qkPAZg,Gweilo-60,2019-03-07 22:38:51.494044,11093,0
UChXOhG9bRDb3vSTg-qkPAZg,Gweilo-60,2019-03-07 22:37:51.541964,11093,0
UChXOhG9bRDb3vSTg-qkPAZg,Gweilo-60,2019-03-07 22:36:52.550909,11093,0
UChXOhG9bRDb3vSTg-qkPAZg,Gweilo-60,2019-03-07 22:35:52.500025,11093,0
UChXOhG9bRDb3vSTg-qkPAZg,Gweilo-60,2019-03-07 22:34:52.418831,11093,0
UChXOhG9bRDb3vSTg-qkPAZg,Gweilo-60,2019-03-07 22:33:54.161193,11093,0
UChXOhG9bRDb3vSTg-qkPAZg,Gweilo-60,2019-03-07 22:32:52.427593,11093,0
UChXOhG9bRDb3vSTg-qkPAZg,Gweilo-60,2019-03-07 22:31:51.804331,11093,0
UChXOhG9bRDb3vSTg-qkPAZg,Gweilo-60,2019-03-07 22:30:51.634478,11093,0
UChXOhG9bRDb3vSTg-qkPAZg,Gweilo-60,2019-03-07 22:29:52.381474,11093,0
UChXOhG9bRDb3vSTg-qkPAZg,Gweilo-60,2019-03-07 22:28:52.233583,11093,0
UChXOhG9bRDb3vSTg-qkPAZg,Gweilo-60,2019-03-07 22:27:52.463657,11093,0
UChXOhG9bRDb3vSTg-qkPAZg,Gweilo-60,2019-03-07 22:26:51.998615,11093,0
UChXOhG9bRDb3vSTg-qkPAZg,Gweilo-60,2019-03-07 22:25:52.05248,11093,0
UChXOhG9bRDb3vSTg-qkPAZg,Gweilo-60,2019-03-07 22:24:53.14008,11093,0
UChXOhG9bRDb3vSTg-qkPAZg,Gweilo-60,2019-03-07 22:23:51.865956,11093,0
UChXOhG9bRDb3vSTg-qkPAZg,Gweilo-60,2019-03-07 22:22:52.478912,11093,1
UChXOhG9bRDb3vSTg-qkPAZg,Gweilo-60,2019-03-07 22:21:53.308471,11092,0
UChXOhG9bRDb3vSTg-qkPAZg,Gweilo-60,2019-03-07 22:20:53.642568,11092,0
UChXOhG9bRDb3vSTg-qkPAZg,Gweilo-60,2019-03-07 22:19:51.791316,11092,0
UChXOhG9bRDb3vSTg-qkPAZg,Gweilo-60,2019-03-07 22:18:52.137273,11092,0
UChXOhG9bRDb3vSTg-qkPAZg,Gweilo-60,2019-03-07 22:17:51.923613,11092,0
UChXOhG9bRDb3vSTg-qkPAZg,Gweilo-60,2019-03-07 22:16:52.017312,11092,0
UChXOhG9bRDb3vSTg-qkPAZg,Gweilo-60,2019-03-07 22:15:53.024896,11092,0
UChXOhG9bRDb3vSTg-qkPAZg,Gweilo-60,2019-03-07 22:14:52.303284,11092,0
UChXOhG9bRDb3vSTg-qkPAZg,Gweilo-60,2019-03-07 22:13:52.334957,11092,0
UChXOhG9bRDb3vSTg-qkPAZg,Gweilo-60,2019-03-07 22:12:52.302923,11092,0
UChXOhG9bRDb3vSTg-qkPAZg,Gweilo-60,2019-03-07 22:11:52.545757,11092,0
UChXOhG9bRDb3vSTg-qkPAZg,Gweilo-60,2019-03-07 22:10:52.02983,11092,0
UChXOhG9bRDb3vSTg-qkPAZg,Gweilo-60,2019-03-07 22:09:52.169965,11092,0
UChXOhG9bRDb3vSTg-qkPAZg,Gweilo-60,2019-03-07 22:08:52.320003,11092,0
UChXOhG9bRDb3vSTg-qkPAZg,Gweilo-60,2019-03-07 22:07:51.885983,11092,0
UChXOhG9bRDb3vSTg-qkPAZg,Gweilo-60,2019-03-07 22:06:53.033086,11092,0
UChXOhG9bRDb3vSTg-qkPAZg,Gweilo-60,2019-03-07 22:05:52.402863,11092,0
UChXOhG9bRDb3vSTg-qkPAZg,Gweilo-60,2019-03-07 22:04:52.805212,11092,0
UChXOhG9bRDb3vSTg-qkPAZg,Gweilo-60,2019-03-07 22:03:53.471432,11092,0
UChXOhG9bRDb3vSTg-qkPAZg,Gweilo-60,2019-03-07 22:02:52.029424,11092,0
UChXOhG9bRDb3vSTg-qkPAZg,Gweilo-60,2019-03-07 22:01:52.080281,11092,0
UChXOhG9bRDb3vSTg-qkPAZg,Gweilo-60,2019-03-07 22:00:52.178085,11092,0
UChXOhG9bRDb3vSTg-qkPAZg,Gweilo-60,2019-03-07 21:59:52.502267,11092,0
UChXOhG9bRDb3vSTg-qkPAZg,Gweilo-60,2019-03-07 21:58:55.880748,11092,0
UChXOhG9bRDb3vSTg-qkPAZg,Gweilo-60,2019-03-07 21:57:51.948461,11092,0
UChXOhG9bRDb3vSTg-qkPAZg,Gweilo-60,2019-03-07 21:56:53.465742,11092,0
UChXOhG9bRDb3vSTg-qkPAZg,Gweilo-60,2019-03-07 21:55:52.332511,11092,0
UChXOhG9bRDb3vSTg-qkPAZg,Gweilo-60,2019-03-07 21:54:53.428545,11092,0
UChXOhG9bRDb3vSTg-qkPAZg,Gweilo-60,2019-03-07 21:53:52.997489,11092,0
UChXOhG9bRDb3vSTg-qkPAZg,Gweilo-60,2019-03-07 21:52:52.270445,11092,0
UChXOhG9bRDb3vSTg-qkPAZg,Gweilo-60,2019-03-07 21:51:51.932739,11092,0
UChXOhG9bRDb3vSTg-qkPAZg,Gweilo-60,2019-03-07 21:50:52.247976,11092,0
UChXOhG9bRDb3vSTg-qkPAZg,Gweilo-60,2019-03-07 21:49:52.77152,11092,0
UChXOhG9bRDb3vSTg-qkPAZg,Gweilo-60,2019-03-07 21:48:52.052459,11092,0
UChXOhG9bRDb3vSTg-qkPAZg,Gweilo-60,2019-03-07 21:47:51.987741,11092,0
UChXOhG9bRDb3vSTg-qkPAZg,Gweilo-60,2019-03-07 21:46:52.056128,11092,0
UChXOhG9bRDb3vSTg-qkPAZg,Gweilo-60,2019-03-07 21:45:51.892939,11092,0
UChXOhG9bRDb3vSTg-qkPAZg,Gweilo-60,2019-03-07 21:44:52.812417,11092,0
UChXOhG9bRDb3vSTg-qkPAZg,Gweilo-60,2019-03-07 21:43:52.779782,11092,0
UChXOhG9bRDb3vSTg-qkPAZg,Gweilo-60,2019-03-07 21:42:53.164202,11092,0
UChXOhG9bRDb3vSTg-qkPAZg,Gweilo-60,2019-03-07 21:41:52.085855,11092,0
UChXOhG9bRDb3vSTg-qkPAZg,Gweilo-60,2019-03-07 21:40:52.642831,11092,0
UChXOhG9bRDb3vSTg-qkPAZg,Gweilo-60,2019-03-07 21:39:52.251681,11092,0
UChXOhG9bRDb3vSTg-qkPAZg,Gweilo-60,2019-03-07 21:38:52.126376,11092,0
UChXOhG9bRDb3vSTg-qkPAZg,Gweilo-60,2019-03-07 21:37:51.83066,11092,0
UChXOhG9bRDb3vSTg-qkPAZg,Gweilo-60,2019-03-07 21:36:52.6493,11092,0
UChXOhG9bRDb3vSTg-qkPAZg,Gweilo-60,2019-03-07 21:35:53.18099,11092,0
UChXOhG9bRDb3vSTg-qkPAZg,Gweilo-60,2019-03-07 21:34:52.056854,11092,0
UChXOhG9bRDb3vSTg-qkPAZg,Gweilo-60,2019-03-07 21:33:51.788412,11092,0
UChXOhG9bRDb3vSTg-qkPAZg,Gweilo-60,2019-03-07 21:32:52.111316,11092,0
UChXOhG9bRDb3vSTg-qkPAZg,Gweilo-60,2019-03-07 21:31:52.319617,11092,0
UChXOhG9bRDb3vSTg-qkPAZg,Gweilo-60,2019-03-07 21:30:52.081167,11092,0
UChXOhG9bRDb3vSTg-qkPAZg,Gweilo-60,2019-03-07 21:29:52.244869,11092,0
UChXOhG9bRDb3vSTg-qkPAZg,Gweilo-60,2019-03-07 21:28:52.332921,11092,0
UChXOhG9bRDb3vSTg-qkPAZg,Gweilo-60,2019-03-07 21:27:52.673798,11092,0
UChXOhG9bRDb3vSTg-qkPAZg,Gweilo-60,2019-03-07 21:26:55.699187,11092,0
UChXOhG9bRDb3vSTg-qkPAZg,Gweilo-60,2019-03-07 21:25:52.439751,11092,0
UChXOhG9bRDb3vSTg-qkPAZg,Gweilo-60,2019-03-07 21:24:52.172734,11092,0
UChXOhG9bRDb3vSTg-qkPAZg,Gweilo-60,2019-03-07 21:23:52.804172,11092,0
UChXOhG9bRDb3vSTg-qkPAZg,Gweilo-60,2019-03-07 21:22:51.865838,11092,0
UChXOhG9bRDb3vSTg-qkPAZg,Gweilo-60,2019-03-07 21:21:52.815537,11092,0
UChXOhG9bRDb3vSTg-qkPAZg,Gweilo-60,2019-03-07 21:20:52.043923,11092,0
UChXOhG9bRDb3vSTg-qkPAZg,Gweilo-60,2019-03-07 21:19:52.969341,11092,0
UChXOhG9bRDb3vSTg-qkPAZg,Gweilo-60,2019-03-07 21:18:53.154335,11092,0
UChXOhG9bRDb3vSTg-qkPAZg,Gweilo-60,2019-03-07 21:17:52.085608,11092,0
UChXOhG9bRDb3vSTg-qkPAZg,Gweilo-60,2019-03-07 21:16:52.516247,11092,0
UChXOhG9bRDb3vSTg-qkPAZg,Gweilo-60,2019-03-07 21:15:51.918214,11092,0
UChXOhG9bRDb3vSTg-qkPAZg,Gweilo-60,2019-03-07 21:14:52.165789,11092,0
UChXOhG9bRDb3vSTg-qkPAZg,Gweilo-60,2019-03-07 21:13:52.584696,11092,0
UChXOhG9bRDb3vSTg-qkPAZg,Gweilo-60,2019-03-07 21:12:52.568971,11092,0
UChXOhG9bRDb3vSTg-qkPAZg,Gweilo-60,2019-03-07 21:11:52.771351,11092,0
UChXOhG9bRDb3vSTg-qkPAZg,Gweilo-60,2019-03-07 21:10:52.879437,11092,0
UChXOhG9bRDb3vSTg-qkPAZg,Gweilo-60,2019-03-07 21:09:52.312496,11092,0
UChXOhG9bRDb3vSTg-qkPAZg,Gweilo-60,2019-03-07 21:08:52.075433,11092,0
UChXOhG9bRDb3vSTg-qkPAZg,Gweilo-60,2019-03-07 21:07:51.644318,11092,0
UChXOhG9bRDb3vSTg-qkPAZg,Gweilo-60,2019-03-07 21:06:52.363414,11092,0
UChXOhG9bRDb3vSTg-qkPAZg,Gweilo-60,2019-03-07 21:05:51.544312,11092,0
UChXOhG9bRDb3vSTg-qkPAZg,Gweilo-60,2019-03-07 21:04:51.326794,11092,0
UChXOhG9bRDb3vSTg-qkPAZg,Gweilo-60,2019-03-07 21:03:51.161656,11092,0
UChXOhG9bRDb3vSTg-qkPAZg,Gweilo-60,2019-03-07 21:02:52.231866,11092,0
UChXOhG9bRDb3vSTg-qkPAZg,Gweilo-60,2019-03-07 21:01:51.838123,11092,0
UChXOhG9bRDb3vSTg-qkPAZg,Gweilo-60,2019-03-07 21:00:53.638684,11092,0
UChXOhG9bRDb3vSTg-qkPAZg,Gweilo-60,2019-03-07 20:59:52.234125,11092,0
UChXOhG9bRDb3vSTg-qkPAZg,Gweilo-60,2019-03-07 20:58:51.498432,11092,0
UChXOhG9bRDb3vSTg-qkPAZg,Gweilo-60,2019-03-07 20:57:52.334966,11092,0
UChXOhG9bRDb3vSTg-qkPAZg,Gweilo-60,2019-03-07 20:56:52.217322,11092,0
UChXOhG9bRDb3vSTg-qkPAZg,Gweilo-60,2019-03-07 20:55:52.125999,11092,0
UChXOhG9bRDb3vSTg-qkPAZg,Gweilo-60,2019-03-07 20:54:52.196051,11092,0
UChXOhG9bRDb3vSTg-qkPAZg,Gweilo-60,2019-03-07 20:53:51.39924,11092,0
UChXOhG9bRDb3vSTg-qkPAZg,Gweilo-60,2019-03-07 20:52:51.473374,11092,0
UChXOhG9bRDb3vSTg-qkPAZg,Gweilo-60,2019-03-07 20:51:51.415602,11092,0
UChXOhG9bRDb3vSTg-qkPAZg,Gweilo-60,2019-03-07 20:50:51.680261,11092,0
UChXOhG9bRDb3vSTg-qkPAZg,Gweilo-60,2019-03-07 20:49:51.902634,11092,0
UChXOhG9bRDb3vSTg-qkPAZg,Gweilo-60,2019-03-07 20:48:52.220061,11092,0
UChXOhG9bRDb3vSTg-qkPAZg,Gweilo-60,2019-03-07 20:47:51.488648,11092,0
UChXOhG9bRDb3vSTg-qkPAZg,Gweilo-60,2019-03-07 20:46:51.637263,11092,0
UChXOhG9bRDb3vSTg-qkPAZg,Gweilo-60,2019-03-07 20:45:51.243392,11092,0
UChXOhG9bRDb3vSTg-qkPAZg,Gweilo-60,2019-03-07 20:44:51.661187,11092,0
UChXOhG9bRDb3vSTg-qkPAZg,Gweilo-60,2019-03-07 20:43:51.17776,11092,0
UChXOhG9bRDb3vSTg-qkPAZg,Gweilo-60,2019-03-07 20:42:51.021322,11092,0
UChXOhG9bRDb3vSTg-qkPAZg,Gweilo-60,2019-03-07 20:41:51.930047,11092,0
UChXOhG9bRDb3vSTg-qkPAZg,Gweilo-60,2019-03-07 20:40:51.108415,11092,0
UChXOhG9bRDb3vSTg-qkPAZg,Gweilo-60,2019-03-07 20:39:51.190545,11092,0
UChXOhG9bRDb3vSTg-qkPAZg,Gweilo-60,2019-03-07 20:38:51.191651,11092,0
UChXOhG9bRDb3vSTg-qkPAZg,Gweilo-60,2019-03-07 20:37:51.295894,11092,0
UChXOhG9bRDb3vSTg-qkPAZg,Gweilo-60,2019-03-07 20:36:51.156925,11092,0
UChXOhG9bRDb3vSTg-qkPAZg,Gweilo-60,2019-03-07 20:35:51.143843,11092,0
UChXOhG9bRDb3vSTg-qkPAZg,Gweilo-60,2019-03-07 20:34:51.601105,11092,0
UChXOhG9bRDb3vSTg-qkPAZg,Gweilo-60,2019-03-07 20:33:50.93366,11092,0
UChXOhG9bRDb3vSTg-qkPAZg,Gweilo-60,2019-03-07 20:32:51.739526,11092,0
UChXOhG9bRDb3vSTg-qkPAZg,Gweilo-60,2019-03-07 20:31:51.248776,11092,0
UChXOhG9bRDb3vSTg-qkPAZg,Gweilo-60,2019-03-07 20:30:51.230241,11092,0
UChXOhG9bRDb3vSTg-qkPAZg,Gweilo-60,2019-03-07 20:29:51.734256,11092,0
UChXOhG9bRDb3vSTg-qkPAZg,Gweilo-60,2019-03-07 20:28:50.815708,11092,0
UChXOhG9bRDb3vSTg-qkPAZg,Gweilo-60,2019-03-07 20:27:50.990309,11092,0
UChXOhG9bRDb3vSTg-qkPAZg,Gweilo-60,2019-03-07 20:26:50.975802,11092,0
UChXOhG9bRDb3vSTg-qkPAZg,Gweilo-60,2019-03-07 20:25:51.1235,11092,0
UChXOhG9bRDb3vSTg-qkPAZg,Gweilo-60,2019-03-07 20:24:51.480929,11092,1
UChXOhG9bRDb3vSTg-qkPAZg,Gweilo-60,2019-03-07 20:23:51.32979,11091,0
UChXOhG9bRDb3vSTg-qkPAZg,Gweilo-60,2019-03-07 20:22:51.668769,11091,0
UChXOhG9bRDb3vSTg-qkPAZg,Gweilo-60,2019-03-07 20:21:50.926103,11091,0
UChXOhG9bRDb3vSTg-qkPAZg,Gweilo-60,2019-03-07 20:20:51.35904,11091,0
UChXOhG9bRDb3vSTg-qkPAZg,Gweilo-60,2019-03-07 20:19:51.461859,11091,0
UChXOhG9bRDb3vSTg-qkPAZg,Gweilo-60,2019-03-07 20:18:51.190101,11091,0
UChXOhG9bRDb3vSTg-qkPAZg,Gweilo-60,2019-03-07 20:17:50.840706,11091,0
UChXOhG9bRDb3vSTg-qkPAZg,Gweilo-60,2019-03-07 20:16:51.127876,11091,0
UChXOhG9bRDb3vSTg-qkPAZg,Gweilo-60,2019-03-07 20:15:51.074525,11091,0
UChXOhG9bRDb3vSTg-qkPAZg,Gweilo-60,2019-03-07 20:14:51.189279,11091,0
UChXOhG9bRDb3vSTg-qkPAZg,Gweilo-60,2019-03-07 20:13:51.111994,11091,0
UChXOhG9bRDb3vSTg-qkPAZg,Gweilo-60,2019-03-07 20:12:51.259922,11091,0
UChXOhG9bRDb3vSTg-qkPAZg,Gweilo-60,2019-03-07 20:11:50.85381,11091,0
UChXOhG9bRDb3vSTg-qkPAZg,Gweilo-60,2019-03-07 20:10:51.610913,11091,0
UChXOhG9bRDb3vSTg-qkPAZg,Gweilo-60,2019-03-07 20:09:51.540123,11091,0
UChXOhG9bRDb3vSTg-qkPAZg,Gweilo-60,2019-03-07 20:08:50.980399,11091,0
UChXOhG9bRDb3vSTg-qkPAZg,Gweilo-60,2019-03-07 20:07:51.045443,11091,0
UChXOhG9bRDb3vSTg-qkPAZg,Gweilo-60,2019-03-07 20:06:51.138935,11091,0
UChXOhG9bRDb3vSTg-qkPAZg,Gweilo-60,2019-03-07 20:05:52.445669,11091,0
UChXOhG9bRDb3vSTg-qkPAZg,Gweilo-60,2019-03-07 20:04:51.282252,11091,0
UChXOhG9bRDb3vSTg-qkPAZg,Gweilo-60,2019-03-07 20:03:51.62988,11091,0
UChXOhG9bRDb3vSTg-qkPAZg,Gweilo-60,2019-03-07 20:02:51.268997,11091,0
UChXOhG9bRDb3vSTg-qkPAZg,Gweilo-60,2019-03-07 20:01:51.219422,11091,0
UChXOhG9bRDb3vSTg-qkPAZg,Gweilo-60,2019-03-07 20:00:51.02957,11091,0
UChXOhG9bRDb3vSTg-qkPAZg,Gweilo-60,2019-03-07 19:59:50.876513,11091,0
UChXOhG9bRDb3vSTg-qkPAZg,Gweilo-60,2019-03-07 19:58:51.411424,11091,0
UChXOhG9bRDb3vSTg-qkPAZg,Gweilo-60,2019-03-07 19:57:51.579162,11091,0
UChXOhG9bRDb3vSTg-qkPAZg,Gweilo-60,2019-03-07 19:56:51.354896,11091,0
UChXOhG9bRDb3vSTg-qkPAZg,Gweilo-60,2019-03-07 19:55:52.089458,11091,0
UChXOhG9bRDb3vSTg-qkPAZg,Gweilo-60,2019-03-07 19:54:51.439219,11091,0
UChXOhG9bRDb3vSTg-qkPAZg,Gweilo-60,2019-03-07 19:53:51.532928,11091,0
UChXOhG9bRDb3vSTg-qkPAZg,Gweilo-60,2019-03-07 19:52:51.302736,11091,0
UChXOhG9bRDb3vSTg-qkPAZg,Gweilo-60,2019-03-07 19:51:51.34034,11091,0
UChXOhG9bRDb3vSTg-qkPAZg,Gweilo-60,2019-03-07 19:50:51.280079,11091,0
UChXOhG9bRDb3vSTg-qkPAZg,Gweilo-60,2019-03-07 19:49:51.079294,11091,0
UChXOhG9bRDb3vSTg-qkPAZg,Gweilo-60,2019-03-07 19:48:51.284916,11091,0
UChXOhG9bRDb3vSTg-qkPAZg,Gweilo-60,2019-03-07 19:47:51.159841,11091,1
UChXOhG9bRDb3vSTg-qkPAZg,Gweilo-60,2019-03-07 19:46:51.614752,11090,0
UChXOhG9bRDb3vSTg-qkPAZg,Gweilo-60,2019-03-07 19:45:51.645033,11090,0
UChXOhG9bRDb3vSTg-qkPAZg,Gweilo-60,2019-03-07 19:44:51.841764,11090,0
UChXOhG9bRDb3vSTg-qkPAZg,Gweilo-60,2019-03-07 19:43:52.017835,11090,0
UChXOhG9bRDb3vSTg-qkPAZg,Gweilo-60,2019-03-07 19:42:51.380424,11090,0
UChXOhG9bRDb3vSTg-qkPAZg,Gweilo-60,2019-03-07 19:41:51.863515,11090,0
UChXOhG9bRDb3vSTg-qkPAZg,Gweilo-60,2019-03-07 19:40:51.736436,11090,0
UChXOhG9bRDb3vSTg-qkPAZg,Gweilo-60,2019-03-07 19:39:52.028457,11090,0
UChXOhG9bRDb3vSTg-qkPAZg,Gweilo-60,2019-03-07 19:38:51.475791,11090,0
UChXOhG9bRDb3vSTg-qkPAZg,Gweilo-60,2019-03-07 19:37:51.710565,11090,0
UChXOhG9bRDb3vSTg-qkPAZg,Gweilo-60,2019-03-07 19:36:51.873227,11090,0
UChXOhG9bRDb3vSTg-qkPAZg,Gweilo-60,2019-03-07 19:35:51.791222,11090,0
UChXOhG9bRDb3vSTg-qkPAZg,Gweilo-60,2019-03-07 19:34:51.923135,11090,0
UChXOhG9bRDb3vSTg-qkPAZg,Gweilo-60,2019-03-07 19:33:51.464675,11090,0
UChXOhG9bRDb3vSTg-qkPAZg,Gweilo-60,2019-03-07 19:32:51.152649,11090,0
UChXOhG9bRDb3vSTg-qkPAZg,Gweilo-60,2019-03-07 19:31:51.243534,11090,0
UChXOhG9bRDb3vSTg-qkPAZg,Gweilo-60,2019-03-07 19:30:51.315761,11090,0
UChXOhG9bRDb3vSTg-qkPAZg,Gweilo-60,2019-03-07 19:29:51.496777,11090,0
UChXOhG9bRDb3vSTg-qkPAZg,Gweilo-60,2019-03-07 19:28:51.382187,11090,0
UChXOhG9bRDb3vSTg-qkPAZg,Gweilo-60,2019-03-07 19:27:51.318598,11090,0
UChXOhG9bRDb3vSTg-qkPAZg,Gweilo-60,2019-03-07 19:26:51.174263,11090,0
UChXOhG9bRDb3vSTg-qkPAZg,Gweilo-60,2019-03-07 19:25:51.323977,11090,0
UChXOhG9bRDb3vSTg-qkPAZg,Gweilo-60,2019-03-07 19:24:51.70976,11090,0
UChXOhG9bRDb3vSTg-qkPAZg,Gweilo-60,2019-03-07 19:23:51.963026,11090,0
UChXOhG9bRDb3vSTg-qkPAZg,Gweilo-60,2019-03-07 19:22:50.947186,11090,0
UChXOhG9bRDb3vSTg-qkPAZg,Gweilo-60,2019-03-07 19:21:51.280542,11090,0
UChXOhG9bRDb3vSTg-qkPAZg,Gweilo-60,2019-03-07 19:20:51.209966,11090,0
UChXOhG9bRDb3vSTg-qkPAZg,Gweilo-60,2019-03-07 19:19:50.803261,11090,0
UChXOhG9bRDb3vSTg-qkPAZg,Gweilo-60,2019-03-07 19:18:50.985047,11090,0
UChXOhG9bRDb3vSTg-qkPAZg,Gweilo-60,2019-03-07 19:17:51.773626,11090,0
UChXOhG9bRDb3vSTg-qkPAZg,Gweilo-60,2019-03-07 19:16:50.97925,11090,0
UChXOhG9bRDb3vSTg-qkPAZg,Gweilo-60,2019-03-07 19:15:51.685973,11090,0
UChXOhG9bRDb3vSTg-qkPAZg,Gweilo-60,2019-03-07 19:14:50.504122,11090,0
UChXOhG9bRDb3vSTg-qkPAZg,Gweilo-60,2019-03-07 19:13:51.866608,11090,0
UChXOhG9bRDb3vSTg-qkPAZg,Gweilo-60,2019-03-07 19:12:51.228043,11090,0
UChXOhG9bRDb3vSTg-qkPAZg,Gweilo-60,2019-03-07 19:11:52.238161,11090,0
UChXOhG9bRDb3vSTg-qkPAZg,Gweilo-60,2019-03-07 19:10:51.012094,11090,0
UChXOhG9bRDb3vSTg-qkPAZg,Gweilo-60,2019-03-07 19:09:51.732211,11090,0
UChXOhG9bRDb3vSTg-qkPAZg,Gweilo-60,2019-03-07 19:08:50.957459,11090,0
UChXOhG9bRDb3vSTg-qkPAZg,Gweilo-60,2019-03-07 19:07:51.596306,11090,0
UChXOhG9bRDb3vSTg-qkPAZg,Gweilo-60,2019-03-07 19:06:51.119239,11090,0
UChXOhG9bRDb3vSTg-qkPAZg,Gweilo-60,2019-03-07 19:05:51.362463,11090,0
UChXOhG9bRDb3vSTg-qkPAZg,Gweilo-60,2019-03-07 19:04:51.577371,11090,0
UChXOhG9bRDb3vSTg-qkPAZg,Gweilo-60,2019-03-07 19:03:51.142982,11090,0
UChXOhG9bRDb3vSTg-qkPAZg,Gweilo-60,2019-03-07 19:02:51.504568,11090,0
UChXOhG9bRDb3vSTg-qkPAZg,Gweilo-60,2019-03-07 19:01:50.995399,11090,0
UChXOhG9bRDb3vSTg-qkPAZg,Gweilo-60,2019-03-07 19:00:51.108121,11090,0
UChXOhG9bRDb3vSTg-qkPAZg,Gweilo-60,2019-03-07 18:59:51.329275,11090,0
UChXOhG9bRDb3vSTg-qkPAZg,Gweilo-60,2019-03-07 18:58:51.649913,11090,0
UChXOhG9bRDb3vSTg-qkPAZg,Gweilo-60,2019-03-07 18:57:51.920569,11090,0
UChXOhG9bRDb3vSTg-qkPAZg,Gweilo-60,2019-03-07 18:56:51.189487,11090,0
UChXOhG9bRDb3vSTg-qkPAZg,Gweilo-60,2019-03-07 18:55:51.755184,11090,0
UChXOhG9bRDb3vSTg-qkPAZg,Gweilo-60,2019-03-07 18:54:51.471622,11090,0
UChXOhG9bRDb3vSTg-qkPAZg,Gweilo-60,2019-03-07 18:53:51.179815,11090,0
UChXOhG9bRDb3vSTg-qkPAZg,Gweilo-60,2019-03-07 18:52:51.032701,11090,0
UChXOhG9bRDb3vSTg-qkPAZg,Gweilo-60,2019-03-07 18:51:51.315363,11090,0
UChXOhG9bRDb3vSTg-qkPAZg,Gweilo-60,2019-03-07 18:50:50.864099,11090,0
UChXOhG9bRDb3vSTg-qkPAZg,Gweilo-60,2019-03-07 18:49:51.569256,11090,0
UChXOhG9bRDb3vSTg-qkPAZg,Gweilo-60,2019-03-07 18:48:51.511524,11090,0
UChXOhG9bRDb3vSTg-qkPAZg,Gweilo-60,2019-03-07 18:47:52.119685,11090,0
UChXOhG9bRDb3vSTg-qkPAZg,Gweilo-60,2019-03-07 18:46:51.299386,11090,0
UChXOhG9bRDb3vSTg-qkPAZg,Gweilo-60,2019-03-07 18:45:51.270124,11090,0
UChXOhG9bRDb3vSTg-qkPAZg,Gweilo-60,2019-03-07 18:44:51.261887,11090,0
UChXOhG9bRDb3vSTg-qkPAZg,Gweilo-60,2019-03-07 18:43:51.297963,11090,0
UChXOhG9bRDb3vSTg-qkPAZg,Gweilo-60,2019-03-07 18:42:51.568727,11090,0
UChXOhG9bRDb3vSTg-qkPAZg,Gweilo-60,2019-03-07 18:41:50.77255,11090,0
UChXOhG9bRDb3vSTg-qkPAZg,Gweilo-60,2019-03-07 18:40:51.275733,11090,0
UChXOhG9bRDb3vSTg-qkPAZg,Gweilo-60,2019-03-07 18:39:51.288347,11090,0
UChXOhG9bRDb3vSTg-qkPAZg,Gweilo-60,2019-03-07 18:38:51.386212,11090,0
UChXOhG9bRDb3vSTg-qkPAZg,Gweilo-60,2019-03-07 18:37:51.553107,11090,0
UChXOhG9bRDb3vSTg-qkPAZg,Gweilo-60,2019-03-07 18:36:51.217336,11090,0
UChXOhG9bRDb3vSTg-qkPAZg,Gweilo-60,2019-03-07 18:35:51.286152,11090,0
UChXOhG9bRDb3vSTg-qkPAZg,Gweilo-60,2019-03-07 18:34:51.365774,11090,0
UChXOhG9bRDb3vSTg-qkPAZg,Gweilo-60,2019-03-07 18:33:51.071667,11090,0
UChXOhG9bRDb3vSTg-qkPAZg,Gweilo-60,2019-03-07 18:32:51.206643,11090,0
UChXOhG9bRDb3vSTg-qkPAZg,Gweilo-60,2019-03-07 18:31:51.000105,11090,0
UChXOhG9bRDb3vSTg-qkPAZg,Gweilo-60,2019-03-07 18:30:51.420367,11090,0
UChXOhG9bRDb3vSTg-qkPAZg,Gweilo-60,2019-03-07 18:29:51.476355,11090,0
UChXOhG9bRDb3vSTg-qkPAZg,Gweilo-60,2019-03-07 18:28:51.389379,11090,0
UChXOhG9bRDb3vSTg-qkPAZg,Gweilo-60,2019-03-07 18:27:51.08327,11090,0
UChXOhG9bRDb3vSTg-qkPAZg,Gweilo-60,2019-03-07 18:26:51.244155,11090,0
UChXOhG9bRDb3vSTg-qkPAZg,Gweilo-60,2019-03-07 18:25:51.456647,11090,0
UChXOhG9bRDb3vSTg-qkPAZg,Gweilo-60,2019-03-07 18:24:51.909714,11090,0
UChXOhG9bRDb3vSTg-qkPAZg,Gweilo-60,2019-03-07 18:23:51.324207,11090,0
UChXOhG9bRDb3vSTg-qkPAZg,Gweilo-60,2019-03-07 18:22:51.963697,11090,0
UChXOhG9bRDb3vSTg-qkPAZg,Gweilo-60,2019-03-07 18:21:52.151967,11090,0
UChXOhG9bRDb3vSTg-qkPAZg,Gweilo-60,2019-03-07 18:20:52.026536,11090,0
UChXOhG9bRDb3vSTg-qkPAZg,Gweilo-60,2019-03-07 18:19:51.265463,11090,0
UChXOhG9bRDb3vSTg-qkPAZg,Gweilo-60,2019-03-07 18:18:51.465607,11090,0
UChXOhG9bRDb3vSTg-qkPAZg,Gweilo-60,2019-03-07 18:17:51.440757,11090,0
UChXOhG9bRDb3vSTg-qkPAZg,Gweilo-60,2019-03-07 18:16:51.912281,11090,0
UChXOhG9bRDb3vSTg-qkPAZg,Gweilo-60,2019-03-07 18:15:51.547306,11090,0
UChXOhG9bRDb3vSTg-qkPAZg,Gweilo-60,2019-03-07 18:14:51.722289,11090,0
UChXOhG9bRDb3vSTg-qkPAZg,Gweilo-60,2019-03-07 18:13:51.181502,11090,0
UChXOhG9bRDb3vSTg-qkPAZg,Gweilo-60,2019-03-07 18:12:51.483461,11090,0
UChXOhG9bRDb3vSTg-qkPAZg,Gweilo-60,2019-03-07 18:11:51.460902,11090,0
UChXOhG9bRDb3vSTg-qkPAZg,Gweilo-60,2019-03-07 18:10:51.103649,11090,0
UChXOhG9bRDb3vSTg-qkPAZg,Gweilo-60,2019-03-07 18:09:51.257001,11090,0
UChXOhG9bRDb3vSTg-qkPAZg,Gweilo-60,2019-03-07 18:08:51.640572,11090,0
UChXOhG9bRDb3vSTg-qkPAZg,Gweilo-60,2019-03-07 18:07:51.429048,11090,0
UChXOhG9bRDb3vSTg-qkPAZg,Gweilo-60,2019-03-07 18:06:51.606646,11090,0
UChXOhG9bRDb3vSTg-qkPAZg,Gweilo-60,2019-03-07 18:05:51.421805,11090,0
UChXOhG9bRDb3vSTg-qkPAZg,Gweilo-60,2019-03-07 18:04:51.41989,11090,0
UChXOhG9bRDb3vSTg-qkPAZg,Gweilo-60,2019-03-07 18:03:51.504088,11090,0
UChXOhG9bRDb3vSTg-qkPAZg,Gweilo-60,2019-03-07 18:02:51.688621,11090,0
UChXOhG9bRDb3vSTg-qkPAZg,Gweilo-60,2019-03-07 18:01:51.028189,11090,0
UChXOhG9bRDb3vSTg-qkPAZg,Gweilo-60,2019-03-07 18:00:51.483948,11090,0
UChXOhG9bRDb3vSTg-qkPAZg,Gweilo-60,2019-03-07 17:59:51.617161,11090,0
UChXOhG9bRDb3vSTg-qkPAZg,Gweilo-60,2019-03-07 17:58:51.398,11090,0
UChXOhG9bRDb3vSTg-qkPAZg,Gweilo-60,2019-03-07 17:57:51.256462,11090,0
UChXOhG9bRDb3vSTg-qkPAZg,Gweilo-60,2019-03-07 17:56:51.254799,11090,0
UChXOhG9bRDb3vSTg-qkPAZg,Gweilo-60,2019-03-07 17:55:51.644872,11090,0
UChXOhG9bRDb3vSTg-qkPAZg,Gweilo-60,2019-03-07 17:54:51.132817,11090,0
UChXOhG9bRDb3vSTg-qkPAZg,Gweilo-60,2019-03-07 17:53:51.491915,11090,0
UChXOhG9bRDb3vSTg-qkPAZg,Gweilo-60,2019-03-07 17:52:50.920228,11090,0
UChXOhG9bRDb3vSTg-qkPAZg,Gweilo-60,2019-03-07 17:51:52.136329,11090,0
UChXOhG9bRDb3vSTg-qkPAZg,Gweilo-60,2019-03-07 17:50:50.983682,11090,0
UChXOhG9bRDb3vSTg-qkPAZg,Gweilo-60,2019-03-07 17:49:51.325408,11090,0
UChXOhG9bRDb3vSTg-qkPAZg,Gweilo-60,2019-03-07 17:48:51.126396,11090,0
UChXOhG9bRDb3vSTg-qkPAZg,Gweilo-60,2019-03-07 17:47:50.972157,11090,0
UChXOhG9bRDb3vSTg-qkPAZg,Gweilo-60,2019-03-07 17:46:51.529217,11090,0
UChXOhG9bRDb3vSTg-qkPAZg,Gweilo-60,2019-03-07 17:45:50.866582,11090,0
UChXOhG9bRDb3vSTg-qkPAZg,Gweilo-60,2019-03-07 17:44:51.534341,11090,0
UChXOhG9bRDb3vSTg-qkPAZg,Gweilo-60,2019-03-07 17:43:51.035683,11090,0
UChXOhG9bRDb3vSTg-qkPAZg,Gweilo-60,2019-03-07 17:42:51.528395,11090,0
UChXOhG9bRDb3vSTg-qkPAZg,Gweilo-60,2019-03-07 17:41:51.290746,11090,0
UChXOhG9bRDb3vSTg-qkPAZg,Gweilo-60,2019-03-07 17:40:51.597914,11090,0
UChXOhG9bRDb3vSTg-qkPAZg,Gweilo-60,2019-03-07 17:39:51.207089,11090,0
UChXOhG9bRDb3vSTg-qkPAZg,Gweilo-60,2019-03-07 17:38:51.197841,11090,0
UChXOhG9bRDb3vSTg-qkPAZg,Gweilo-60,2019-03-07 17:37:50.905657,11090,0
UChXOhG9bRDb3vSTg-qkPAZg,Gweilo-60,2019-03-07 17:36:51.337799,11090,0
UChXOhG9bRDb3vSTg-qkPAZg,Gweilo-60,2019-03-07 17:35:51.158934,11090,0
UChXOhG9bRDb3vSTg-qkPAZg,Gweilo-60,2019-03-07 17:34:51.784139,11090,0
UChXOhG9bRDb3vSTg-qkPAZg,Gweilo-60,2019-03-07 17:33:50.78029,11090,0
UChXOhG9bRDb3vSTg-qkPAZg,Gweilo-60,2019-03-07 17:32:51.737637,11090,0
UChXOhG9bRDb3vSTg-qkPAZg,Gweilo-60,2019-03-07 17:31:51.739502,11090,0
UChXOhG9bRDb3vSTg-qkPAZg,Gweilo-60,2019-03-07 17:30:51.468239,11090,0
UChXOhG9bRDb3vSTg-qkPAZg,Gweilo-60,2019-03-07 17:29:51.498804,11090,0
UChXOhG9bRDb3vSTg-qkPAZg,Gweilo-60,2019-03-07 17:28:51.473854,11090,0
UChXOhG9bRDb3vSTg-qkPAZg,Gweilo-60,2019-03-07 17:27:51.358805,11090,0
UChXOhG9bRDb3vSTg-qkPAZg,Gweilo-60,2019-03-07 17:26:50.943075,11090,0
UChXOhG9bRDb3vSTg-qkPAZg,Gweilo-60,2019-03-07 17:25:50.569742,11090,0
UChXOhG9bRDb3vSTg-qkPAZg,Gweilo-60,2019-03-07 17:24:51.009198,11090,0
UChXOhG9bRDb3vSTg-qkPAZg,Gweilo-60,2019-03-07 17:23:51.740704,11090,0
UChXOhG9bRDb3vSTg-qkPAZg,Gweilo-60,2019-03-07 17:22:51.360392,11090,0
UChXOhG9bRDb3vSTg-qkPAZg,Gweilo-60,2019-03-07 17:21:52.007449,11090,0
UChXOhG9bRDb3vSTg-qkPAZg,Gweilo-60,2019-03-07 17:20:51.407014,11090,0
UChXOhG9bRDb3vSTg-qkPAZg,Gweilo-60,2019-03-07 17:19:50.996885,11090,0
UChXOhG9bRDb3vSTg-qkPAZg,Gweilo-60,2019-03-07 17:18:51.703249,11090,0
UChXOhG9bRDb3vSTg-qkPAZg,Gweilo-60,2019-03-07 17:17:51.383507,11090,0
UChXOhG9bRDb3vSTg-qkPAZg,Gweilo-60,2019-03-07 17:16:51.062995,11090,0
UChXOhG9bRDb3vSTg-qkPAZg,Gweilo-60,2019-03-07 17:15:51.523629,11090,0
UChXOhG9bRDb3vSTg-qkPAZg,Gweilo-60,2019-03-07 17:14:51.712802,11090,0
UChXOhG9bRDb3vSTg-qkPAZg,Gweilo-60,2019-03-07 17:13:50.926266,11090,0
UChXOhG9bRDb3vSTg-qkPAZg,Gweilo-60,2019-03-07 17:12:51.002923,11090,0
UChXOhG9bRDb3vSTg-qkPAZg,Gweilo-60,2019-03-07 17:11:51.468714,11090,0
UChXOhG9bRDb3vSTg-qkPAZg,Gweilo-60,2019-03-07 17:10:51.046619,11090,0
UChXOhG9bRDb3vSTg-qkPAZg,Gweilo-60,2019-03-07 17:09:50.863845,11090,0
UChXOhG9bRDb3vSTg-qkPAZg,Gweilo-60,2019-03-07 17:08:51.527006,11090,0
UChXOhG9bRDb3vSTg-qkPAZg,Gweilo-60,2019-03-07 17:07:51.502292,11090,0
UChXOhG9bRDb3vSTg-qkPAZg,Gweilo-60,2019-03-07 17:06:51.439615,11090,0
UChXOhG9bRDb3vSTg-qkPAZg,Gweilo-60,2019-03-07 17:05:50.811777,11090,0
UChXOhG9bRDb3vSTg-qkPAZg,Gweilo-60,2019-03-07 17:04:50.920958,11090,0
UChXOhG9bRDb3vSTg-qkPAZg,Gweilo-60,2019-03-07 17:03:51.699521,11090,0
UChXOhG9bRDb3vSTg-qkPAZg,Gweilo-60,2019-03-07 17:02:50.907555,11090,0
UChXOhG9bRDb3vSTg-qkPAZg,Gweilo-60,2019-03-07 17:01:51.095955,11090,0
UChXOhG9bRDb3vSTg-qkPAZg,Gweilo-60,2019-03-07 17:00:51.025279,11090,0
UChXOhG9bRDb3vSTg-qkPAZg,Gweilo-60,2019-03-07 16:59:50.903631,11090,0
UChXOhG9bRDb3vSTg-qkPAZg,Gweilo-60,2019-03-07 16:58:51.691908,11090,0
UChXOhG9bRDb3vSTg-qkPAZg,Gweilo-60,2019-03-07 16:57:51.339181,11090,0
UChXOhG9bRDb3vSTg-qkPAZg,Gweilo-60,2019-03-07 16:56:51.557883,11090,0
UChXOhG9bRDb3vSTg-qkPAZg,Gweilo-60,2019-03-07 16:55:51.48885,11090,0
UChXOhG9bRDb3vSTg-qkPAZg,Gweilo-60,2019-03-07 16:54:51.219226,11090,0
UChXOhG9bRDb3vSTg-qkPAZg,Gweilo-60,2019-03-07 16:53:50.974473,11090,0
UChXOhG9bRDb3vSTg-qkPAZg,Gweilo-60,2019-03-07 16:52:51.035372,11090,0
UChXOhG9bRDb3vSTg-qkPAZg,Gweilo-60,2019-03-07 16:51:50.824397,11090,0
UChXOhG9bRDb3vSTg-qkPAZg,Gweilo-60,2019-03-07 16:50:51.190946,11090,0
UChXOhG9bRDb3vSTg-qkPAZg,Gweilo-60,2019-03-07 16:49:51.111769,11090,0
UChXOhG9bRDb3vSTg-qkPAZg,Gweilo-60,2019-03-07 16:48:51.584443,11090,0
UChXOhG9bRDb3vSTg-qkPAZg,Gweilo-60,2019-03-07 16:47:51.20932,11090,0
UChXOhG9bRDb3vSTg-qkPAZg,Gweilo-60,2019-03-07 16:46:50.85298,11090,0
UChXOhG9bRDb3vSTg-qkPAZg,Gweilo-60,2019-03-07 16:45:51.368195,11090,0
UChXOhG9bRDb3vSTg-qkPAZg,Gweilo-60,2019-03-07 16:44:51.469096,11090,0
UChXOhG9bRDb3vSTg-qkPAZg,Gweilo-60,2019-03-07 16:43:51.305504,11090,0
UChXOhG9bRDb3vSTg-qkPAZg,Gweilo-60,2019-03-07 16:42:51.176596,11090,0
UChXOhG9bRDb3vSTg-qkPAZg,Gweilo-60,2019-03-07 16:41:51.572734,11090,0
UChXOhG9bRDb3vSTg-qkPAZg,Gweilo-60,2019-03-07 16:40:51.217766,11090,0
UChXOhG9bRDb3vSTg-qkPAZg,Gweilo-60,2019-03-07 16:39:51.51609,11090,0
UChXOhG9bRDb3vSTg-qkPAZg,Gweilo-60,2019-03-07 16:38:51.811686,11090,0
UChXOhG9bRDb3vSTg-qkPAZg,Gweilo-60,2019-03-07 16:37:51.951105,11090,0
UChXOhG9bRDb3vSTg-qkPAZg,Gweilo-60,2019-03-07 16:36:52.050521,11090,0
UChXOhG9bRDb3vSTg-qkPAZg,Gweilo-60,2019-03-07 16:35:50.991244,11090,0
UChXOhG9bRDb3vSTg-qkPAZg,Gweilo-60,2019-03-07 16:34:51.610776,11090,0
UChXOhG9bRDb3vSTg-qkPAZg,Gweilo-60,2019-03-07 16:33:50.76099,11090,0
UChXOhG9bRDb3vSTg-qkPAZg,Gweilo-60,2019-03-07 16:32:51.063397,11090,0
UChXOhG9bRDb3vSTg-qkPAZg,Gweilo-60,2019-03-07 16:31:51.43196,11090,0
UChXOhG9bRDb3vSTg-qkPAZg,Gweilo-60,2019-03-07 16:30:50.692345,11090,0
UChXOhG9bRDb3vSTg-qkPAZg,Gweilo-60,2019-03-07 16:29:51.062974,11090,0
UChXOhG9bRDb3vSTg-qkPAZg,Gweilo-60,2019-03-07 16:28:51.456176,11090,0
UChXOhG9bRDb3vSTg-qkPAZg,Gweilo-60,2019-03-07 16:27:50.937888,11090,0
UChXOhG9bRDb3vSTg-qkPAZg,Gweilo-60,2019-03-07 16:26:50.860502,11090,0
UChXOhG9bRDb3vSTg-qkPAZg,Gweilo-60,2019-03-07 16:25:51.175945,11090,0
UChXOhG9bRDb3vSTg-qkPAZg,Gweilo-60,2019-03-07 16:24:51.303957,11090,0
UChXOhG9bRDb3vSTg-qkPAZg,Gweilo-60,2019-03-07 16:23:51.061636,11090,0
UChXOhG9bRDb3vSTg-qkPAZg,Gweilo-60,2019-03-07 16:22:51.757485,11090,0
UChXOhG9bRDb3vSTg-qkPAZg,Gweilo-60,2019-03-07 16:21:51.468474,11090,0
UChXOhG9bRDb3vSTg-qkPAZg,Gweilo-60,2019-03-07 16:20:51.185373,11090,0
UChXOhG9bRDb3vSTg-qkPAZg,Gweilo-60,2019-03-07 16:19:51.105042,11090,0
UChXOhG9bRDb3vSTg-qkPAZg,Gweilo-60,2019-03-07 16:18:51.045912,11090,0
UChXOhG9bRDb3vSTg-qkPAZg,Gweilo-60,2019-03-07 16:17:51.806662,11090,0
UChXOhG9bRDb3vSTg-qkPAZg,Gweilo-60,2019-03-07 16:16:51.129258,11090,0
UChXOhG9bRDb3vSTg-qkPAZg,Gweilo-60,2019-03-07 16:15:50.963518,11090,0
UChXOhG9bRDb3vSTg-qkPAZg,Gweilo-60,2019-03-07 16:14:51.288879,11090,0
UChXOhG9bRDb3vSTg-qkPAZg,Gweilo-60,2019-03-07 16:13:51.528352,11090,0
UChXOhG9bRDb3vSTg-qkPAZg,Gweilo-60,2019-03-07 16:12:51.039531,11090,0
UChXOhG9bRDb3vSTg-qkPAZg,Gweilo-60,2019-03-07 16:11:51.870208,11090,0
UChXOhG9bRDb3vSTg-qkPAZg,Gweilo-60,2019-03-07 16:10:51.542732,11090,0
UChXOhG9bRDb3vSTg-qkPAZg,Gweilo-60,2019-03-07 16:09:51.23813,11090,0
UChXOhG9bRDb3vSTg-qkPAZg,Gweilo-60,2019-03-07 16:08:51.011173,11090,0
UChXOhG9bRDb3vSTg-qkPAZg,Gweilo-60,2019-03-07 16:07:51.632619,11090,0
UChXOhG9bRDb3vSTg-qkPAZg,Gweilo-60,2019-03-07 16:06:51.403723,11090,0
UChXOhG9bRDb3vSTg-qkPAZg,Gweilo-60,2019-03-07 16:05:51.435021,11090,0
UChXOhG9bRDb3vSTg-qkPAZg,Gweilo-60,2019-03-07 16:04:51.710261,11090,0
UChXOhG9bRDb3vSTg-qkPAZg,Gweilo-60,2019-03-07 16:03:51.500677,11090,0
UChXOhG9bRDb3vSTg-qkPAZg,Gweilo-60,2019-03-07 16:02:51.432876,11090,0
UChXOhG9bRDb3vSTg-qkPAZg,Gweilo-60,2019-03-07 16:01:51.198971,11090,0
UChXOhG9bRDb3vSTg-qkPAZg,Gweilo-60,2019-03-07 16:00:51.424729,11090,0
UChXOhG9bRDb3vSTg-qkPAZg,Gweilo-60,2019-03-07 15:59:52.590552,11090,0
UChXOhG9bRDb3vSTg-qkPAZg,Gweilo-60,2019-03-07 15:58:51.272588,11090,0
UChXOhG9bRDb3vSTg-qkPAZg,Gweilo-60,2019-03-07 15:57:51.631593,11090,0
UChXOhG9bRDb3vSTg-qkPAZg,Gweilo-60,2019-03-07 15:56:51.155383,11090,0
UChXOhG9bRDb3vSTg-qkPAZg,Gweilo-60,2019-03-07 15:55:51.260542,11090,0
UChXOhG9bRDb3vSTg-qkPAZg,Gweilo-60,2019-03-07 15:54:51.040929,11090,0
UChXOhG9bRDb3vSTg-qkPAZg,Gweilo-60,2019-03-07 15:53:51.54181,11090,0
UChXOhG9bRDb3vSTg-qkPAZg,Gweilo-60,2019-03-07 15:52:51.224884,11090,0
UChXOhG9bRDb3vSTg-qkPAZg,Gweilo-60,2019-03-07 15:51:51.41682,11090,0
UChXOhG9bRDb3vSTg-qkPAZg,Gweilo-60,2019-03-07 15:50:51.214452,11090,0
UChXOhG9bRDb3vSTg-qkPAZg,Gweilo-60,2019-03-07 15:49:51.84861,11090,0
UChXOhG9bRDb3vSTg-qkPAZg,Gweilo-60,2019-03-07 15:48:51.517292,11090,0
UChXOhG9bRDb3vSTg-qkPAZg,Gweilo-60,2019-03-07 15:47:51.312056,11090,0
UChXOhG9bRDb3vSTg-qkPAZg,Gweilo-60,2019-03-07 15:46:51.127616,11090,0
UChXOhG9bRDb3vSTg-qkPAZg,Gweilo-60,2019-03-07 15:45:51.526284,11090,0
UChXOhG9bRDb3vSTg-qkPAZg,Gweilo-60,2019-03-07 15:44:51.024277,11090,0
UChXOhG9bRDb3vSTg-qkPAZg,Gweilo-60,2019-03-07 15:43:51.779611,11090,0
UChXOhG9bRDb3vSTg-qkPAZg,Gweilo-60,2019-03-07 15:42:50.853475,11090,0
UChXOhG9bRDb3vSTg-qkPAZg,Gweilo-60,2019-03-07 15:41:51.096539,11090,0
UChXOhG9bRDb3vSTg-qkPAZg,Gweilo-60,2019-03-07 15:40:51.547518,11090,0
UChXOhG9bRDb3vSTg-qkPAZg,Gweilo-60,2019-03-07 15:39:51.029267,11090,0
UChXOhG9bRDb3vSTg-qkPAZg,Gweilo-60,2019-03-07 15:38:51.591817,11090,0
UChXOhG9bRDb3vSTg-qkPAZg,Gweilo-60,2019-03-07 15:37:51.241675,11090,0
UChXOhG9bRDb3vSTg-qkPAZg,Gweilo-60,2019-03-07 15:36:51.169788,11090,0
UChXOhG9bRDb3vSTg-qkPAZg,Gweilo-60,2019-03-07 15:35:50.980032,11090,0
UChXOhG9bRDb3vSTg-qkPAZg,Gweilo-60,2019-03-07 15:34:51.400048,11090,0
UChXOhG9bRDb3vSTg-qkPAZg,Gweilo-60,2019-03-07 15:33:50.945818,11090,0
UChXOhG9bRDb3vSTg-qkPAZg,Gweilo-60,2019-03-07 15:32:51.39605,11090,0
UChXOhG9bRDb3vSTg-qkPAZg,Gweilo-60,2019-03-07 15:31:51.180019,11090,0
UChXOhG9bRDb3vSTg-qkPAZg,Gweilo-60,2019-03-07 15:30:51.961965,11090,0
UChXOhG9bRDb3vSTg-qkPAZg,Gweilo-60,2019-03-07 15:29:51.95828,11090,0
UChXOhG9bRDb3vSTg-qkPAZg,Gweilo-60,2019-03-07 15:28:51.350444,11090,0
UChXOhG9bRDb3vSTg-qkPAZg,Gweilo-60,2019-03-07 15:27:51.29688,11090,0
UChXOhG9bRDb3vSTg-qkPAZg,Gweilo-60,2019-03-07 15:26:51.049008,11090,0
UChXOhG9bRDb3vSTg-qkPAZg,Gweilo-60,2019-03-07 15:25:50.565643,11090,0
UChXOhG9bRDb3vSTg-qkPAZg,Gweilo-60,2019-03-07 15:24:51.246526,11090,0
UChXOhG9bRDb3vSTg-qkPAZg,Gweilo-60,2019-03-07 15:23:50.904012,11090,0
UChXOhG9bRDb3vSTg-qkPAZg,Gweilo-60,2019-03-07 15:22:51.040743,11090,0
UChXOhG9bRDb3vSTg-qkPAZg,Gweilo-60,2019-03-07 15:21:50.89877,11090,0
UChXOhG9bRDb3vSTg-qkPAZg,Gweilo-60,2019-03-07 15:20:51.488184,11090,0
UChXOhG9bRDb3vSTg-qkPAZg,Gweilo-60,2019-03-07 15:19:51.177523,11090,0
UChXOhG9bRDb3vSTg-qkPAZg,Gweilo-60,2019-03-07 15:18:51.856267,11090,0
UChXOhG9bRDb3vSTg-qkPAZg,Gweilo-60,2019-03-07 15:17:51.329146,11090,0
UChXOhG9bRDb3vSTg-qkPAZg,Gweilo-60,2019-03-07 15:16:51.233698,11090,0
UChXOhG9bRDb3vSTg-qkPAZg,Gweilo-60,2019-03-07 15:15:51.538496,11090,0
UChXOhG9bRDb3vSTg-qkPAZg,Gweilo-60,2019-03-07 15:14:51.841715,11090,0
UChXOhG9bRDb3vSTg-qkPAZg,Gweilo-60,2019-03-07 15:13:51.493174,11090,0
UChXOhG9bRDb3vSTg-qkPAZg,Gweilo-60,2019-03-07 15:12:51.708672,11090,0
UChXOhG9bRDb3vSTg-qkPAZg,Gweilo-60,2019-03-07 15:11:51.093731,11090,0
UChXOhG9bRDb3vSTg-qkPAZg,Gweilo-60,2019-03-07 15:10:51.04928,11090,0
UChXOhG9bRDb3vSTg-qkPAZg,Gweilo-60,2019-03-07 15:09:50.995942,11090,0
UChXOhG9bRDb3vSTg-qkPAZg,Gweilo-60,2019-03-07 15:08:51.304804,11090,0
UChXOhG9bRDb3vSTg-qkPAZg,Gweilo-60,2019-03-07 15:07:51.598486,11090,0
UChXOhG9bRDb3vSTg-qkPAZg,Gweilo-60,2019-03-07 15:06:50.947516,11090,0
UChXOhG9bRDb3vSTg-qkPAZg,Gweilo-60,2019-03-07 15:05:50.998966,11090,0
UChXOhG9bRDb3vSTg-qkPAZg,Gweilo-60,2019-03-07 15:04:51.672701,11090,0
UChXOhG9bRDb3vSTg-qkPAZg,Gweilo-60,2019-03-07 15:03:51.327168,11090,0
UChXOhG9bRDb3vSTg-qkPAZg,Gweilo-60,2019-03-07 15:02:51.724169,11090,0
UChXOhG9bRDb3vSTg-qkPAZg,Gweilo-60,2019-03-07 15:01:51.292248,11090,0
UChXOhG9bRDb3vSTg-qkPAZg,Gweilo-60,2019-03-07 15:00:51.029041,11090,0
UChXOhG9bRDb3vSTg-qkPAZg,Gweilo-60,2019-03-07 14:59:51.504967,11090,0
UChXOhG9bRDb3vSTg-qkPAZg,Gweilo-60,2019-03-07 14:58:51.699367,11090,0
UChXOhG9bRDb3vSTg-qkPAZg,Gweilo-60,2019-03-07 14:57:51.246002,11090,0
UChXOhG9bRDb3vSTg-qkPAZg,Gweilo-60,2019-03-07 14:56:52.347891,11090,0
UChXOhG9bRDb3vSTg-qkPAZg,Gweilo-60,2019-03-07 14:55:51.650154,11090,0
UChXOhG9bRDb3vSTg-qkPAZg,Gweilo-60,2019-03-07 14:54:51.129889,11090,0
UChXOhG9bRDb3vSTg-qkPAZg,Gweilo-60,2019-03-07 14:53:51.690812,11090,0
UChXOhG9bRDb3vSTg-qkPAZg,Gweilo-60,2019-03-07 14:52:51.437874,11090,0
UChXOhG9bRDb3vSTg-qkPAZg,Gweilo-60,2019-03-07 14:51:51.388214,11090,0
UChXOhG9bRDb3vSTg-qkPAZg,Gweilo-60,2019-03-07 14:50:51.649407,11090,0
UChXOhG9bRDb3vSTg-qkPAZg,Gweilo-60,2019-03-07 14:49:51.533297,11090,0
UChXOhG9bRDb3vSTg-qkPAZg,Gweilo-60,2019-03-07 14:48:51.505189,11090,0
UChXOhG9bRDb3vSTg-qkPAZg,Gweilo-60,2019-03-07 14:47:51.108196,11090,0
UChXOhG9bRDb3vSTg-qkPAZg,Gweilo-60,2019-03-07 14:46:51.260666,11090,0
UChXOhG9bRDb3vSTg-qkPAZg,Gweilo-60,2019-03-07 14:45:51.308248,11090,0
UChXOhG9bRDb3vSTg-qkPAZg,Gweilo-60,2019-03-07 14:44:51.156063,11090,0
UChXOhG9bRDb3vSTg-qkPAZg,Gweilo-60,2019-03-07 14:43:55.796714,11090,0
UChXOhG9bRDb3vSTg-qkPAZg,Gweilo-60,2019-03-07 14:42:51.240981,11090,0
UChXOhG9bRDb3vSTg-qkPAZg,Gweilo-60,2019-03-07 14:41:51.223171,11090,0
UChXOhG9bRDb3vSTg-qkPAZg,Gweilo-60,2019-03-07 14:40:51.703807,11090,0
UChXOhG9bRDb3vSTg-qkPAZg,Gweilo-60,2019-03-07 14:39:51.335897,11090,0
UChXOhG9bRDb3vSTg-qkPAZg,Gweilo-60,2019-03-07 14:38:51.022321,11090,0
UChXOhG9bRDb3vSTg-qkPAZg,Gweilo-60,2019-03-07 14:37:51.292541,11090,0
UChXOhG9bRDb3vSTg-qkPAZg,Gweilo-60,2019-03-07 14:36:50.935797,11090,0
UChXOhG9bRDb3vSTg-qkPAZg,Gweilo-60,2019-03-07 14:35:51.375016,11090,0
UChXOhG9bRDb3vSTg-qkPAZg,Gweilo-60,2019-03-07 14:34:51.281188,11090,0
UChXOhG9bRDb3vSTg-qkPAZg,Gweilo-60,2019-03-07 14:33:51.323425,11090,0
UChXOhG9bRDb3vSTg-qkPAZg,Gweilo-60,2019-03-07 14:32:51.59448,11090,0
UChXOhG9bRDb3vSTg-qkPAZg,Gweilo-60,2019-03-07 14:31:51.364077,11090,0
UChXOhG9bRDb3vSTg-qkPAZg,Gweilo-60,2019-03-07 14:30:51.50463,11090,0
UChXOhG9bRDb3vSTg-qkPAZg,Gweilo-60,2019-03-07 14:29:50.981987,11090,0
UChXOhG9bRDb3vSTg-qkPAZg,Gweilo-60,2019-03-07 14:28:51.306973,11090,0
UChXOhG9bRDb3vSTg-qkPAZg,Gweilo-60,2019-03-07 14:27:51.431949,11090,0
UChXOhG9bRDb3vSTg-qkPAZg,Gweilo-60,2019-03-07 14:26:50.968369,11090,0
UChXOhG9bRDb3vSTg-qkPAZg,Gweilo-60,2019-03-07 14:25:50.889907,11090,0
UChXOhG9bRDb3vSTg-qkPAZg,Gweilo-60,2019-03-07 14:24:51.092795,11090,0
UChXOhG9bRDb3vSTg-qkPAZg,Gweilo-60,2019-03-07 14:23:50.991685,11090,0
UChXOhG9bRDb3vSTg-qkPAZg,Gweilo-60,2019-03-07 14:22:51.137414,11090,0
UChXOhG9bRDb3vSTg-qkPAZg,Gweilo-60,2019-03-07 14:21:51.379757,11090,0
UChXOhG9bRDb3vSTg-qkPAZg,Gweilo-60,2019-03-07 14:20:50.865578,11090,0
UChXOhG9bRDb3vSTg-qkPAZg,Gweilo-60,2019-03-07 14:19:51.457305,11090,0
UChXOhG9bRDb3vSTg-qkPAZg,Gweilo-60,2019-03-07 14:18:51.328786,11090,0
UChXOhG9bRDb3vSTg-qkPAZg,Gweilo-60,2019-03-07 14:17:51.02175,11090,0
UChXOhG9bRDb3vSTg-qkPAZg,Gweilo-60,2019-03-07 14:16:50.875975,11090,0
UChXOhG9bRDb3vSTg-qkPAZg,Gweilo-60,2019-03-07 14:15:51.499454,11090,0
UChXOhG9bRDb3vSTg-qkPAZg,Gweilo-60,2019-03-07 14:14:51.264323,11090,0
UChXOhG9bRDb3vSTg-qkPAZg,Gweilo-60,2019-03-07 14:13:51.283472,11090,0
UChXOhG9bRDb3vSTg-qkPAZg,Gweilo-60,2019-03-07 14:12:51.204518,11090,0
UChXOhG9bRDb3vSTg-qkPAZg,Gweilo-60,2019-03-07 14:11:51.159088,11090,0
UChXOhG9bRDb3vSTg-qkPAZg,Gweilo-60,2019-03-07 14:10:50.947739,11090,0
UChXOhG9bRDb3vSTg-qkPAZg,Gweilo-60,2019-03-07 14:09:51.398977,11090,0
UChXOhG9bRDb3vSTg-qkPAZg,Gweilo-60,2019-03-07 14:08:51.259069,11090,0
UChXOhG9bRDb3vSTg-qkPAZg,Gweilo-60,2019-03-07 14:07:51.529677,11090,0
UChXOhG9bRDb3vSTg-qkPAZg,Gweilo-60,2019-03-07 14:06:51.53307,11090,0
UChXOhG9bRDb3vSTg-qkPAZg,Gweilo-60,2019-03-07 14:05:51.333092,11090,0
UChXOhG9bRDb3vSTg-qkPAZg,Gweilo-60,2019-03-07 14:04:51.661722,11090,0
UChXOhG9bRDb3vSTg-qkPAZg,Gweilo-60,2019-03-07 14:03:51.432317,11090,0
UChXOhG9bRDb3vSTg-qkPAZg,Gweilo-60,2019-03-07 14:02:51.570986,11090,0
UChXOhG9bRDb3vSTg-qkPAZg,Gweilo-60,2019-03-07 14:01:51.781596,11090,0
UChXOhG9bRDb3vSTg-qkPAZg,Gweilo-60,2019-03-07 14:00:51.285978,11090,0
UChXOhG9bRDb3vSTg-qkPAZg,Gweilo-60,2019-03-07 13:59:51.62454,11090,0
UChXOhG9bRDb3vSTg-qkPAZg,Gweilo-60,2019-03-07 13:58:51.312832,11090,0
UChXOhG9bRDb3vSTg-qkPAZg,Gweilo-60,2019-03-07 13:57:51.954764,11090,0
UChXOhG9bRDb3vSTg-qkPAZg,Gweilo-60,2019-03-07 13:56:51.114604,11090,0
UChXOhG9bRDb3vSTg-qkPAZg,Gweilo-60,2019-03-07 13:55:51.301259,11090,0
UChXOhG9bRDb3vSTg-qkPAZg,Gweilo-60,2019-03-07 13:54:51.4171,11090,0
UChXOhG9bRDb3vSTg-qkPAZg,Gweilo-60,2019-03-07 13:53:51.253911,11090,0
UChXOhG9bRDb3vSTg-qkPAZg,Gweilo-60,2019-03-07 13:52:51.303875,11090,0
UChXOhG9bRDb3vSTg-qkPAZg,Gweilo-60,2019-03-07 13:51:51.157052,11090,0
UChXOhG9bRDb3vSTg-qkPAZg,Gweilo-60,2019-03-07 13:50:51.132002,11090,0
UChXOhG9bRDb3vSTg-qkPAZg,Gweilo-60,2019-03-07 13:49:51.699212,11090,0
UChXOhG9bRDb3vSTg-qkPAZg,Gweilo-60,2019-03-07 13:48:51.158051,11090,0
UChXOhG9bRDb3vSTg-qkPAZg,Gweilo-60,2019-03-07 13:47:51.666157,11090,0
UChXOhG9bRDb3vSTg-qkPAZg,Gweilo-60,2019-03-07 13:46:51.568247,11090,0
UChXOhG9bRDb3vSTg-qkPAZg,Gweilo-60,2019-03-07 13:45:51.47338,11090,0
UChXOhG9bRDb3vSTg-qkPAZg,Gweilo-60,2019-03-07 13:44:51.481006,11090,0
UChXOhG9bRDb3vSTg-qkPAZg,Gweilo-60,2019-03-07 13:43:51.314751,11090,0
UChXOhG9bRDb3vSTg-qkPAZg,Gweilo-60,2019-03-07 13:42:51.746249,11090,0
UChXOhG9bRDb3vSTg-qkPAZg,Gweilo-60,2019-03-07 13:41:51.972621,11090,0
UChXOhG9bRDb3vSTg-qkPAZg,Gweilo-60,2019-03-07 13:40:52.470829,11090,0
UChXOhG9bRDb3vSTg-qkPAZg,Gweilo-60,2019-03-07 13:39:51.251713,11090,0
UChXOhG9bRDb3vSTg-qkPAZg,Gweilo-60,2019-03-07 13:38:51.650299,11090,0
UChXOhG9bRDb3vSTg-qkPAZg,Gweilo-60,2019-03-07 13:37:51.651653,11090,0
UChXOhG9bRDb3vSTg-qkPAZg,Gweilo-60,2019-03-07 13:36:51.028326,11090,0
UChXOhG9bRDb3vSTg-qkPAZg,Gweilo-60,2019-03-07 13:35:51.727779,11090,0
UChXOhG9bRDb3vSTg-qkPAZg,Gweilo-60,2019-03-07 13:34:51.367849,11090,0
UChXOhG9bRDb3vSTg-qkPAZg,Gweilo-60,2019-03-07 13:33:50.742605,11090,0
UChXOhG9bRDb3vSTg-qkPAZg,Gweilo-60,2019-03-07 13:32:51.187085,11090,0
UChXOhG9bRDb3vSTg-qkPAZg,Gweilo-60,2019-03-07 13:31:51.489099,11090,0
UChXOhG9bRDb3vSTg-qkPAZg,Gweilo-60,2019-03-07 13:30:51.24811,11090,0
UChXOhG9bRDb3vSTg-qkPAZg,Gweilo-60,2019-03-07 13:29:50.961458,11090,0
UChXOhG9bRDb3vSTg-qkPAZg,Gweilo-60,2019-03-07 13:28:51.4737,11090,0
UChXOhG9bRDb3vSTg-qkPAZg,Gweilo-60,2019-03-07 13:27:51.352587,11090,0
UChXOhG9bRDb3vSTg-qkPAZg,Gweilo-60,2019-03-07 13:26:51.136579,11090,0
UChXOhG9bRDb3vSTg-qkPAZg,Gweilo-60,2019-03-07 13:25:51.343733,11090,0
UChXOhG9bRDb3vSTg-qkPAZg,Gweilo-60,2019-03-07 13:24:51.393724,11090,0
UChXOhG9bRDb3vSTg-qkPAZg,Gweilo-60,2019-03-07 13:23:50.838293,11090,0
UChXOhG9bRDb3vSTg-qkPAZg,Gweilo-60,2019-03-07 13:22:51.245398,11090,0
UChXOhG9bRDb3vSTg-qkPAZg,Gweilo-60,2019-03-07 13:21:51.400946,11090,0
UChXOhG9bRDb3vSTg-qkPAZg,Gweilo-60,2019-03-07 13:20:51.225665,11090,0
UChXOhG9bRDb3vSTg-qkPAZg,Gweilo-60,2019-03-07 13:19:51.227088,11090,0
UChXOhG9bRDb3vSTg-qkPAZg,Gweilo-60,2019-03-07 13:18:51.360702,11090,0
UChXOhG9bRDb3vSTg-qkPAZg,Gweilo-60,2019-03-07 13:17:51.417431,11090,0
UChXOhG9bRDb3vSTg-qkPAZg,Gweilo-60,2019-03-07 13:16:50.833512,11090,0
UChXOhG9bRDb3vSTg-qkPAZg,Gweilo-60,2019-03-07 13:15:51.459013,11090,0
UChXOhG9bRDb3vSTg-qkPAZg,Gweilo-60,2019-03-07 13:14:51.273262,11090,0
UChXOhG9bRDb3vSTg-qkPAZg,Gweilo-60,2019-03-07 13:13:51.109903,11090,0
UChXOhG9bRDb3vSTg-qkPAZg,Gweilo-60,2019-03-07 13:12:51.19145,11090,0
UChXOhG9bRDb3vSTg-qkPAZg,Gweilo-60,2019-03-07 13:11:51.31638,11090,0
UChXOhG9bRDb3vSTg-qkPAZg,Gweilo-60,2019-03-07 13:10:51.303022,11090,0
UChXOhG9bRDb3vSTg-qkPAZg,Gweilo-60,2019-03-07 13:09:52.175006,11090,0
UChXOhG9bRDb3vSTg-qkPAZg,Gweilo-60,2019-03-07 13:08:51.200225,11090,0
UChXOhG9bRDb3vSTg-qkPAZg,Gweilo-60,2019-03-07 13:07:51.105218,11090,0
UChXOhG9bRDb3vSTg-qkPAZg,Gweilo-60,2019-03-07 13:06:51.308697,11090,0
UChXOhG9bRDb3vSTg-qkPAZg,Gweilo-60,2019-03-07 13:05:51.513486,11090,0
UChXOhG9bRDb3vSTg-qkPAZg,Gweilo-60,2019-03-07 13:04:51.577891,11090,0
UChXOhG9bRDb3vSTg-qkPAZg,Gweilo-60,2019-03-07 13:03:51.40989,11090,0
UChXOhG9bRDb3vSTg-qkPAZg,Gweilo-60,2019-03-07 13:02:51.142435,11090,0
UChXOhG9bRDb3vSTg-qkPAZg,Gweilo-60,2019-03-07 13:01:51.67954,11090,0
UChXOhG9bRDb3vSTg-qkPAZg,Gweilo-60,2019-03-07 13:00:51.473305,11090,0
UChXOhG9bRDb3vSTg-qkPAZg,Gweilo-60,2019-03-07 12:59:51.380038,11090,0
UChXOhG9bRDb3vSTg-qkPAZg,Gweilo-60,2019-03-07 12:58:51.117163,11090,0
UChXOhG9bRDb3vSTg-qkPAZg,Gweilo-60,2019-03-07 12:57:51.572315,11090,0
UChXOhG9bRDb3vSTg-qkPAZg,Gweilo-60,2019-03-07 12:56:51.57801,11090,0
UChXOhG9bRDb3vSTg-qkPAZg,Gweilo-60,2019-03-07 12:55:51.304482,11090,0
UChXOhG9bRDb3vSTg-qkPAZg,Gweilo-60,2019-03-07 12:54:51.228999,11090,0
UChXOhG9bRDb3vSTg-qkPAZg,Gweilo-60,2019-03-07 12:53:50.982229,11090,0
UChXOhG9bRDb3vSTg-qkPAZg,Gweilo-60,2019-03-07 12:52:51.466538,11090,0
UChXOhG9bRDb3vSTg-qkPAZg,Gweilo-60,2019-03-07 12:51:51.564626,11090,0
UChXOhG9bRDb3vSTg-qkPAZg,Gweilo-60,2019-03-07 12:50:51.831452,11090,0
UChXOhG9bRDb3vSTg-qkPAZg,Gweilo-60,2019-03-07 12:49:51.010419,11090,0
UChXOhG9bRDb3vSTg-qkPAZg,Gweilo-60,2019-03-07 12:48:51.353756,11090,0
UChXOhG9bRDb3vSTg-qkPAZg,Gweilo-60,2019-03-07 12:47:51.006808,11090,0
UChXOhG9bRDb3vSTg-qkPAZg,Gweilo-60,2019-03-07 12:46:51.802318,11090,0
UChXOhG9bRDb3vSTg-qkPAZg,Gweilo-60,2019-03-07 12:45:51.152254,11090,0
UChXOhG9bRDb3vSTg-qkPAZg,Gweilo-60,2019-03-07 12:44:51.342002,11090,0
UChXOhG9bRDb3vSTg-qkPAZg,Gweilo-60,2019-03-07 12:43:51.91119,11090,0
UChXOhG9bRDb3vSTg-qkPAZg,Gweilo-60,2019-03-07 12:42:51.250796,11090,0
UChXOhG9bRDb3vSTg-qkPAZg,Gweilo-60,2019-03-07 12:41:51.32237,11090,0
UChXOhG9bRDb3vSTg-qkPAZg,Gweilo-60,2019-03-07 12:40:51.682534,11090,0
UChXOhG9bRDb3vSTg-qkPAZg,Gweilo-60,2019-03-07 12:39:51.529152,11090,0
UChXOhG9bRDb3vSTg-qkPAZg,Gweilo-60,2019-03-07 12:38:51.444298,11090,0
UChXOhG9bRDb3vSTg-qkPAZg,Gweilo-60,2019-03-07 12:37:52.112448,11090,0
UChXOhG9bRDb3vSTg-qkPAZg,Gweilo-60,2019-03-07 12:36:51.533408,11090,0
UChXOhG9bRDb3vSTg-qkPAZg,Gweilo-60,2019-03-07 12:35:51.580508,11090,0
UChXOhG9bRDb3vSTg-qkPAZg,Gweilo-60,2019-03-07 12:34:51.511831,11090,0
UChXOhG9bRDb3vSTg-qkPAZg,Gweilo-60,2019-03-07 12:33:51.149921,11090,0
UChXOhG9bRDb3vSTg-qkPAZg,Gweilo-60,2019-03-07 12:32:51.018638,11090,0
UChXOhG9bRDb3vSTg-qkPAZg,Gweilo-60,2019-03-07 12:31:51.603127,11090,0
UChXOhG9bRDb3vSTg-qkPAZg,Gweilo-60,2019-03-07 12:30:51.314062,11090,0
UChXOhG9bRDb3vSTg-qkPAZg,Gweilo-60,2019-03-07 12:29:51.263291,11090,0
UChXOhG9bRDb3vSTg-qkPAZg,Gweilo-60,2019-03-07 12:28:51.670968,11090,0
UChXOhG9bRDb3vSTg-qkPAZg,Gweilo-60,2019-03-07 12:27:51.295363,11090,0
UChXOhG9bRDb3vSTg-qkPAZg,Gweilo-60,2019-03-07 12:26:51.837484,11090,0
UChXOhG9bRDb3vSTg-qkPAZg,Gweilo-60,2019-03-07 12:25:51.258318,11090,0
UChXOhG9bRDb3vSTg-qkPAZg,Gweilo-60,2019-03-07 12:24:51.635372,11090,0
UChXOhG9bRDb3vSTg-qkPAZg,Gweilo-60,2019-03-07 12:23:51.123681,11090,0
UChXOhG9bRDb3vSTg-qkPAZg,Gweilo-60,2019-03-07 12:22:52.028241,11090,0
UChXOhG9bRDb3vSTg-qkPAZg,Gweilo-60,2019-03-07 12:21:51.424457,11090,0
UChXOhG9bRDb3vSTg-qkPAZg,Gweilo-60,2019-03-07 12:20:51.721627,11090,0
UChXOhG9bRDb3vSTg-qkPAZg,Gweilo-60,2019-03-07 12:19:51.343459,11090,0
UChXOhG9bRDb3vSTg-qkPAZg,Gweilo-60,2019-03-07 12:18:51.711559,11090,0
UChXOhG9bRDb3vSTg-qkPAZg,Gweilo-60,2019-03-07 12:17:52.305054,11090,0
UChXOhG9bRDb3vSTg-qkPAZg,Gweilo-60,2019-03-07 12:16:52.084016,11090,0
UChXOhG9bRDb3vSTg-qkPAZg,Gweilo-60,2019-03-07 12:15:51.38493,11090,0
UChXOhG9bRDb3vSTg-qkPAZg,Gweilo-60,2019-03-07 12:14:51.075959,11090,0
UChXOhG9bRDb3vSTg-qkPAZg,Gweilo-60,2019-03-07 12:13:51.534466,11090,0
UChXOhG9bRDb3vSTg-qkPAZg,Gweilo-60,2019-03-07 12:12:51.497709,11090,0
UChXOhG9bRDb3vSTg-qkPAZg,Gweilo-60,2019-03-07 12:11:51.319433,11090,0
UChXOhG9bRDb3vSTg-qkPAZg,Gweilo-60,2019-03-07 12:10:51.467163,11090,0
UChXOhG9bRDb3vSTg-qkPAZg,Gweilo-60,2019-03-07 12:09:51.388358,11090,0
UChXOhG9bRDb3vSTg-qkPAZg,Gweilo-60,2019-03-07 12:08:51.378002,11090,0
UChXOhG9bRDb3vSTg-qkPAZg,Gweilo-60,2019-03-07 12:07:51.69099,11090,0
UChXOhG9bRDb3vSTg-qkPAZg,Gweilo-60,2019-03-07 12:06:52.485009,11090,0
UChXOhG9bRDb3vSTg-qkPAZg,Gweilo-60,2019-03-07 12:05:51.091405,11090,0
UChXOhG9bRDb3vSTg-qkPAZg,Gweilo-60,2019-03-07 12:04:50.976485,11090,0
UChXOhG9bRDb3vSTg-qkPAZg,Gweilo-60,2019-03-07 12:03:51.213276,11090,0
UChXOhG9bRDb3vSTg-qkPAZg,Gweilo-60,2019-03-07 12:02:50.939541,11090,0
UChXOhG9bRDb3vSTg-qkPAZg,Gweilo-60,2019-03-07 12:01:51.265457,11090,0
UChXOhG9bRDb3vSTg-qkPAZg,Gweilo-60,2019-03-07 12:00:51.164651,11090,0
UChXOhG9bRDb3vSTg-qkPAZg,Gweilo-60,2019-03-07 11:59:50.823404,11090,0
UChXOhG9bRDb3vSTg-qkPAZg,Gweilo-60,2019-03-07 11:58:51.371675,11090,0
UChXOhG9bRDb3vSTg-qkPAZg,Gweilo-60,2019-03-07 11:57:51.901936,11090,0
UChXOhG9bRDb3vSTg-qkPAZg,Gweilo-60,2019-03-07 11:56:51.528338,11090,0
UChXOhG9bRDb3vSTg-qkPAZg,Gweilo-60,2019-03-07 11:55:51.815741,11090,0
UChXOhG9bRDb3vSTg-qkPAZg,Gweilo-60,2019-03-07 11:54:51.255794,11090,0
UChXOhG9bRDb3vSTg-qkPAZg,Gweilo-60,2019-03-07 11:53:51.180863,11090,0
UChXOhG9bRDb3vSTg-qkPAZg,Gweilo-60,2019-03-07 11:52:51.05725,11090,0
UChXOhG9bRDb3vSTg-qkPAZg,Gweilo-60,2019-03-07 11:51:51.276487,11090,0
UChXOhG9bRDb3vSTg-qkPAZg,Gweilo-60,2019-03-07 11:50:51.132123,11090,0
UChXOhG9bRDb3vSTg-qkPAZg,Gweilo-60,2019-03-07 11:49:51.318795,11090,0
UChXOhG9bRDb3vSTg-qkPAZg,Gweilo-60,2019-03-07 11:48:51.253712,11090,0
UChXOhG9bRDb3vSTg-qkPAZg,Gweilo-60,2019-03-07 11:47:51.209431,11090,0
UChXOhG9bRDb3vSTg-qkPAZg,Gweilo-60,2019-03-07 11:46:51.61631,11090,0
UChXOhG9bRDb3vSTg-qkPAZg,Gweilo-60,2019-03-07 11:45:51.077688,11090,0
UChXOhG9bRDb3vSTg-qkPAZg,Gweilo-60,2019-03-07 11:44:50.989118,11090,0
UChXOhG9bRDb3vSTg-qkPAZg,Gweilo-60,2019-03-07 11:43:51.077176,11090,0
UChXOhG9bRDb3vSTg-qkPAZg,Gweilo-60,2019-03-07 11:42:51.351685,11090,0
UChXOhG9bRDb3vSTg-qkPAZg,Gweilo-60,2019-03-07 11:41:51.463039,11090,0
UChXOhG9bRDb3vSTg-qkPAZg,Gweilo-60,2019-03-07 11:40:51.024169,11090,0
UChXOhG9bRDb3vSTg-qkPAZg,Gweilo-60,2019-03-07 11:39:51.626179,11090,0
UChXOhG9bRDb3vSTg-qkPAZg,Gweilo-60,2019-03-07 11:38:51.202999,11090,0
UChXOhG9bRDb3vSTg-qkPAZg,Gweilo-60,2019-03-07 11:37:51.192063,11090,0
UChXOhG9bRDb3vSTg-qkPAZg,Gweilo-60,2019-03-07 11:36:51.024783,11090,0
UChXOhG9bRDb3vSTg-qkPAZg,Gweilo-60,2019-03-07 11:35:51.182914,11090,0
UChXOhG9bRDb3vSTg-qkPAZg,Gweilo-60,2019-03-07 11:34:50.755042,11090,0
UChXOhG9bRDb3vSTg-qkPAZg,Gweilo-60,2019-03-07 11:33:51.759837,11090,0
UChXOhG9bRDb3vSTg-qkPAZg,Gweilo-60,2019-03-07 11:32:51.395138,11090,0
UChXOhG9bRDb3vSTg-qkPAZg,Gweilo-60,2019-03-07 11:31:50.995528,11090,0
UChXOhG9bRDb3vSTg-qkPAZg,Gweilo-60,2019-03-07 11:30:51.709854,11090,0
UChXOhG9bRDb3vSTg-qkPAZg,Gweilo-60,2019-03-07 11:29:51.222766,11090,0
UChXOhG9bRDb3vSTg-qkPAZg,Gweilo-60,2019-03-07 11:28:50.817666,11090,0
UChXOhG9bRDb3vSTg-qkPAZg,Gweilo-60,2019-03-07 11:27:50.93391,11090,0
UChXOhG9bRDb3vSTg-qkPAZg,Gweilo-60,2019-03-07 11:26:50.90159,11090,0
UChXOhG9bRDb3vSTg-qkPAZg,Gweilo-60,2019-03-07 11:25:51.841379,11090,0
UChXOhG9bRDb3vSTg-qkPAZg,Gweilo-60,2019-03-07 11:24:51.882146,11090,0
UChXOhG9bRDb3vSTg-qkPAZg,Gweilo-60,2019-03-07 11:23:51.032835,11090,0
UChXOhG9bRDb3vSTg-qkPAZg,Gweilo-60,2019-03-07 11:22:50.974423,11090,0
UChXOhG9bRDb3vSTg-qkPAZg,Gweilo-60,2019-03-07 11:21:51.807345,11090,0
UChXOhG9bRDb3vSTg-qkPAZg,Gweilo-60,2019-03-07 11:20:51.216679,11090,0
UChXOhG9bRDb3vSTg-qkPAZg,Gweilo-60,2019-03-07 11:19:51.65595,11090,0
UChXOhG9bRDb3vSTg-qkPAZg,Gweilo-60,2019-03-07 11:18:51.397217,11090,0
UChXOhG9bRDb3vSTg-qkPAZg,Gweilo-60,2019-03-07 11:17:51.360729,11090,0
UChXOhG9bRDb3vSTg-qkPAZg,Gweilo-60,2019-03-07 11:16:51.500078,11090,0
UChXOhG9bRDb3vSTg-qkPAZg,Gweilo-60,2019-03-07 11:15:51.169524,11090,0
UChXOhG9bRDb3vSTg-qkPAZg,Gweilo-60,2019-03-07 11:14:51.366121,11090,0
UChXOhG9bRDb3vSTg-qkPAZg,Gweilo-60,2019-03-07 11:13:51.410215,11090,0
UChXOhG9bRDb3vSTg-qkPAZg,Gweilo-60,2019-03-07 11:12:51.206528,11090,0
UChXOhG9bRDb3vSTg-qkPAZg,Gweilo-60,2019-03-07 11:11:51.219244,11090,0
UChXOhG9bRDb3vSTg-qkPAZg,Gweilo-60,2019-03-07 11:10:51.7899,11090,0
UChXOhG9bRDb3vSTg-qkPAZg,Gweilo-60,2019-03-07 11:09:51.101776,11090,0
UChXOhG9bRDb3vSTg-qkPAZg,Gweilo-60,2019-03-07 11:08:51.211099,11090,0
UChXOhG9bRDb3vSTg-qkPAZg,Gweilo-60,2019-03-07 11:07:51.515081,11090,0
UChXOhG9bRDb3vSTg-qkPAZg,Gweilo-60,2019-03-07 11:06:51.660446,11090,0
UChXOhG9bRDb3vSTg-qkPAZg,Gweilo-60,2019-03-07 11:05:51.217564,11090,0
UChXOhG9bRDb3vSTg-qkPAZg,Gweilo-60,2019-03-07 11:04:52.782779,11090,0
UChXOhG9bRDb3vSTg-qkPAZg,Gweilo-60,2019-03-07 11:03:51.243123,11090,0
UChXOhG9bRDb3vSTg-qkPAZg,Gweilo-60,2019-03-07 11:02:50.982421,11090,0
UChXOhG9bRDb3vSTg-qkPAZg,Gweilo-60,2019-03-07 11:01:51.173757,11090,0
UChXOhG9bRDb3vSTg-qkPAZg,Gweilo-60,2019-03-07 11:00:51.613167,11090,0
UChXOhG9bRDb3vSTg-qkPAZg,Gweilo-60,2019-03-07 10:59:51.548411,11090,0
UChXOhG9bRDb3vSTg-qkPAZg,Gweilo-60,2019-03-07 10:58:52.130043,11090,0
UChXOhG9bRDb3vSTg-qkPAZg,Gweilo-60,2019-03-07 10:57:51.678578,11090,0
UChXOhG9bRDb3vSTg-qkPAZg,Gweilo-60,2019-03-07 10:56:51.15849,11090,0
UChXOhG9bRDb3vSTg-qkPAZg,Gweilo-60,2019-03-07 10:55:51.447732,11090,0
UChXOhG9bRDb3vSTg-qkPAZg,Gweilo-60,2019-03-07 10:54:51.645321,11090,0
UChXOhG9bRDb3vSTg-qkPAZg,Gweilo-60,2019-03-07 10:53:51.473144,11090,0
UChXOhG9bRDb3vSTg-qkPAZg,Gweilo-60,2019-03-07 10:52:51.258256,11090,0
UChXOhG9bRDb3vSTg-qkPAZg,Gweilo-60,2019-03-07 10:51:51.397518,11090,0
UChXOhG9bRDb3vSTg-qkPAZg,Gweilo-60,2019-03-07 10:50:51.014941,11090,0
UChXOhG9bRDb3vSTg-qkPAZg,Gweilo-60,2019-03-07 10:49:51.348707,11090,0
UChXOhG9bRDb3vSTg-qkPAZg,Gweilo-60,2019-03-07 10:48:51.314672,11090,0
UChXOhG9bRDb3vSTg-qkPAZg,Gweilo-60,2019-03-07 10:47:51.459702,11090,0
UChXOhG9bRDb3vSTg-qkPAZg,Gweilo-60,2019-03-07 10:46:52.033989,11090,0
UChXOhG9bRDb3vSTg-qkPAZg,Gweilo-60,2019-03-07 10:45:51.204241,11090,0
UChXOhG9bRDb3vSTg-qkPAZg,Gweilo-60,2019-03-07 10:44:51.388874,11090,0
UChXOhG9bRDb3vSTg-qkPAZg,Gweilo-60,2019-03-07 10:43:51.102718,11090,0
UChXOhG9bRDb3vSTg-qkPAZg,Gweilo-60,2019-03-07 10:42:50.961363,11090,0
UChXOhG9bRDb3vSTg-qkPAZg,Gweilo-60,2019-03-07 10:41:51.193286,11090,0
UChXOhG9bRDb3vSTg-qkPAZg,Gweilo-60,2019-03-07 10:40:51.388382,11090,0
UChXOhG9bRDb3vSTg-qkPAZg,Gweilo-60,2019-03-07 10:39:51.05135,11090,0
UChXOhG9bRDb3vSTg-qkPAZg,Gweilo-60,2019-03-07 10:38:51.587558,11090,0
UChXOhG9bRDb3vSTg-qkPAZg,Gweilo-60,2019-03-07 10:37:51.240282,11090,0
UChXOhG9bRDb3vSTg-qkPAZg,Gweilo-60,2019-03-07 10:36:51.330903,11090,0
UChXOhG9bRDb3vSTg-qkPAZg,Gweilo-60,2019-03-07 10:35:51.581744,11090,0
UChXOhG9bRDb3vSTg-qkPAZg,Gweilo-60,2019-03-07 10:34:51.428039,11090,0
UChXOhG9bRDb3vSTg-qkPAZg,Gweilo-60,2019-03-07 10:33:51.211063,11090,0
UChXOhG9bRDb3vSTg-qkPAZg,Gweilo-60,2019-03-07 10:32:51.296908,11090,0
UChXOhG9bRDb3vSTg-qkPAZg,Gweilo-60,2019-03-07 10:31:51.385268,11090,0
UChXOhG9bRDb3vSTg-qkPAZg,Gweilo-60,2019-03-07 10:30:51.145194,11090,0
UChXOhG9bRDb3vSTg-qkPAZg,Gweilo-60,2019-03-07 10:29:51.445612,11090,0
UChXOhG9bRDb3vSTg-qkPAZg,Gweilo-60,2019-03-07 10:28:51.366613,11090,0
UChXOhG9bRDb3vSTg-qkPAZg,Gweilo-60,2019-03-07 10:27:51.119165,11090,0
UChXOhG9bRDb3vSTg-qkPAZg,Gweilo-60,2019-03-07 10:26:51.188327,11090,0
UChXOhG9bRDb3vSTg-qkPAZg,Gweilo-60,2019-03-07 10:25:51.16219,11090,0
UChXOhG9bRDb3vSTg-qkPAZg,Gweilo-60,2019-03-07 10:24:51.292386,11090,0
UChXOhG9bRDb3vSTg-qkPAZg,Gweilo-60,2019-03-07 10:23:50.889887,11090,0
UChXOhG9bRDb3vSTg-qkPAZg,Gweilo-60,2019-03-07 10:22:51.375707,11090,0
UChXOhG9bRDb3vSTg-qkPAZg,Gweilo-60,2019-03-07 10:21:51.420156,11090,0
UChXOhG9bRDb3vSTg-qkPAZg,Gweilo-60,2019-03-07 10:20:51.422436,11090,0
UChXOhG9bRDb3vSTg-qkPAZg,Gweilo-60,2019-03-07 10:19:51.073647,11090,0
UChXOhG9bRDb3vSTg-qkPAZg,Gweilo-60,2019-03-07 10:18:51.069146,11090,0
UChXOhG9bRDb3vSTg-qkPAZg,Gweilo-60,2019-03-07 10:17:51.382774,11090,0
UChXOhG9bRDb3vSTg-qkPAZg,Gweilo-60,2019-03-07 10:16:51.276339,11090,0
UChXOhG9bRDb3vSTg-qkPAZg,Gweilo-60,2019-03-07 10:15:53.406604,11090,0
UChXOhG9bRDb3vSTg-qkPAZg,Gweilo-60,2019-03-07 10:14:51.29387,11090,0
UChXOhG9bRDb3vSTg-qkPAZg,Gweilo-60,2019-03-07 10:13:51.386412,11090,0
UChXOhG9bRDb3vSTg-qkPAZg,Gweilo-60,2019-03-07 10:12:52.63323,11090,0
UChXOhG9bRDb3vSTg-qkPAZg,Gweilo-60,2019-03-07 10:11:51.194434,11090,0
UChXOhG9bRDb3vSTg-qkPAZg,Gweilo-60,2019-03-07 10:10:51.694752,11090,0
UChXOhG9bRDb3vSTg-qkPAZg,Gweilo-60,2019-03-07 10:09:51.066203,11090,0
UChXOhG9bRDb3vSTg-qkPAZg,Gweilo-60,2019-03-07 10:08:51.46745,11090,0
UChXOhG9bRDb3vSTg-qkPAZg,Gweilo-60,2019-03-07 10:07:51.861692,11090,0
UChXOhG9bRDb3vSTg-qkPAZg,Gweilo-60,2019-03-07 10:06:51.16347,11090,0
UChXOhG9bRDb3vSTg-qkPAZg,Gweilo-60,2019-03-07 10:05:51.674201,11090,0
UChXOhG9bRDb3vSTg-qkPAZg,Gweilo-60,2019-03-07 10:04:51.9652,11090,0
UChXOhG9bRDb3vSTg-qkPAZg,Gweilo-60,2019-03-07 10:03:51.182765,11090,-1
UChXOhG9bRDb3vSTg-qkPAZg,Gweilo-60,2019-03-07 10:02:51.237113,11091,0
UChXOhG9bRDb3vSTg-qkPAZg,Gweilo-60,2019-03-07 10:01:51.347872,11091,0
UChXOhG9bRDb3vSTg-qkPAZg,Gweilo-60,2019-03-07 10:00:51.439512,11091,0
UChXOhG9bRDb3vSTg-qkPAZg,Gweilo-60,2019-03-07 09:59:51.149478,11091,0
UChXOhG9bRDb3vSTg-qkPAZg,Gweilo-60,2019-03-07 09:58:51.185005,11091,0
UChXOhG9bRDb3vSTg-qkPAZg,Gweilo-60,2019-03-07 09:57:51.331243,11091,0
UChXOhG9bRDb3vSTg-qkPAZg,Gweilo-60,2019-03-07 09:56:51.421275,11091,0
UChXOhG9bRDb3vSTg-qkPAZg,Gweilo-60,2019-03-07 09:55:51.570137,11091,0
UChXOhG9bRDb3vSTg-qkPAZg,Gweilo-60,2019-03-07 09:54:50.968677,11091,0
UChXOhG9bRDb3vSTg-qkPAZg,Gweilo-60,2019-03-07 09:53:51.573087,11091,0
UChXOhG9bRDb3vSTg-qkPAZg,Gweilo-60,2019-03-07 09:52:51.334374,11091,0
UChXOhG9bRDb3vSTg-qkPAZg,Gweilo-60,2019-03-07 09:51:51.008482,11091,0
UChXOhG9bRDb3vSTg-qkPAZg,Gweilo-60,2019-03-07 09:50:51.288876,11091,0
UChXOhG9bRDb3vSTg-qkPAZg,Gweilo-60,2019-03-07 09:49:51.621332,11091,0
UChXOhG9bRDb3vSTg-qkPAZg,Gweilo-60,2019-03-07 09:48:51.447467,11091,0
UChXOhG9bRDb3vSTg-qkPAZg,Gweilo-60,2019-03-07 09:47:51.166102,11091,0
UChXOhG9bRDb3vSTg-qkPAZg,Gweilo-60,2019-03-07 09:46:51.25901,11091,0
UChXOhG9bRDb3vSTg-qkPAZg,Gweilo-60,2019-03-07 09:45:51.4177,11091,0
UChXOhG9bRDb3vSTg-qkPAZg,Gweilo-60,2019-03-07 09:44:51.602662,11091,0
UChXOhG9bRDb3vSTg-qkPAZg,Gweilo-60,2019-03-07 09:43:51.163351,11091,0
UChXOhG9bRDb3vSTg-qkPAZg,Gweilo-60,2019-03-07 09:42:51.281916,11091,0
UChXOhG9bRDb3vSTg-qkPAZg,Gweilo-60,2019-03-07 09:41:51.68024,11091,0
UChXOhG9bRDb3vSTg-qkPAZg,Gweilo-60,2019-03-07 09:40:50.945341,11091,0
UChXOhG9bRDb3vSTg-qkPAZg,Gweilo-60,2019-03-07 09:39:50.897618,11091,0
UChXOhG9bRDb3vSTg-qkPAZg,Gweilo-60,2019-03-07 09:38:51.266865,11091,0
UChXOhG9bRDb3vSTg-qkPAZg,Gweilo-60,2019-03-07 09:37:52.474505,11091,0
UChXOhG9bRDb3vSTg-qkPAZg,Gweilo-60,2019-03-07 09:36:51.039465,11091,0
UChXOhG9bRDb3vSTg-qkPAZg,Gweilo-60,2019-03-07 09:35:51.142392,11091,0
UChXOhG9bRDb3vSTg-qkPAZg,Gweilo-60,2019-03-07 09:34:51.75122,11091,0
UChXOhG9bRDb3vSTg-qkPAZg,Gweilo-60,2019-03-07 09:33:51.778243,11091,0
UChXOhG9bRDb3vSTg-qkPAZg,Gweilo-60,2019-03-07 09:32:51.232726,11091,0
UChXOhG9bRDb3vSTg-qkPAZg,Gweilo-60,2019-03-07 09:31:51.862769,11091,0
UChXOhG9bRDb3vSTg-qkPAZg,Gweilo-60,2019-03-07 09:30:51.098328,11091,0
UChXOhG9bRDb3vSTg-qkPAZg,Gweilo-60,2019-03-07 09:29:50.816009,11091,0
UChXOhG9bRDb3vSTg-qkPAZg,Gweilo-60,2019-03-07 09:28:51.040515,11091,0
UChXOhG9bRDb3vSTg-qkPAZg,Gweilo-60,2019-03-07 09:27:51.408152,11091,0
UChXOhG9bRDb3vSTg-qkPAZg,Gweilo-60,2019-03-07 09:26:51.093184,11091,0
UChXOhG9bRDb3vSTg-qkPAZg,Gweilo-60,2019-03-07 09:25:50.954144,11091,0
UChXOhG9bRDb3vSTg-qkPAZg,Gweilo-60,2019-03-07 09:24:50.635301,11091,0
UChXOhG9bRDb3vSTg-qkPAZg,Gweilo-60,2019-03-07 09:23:51.042973,11091,0
UChXOhG9bRDb3vSTg-qkPAZg,Gweilo-60,2019-03-07 09:22:50.818883,11091,0
UChXOhG9bRDb3vSTg-qkPAZg,Gweilo-60,2019-03-07 09:21:51.644018,11091,0
UChXOhG9bRDb3vSTg-qkPAZg,Gweilo-60,2019-03-07 09:20:51.241305,11091,0
UChXOhG9bRDb3vSTg-qkPAZg,Gweilo-60,2019-03-07 09:19:51.732845,11091,0
UChXOhG9bRDb3vSTg-qkPAZg,Gweilo-60,2019-03-07 09:18:51.122203,11091,0
UChXOhG9bRDb3vSTg-qkPAZg,Gweilo-60,2019-03-07 09:17:51.124475,11091,0
UChXOhG9bRDb3vSTg-qkPAZg,Gweilo-60,2019-03-07 09:16:51.560597,11091,0
UChXOhG9bRDb3vSTg-qkPAZg,Gweilo-60,2019-03-07 09:15:51.778134,11091,0
UChXOhG9bRDb3vSTg-qkPAZg,Gweilo-60,2019-03-07 09:14:51.199277,11091,0
UChXOhG9bRDb3vSTg-qkPAZg,Gweilo-60,2019-03-07 09:13:50.763282,11091,0
UChXOhG9bRDb3vSTg-qkPAZg,Gweilo-60,2019-03-07 09:12:51.094317,11091,0
UChXOhG9bRDb3vSTg-qkPAZg,Gweilo-60,2019-03-07 09:11:51.38745,11091,0
UChXOhG9bRDb3vSTg-qkPAZg,Gweilo-60,2019-03-07 09:10:51.071826,11091,0
UChXOhG9bRDb3vSTg-qkPAZg,Gweilo-60,2019-03-07 09:09:50.923698,11091,0
UChXOhG9bRDb3vSTg-qkPAZg,Gweilo-60,2019-03-07 09:08:51.113356,11091,0
UChXOhG9bRDb3vSTg-qkPAZg,Gweilo-60,2019-03-07 09:07:51.028905,11091,0
UChXOhG9bRDb3vSTg-qkPAZg,Gweilo-60,2019-03-07 09:06:50.682335,11091,0
UChXOhG9bRDb3vSTg-qkPAZg,Gweilo-60,2019-03-07 09:05:50.872343,11091,0
UChXOhG9bRDb3vSTg-qkPAZg,Gweilo-60,2019-03-07 09:04:51.64782,11091,0
UChXOhG9bRDb3vSTg-qkPAZg,Gweilo-60,2019-03-07 09:03:50.917906,11091,0
UChXOhG9bRDb3vSTg-qkPAZg,Gweilo-60,2019-03-07 09:02:50.953046,11091,0
UChXOhG9bRDb3vSTg-qkPAZg,Gweilo-60,2019-03-07 09:01:51.389196,11091,0
UChXOhG9bRDb3vSTg-qkPAZg,Gweilo-60,2019-03-07 09:00:51.360079,11091,0
UChXOhG9bRDb3vSTg-qkPAZg,Gweilo-60,2019-03-07 08:59:50.865413,11091,0
UChXOhG9bRDb3vSTg-qkPAZg,Gweilo-60,2019-03-07 08:58:51.475112,11091,0
UChXOhG9bRDb3vSTg-qkPAZg,Gweilo-60,2019-03-07 08:57:51.162864,11091,0
UChXOhG9bRDb3vSTg-qkPAZg,Gweilo-60,2019-03-07 08:56:51.185879,11091,0
UChXOhG9bRDb3vSTg-qkPAZg,Gweilo-60,2019-03-07 08:55:51.39797,11091,0
UChXOhG9bRDb3vSTg-qkPAZg,Gweilo-60,2019-03-07 08:54:51.167813,11091,0
UChXOhG9bRDb3vSTg-qkPAZg,Gweilo-60,2019-03-07 08:53:51.350977,11091,0
UChXOhG9bRDb3vSTg-qkPAZg,Gweilo-60,2019-03-07 08:52:51.303259,11091,0
UChXOhG9bRDb3vSTg-qkPAZg,Gweilo-60,2019-03-07 08:51:51.438179,11091,0
UChXOhG9bRDb3vSTg-qkPAZg,Gweilo-60,2019-03-07 08:50:51.302479,11091,0
UChXOhG9bRDb3vSTg-qkPAZg,Gweilo-60,2019-03-07 08:49:51.091598,11091,0
UChXOhG9bRDb3vSTg-qkPAZg,Gweilo-60,2019-03-07 08:48:51.878015,11091,0
UChXOhG9bRDb3vSTg-qkPAZg,Gweilo-60,2019-03-07 08:47:50.796868,11091,0
UChXOhG9bRDb3vSTg-qkPAZg,Gweilo-60,2019-03-07 08:46:51.218648,11091,0
UChXOhG9bRDb3vSTg-qkPAZg,Gweilo-60,2019-03-07 08:45:51.554889,11091,0
UChXOhG9bRDb3vSTg-qkPAZg,Gweilo-60,2019-03-07 08:44:51.994727,11091,0
UChXOhG9bRDb3vSTg-qkPAZg,Gweilo-60,2019-03-07 08:43:51.186943,11091,0
UChXOhG9bRDb3vSTg-qkPAZg,Gweilo-60,2019-03-07 08:42:51.1673,11091,0
UChXOhG9bRDb3vSTg-qkPAZg,Gweilo-60,2019-03-07 08:41:51.172461,11091,0
UChXOhG9bRDb3vSTg-qkPAZg,Gweilo-60,2019-03-07 08:40:51.396265,11091,0
UChXOhG9bRDb3vSTg-qkPAZg,Gweilo-60,2019-03-07 08:39:50.963249,11091,0
UChXOhG9bRDb3vSTg-qkPAZg,Gweilo-60,2019-03-07 08:38:51.284544,11091,0
UChXOhG9bRDb3vSTg-qkPAZg,Gweilo-60,2019-03-07 08:37:51.016223,11091,0
UChXOhG9bRDb3vSTg-qkPAZg,Gweilo-60,2019-03-07 08:36:51.348105,11091,0
UChXOhG9bRDb3vSTg-qkPAZg,Gweilo-60,2019-03-07 08:35:51.513419,11091,0
UChXOhG9bRDb3vSTg-qkPAZg,Gweilo-60,2019-03-07 08:34:51.248413,11091,0
UChXOhG9bRDb3vSTg-qkPAZg,Gweilo-60,2019-03-07 08:33:51.260911,11091,0
UChXOhG9bRDb3vSTg-qkPAZg,Gweilo-60,2019-03-07 08:32:50.991594,11091,0
UChXOhG9bRDb3vSTg-qkPAZg,Gweilo-60,2019-03-07 08:31:50.717835,11091,0
UChXOhG9bRDb3vSTg-qkPAZg,Gweilo-60,2019-03-07 08:30:51.343872,11091,0
UChXOhG9bRDb3vSTg-qkPAZg,Gweilo-60,2019-03-07 08:29:51.890966,11091,0
UChXOhG9bRDb3vSTg-qkPAZg,Gweilo-60,2019-03-07 08:28:51.769192,11091,0
UChXOhG9bRDb3vSTg-qkPAZg,Gweilo-60,2019-03-07 08:27:51.056829,11091,0
UChXOhG9bRDb3vSTg-qkPAZg,Gweilo-60,2019-03-07 08:26:51.216201,11091,0
UChXOhG9bRDb3vSTg-qkPAZg,Gweilo-60,2019-03-07 08:25:50.823798,11091,0
UChXOhG9bRDb3vSTg-qkPAZg,Gweilo-60,2019-03-07 08:24:51.072387,11091,0
UChXOhG9bRDb3vSTg-qkPAZg,Gweilo-60,2019-03-07 08:23:51.365613,11091,0
UChXOhG9bRDb3vSTg-qkPAZg,Gweilo-60,2019-03-07 08:22:51.070633,11091,0
UChXOhG9bRDb3vSTg-qkPAZg,Gweilo-60,2019-03-07 08:21:51.535397,11091,0
UChXOhG9bRDb3vSTg-qkPAZg,Gweilo-60,2019-03-07 08:20:51.138118,11091,0
UChXOhG9bRDb3vSTg-qkPAZg,Gweilo-60,2019-03-07 08:19:51.716017,11091,0
UChXOhG9bRDb3vSTg-qkPAZg,Gweilo-60,2019-03-07 08:18:51.251616,11091,0
UChXOhG9bRDb3vSTg-qkPAZg,Gweilo-60,2019-03-07 08:17:51.795943,11091,0
UChXOhG9bRDb3vSTg-qkPAZg,Gweilo-60,2019-03-07 08:16:51.215126,11091,0
UChXOhG9bRDb3vSTg-qkPAZg,Gweilo-60,2019-03-07 08:15:51.116187,11091,0
UChXOhG9bRDb3vSTg-qkPAZg,Gweilo-60,2019-03-07 08:14:51.488219,11091,0
UChXOhG9bRDb3vSTg-qkPAZg,Gweilo-60,2019-03-07 08:13:51.099132,11091,0
UChXOhG9bRDb3vSTg-qkPAZg,Gweilo-60,2019-03-07 08:12:51.009935,11091,0
UChXOhG9bRDb3vSTg-qkPAZg,Gweilo-60,2019-03-07 08:11:51.099964,11091,0
UChXOhG9bRDb3vSTg-qkPAZg,Gweilo-60,2019-03-07 08:10:51.31255,11091,0
UChXOhG9bRDb3vSTg-qkPAZg,Gweilo-60,2019-03-07 08:09:51.676432,11091,0
UChXOhG9bRDb3vSTg-qkPAZg,Gweilo-60,2019-03-07 08:08:51.041101,11091,0
UChXOhG9bRDb3vSTg-qkPAZg,Gweilo-60,2019-03-07 08:07:51.131634,11091,0
UChXOhG9bRDb3vSTg-qkPAZg,Gweilo-60,2019-03-07 08:06:50.958236,11091,0
UChXOhG9bRDb3vSTg-qkPAZg,Gweilo-60,2019-03-07 08:05:51.411777,11091,0
UChXOhG9bRDb3vSTg-qkPAZg,Gweilo-60,2019-03-07 08:04:51.593875,11091,0
UChXOhG9bRDb3vSTg-qkPAZg,Gweilo-60,2019-03-07 08:03:51.375778,11091,0
UChXOhG9bRDb3vSTg-qkPAZg,Gweilo-60,2019-03-07 08:02:51.370953,11091,0
UChXOhG9bRDb3vSTg-qkPAZg,Gweilo-60,2019-03-07 08:01:51.572215,11091,0
UChXOhG9bRDb3vSTg-qkPAZg,Gweilo-60,2019-03-07 08:00:51.229519,11091,0
UChXOhG9bRDb3vSTg-qkPAZg,Gweilo-60,2019-03-07 07:59:50.972858,11091,0
UChXOhG9bRDb3vSTg-qkPAZg,Gweilo-60,2019-03-07 07:58:51.306125,11091,0
UChXOhG9bRDb3vSTg-qkPAZg,Gweilo-60,2019-03-07 07:57:51.107061,11091,0
UChXOhG9bRDb3vSTg-qkPAZg,Gweilo-60,2019-03-07 07:56:51.041352,11091,0
UChXOhG9bRDb3vSTg-qkPAZg,Gweilo-60,2019-03-07 07:55:51.629165,11091,0
UChXOhG9bRDb3vSTg-qkPAZg,Gweilo-60,2019-03-07 07:54:51.322616,11091,0
UChXOhG9bRDb3vSTg-qkPAZg,Gweilo-60,2019-03-07 07:53:51.565868,11091,0
UChXOhG9bRDb3vSTg-qkPAZg,Gweilo-60,2019-03-07 07:52:51.498888,11091,0
UChXOhG9bRDb3vSTg-qkPAZg,Gweilo-60,2019-03-07 07:51:51.314387,11091,0
UChXOhG9bRDb3vSTg-qkPAZg,Gweilo-60,2019-03-07 07:50:51.24662,11091,0
UChXOhG9bRDb3vSTg-qkPAZg,Gweilo-60,2019-03-07 07:49:51.276111,11091,0
UChXOhG9bRDb3vSTg-qkPAZg,Gweilo-60,2019-03-07 07:48:51.598061,11091,0
UChXOhG9bRDb3vSTg-qkPAZg,Gweilo-60,2019-03-07 07:47:51.441505,11091,0
UChXOhG9bRDb3vSTg-qkPAZg,Gweilo-60,2019-03-07 07:46:51.241661,11091,0
UChXOhG9bRDb3vSTg-qkPAZg,Gweilo-60,2019-03-07 07:45:51.311987,11091,0
UChXOhG9bRDb3vSTg-qkPAZg,Gweilo-60,2019-03-07 07:44:52.212021,11091,0
UChXOhG9bRDb3vSTg-qkPAZg,Gweilo-60,2019-03-07 07:43:51.138496,11091,0
UChXOhG9bRDb3vSTg-qkPAZg,Gweilo-60,2019-03-07 07:42:51.251178,11091,0
UChXOhG9bRDb3vSTg-qkPAZg,Gweilo-60,2019-03-07 07:41:51.424996,11091,0
UChXOhG9bRDb3vSTg-qkPAZg,Gweilo-60,2019-03-07 07:40:51.280881,11091,0
UChXOhG9bRDb3vSTg-qkPAZg,Gweilo-60,2019-03-07 07:39:50.964791,11091,0
UChXOhG9bRDb3vSTg-qkPAZg,Gweilo-60,2019-03-07 07:38:51.121877,11091,0
UChXOhG9bRDb3vSTg-qkPAZg,Gweilo-60,2019-03-07 07:37:50.85241,11091,0
UChXOhG9bRDb3vSTg-qkPAZg,Gweilo-60,2019-03-07 07:36:51.621042,11091,0
UChXOhG9bRDb3vSTg-qkPAZg,Gweilo-60,2019-03-07 07:35:51.065262,11091,0
UChXOhG9bRDb3vSTg-qkPAZg,Gweilo-60,2019-03-07 07:34:51.24738,11091,0
UChXOhG9bRDb3vSTg-qkPAZg,Gweilo-60,2019-03-07 07:33:51.382259,11091,0
UChXOhG9bRDb3vSTg-qkPAZg,Gweilo-60,2019-03-07 07:32:51.411593,11091,0
UChXOhG9bRDb3vSTg-qkPAZg,Gweilo-60,2019-03-07 07:31:51.616845,11091,0
UChXOhG9bRDb3vSTg-qkPAZg,Gweilo-60,2019-03-07 07:30:51.081631,11091,0
UChXOhG9bRDb3vSTg-qkPAZg,Gweilo-60,2019-03-07 07:29:51.783725,11091,0
UChXOhG9bRDb3vSTg-qkPAZg,Gweilo-60,2019-03-07 07:28:51.46025,11091,0
UChXOhG9bRDb3vSTg-qkPAZg,Gweilo-60,2019-03-07 07:27:50.771799,11091,0
UChXOhG9bRDb3vSTg-qkPAZg,Gweilo-60,2019-03-07 07:26:51.543644,11091,0
UChXOhG9bRDb3vSTg-qkPAZg,Gweilo-60,2019-03-07 07:25:52.161188,11091,0
UChXOhG9bRDb3vSTg-qkPAZg,Gweilo-60,2019-03-07 07:24:51.205683,11091,0
UChXOhG9bRDb3vSTg-qkPAZg,Gweilo-60,2019-03-07 07:23:50.57746,11091,0
UChXOhG9bRDb3vSTg-qkPAZg,Gweilo-60,2019-03-07 07:22:50.73865,11091,0
UChXOhG9bRDb3vSTg-qkPAZg,Gweilo-60,2019-03-07 07:21:50.726204,11091,0
UChXOhG9bRDb3vSTg-qkPAZg,Gweilo-60,2019-03-07 07:20:51.058426,11091,0
UChXOhG9bRDb3vSTg-qkPAZg,Gweilo-60,2019-03-07 07:19:50.880278,11091,0
UChXOhG9bRDb3vSTg-qkPAZg,Gweilo-60,2019-03-07 07:18:50.957005,11091,0
UChXOhG9bRDb3vSTg-qkPAZg,Gweilo-60,2019-03-07 07:17:51.390703,11091,0
UChXOhG9bRDb3vSTg-qkPAZg,Gweilo-60,2019-03-07 07:16:51.014435,11091,0
UChXOhG9bRDb3vSTg-qkPAZg,Gweilo-60,2019-03-07 07:15:51.012276,11091,0
UChXOhG9bRDb3vSTg-qkPAZg,Gweilo-60,2019-03-07 07:14:50.829363,11091,0
UChXOhG9bRDb3vSTg-qkPAZg,Gweilo-60,2019-03-07 07:13:51.394775,11091,0
UChXOhG9bRDb3vSTg-qkPAZg,Gweilo-60,2019-03-07 07:12:51.321787,11091,0
UChXOhG9bRDb3vSTg-qkPAZg,Gweilo-60,2019-03-07 07:11:50.968582,11091,0
UChXOhG9bRDb3vSTg-qkPAZg,Gweilo-60,2019-03-07 07:10:51.134557,11091,0
UChXOhG9bRDb3vSTg-qkPAZg,Gweilo-60,2019-03-07 07:09:51.353045,11091,0
UChXOhG9bRDb3vSTg-qkPAZg,Gweilo-60,2019-03-07 07:08:51.210225,11091,0
UChXOhG9bRDb3vSTg-qkPAZg,Gweilo-60,2019-03-07 07:07:51.325773,11091,0
UChXOhG9bRDb3vSTg-qkPAZg,Gweilo-60,2019-03-07 07:06:51.246902,11091,0
UChXOhG9bRDb3vSTg-qkPAZg,Gweilo-60,2019-03-07 07:05:52.166851,11091,0
UChXOhG9bRDb3vSTg-qkPAZg,Gweilo-60,2019-03-07 07:04:50.963431,11091,0
UChXOhG9bRDb3vSTg-qkPAZg,Gweilo-60,2019-03-07 07:03:51.191848,11091,0
UChXOhG9bRDb3vSTg-qkPAZg,Gweilo-60,2019-03-07 07:02:51.347319,11091,0
UChXOhG9bRDb3vSTg-qkPAZg,Gweilo-60,2019-03-07 07:01:51.266984,11091,0
UChXOhG9bRDb3vSTg-qkPAZg,Gweilo-60,2019-03-07 07:00:51.276521,11091,0
UChXOhG9bRDb3vSTg-qkPAZg,Gweilo-60,2019-03-07 06:59:51.419857,11091,0
UChXOhG9bRDb3vSTg-qkPAZg,Gweilo-60,2019-03-07 06:58:51.84781,11091,0
UChXOhG9bRDb3vSTg-qkPAZg,Gweilo-60,2019-03-07 06:57:51.086959,11091,0
UChXOhG9bRDb3vSTg-qkPAZg,Gweilo-60,2019-03-07 06:56:51.365841,11091,0
UChXOhG9bRDb3vSTg-qkPAZg,Gweilo-60,2019-03-07 06:55:51.275788,11091,0
UChXOhG9bRDb3vSTg-qkPAZg,Gweilo-60,2019-03-07 06:54:51.21804,11091,0
UChXOhG9bRDb3vSTg-qkPAZg,Gweilo-60,2019-03-07 06:53:51.402816,11091,0
UChXOhG9bRDb3vSTg-qkPAZg,Gweilo-60,2019-03-07 06:52:50.877452,11091,0
UChXOhG9bRDb3vSTg-qkPAZg,Gweilo-60,2019-03-07 06:51:50.951287,11091,0
UChXOhG9bRDb3vSTg-qkPAZg,Gweilo-60,2019-03-07 06:50:51.44236,11091,0
UChXOhG9bRDb3vSTg-qkPAZg,Gweilo-60,2019-03-07 06:49:51.391375,11091,0
UChXOhG9bRDb3vSTg-qkPAZg,Gweilo-60,2019-03-07 06:48:51.423314,11091,0
UChXOhG9bRDb3vSTg-qkPAZg,Gweilo-60,2019-03-07 06:47:51.755134,11091,0
UChXOhG9bRDb3vSTg-qkPAZg,Gweilo-60,2019-03-07 06:46:51.361241,11091,0
UChXOhG9bRDb3vSTg-qkPAZg,Gweilo-60,2019-03-07 06:45:51.04149,11091,0
UChXOhG9bRDb3vSTg-qkPAZg,Gweilo-60,2019-03-07 06:44:51.456494,11091,0
UChXOhG9bRDb3vSTg-qkPAZg,Gweilo-60,2019-03-07 06:43:51.192104,11091,0
UChXOhG9bRDb3vSTg-qkPAZg,Gweilo-60,2019-03-07 06:42:50.744453,11091,0
UChXOhG9bRDb3vSTg-qkPAZg,Gweilo-60,2019-03-07 06:41:51.725424,11091,0
UChXOhG9bRDb3vSTg-qkPAZg,Gweilo-60,2019-03-07 06:40:51.278214,11091,0
UChXOhG9bRDb3vSTg-qkPAZg,Gweilo-60,2019-03-07 06:39:51.844573,11091,0
UChXOhG9bRDb3vSTg-qkPAZg,Gweilo-60,2019-03-07 06:38:51.848841,11091,0
UChXOhG9bRDb3vSTg-qkPAZg,Gweilo-60,2019-03-07 06:37:51.26552,11091,0
UChXOhG9bRDb3vSTg-qkPAZg,Gweilo-60,2019-03-07 06:36:51.004541,11091,0
UChXOhG9bRDb3vSTg-qkPAZg,Gweilo-60,2019-03-07 06:35:51.295823,11091,0
UChXOhG9bRDb3vSTg-qkPAZg,Gweilo-60,2019-03-07 06:34:51.27835,11091,0
UChXOhG9bRDb3vSTg-qkPAZg,Gweilo-60,2019-03-07 06:33:51.105644,11091,0
UChXOhG9bRDb3vSTg-qkPAZg,Gweilo-60,2019-03-07 06:32:51.613427,11091,0
UChXOhG9bRDb3vSTg-qkPAZg,Gweilo-60,2019-03-07 06:31:50.885957,11091,0
UChXOhG9bRDb3vSTg-qkPAZg,Gweilo-60,2019-03-07 06:30:51.383376,11091,0
UChXOhG9bRDb3vSTg-qkPAZg,Gweilo-60,2019-03-07 06:29:51.368086,11091,0
UChXOhG9bRDb3vSTg-qkPAZg,Gweilo-60,2019-03-07 06:28:52.050195,11091,0
UChXOhG9bRDb3vSTg-qkPAZg,Gweilo-60,2019-03-07 06:27:51.674757,11091,0
UChXOhG9bRDb3vSTg-qkPAZg,Gweilo-60,2019-03-07 06:26:51.591018,11091,0
UChXOhG9bRDb3vSTg-qkPAZg,Gweilo-60,2019-03-07 06:25:51.18427,11091,0
UChXOhG9bRDb3vSTg-qkPAZg,Gweilo-60,2019-03-07 06:24:50.877097,11091,-1
UChXOhG9bRDb3vSTg-qkPAZg,Gweilo-60,2019-03-07 06:23:51.100337,11092,0
UChXOhG9bRDb3vSTg-qkPAZg,Gweilo-60,2019-03-07 06:22:51.18978,11092,0
UChXOhG9bRDb3vSTg-qkPAZg,Gweilo-60,2019-03-07 06:21:51.164489,11092,0
UChXOhG9bRDb3vSTg-qkPAZg,Gweilo-60,2019-03-07 06:20:51.462545,11092,0
UChXOhG9bRDb3vSTg-qkPAZg,Gweilo-60,2019-03-07 06:19:51.109176,11092,0
UChXOhG9bRDb3vSTg-qkPAZg,Gweilo-60,2019-03-07 06:18:50.827216,11092,0
UChXOhG9bRDb3vSTg-qkPAZg,Gweilo-60,2019-03-07 06:17:51.33201,11092,0
UChXOhG9bRDb3vSTg-qkPAZg,Gweilo-60,2019-03-07 06:16:51.483799,11092,0
UChXOhG9bRDb3vSTg-qkPAZg,Gweilo-60,2019-03-07 06:15:51.350853,11092,0
UChXOhG9bRDb3vSTg-qkPAZg,Gweilo-60,2019-03-07 06:14:51.542878,11092,0
UChXOhG9bRDb3vSTg-qkPAZg,Gweilo-60,2019-03-07 06:13:51.845433,11092,0
UChXOhG9bRDb3vSTg-qkPAZg,Gweilo-60,2019-03-07 06:12:51.355529,11092,0
UChXOhG9bRDb3vSTg-qkPAZg,Gweilo-60,2019-03-07 06:11:51.021631,11092,0
UChXOhG9bRDb3vSTg-qkPAZg,Gweilo-60,2019-03-07 06:10:50.853858,11092,0
UChXOhG9bRDb3vSTg-qkPAZg,Gweilo-60,2019-03-07 06:09:51.159265,11092,0
UChXOhG9bRDb3vSTg-qkPAZg,Gweilo-60,2019-03-07 06:08:51.191373,11092,0
UChXOhG9bRDb3vSTg-qkPAZg,Gweilo-60,2019-03-07 06:07:51.744429,11092,0
UChXOhG9bRDb3vSTg-qkPAZg,Gweilo-60,2019-03-07 06:06:51.452653,11092,0
UChXOhG9bRDb3vSTg-qkPAZg,Gweilo-60,2019-03-07 06:05:50.967216,11092,0
UChXOhG9bRDb3vSTg-qkPAZg,Gweilo-60,2019-03-07 06:04:52.106521,11092,0
UChXOhG9bRDb3vSTg-qkPAZg,Gweilo-60,2019-03-07 06:03:51.736162,11092,0
UChXOhG9bRDb3vSTg-qkPAZg,Gweilo-60,2019-03-07 06:02:51.690057,11092,0
UChXOhG9bRDb3vSTg-qkPAZg,Gweilo-60,2019-03-07 06:01:51.023859,11092,0
UChXOhG9bRDb3vSTg-qkPAZg,Gweilo-60,2019-03-07 06:00:51.278743,11092,0
UChXOhG9bRDb3vSTg-qkPAZg,Gweilo-60,2019-03-07 05:59:51.576558,11092,0
UChXOhG9bRDb3vSTg-qkPAZg,Gweilo-60,2019-03-07 05:58:51.129417,11092,0
UChXOhG9bRDb3vSTg-qkPAZg,Gweilo-60,2019-03-07 05:57:51.122773,11092,0
UChXOhG9bRDb3vSTg-qkPAZg,Gweilo-60,2019-03-07 05:56:50.933579,11092,0
UChXOhG9bRDb3vSTg-qkPAZg,Gweilo-60,2019-03-07 05:55:51.622311,11092,1
UChXOhG9bRDb3vSTg-qkPAZg,Gweilo-60,2019-03-07 05:54:51.185259,11091,0
UChXOhG9bRDb3vSTg-qkPAZg,Gweilo-60,2019-03-07 05:53:50.973336,11091,0
UChXOhG9bRDb3vSTg-qkPAZg,Gweilo-60,2019-03-07 05:52:51.254971,11091,0
UChXOhG9bRDb3vSTg-qkPAZg,Gweilo-60,2019-03-07 05:51:51.136262,11091,0
UChXOhG9bRDb3vSTg-qkPAZg,Gweilo-60,2019-03-07 05:50:51.808407,11091,0
UChXOhG9bRDb3vSTg-qkPAZg,Gweilo-60,2019-03-07 05:49:51.340667,11091,0
UChXOhG9bRDb3vSTg-qkPAZg,Gweilo-60,2019-03-07 05:48:51.466215,11091,0
UChXOhG9bRDb3vSTg-qkPAZg,Gweilo-60,2019-03-07 05:47:51.475835,11091,0
UChXOhG9bRDb3vSTg-qkPAZg,Gweilo-60,2019-03-07 05:46:51.118306,11091,0
UChXOhG9bRDb3vSTg-qkPAZg,Gweilo-60,2019-03-07 05:45:51.089687,11091,0
UChXOhG9bRDb3vSTg-qkPAZg,Gweilo-60,2019-03-07 05:44:51.641453,11091,0
UChXOhG9bRDb3vSTg-qkPAZg,Gweilo-60,2019-03-07 05:43:51.238894,11091,0
UChXOhG9bRDb3vSTg-qkPAZg,Gweilo-60,2019-03-07 05:42:51.010935,11091,0
UChXOhG9bRDb3vSTg-qkPAZg,Gweilo-60,2019-03-07 05:41:51.904309,11091,0
UChXOhG9bRDb3vSTg-qkPAZg,Gweilo-60,2019-03-07 05:40:51.435284,11091,0
UChXOhG9bRDb3vSTg-qkPAZg,Gweilo-60,2019-03-07 05:39:50.649662,11091,0
UChXOhG9bRDb3vSTg-qkPAZg,Gweilo-60,2019-03-07 05:38:51.708492,11091,0
UChXOhG9bRDb3vSTg-qkPAZg,Gweilo-60,2019-03-07 05:37:50.926487,11091,0
UChXOhG9bRDb3vSTg-qkPAZg,Gweilo-60,2019-03-07 05:36:53.368735,11091,0
UChXOhG9bRDb3vSTg-qkPAZg,Gweilo-60,2019-03-07 05:35:52.065853,11091,0
UChXOhG9bRDb3vSTg-qkPAZg,Gweilo-60,2019-03-07 05:34:51.222425,11091,0
UChXOhG9bRDb3vSTg-qkPAZg,Gweilo-60,2019-03-07 05:33:51.606405,11091,0
UChXOhG9bRDb3vSTg-qkPAZg,Gweilo-60,2019-03-07 05:32:52.318208,11091,0
UChXOhG9bRDb3vSTg-qkPAZg,Gweilo-60,2019-03-07 05:31:51.784981,11091,0
UChXOhG9bRDb3vSTg-qkPAZg,Gweilo-60,2019-03-07 05:30:51.236857,11091,0
UChXOhG9bRDb3vSTg-qkPAZg,Gweilo-60,2019-03-07 05:29:50.976409,11091,0
UChXOhG9bRDb3vSTg-qkPAZg,Gweilo-60,2019-03-07 05:28:51.520852,11091,0
UChXOhG9bRDb3vSTg-qkPAZg,Gweilo-60,2019-03-07 05:27:52.779597,11091,0
UChXOhG9bRDb3vSTg-qkPAZg,Gweilo-60,2019-03-07 05:26:51.645084,11091,0
UChXOhG9bRDb3vSTg-qkPAZg,Gweilo-60,2019-03-07 05:25:51.256206,11091,0
UChXOhG9bRDb3vSTg-qkPAZg,Gweilo-60,2019-03-07 05:24:51.636791,11091,0
UChXOhG9bRDb3vSTg-qkPAZg,Gweilo-60,2019-03-07 05:23:51.565878,11091,0
UChXOhG9bRDb3vSTg-qkPAZg,Gweilo-60,2019-03-07 05:22:51.071713,11091,0
UChXOhG9bRDb3vSTg-qkPAZg,Gweilo-60,2019-03-07 05:21:51.471783,11091,0
UChXOhG9bRDb3vSTg-qkPAZg,Gweilo-60,2019-03-07 05:20:51.317575,11091,0
UChXOhG9bRDb3vSTg-qkPAZg,Gweilo-60,2019-03-07 05:19:51.026394,11091,0
UChXOhG9bRDb3vSTg-qkPAZg,Gweilo-60,2019-03-07 05:18:50.987645,11091,0
UChXOhG9bRDb3vSTg-qkPAZg,Gweilo-60,2019-03-07 05:17:52.136982,11091,0
UChXOhG9bRDb3vSTg-qkPAZg,Gweilo-60,2019-03-07 05:16:50.89282,11091,0
UChXOhG9bRDb3vSTg-qkPAZg,Gweilo-60,2019-03-07 05:15:51.027685,11091,0
UChXOhG9bRDb3vSTg-qkPAZg,Gweilo-60,2019-03-07 05:14:51.032283,11091,0
UChXOhG9bRDb3vSTg-qkPAZg,Gweilo-60,2019-03-07 05:13:51.251048,11091,0
UChXOhG9bRDb3vSTg-qkPAZg,Gweilo-60,2019-03-07 05:12:51.474891,11091,0
UChXOhG9bRDb3vSTg-qkPAZg,Gweilo-60,2019-03-07 05:11:51.230037,11091,0
UChXOhG9bRDb3vSTg-qkPAZg,Gweilo-60,2019-03-07 05:10:51.510812,11091,0
UChXOhG9bRDb3vSTg-qkPAZg,Gweilo-60,2019-03-07 05:09:51.256582,11091,0
UChXOhG9bRDb3vSTg-qkPAZg,Gweilo-60,2019-03-07 05:08:51.198593,11091,0
UChXOhG9bRDb3vSTg-qkPAZg,Gweilo-60,2019-03-07 05:07:51.306049,11091,0
UChXOhG9bRDb3vSTg-qkPAZg,Gweilo-60,2019-03-07 05:06:51.077687,11091,0
UChXOhG9bRDb3vSTg-qkPAZg,Gweilo-60,2019-03-07 05:05:50.826955,11091,0
UChXOhG9bRDb3vSTg-qkPAZg,Gweilo-60,2019-03-07 05:04:51.210484,11091,0
UChXOhG9bRDb3vSTg-qkPAZg,Gweilo-60,2019-03-07 05:03:51.052102,11091,0
UChXOhG9bRDb3vSTg-qkPAZg,Gweilo-60,2019-03-07 05:02:51.309372,11091,0
UChXOhG9bRDb3vSTg-qkPAZg,Gweilo-60,2019-03-07 05:01:51.769798,11091,0
UChXOhG9bRDb3vSTg-qkPAZg,Gweilo-60,2019-03-07 05:00:51.439548,11091,0
UChXOhG9bRDb3vSTg-qkPAZg,Gweilo-60,2019-03-07 04:59:51.304221,11091,0
UChXOhG9bRDb3vSTg-qkPAZg,Gweilo-60,2019-03-07 04:58:50.8465,11091,0
UChXOhG9bRDb3vSTg-qkPAZg,Gweilo-60,2019-03-07 04:57:51.213688,11091,0
UChXOhG9bRDb3vSTg-qkPAZg,Gweilo-60,2019-03-07 04:56:51.633333,11091,0
UChXOhG9bRDb3vSTg-qkPAZg,Gweilo-60,2019-03-07 04:55:51.353494,11091,0
UChXOhG9bRDb3vSTg-qkPAZg,Gweilo-60,2019-03-07 04:54:50.812985,11091,0
UChXOhG9bRDb3vSTg-qkPAZg,Gweilo-60,2019-03-07 04:53:51.727703,11091,0
UChXOhG9bRDb3vSTg-qkPAZg,Gweilo-60,2019-03-07 04:52:51.178935,11091,0
UChXOhG9bRDb3vSTg-qkPAZg,Gweilo-60,2019-03-07 04:51:51.460802,11091,0
UChXOhG9bRDb3vSTg-qkPAZg,Gweilo-60,2019-03-07 04:50:51.205724,11091,0
UChXOhG9bRDb3vSTg-qkPAZg,Gweilo-60,2019-03-07 04:49:51.327962,11091,0
UChXOhG9bRDb3vSTg-qkPAZg,Gweilo-60,2019-03-07 04:48:51.240565,11091,0
UChXOhG9bRDb3vSTg-qkPAZg,Gweilo-60,2019-03-07 04:47:51.472278,11091,0
UChXOhG9bRDb3vSTg-qkPAZg,Gweilo-60,2019-03-07 04:46:51.480431,11091,0
UChXOhG9bRDb3vSTg-qkPAZg,Gweilo-60,2019-03-07 04:45:51.127077,11091,0
UChXOhG9bRDb3vSTg-qkPAZg,Gweilo-60,2019-03-07 04:44:51.588304,11091,0
UChXOhG9bRDb3vSTg-qkPAZg,Gweilo-60,2019-03-07 04:43:51.731485,11091,0
UChXOhG9bRDb3vSTg-qkPAZg,Gweilo-60,2019-03-07 04:42:51.314208,11091,0
UChXOhG9bRDb3vSTg-qkPAZg,Gweilo-60,2019-03-07 04:41:51.280597,11091,0
UChXOhG9bRDb3vSTg-qkPAZg,Gweilo-60,2019-03-07 04:40:51.486229,11091,0
UChXOhG9bRDb3vSTg-qkPAZg,Gweilo-60,2019-03-07 04:39:51.496919,11091,0
UChXOhG9bRDb3vSTg-qkPAZg,Gweilo-60,2019-03-07 04:38:50.980085,11091,0
UChXOhG9bRDb3vSTg-qkPAZg,Gweilo-60,2019-03-07 04:37:51.518245,11091,0
UChXOhG9bRDb3vSTg-qkPAZg,Gweilo-60,2019-03-07 04:36:51.0153,11091,0
UChXOhG9bRDb3vSTg-qkPAZg,Gweilo-60,2019-03-07 04:35:51.767132,11091,0
UChXOhG9bRDb3vSTg-qkPAZg,Gweilo-60,2019-03-07 04:34:51.216468,11091,0
UChXOhG9bRDb3vSTg-qkPAZg,Gweilo-60,2019-03-07 04:33:51.447509,11091,0
UChXOhG9bRDb3vSTg-qkPAZg,Gweilo-60,2019-03-07 04:32:51.352967,11091,0
UChXOhG9bRDb3vSTg-qkPAZg,Gweilo-60,2019-03-07 04:31:51.235483,11091,0
UChXOhG9bRDb3vSTg-qkPAZg,Gweilo-60,2019-03-07 04:30:51.059251,11091,0
UChXOhG9bRDb3vSTg-qkPAZg,Gweilo-60,2019-03-07 04:29:52.580305,11091,0
UChXOhG9bRDb3vSTg-qkPAZg,Gweilo-60,2019-03-07 04:28:51.043786,11091,0
UChXOhG9bRDb3vSTg-qkPAZg,Gweilo-60,2019-03-07 04:27:51.440058,11091,0
UChXOhG9bRDb3vSTg-qkPAZg,Gweilo-60,2019-03-07 04:26:51.465303,11091,0
UChXOhG9bRDb3vSTg-qkPAZg,Gweilo-60,2019-03-07 04:25:51.44819,11091,0
UChXOhG9bRDb3vSTg-qkPAZg,Gweilo-60,2019-03-07 04:24:51.297053,11091,0
UChXOhG9bRDb3vSTg-qkPAZg,Gweilo-60,2019-03-07 04:23:52.367475,11091,0
UChXOhG9bRDb3vSTg-qkPAZg,Gweilo-60,2019-03-07 04:22:51.376952,11091,0
UChXOhG9bRDb3vSTg-qkPAZg,Gweilo-60,2019-03-07 04:21:50.616728,11091,0
UChXOhG9bRDb3vSTg-qkPAZg,Gweilo-60,2019-03-07 04:20:50.960415,11091,0
UChXOhG9bRDb3vSTg-qkPAZg,Gweilo-60,2019-03-07 04:19:53.539922,11091,0
UChXOhG9bRDb3vSTg-qkPAZg,Gweilo-60,2019-03-07 04:18:51.160384,11091,0
UChXOhG9bRDb3vSTg-qkPAZg,Gweilo-60,2019-03-07 04:17:51.299867,11091,0
UChXOhG9bRDb3vSTg-qkPAZg,Gweilo-60,2019-03-07 04:16:51.271873,11091,0
UChXOhG9bRDb3vSTg-qkPAZg,Gweilo-60,2019-03-07 04:15:51.145767,11091,0
UChXOhG9bRDb3vSTg-qkPAZg,Gweilo-60,2019-03-07 04:14:51.204144,11091,0
UChXOhG9bRDb3vSTg-qkPAZg,Gweilo-60,2019-03-07 04:13:51.446306,11091,0
UChXOhG9bRDb3vSTg-qkPAZg,Gweilo-60,2019-03-07 04:12:51.101705,11091,0
UChXOhG9bRDb3vSTg-qkPAZg,Gweilo-60,2019-03-07 04:11:51.036391,11091,0
UChXOhG9bRDb3vSTg-qkPAZg,Gweilo-60,2019-03-07 04:10:50.942312,11091,0
UChXOhG9bRDb3vSTg-qkPAZg,Gweilo-60,2019-03-07 04:09:50.861989,11091,0
UChXOhG9bRDb3vSTg-qkPAZg,Gweilo-60,2019-03-07 04:08:51.575082,11091,0
UChXOhG9bRDb3vSTg-qkPAZg,Gweilo-60,2019-03-07 04:07:51.756527,11091,0
UChXOhG9bRDb3vSTg-qkPAZg,Gweilo-60,2019-03-07 04:06:51.740496,11091,0
UChXOhG9bRDb3vSTg-qkPAZg,Gweilo-60,2019-03-07 04:05:51.35622,11091,0
UChXOhG9bRDb3vSTg-qkPAZg,Gweilo-60,2019-03-07 04:04:51.173662,11091,0
UChXOhG9bRDb3vSTg-qkPAZg,Gweilo-60,2019-03-07 04:03:51.848265,11091,0
UChXOhG9bRDb3vSTg-qkPAZg,Gweilo-60,2019-03-07 04:02:51.79452,11091,0
UChXOhG9bRDb3vSTg-qkPAZg,Gweilo-60,2019-03-07 04:01:51.119703,11091,0
UChXOhG9bRDb3vSTg-qkPAZg,Gweilo-60,2019-03-07 04:00:51.176567,11091,1
UChXOhG9bRDb3vSTg-qkPAZg,Gweilo-60,2019-03-07 03:59:51.046255,11090,0
UChXOhG9bRDb3vSTg-qkPAZg,Gweilo-60,2019-03-07 03:58:51.459691,11090,0
UChXOhG9bRDb3vSTg-qkPAZg,Gweilo-60,2019-03-07 03:57:51.569188,11090,0
UChXOhG9bRDb3vSTg-qkPAZg,Gweilo-60,2019-03-07 03:56:51.922776,11090,0
UChXOhG9bRDb3vSTg-qkPAZg,Gweilo-60,2019-03-07 03:55:51.443781,11090,0
UChXOhG9bRDb3vSTg-qkPAZg,Gweilo-60,2019-03-07 03:54:51.367233,11090,0
UChXOhG9bRDb3vSTg-qkPAZg,Gweilo-60,2019-03-07 03:53:51.580413,11090,0
UChXOhG9bRDb3vSTg-qkPAZg,Gweilo-60,2019-03-07 03:52:50.957116,11090,0
UChXOhG9bRDb3vSTg-qkPAZg,Gweilo-60,2019-03-07 03:51:52.022437,11090,0
UChXOhG9bRDb3vSTg-qkPAZg,Gweilo-60,2019-03-07 03:50:51.289296,11090,0
UChXOhG9bRDb3vSTg-qkPAZg,Gweilo-60,2019-03-07 03:49:51.781017,11090,0
UChXOhG9bRDb3vSTg-qkPAZg,Gweilo-60,2019-03-07 03:48:51.290359,11090,0
UChXOhG9bRDb3vSTg-qkPAZg,Gweilo-60,2019-03-07 03:47:51.056771,11090,0
UChXOhG9bRDb3vSTg-qkPAZg,Gweilo-60,2019-03-07 03:46:51.071899,11090,0
UChXOhG9bRDb3vSTg-qkPAZg,Gweilo-60,2019-03-07 03:45:51.116901,11090,0
UChXOhG9bRDb3vSTg-qkPAZg,Gweilo-60,2019-03-07 03:44:51.259969,11090,0
UChXOhG9bRDb3vSTg-qkPAZg,Gweilo-60,2019-03-07 03:43:51.303248,11090,0
UChXOhG9bRDb3vSTg-qkPAZg,Gweilo-60,2019-03-07 03:42:51.360255,11090,0
UChXOhG9bRDb3vSTg-qkPAZg,Gweilo-60,2019-03-07 03:41:51.444978,11090,0
UChXOhG9bRDb3vSTg-qkPAZg,Gweilo-60,2019-03-07 03:40:51.836368,11090,0
UChXOhG9bRDb3vSTg-qkPAZg,Gweilo-60,2019-03-07 03:39:50.725163,11090,0
UChXOhG9bRDb3vSTg-qkPAZg,Gweilo-60,2019-03-07 03:38:51.216891,11090,0
UChXOhG9bRDb3vSTg-qkPAZg,Gweilo-60,2019-03-07 03:37:51.39524,11090,0
UChXOhG9bRDb3vSTg-qkPAZg,Gweilo-60,2019-03-07 03:36:51.539404,11090,0
UChXOhG9bRDb3vSTg-qkPAZg,Gweilo-60,2019-03-07 03:35:51.437004,11090,0
UChXOhG9bRDb3vSTg-qkPAZg,Gweilo-60,2019-03-07 03:34:51.757267,11090,0
UChXOhG9bRDb3vSTg-qkPAZg,Gweilo-60,2019-03-07 03:33:51.335439,11090,0
UChXOhG9bRDb3vSTg-qkPAZg,Gweilo-60,2019-03-07 03:32:51.615764,11090,0
UChXOhG9bRDb3vSTg-qkPAZg,Gweilo-60,2019-03-07 03:31:51.192538,11090,0
UChXOhG9bRDb3vSTg-qkPAZg,Gweilo-60,2019-03-07 03:30:50.9313,11090,0
UChXOhG9bRDb3vSTg-qkPAZg,Gweilo-60,2019-03-07 03:29:51.370915,11090,0
UChXOhG9bRDb3vSTg-qkPAZg,Gweilo-60,2019-03-07 03:28:51.232377,11090,0
UChXOhG9bRDb3vSTg-qkPAZg,Gweilo-60,2019-03-07 03:27:51.59679,11090,0
UChXOhG9bRDb3vSTg-qkPAZg,Gweilo-60,2019-03-07 03:26:51.228798,11090,0
UChXOhG9bRDb3vSTg-qkPAZg,Gweilo-60,2019-03-07 03:25:51.684728,11090,0
UChXOhG9bRDb3vSTg-qkPAZg,Gweilo-60,2019-03-07 03:24:51.705716,11090,0
UChXOhG9bRDb3vSTg-qkPAZg,Gweilo-60,2019-03-07 03:23:51.353475,11090,0
UChXOhG9bRDb3vSTg-qkPAZg,Gweilo-60,2019-03-07 03:22:51.037208,11090,0
UChXOhG9bRDb3vSTg-qkPAZg,Gweilo-60,2019-03-07 03:21:52.302425,11090,0
UChXOhG9bRDb3vSTg-qkPAZg,Gweilo-60,2019-03-07 03:20:51.433932,11090,0
UChXOhG9bRDb3vSTg-qkPAZg,Gweilo-60,2019-03-07 03:19:51.305147,11090,0
UChXOhG9bRDb3vSTg-qkPAZg,Gweilo-60,2019-03-07 03:18:51.448925,11090,0
UChXOhG9bRDb3vSTg-qkPAZg,Gweilo-60,2019-03-07 03:17:51.235114,11090,0
UChXOhG9bRDb3vSTg-qkPAZg,Gweilo-60,2019-03-07 03:16:52.021358,11090,0
UChXOhG9bRDb3vSTg-qkPAZg,Gweilo-60,2019-03-07 03:15:51.366707,11090,0
UChXOhG9bRDb3vSTg-qkPAZg,Gweilo-60,2019-03-07 03:14:51.490795,11090,0
UChXOhG9bRDb3vSTg-qkPAZg,Gweilo-60,2019-03-07 03:13:51.692972,11090,0
UChXOhG9bRDb3vSTg-qkPAZg,Gweilo-60,2019-03-07 03:12:51.380881,11090,0
UChXOhG9bRDb3vSTg-qkPAZg,Gweilo-60,2019-03-07 03:11:51.483147,11090,0
UChXOhG9bRDb3vSTg-qkPAZg,Gweilo-60,2019-03-07 03:10:51.29871,11090,0
UChXOhG9bRDb3vSTg-qkPAZg,Gweilo-60,2019-03-07 03:09:51.44794,11090,0
UChXOhG9bRDb3vSTg-qkPAZg,Gweilo-60,2019-03-07 03:08:51.235625,11090,0
UChXOhG9bRDb3vSTg-qkPAZg,Gweilo-60,2019-03-07 03:07:51.292048,11090,0
UChXOhG9bRDb3vSTg-qkPAZg,Gweilo-60,2019-03-07 03:06:51.458142,11090,0
UChXOhG9bRDb3vSTg-qkPAZg,Gweilo-60,2019-03-07 03:05:50.941945,11090,0
UChXOhG9bRDb3vSTg-qkPAZg,Gweilo-60,2019-03-07 03:04:51.870188,11090,0
UChXOhG9bRDb3vSTg-qkPAZg,Gweilo-60,2019-03-07 03:03:51.971376,11090,0
UChXOhG9bRDb3vSTg-qkPAZg,Gweilo-60,2019-03-07 03:02:50.949678,11090,0
UChXOhG9bRDb3vSTg-qkPAZg,Gweilo-60,2019-03-07 03:01:51.384382,11090,0
UChXOhG9bRDb3vSTg-qkPAZg,Gweilo-60,2019-03-07 03:00:51.170417,11090,0
UChXOhG9bRDb3vSTg-qkPAZg,Gweilo-60,2019-03-07 02:59:51.687178,11090,0
UChXOhG9bRDb3vSTg-qkPAZg,Gweilo-60,2019-03-07 02:58:51.528828,11090,0
UChXOhG9bRDb3vSTg-qkPAZg,Gweilo-60,2019-03-07 02:57:51.483968,11090,0
UChXOhG9bRDb3vSTg-qkPAZg,Gweilo-60,2019-03-07 02:56:50.985641,11090,0
UChXOhG9bRDb3vSTg-qkPAZg,Gweilo-60,2019-03-07 02:55:50.812401,11090,0
UChXOhG9bRDb3vSTg-qkPAZg,Gweilo-60,2019-03-07 02:54:51.215111,11090,0
UChXOhG9bRDb3vSTg-qkPAZg,Gweilo-60,2019-03-07 02:53:51.526748,11090,0
UChXOhG9bRDb3vSTg-qkPAZg,Gweilo-60,2019-03-07 02:52:51.234049,11090,0
UChXOhG9bRDb3vSTg-qkPAZg,Gweilo-60,2019-03-07 02:51:51.423124,11090,0
UChXOhG9bRDb3vSTg-qkPAZg,Gweilo-60,2019-03-07 02:50:51.317207,11090,0
UChXOhG9bRDb3vSTg-qkPAZg,Gweilo-60,2019-03-07 02:49:51.712353,11090,0
UChXOhG9bRDb3vSTg-qkPAZg,Gweilo-60,2019-03-07 02:48:50.979155,11090,0
UChXOhG9bRDb3vSTg-qkPAZg,Gweilo-60,2019-03-07 02:47:50.828052,11090,0
UChXOhG9bRDb3vSTg-qkPAZg,Gweilo-60,2019-03-07 02:46:50.813254,11090,0
UChXOhG9bRDb3vSTg-qkPAZg,Gweilo-60,2019-03-07 02:45:51.890235,11090,0
UChXOhG9bRDb3vSTg-qkPAZg,Gweilo-60,2019-03-07 02:44:51.327479,11090,0
UChXOhG9bRDb3vSTg-qkPAZg,Gweilo-60,2019-03-07 02:43:51.246791,11090,0
UChXOhG9bRDb3vSTg-qkPAZg,Gweilo-60,2019-03-07 02:42:51.222971,11090,0
UChXOhG9bRDb3vSTg-qkPAZg,Gweilo-60,2019-03-07 02:41:51.048003,11090,0
UChXOhG9bRDb3vSTg-qkPAZg,Gweilo-60,2019-03-07 02:40:51.463939,11090,0
UChXOhG9bRDb3vSTg-qkPAZg,Gweilo-60,2019-03-07 02:39:51.071322,11090,0
UChXOhG9bRDb3vSTg-qkPAZg,Gweilo-60,2019-03-07 02:38:51.172381,11090,0
UChXOhG9bRDb3vSTg-qkPAZg,Gweilo-60,2019-03-07 02:37:51.134054,11090,0
UChXOhG9bRDb3vSTg-qkPAZg,Gweilo-60,2019-03-07 02:36:51.284582,11090,0
UChXOhG9bRDb3vSTg-qkPAZg,Gweilo-60,2019-03-07 02:35:51.426351,11090,0
UChXOhG9bRDb3vSTg-qkPAZg,Gweilo-60,2019-03-07 02:34:51.141844,11090,0
UChXOhG9bRDb3vSTg-qkPAZg,Gweilo-60,2019-03-07 02:33:51.290495,11090,0
UChXOhG9bRDb3vSTg-qkPAZg,Gweilo-60,2019-03-07 02:32:51.304024,11090,0
UChXOhG9bRDb3vSTg-qkPAZg,Gweilo-60,2019-03-07 02:31:51.547873,11090,0
UChXOhG9bRDb3vSTg-qkPAZg,Gweilo-60,2019-03-07 02:30:51.418443,11090,0
UChXOhG9bRDb3vSTg-qkPAZg,Gweilo-60,2019-03-07 02:29:51.843637,11090,0
UChXOhG9bRDb3vSTg-qkPAZg,Gweilo-60,2019-03-07 02:28:52.089386,11090,0
UChXOhG9bRDb3vSTg-qkPAZg,Gweilo-60,2019-03-07 02:27:51.402287,11090,0
UChXOhG9bRDb3vSTg-qkPAZg,Gweilo-60,2019-03-07 02:26:51.314228,11090,0
UChXOhG9bRDb3vSTg-qkPAZg,Gweilo-60,2019-03-07 02:25:51.23671,11090,0
UChXOhG9bRDb3vSTg-qkPAZg,Gweilo-60,2019-03-07 02:24:51.172252,11090,0
UChXOhG9bRDb3vSTg-qkPAZg,Gweilo-60,2019-03-07 02:23:51.419244,11090,0
UChXOhG9bRDb3vSTg-qkPAZg,Gweilo-60,2019-03-07 02:22:50.845353,11090,0
UChXOhG9bRDb3vSTg-qkPAZg,Gweilo-60,2019-03-07 02:21:51.009227,11090,0
UChXOhG9bRDb3vSTg-qkPAZg,Gweilo-60,2019-03-07 02:20:51.058933,11090,0
UChXOhG9bRDb3vSTg-qkPAZg,Gweilo-60,2019-03-07 02:19:51.771657,11090,0
UChXOhG9bRDb3vSTg-qkPAZg,Gweilo-60,2019-03-07 02:18:51.166963,11090,0
UChXOhG9bRDb3vSTg-qkPAZg,Gweilo-60,2019-03-07 02:17:51.100985,11090,0
UChXOhG9bRDb3vSTg-qkPAZg,Gweilo-60,2019-03-07 02:16:51.222533,11090,0
UChXOhG9bRDb3vSTg-qkPAZg,Gweilo-60,2019-03-07 02:15:52.141203,11090,0
UChXOhG9bRDb3vSTg-qkPAZg,Gweilo-60,2019-03-07 02:14:52.14759,11090,0
UChXOhG9bRDb3vSTg-qkPAZg,Gweilo-60,2019-03-07 02:13:50.995941,11090,0
UChXOhG9bRDb3vSTg-qkPAZg,Gweilo-60,2019-03-07 02:12:51.657827,11090,0
UChXOhG9bRDb3vSTg-qkPAZg,Gweilo-60,2019-03-07 02:11:51.328089,11090,0
UChXOhG9bRDb3vSTg-qkPAZg,Gweilo-60,2019-03-07 02:10:51.874766,11090,0
UChXOhG9bRDb3vSTg-qkPAZg,Gweilo-60,2019-03-07 02:09:51.251857,11090,0
UChXOhG9bRDb3vSTg-qkPAZg,Gweilo-60,2019-03-07 02:08:51.288243,11090,0
UChXOhG9bRDb3vSTg-qkPAZg,Gweilo-60,2019-03-07 02:07:51.080701,11090,0
UChXOhG9bRDb3vSTg-qkPAZg,Gweilo-60,2019-03-07 02:06:51.584775,11090,0
UChXOhG9bRDb3vSTg-qkPAZg,Gweilo-60,2019-03-07 02:05:51.395728,11090,0
UChXOhG9bRDb3vSTg-qkPAZg,Gweilo-60,2019-03-07 02:04:51.390683,11090,0
UChXOhG9bRDb3vSTg-qkPAZg,Gweilo-60,2019-03-07 02:03:51.11931,11090,0
UChXOhG9bRDb3vSTg-qkPAZg,Gweilo-60,2019-03-07 02:02:51.411761,11090,0
UChXOhG9bRDb3vSTg-qkPAZg,Gweilo-60,2019-03-07 02:01:50.913311,11090,0
UChXOhG9bRDb3vSTg-qkPAZg,Gweilo-60,2019-03-07 02:00:50.967376,11090,0
UChXOhG9bRDb3vSTg-qkPAZg,Gweilo-60,2019-03-07 01:59:50.98439,11090,0
UChXOhG9bRDb3vSTg-qkPAZg,Gweilo-60,2019-03-07 01:58:51.30276,11090,0
UChXOhG9bRDb3vSTg-qkPAZg,Gweilo-60,2019-03-07 01:57:51.584879,11090,0
UChXOhG9bRDb3vSTg-qkPAZg,Gweilo-60,2019-03-07 01:56:51.352622,11090,0
UChXOhG9bRDb3vSTg-qkPAZg,Gweilo-60,2019-03-07 01:55:50.473142,11090,0
UChXOhG9bRDb3vSTg-qkPAZg,Gweilo-60,2019-03-07 01:54:50.983754,11090,0
UChXOhG9bRDb3vSTg-qkPAZg,Gweilo-60,2019-03-07 01:53:51.08926,11090,0
UChXOhG9bRDb3vSTg-qkPAZg,Gweilo-60,2019-03-07 01:52:50.971856,11090,0
UChXOhG9bRDb3vSTg-qkPAZg,Gweilo-60,2019-03-07 01:51:50.90934,11090,0
UChXOhG9bRDb3vSTg-qkPAZg,Gweilo-60,2019-03-07 01:50:50.978407,11090,0
UChXOhG9bRDb3vSTg-qkPAZg,Gweilo-60,2019-03-07 01:49:51.248582,11090,0
UChXOhG9bRDb3vSTg-qkPAZg,Gweilo-60,2019-03-07 01:48:51.449134,11090,0
UChXOhG9bRDb3vSTg-qkPAZg,Gweilo-60,2019-03-07 01:47:51.458172,11090,0
UChXOhG9bRDb3vSTg-qkPAZg,Gweilo-60,2019-03-07 01:46:51.455466,11090,0
UChXOhG9bRDb3vSTg-qkPAZg,Gweilo-60,2019-03-07 01:45:51.023261,11090,0
UChXOhG9bRDb3vSTg-qkPAZg,Gweilo-60,2019-03-07 01:44:51.000916,11090,0
UChXOhG9bRDb3vSTg-qkPAZg,Gweilo-60,2019-03-07 01:43:51.235156,11090,0
UChXOhG9bRDb3vSTg-qkPAZg,Gweilo-60,2019-03-07 01:42:51.526873,11090,0
UChXOhG9bRDb3vSTg-qkPAZg,Gweilo-60,2019-03-07 01:41:51.474124,11090,0
UChXOhG9bRDb3vSTg-qkPAZg,Gweilo-60,2019-03-07 01:40:51.203237,11090,0
UChXOhG9bRDb3vSTg-qkPAZg,Gweilo-60,2019-03-07 01:39:51.950238,11090,0
UChXOhG9bRDb3vSTg-qkPAZg,Gweilo-60,2019-03-07 01:38:51.797309,11090,0
UChXOhG9bRDb3vSTg-qkPAZg,Gweilo-60,2019-03-07 01:37:50.931697,11090,0
UChXOhG9bRDb3vSTg-qkPAZg,Gweilo-60,2019-03-07 01:36:51.256251,11090,0
UChXOhG9bRDb3vSTg-qkPAZg,Gweilo-60,2019-03-07 01:35:51.305592,11090,0
UChXOhG9bRDb3vSTg-qkPAZg,Gweilo-60,2019-03-07 01:34:51.23109,11090,0
UChXOhG9bRDb3vSTg-qkPAZg,Gweilo-60,2019-03-07 01:33:52.369926,11090,0
UChXOhG9bRDb3vSTg-qkPAZg,Gweilo-60,2019-03-07 01:32:51.462605,11090,0
UChXOhG9bRDb3vSTg-qkPAZg,Gweilo-60,2019-03-07 01:31:51.285588,11090,0
UChXOhG9bRDb3vSTg-qkPAZg,Gweilo-60,2019-03-07 01:30:50.577943,11090,0
UChXOhG9bRDb3vSTg-qkPAZg,Gweilo-60,2019-03-07 01:29:51.226543,11090,0
UChXOhG9bRDb3vSTg-qkPAZg,Gweilo-60,2019-03-07 01:28:50.899788,11090,0
UChXOhG9bRDb3vSTg-qkPAZg,Gweilo-60,2019-03-07 01:27:51.509048,11090,0
UChXOhG9bRDb3vSTg-qkPAZg,Gweilo-60,2019-03-07 01:26:50.966312,11090,0
UChXOhG9bRDb3vSTg-qkPAZg,Gweilo-60,2019-03-07 01:25:51.549939,11090,0
UChXOhG9bRDb3vSTg-qkPAZg,Gweilo-60,2019-03-07 01:24:51.378681,11090,0
UChXOhG9bRDb3vSTg-qkPAZg,Gweilo-60,2019-03-07 01:23:51.06138,11090,0
UChXOhG9bRDb3vSTg-qkPAZg,Gweilo-60,2019-03-07 01:22:51.364493,11090,0
UChXOhG9bRDb3vSTg-qkPAZg,Gweilo-60,2019-03-07 01:21:50.881146,11090,0
UChXOhG9bRDb3vSTg-qkPAZg,Gweilo-60,2019-03-07 01:20:50.84739,11090,0
UChXOhG9bRDb3vSTg-qkPAZg,Gweilo-60,2019-03-07 01:19:50.638337,11090,0
UChXOhG9bRDb3vSTg-qkPAZg,Gweilo-60,2019-03-07 01:18:51.27992,11090,0
UChXOhG9bRDb3vSTg-qkPAZg,Gweilo-60,2019-03-07 01:17:51.012213,11090,0
UChXOhG9bRDb3vSTg-qkPAZg,Gweilo-60,2019-03-07 01:16:50.67691,11090,0
UChXOhG9bRDb3vSTg-qkPAZg,Gweilo-60,2019-03-07 01:15:51.588897,11090,0
UChXOhG9bRDb3vSTg-qkPAZg,Gweilo-60,2019-03-07 01:14:50.470375,11090,0
UChXOhG9bRDb3vSTg-qkPAZg,Gweilo-60,2019-03-07 01:13:50.964881,11090,0
UChXOhG9bRDb3vSTg-qkPAZg,Gweilo-60,2019-03-07 01:12:51.235556,11090,0
UChXOhG9bRDb3vSTg-qkPAZg,Gweilo-60,2019-03-07 01:11:50.562544,11090,0
UChXOhG9bRDb3vSTg-qkPAZg,Gweilo-60,2019-03-07 01:10:51.051537,11090,0
UChXOhG9bRDb3vSTg-qkPAZg,Gweilo-60,2019-03-07 01:09:51.430243,11090,0
UChXOhG9bRDb3vSTg-qkPAZg,Gweilo-60,2019-03-07 01:08:52.107586,11090,0
UChXOhG9bRDb3vSTg-qkPAZg,Gweilo-60,2019-03-07 01:07:51.107743,11090,0
UChXOhG9bRDb3vSTg-qkPAZg,Gweilo-60,2019-03-07 01:06:50.618402,11090,0
UChXOhG9bRDb3vSTg-qkPAZg,Gweilo-60,2019-03-07 01:05:51.854792,11090,0
UChXOhG9bRDb3vSTg-qkPAZg,Gweilo-60,2019-03-07 01:04:51.148023,11090,0
UChXOhG9bRDb3vSTg-qkPAZg,Gweilo-60,2019-03-07 01:03:51.26493,11090,0
UChXOhG9bRDb3vSTg-qkPAZg,Gweilo-60,2019-03-07 01:02:51.359873,11090,0
UChXOhG9bRDb3vSTg-qkPAZg,Gweilo-60,2019-03-07 01:01:52.041257,11090,0
UChXOhG9bRDb3vSTg-qkPAZg,Gweilo-60,2019-03-07 01:00:51.420518,11090,0
UChXOhG9bRDb3vSTg-qkPAZg,Gweilo-60,2019-03-07 00:59:51.223083,11090,0
UChXOhG9bRDb3vSTg-qkPAZg,Gweilo-60,2019-03-07 00:58:51.048311,11090,0
UChXOhG9bRDb3vSTg-qkPAZg,Gweilo-60,2019-03-07 00:57:50.665847,11090,0
UChXOhG9bRDb3vSTg-qkPAZg,Gweilo-60,2019-03-07 00:56:51.080182,11090,0
UChXOhG9bRDb3vSTg-qkPAZg,Gweilo-60,2019-03-07 00:55:51.298829,11090,0
UChXOhG9bRDb3vSTg-qkPAZg,Gweilo-60,2019-03-07 00:54:51.546718,11090,0
UChXOhG9bRDb3vSTg-qkPAZg,Gweilo-60,2019-03-07 00:53:51.250594,11090,0
UChXOhG9bRDb3vSTg-qkPAZg,Gweilo-60,2019-03-07 00:52:51.206086,11090,0
UChXOhG9bRDb3vSTg-qkPAZg,Gweilo-60,2019-03-07 00:51:50.91141,11090,0
UChXOhG9bRDb3vSTg-qkPAZg,Gweilo-60,2019-03-07 00:50:51.128262,11090,0
UChXOhG9bRDb3vSTg-qkPAZg,Gweilo-60,2019-03-07 00:49:51.518945,11090,0
UChXOhG9bRDb3vSTg-qkPAZg,Gweilo-60,2019-03-07 00:48:50.960505,11090,0
UChXOhG9bRDb3vSTg-qkPAZg,Gweilo-60,2019-03-07 00:47:50.649854,11090,0
UChXOhG9bRDb3vSTg-qkPAZg,Gweilo-60,2019-03-07 00:46:51.393985,11090,0
UChXOhG9bRDb3vSTg-qkPAZg,Gweilo-60,2019-03-07 00:45:50.874742,11090,0
UChXOhG9bRDb3vSTg-qkPAZg,Gweilo-60,2019-03-07 00:44:50.681792,11090,0
UChXOhG9bRDb3vSTg-qkPAZg,Gweilo-60,2019-03-07 00:43:50.564846,11090,0
UChXOhG9bRDb3vSTg-qkPAZg,Gweilo-60,2019-03-07 00:42:51.290063,11090,0
UChXOhG9bRDb3vSTg-qkPAZg,Gweilo-60,2019-03-07 00:41:50.910084,11090,0
UChXOhG9bRDb3vSTg-qkPAZg,Gweilo-60,2019-03-07 00:40:50.908079,11090,0
UChXOhG9bRDb3vSTg-qkPAZg,Gweilo-60,2019-03-07 00:39:51.080344,11090,0
UChXOhG9bRDb3vSTg-qkPAZg,Gweilo-60,2019-03-07 00:38:51.324156,11090,0
UChXOhG9bRDb3vSTg-qkPAZg,Gweilo-60,2019-03-07 00:37:50.888786,11090,0
UChXOhG9bRDb3vSTg-qkPAZg,Gweilo-60,2019-03-07 00:36:51.425324,11090,0
UChXOhG9bRDb3vSTg-qkPAZg,Gweilo-60,2019-03-07 00:35:51.41438,11090,0
UChXOhG9bRDb3vSTg-qkPAZg,Gweilo-60,2019-03-07 00:34:51.274883,11090,0
UChXOhG9bRDb3vSTg-qkPAZg,Gweilo-60,2019-03-07 00:33:51.136399,11090,0
UChXOhG9bRDb3vSTg-qkPAZg,Gweilo-60,2019-03-07 00:32:51.037331,11090,0
UChXOhG9bRDb3vSTg-qkPAZg,Gweilo-60,2019-03-07 00:31:50.775701,11090,0
UChXOhG9bRDb3vSTg-qkPAZg,Gweilo-60,2019-03-07 00:30:51.648597,11090,0
UChXOhG9bRDb3vSTg-qkPAZg,Gweilo-60,2019-03-07 00:29:51.418583,11090,0
UChXOhG9bRDb3vSTg-qkPAZg,Gweilo-60,2019-03-07 00:28:51.581804,11090,0
UChXOhG9bRDb3vSTg-qkPAZg,Gweilo-60,2019-03-07 00:27:50.644556,11090,0
UChXOhG9bRDb3vSTg-qkPAZg,Gweilo-60,2019-03-07 00:26:51.402904,11090,0
UChXOhG9bRDb3vSTg-qkPAZg,Gweilo-60,2019-03-07 00:25:51.836934,11090,0
UChXOhG9bRDb3vSTg-qkPAZg,Gweilo-60,2019-03-07 00:24:51.28065,11090,0
UChXOhG9bRDb3vSTg-qkPAZg,Gweilo-60,2019-03-07 00:23:51.198093,11090,0
UChXOhG9bRDb3vSTg-qkPAZg,Gweilo-60,2019-03-07 00:22:51.247554,11090,0
UChXOhG9bRDb3vSTg-qkPAZg,Gweilo-60,2019-03-07 00:21:50.914288,11090,0
UChXOhG9bRDb3vSTg-qkPAZg,Gweilo-60,2019-03-07 00:20:50.94574,11090,0
UChXOhG9bRDb3vSTg-qkPAZg,Gweilo-60,2019-03-07 00:19:51.087855,11090,0
UChXOhG9bRDb3vSTg-qkPAZg,Gweilo-60,2019-03-07 00:18:50.975753,11090,0
UChXOhG9bRDb3vSTg-qkPAZg,Gweilo-60,2019-03-07 00:17:51.204825,11090,0
UChXOhG9bRDb3vSTg-qkPAZg,Gweilo-60,2019-03-07 00:16:51.51582,11090,0
UChXOhG9bRDb3vSTg-qkPAZg,Gweilo-60,2019-03-07 00:15:51.118892,11090,0
UChXOhG9bRDb3vSTg-qkPAZg,Gweilo-60,2019-03-07 00:14:50.707072,11090,0
UChXOhG9bRDb3vSTg-qkPAZg,Gweilo-60,2019-03-07 00:13:51.175687,11090,0
UChXOhG9bRDb3vSTg-qkPAZg,Gweilo-60,2019-03-07 00:12:51.196378,11090,0
UChXOhG9bRDb3vSTg-qkPAZg,Gweilo-60,2019-03-07 00:11:51.005138,11090,0
UChXOhG9bRDb3vSTg-qkPAZg,Gweilo-60,2019-03-07 00:10:50.890432,11090,0
UChXOhG9bRDb3vSTg-qkPAZg,Gweilo-60,2019-03-07 00:09:51.502956,11090,0
UChXOhG9bRDb3vSTg-qkPAZg,Gweilo-60,2019-03-07 00:08:51.173312,11090,0
UChXOhG9bRDb3vSTg-qkPAZg,Gweilo-60,2019-03-07 00:07:51.081737,11090,0
UChXOhG9bRDb3vSTg-qkPAZg,Gweilo-60,2019-03-07 00:06:51.223484,11090,0
UChXOhG9bRDb3vSTg-qkPAZg,Gweilo-60,2019-03-07 00:05:51.408242,11090,0
UChXOhG9bRDb3vSTg-qkPAZg,Gweilo-60,2019-03-07 00:04:51.922392,11090,0
UChXOhG9bRDb3vSTg-qkPAZg,Gweilo-60,2019-03-07 00:03:51.600362,11090,0
UChXOhG9bRDb3vSTg-qkPAZg,Gweilo-60,2019-03-07 00:02:51.299713,11090,0
UChXOhG9bRDb3vSTg-qkPAZg,Gweilo-60,2019-03-07 00:01:51.260779,11090,0
UChXOhG9bRDb3vSTg-qkPAZg,Gweilo-60,2019-03-07 00:00:51.019979,11090,0
UChXOhG9bRDb3vSTg-qkPAZg,Gweilo-60,2019-03-06 23:59:51.410766,11090,0
UChXOhG9bRDb3vSTg-qkPAZg,Gweilo-60,2019-03-06 23:58:51.282636,11090,0
UChXOhG9bRDb3vSTg-qkPAZg,Gweilo-60,2019-03-06 23:57:50.886046,11090,0
UChXOhG9bRDb3vSTg-qkPAZg,Gweilo-60,2019-03-06 23:56:51.667431,11090,0
UChXOhG9bRDb3vSTg-qkPAZg,Gweilo-60,2019-03-06 23:55:51.467955,11090,0
UChXOhG9bRDb3vSTg-qkPAZg,Gweilo-60,2019-03-06 23:54:51.61102,11090,0
UChXOhG9bRDb3vSTg-qkPAZg,Gweilo-60,2019-03-06 23:53:51.065137,11090,0
UChXOhG9bRDb3vSTg-qkPAZg,Gweilo-60,2019-03-06 23:52:52.191925,11090,0
UChXOhG9bRDb3vSTg-qkPAZg,Gweilo-60,2019-03-06 23:51:50.945147,11090,0
UChXOhG9bRDb3vSTg-qkPAZg,Gweilo-60,2019-03-06 23:50:51.04834,11090,0
UChXOhG9bRDb3vSTg-qkPAZg,Gweilo-60,2019-03-06 23:49:51.266254,11090,0
UChXOhG9bRDb3vSTg-qkPAZg,Gweilo-60,2019-03-06 23:48:51.367007,11090,0
UChXOhG9bRDb3vSTg-qkPAZg,Gweilo-60,2019-03-06 23:47:51.025454,11090,0
UChXOhG9bRDb3vSTg-qkPAZg,Gweilo-60,2019-03-06 23:46:51.249402,11090,0
UChXOhG9bRDb3vSTg-qkPAZg,Gweilo-60,2019-03-06 23:45:51.25419,11090,-1
UChXOhG9bRDb3vSTg-qkPAZg,Gweilo-60,2019-03-06 23:44:51.14647,11091,0
UChXOhG9bRDb3vSTg-qkPAZg,Gweilo-60,2019-03-06 23:43:51.283544,11091,0
UChXOhG9bRDb3vSTg-qkPAZg,Gweilo-60,2019-03-06 23:42:51.33298,11091,0
UChXOhG9bRDb3vSTg-qkPAZg,Gweilo-60,2019-03-06 23:41:51.06464,11091,1
UChXOhG9bRDb3vSTg-qkPAZg,Gweilo-60,2019-03-06 23:40:51.421507,11090,0
UChXOhG9bRDb3vSTg-qkPAZg,Gweilo-60,2019-03-06 23:39:50.842201,11090,0
UChXOhG9bRDb3vSTg-qkPAZg,Gweilo-60,2019-03-06 23:38:51.600257,11090,0
UChXOhG9bRDb3vSTg-qkPAZg,Gweilo-60,2019-03-06 23:37:51.042494,11090,0
UChXOhG9bRDb3vSTg-qkPAZg,Gweilo-60,2019-03-06 23:36:51.180396,11090,0
UChXOhG9bRDb3vSTg-qkPAZg,Gweilo-60,2019-03-06 23:35:51.372971,11090,0
UChXOhG9bRDb3vSTg-qkPAZg,Gweilo-60,2019-03-06 23:34:50.636572,11090,0
UChXOhG9bRDb3vSTg-qkPAZg,Gweilo-60,2019-03-06 23:33:51.105426,11090,1
UChXOhG9bRDb3vSTg-qkPAZg,Gweilo-60,2019-03-06 23:32:51.267225,11089,0
UChXOhG9bRDb3vSTg-qkPAZg,Gweilo-60,2019-03-06 23:31:51.137138,11089,0
UChXOhG9bRDb3vSTg-qkPAZg,Gweilo-60,2019-03-06 23:30:51.46179,11089,0
UChXOhG9bRDb3vSTg-qkPAZg,Gweilo-60,2019-03-06 23:29:51.195669,11089,0
UChXOhG9bRDb3vSTg-qkPAZg,Gweilo-60,2019-03-06 23:28:50.947763,11089,0
UChXOhG9bRDb3vSTg-qkPAZg,Gweilo-60,2019-03-06 23:27:51.801972,11089,0
UChXOhG9bRDb3vSTg-qkPAZg,Gweilo-60,2019-03-06 23:26:51.072626,11089,0
UChXOhG9bRDb3vSTg-qkPAZg,Gweilo-60,2019-03-06 23:25:51.449679,11089,0
UChXOhG9bRDb3vSTg-qkPAZg,Gweilo-60,2019-03-06 23:24:50.771286,11089,0
UChXOhG9bRDb3vSTg-qkPAZg,Gweilo-60,2019-03-06 23:23:50.983978,11089,0
UChXOhG9bRDb3vSTg-qkPAZg,Gweilo-60,2019-03-06 23:22:50.867102,11089,0
UChXOhG9bRDb3vSTg-qkPAZg,Gweilo-60,2019-03-06 23:21:51.264941,11089,0
UChXOhG9bRDb3vSTg-qkPAZg,Gweilo-60,2019-03-06 23:20:51.292756,11089,0
UChXOhG9bRDb3vSTg-qkPAZg,Gweilo-60,2019-03-06 23:19:50.697189,11089,0
UChXOhG9bRDb3vSTg-qkPAZg,Gweilo-60,2019-03-06 23:18:51.313166,11089,0
UChXOhG9bRDb3vSTg-qkPAZg,Gweilo-60,2019-03-06 23:17:51.549328,11089,0
UChXOhG9bRDb3vSTg-qkPAZg,Gweilo-60,2019-03-06 23:16:50.868488,11089,0
UChXOhG9bRDb3vSTg-qkPAZg,Gweilo-60,2019-03-06 23:15:51.15247,11089,0
UChXOhG9bRDb3vSTg-qkPAZg,Gweilo-60,2019-03-06 23:14:51.430191,11089,0
UChXOhG9bRDb3vSTg-qkPAZg,Gweilo-60,2019-03-06 23:13:51.454116,11089,0
UChXOhG9bRDb3vSTg-qkPAZg,Gweilo-60,2019-03-06 23:12:51.918112,11089,0
UChXOhG9bRDb3vSTg-qkPAZg,Gweilo-60,2019-03-06 23:11:50.99053,11089,0
UChXOhG9bRDb3vSTg-qkPAZg,Gweilo-60,2019-03-06 23:10:51.394656,11089,0
UChXOhG9bRDb3vSTg-qkPAZg,Gweilo-60,2019-03-06 23:09:51.959008,11089,0
UChXOhG9bRDb3vSTg-qkPAZg,Gweilo-60,2019-03-06 23:08:50.828368,11089,0
UChXOhG9bRDb3vSTg-qkPAZg,Gweilo-60,2019-03-06 23:07:50.78292,11089,0
UChXOhG9bRDb3vSTg-qkPAZg,Gweilo-60,2019-03-06 23:06:51.161388,11089,0
UChXOhG9bRDb3vSTg-qkPAZg,Gweilo-60,2019-03-06 23:05:51.077901,11089,0
UChXOhG9bRDb3vSTg-qkPAZg,Gweilo-60,2019-03-06 23:04:51.082171,11089,0
UChXOhG9bRDb3vSTg-qkPAZg,Gweilo-60,2019-03-06 23:03:51.182876,11089,0
UChXOhG9bRDb3vSTg-qkPAZg,Gweilo-60,2019-03-06 23:02:51.063705,11089,0
UChXOhG9bRDb3vSTg-qkPAZg,Gweilo-60,2019-03-06 23:01:50.864926,11089,0
UChXOhG9bRDb3vSTg-qkPAZg,Gweilo-60,2019-03-06 23:00:52.023156,11089,0
UChXOhG9bRDb3vSTg-qkPAZg,Gweilo-60,2019-03-06 22:59:51.457874,11089,0
UChXOhG9bRDb3vSTg-qkPAZg,Gweilo-60,2019-03-06 22:58:51.223485,11089,0
UChXOhG9bRDb3vSTg-qkPAZg,Gweilo-60,2019-03-06 22:57:51.680151,11089,0
UChXOhG9bRDb3vSTg-qkPAZg,Gweilo-60,2019-03-06 22:56:52.120142,11089,0
UChXOhG9bRDb3vSTg-qkPAZg,Gweilo-60,2019-03-06 22:55:51.151835,11089,0
UChXOhG9bRDb3vSTg-qkPAZg,Gweilo-60,2019-03-06 22:54:51.277135,11089,0
UChXOhG9bRDb3vSTg-qkPAZg,Gweilo-60,2019-03-06 22:53:51.524233,11089,0
UChXOhG9bRDb3vSTg-qkPAZg,Gweilo-60,2019-03-06 22:52:51.368346,11089,0
UChXOhG9bRDb3vSTg-qkPAZg,Gweilo-60,2019-03-06 22:51:52.236148,11089,0
UChXOhG9bRDb3vSTg-qkPAZg,Gweilo-60,2019-03-06 22:50:51.554033,11089,0
UChXOhG9bRDb3vSTg-qkPAZg,Gweilo-60,2019-03-06 22:49:51.582931,11089,0
UChXOhG9bRDb3vSTg-qkPAZg,Gweilo-60,2019-03-06 22:48:51.287502,11089,0
UChXOhG9bRDb3vSTg-qkPAZg,Gweilo-60,2019-03-06 22:47:51.201401,11089,-1
UChXOhG9bRDb3vSTg-qkPAZg,Gweilo-60,2019-03-06 22:46:51.805718,11090,0
UChXOhG9bRDb3vSTg-qkPAZg,Gweilo-60,2019-03-06 22:45:51.475412,11090,0
UChXOhG9bRDb3vSTg-qkPAZg,Gweilo-60,2019-03-06 22:44:51.688499,11090,0
UChXOhG9bRDb3vSTg-qkPAZg,Gweilo-60,2019-03-06 22:43:51.627771,11090,0
UChXOhG9bRDb3vSTg-qkPAZg,Gweilo-60,2019-03-06 22:42:51.610568,11090,0
UChXOhG9bRDb3vSTg-qkPAZg,Gweilo-60,2019-03-06 22:41:51.698633,11090,0
UChXOhG9bRDb3vSTg-qkPAZg,Gweilo-60,2019-03-06 22:40:50.996913,11090,0
UChXOhG9bRDb3vSTg-qkPAZg,Gweilo-60,2019-03-06 22:39:50.948715,11090,0
UChXOhG9bRDb3vSTg-qkPAZg,Gweilo-60,2019-03-06 22:38:51.898082,11090,0
UChXOhG9bRDb3vSTg-qkPAZg,Gweilo-60,2019-03-06 22:37:51.381036,11090,0
UChXOhG9bRDb3vSTg-qkPAZg,Gweilo-60,2019-03-06 22:36:51.771349,11090,0
UChXOhG9bRDb3vSTg-qkPAZg,Gweilo-60,2019-03-06 22:35:51.301571,11090,0
UChXOhG9bRDb3vSTg-qkPAZg,Gweilo-60,2019-03-06 22:34:52.604479,11090,0
UChXOhG9bRDb3vSTg-qkPAZg,Gweilo-60,2019-03-06 22:33:50.952392,11090,0
UChXOhG9bRDb3vSTg-qkPAZg,Gweilo-60,2019-03-06 22:32:51.689765,11090,0
UChXOhG9bRDb3vSTg-qkPAZg,Gweilo-60,2019-03-06 22:31:51.252665,11090,0
UChXOhG9bRDb3vSTg-qkPAZg,Gweilo-60,2019-03-06 22:30:51.542963,11090,0
UChXOhG9bRDb3vSTg-qkPAZg,Gweilo-60,2019-03-06 22:29:51.506532,11090,0
UChXOhG9bRDb3vSTg-qkPAZg,Gweilo-60,2019-03-06 22:28:51.608182,11090,0
UChXOhG9bRDb3vSTg-qkPAZg,Gweilo-60,2019-03-06 22:27:51.723459,11090,0
UChXOhG9bRDb3vSTg-qkPAZg,Gweilo-60,2019-03-06 22:26:51.549143,11090,0
UChXOhG9bRDb3vSTg-qkPAZg,Gweilo-60,2019-03-06 22:25:51.690315,11090,0
UChXOhG9bRDb3vSTg-qkPAZg,Gweilo-60,2019-03-06 22:24:51.268463,11090,0
UChXOhG9bRDb3vSTg-qkPAZg,Gweilo-60,2019-03-06 22:23:51.180374,11090,0
UChXOhG9bRDb3vSTg-qkPAZg,Gweilo-60,2019-03-06 22:22:51.194724,11090,1
UChXOhG9bRDb3vSTg-qkPAZg,Gweilo-60,2019-03-06 22:21:52.040978,11089,0
UChXOhG9bRDb3vSTg-qkPAZg,Gweilo-60,2019-03-06 22:20:51.559933,11089,0
UChXOhG9bRDb3vSTg-qkPAZg,Gweilo-60,2019-03-06 22:19:51.708941,11089,0
UChXOhG9bRDb3vSTg-qkPAZg,Gweilo-60,2019-03-06 22:18:51.256634,11089,0
UChXOhG9bRDb3vSTg-qkPAZg,Gweilo-60,2019-03-06 22:17:51.476636,11089,0
UChXOhG9bRDb3vSTg-qkPAZg,Gweilo-60,2019-03-06 22:16:51.353101,11089,0
UChXOhG9bRDb3vSTg-qkPAZg,Gweilo-60,2019-03-06 22:15:51.38726,11089,0
UChXOhG9bRDb3vSTg-qkPAZg,Gweilo-60,2019-03-06 22:14:50.946552,11089,0
UChXOhG9bRDb3vSTg-qkPAZg,Gweilo-60,2019-03-06 22:13:51.231928,11089,0
UChXOhG9bRDb3vSTg-qkPAZg,Gweilo-60,2019-03-06 22:12:51.311022,11089,0
UChXOhG9bRDb3vSTg-qkPAZg,Gweilo-60,2019-03-06 22:11:51.292856,11089,0
UChXOhG9bRDb3vSTg-qkPAZg,Gweilo-60,2019-03-06 22:10:51.663107,11089,0
UChXOhG9bRDb3vSTg-qkPAZg,Gweilo-60,2019-03-06 22:09:51.390204,11089,0
UChXOhG9bRDb3vSTg-qkPAZg,Gweilo-60,2019-03-06 22:08:51.956536,11089,0
UChXOhG9bRDb3vSTg-qkPAZg,Gweilo-60,2019-03-06 22:07:51.451113,11089,0
UChXOhG9bRDb3vSTg-qkPAZg,Gweilo-60,2019-03-06 22:06:51.507976,11089,0
UChXOhG9bRDb3vSTg-qkPAZg,Gweilo-60,2019-03-06 22:05:51.429843,11089,0
UChXOhG9bRDb3vSTg-qkPAZg,Gweilo-60,2019-03-06 22:04:51.851326,11089,0
UChXOhG9bRDb3vSTg-qkPAZg,Gweilo-60,2019-03-06 22:03:51.94359,11089,0
UChXOhG9bRDb3vSTg-qkPAZg,Gweilo-60,2019-03-06 22:02:51.343949,11089,0
UChXOhG9bRDb3vSTg-qkPAZg,Gweilo-60,2019-03-06 22:01:51.835748,11089,0
UChXOhG9bRDb3vSTg-qkPAZg,Gweilo-60,2019-03-06 22:00:51.099827,11089,0
UChXOhG9bRDb3vSTg-qkPAZg,Gweilo-60,2019-03-06 21:59:51.354359,11089,0
UChXOhG9bRDb3vSTg-qkPAZg,Gweilo-60,2019-03-06 21:58:51.770635,11089,0
UChXOhG9bRDb3vSTg-qkPAZg,Gweilo-60,2019-03-06 21:57:50.941623,11089,0
UChXOhG9bRDb3vSTg-qkPAZg,Gweilo-60,2019-03-06 21:56:51.458327,11089,0
UChXOhG9bRDb3vSTg-qkPAZg,Gweilo-60,2019-03-06 21:55:51.197249,11089,0
UChXOhG9bRDb3vSTg-qkPAZg,Gweilo-60,2019-03-06 21:54:52.04937,11089,0
UChXOhG9bRDb3vSTg-qkPAZg,Gweilo-60,2019-03-06 21:53:51.516429,11089,0
UChXOhG9bRDb3vSTg-qkPAZg,Gweilo-60,2019-03-06 21:52:51.251501,11089,0
UChXOhG9bRDb3vSTg-qkPAZg,Gweilo-60,2019-03-06 21:51:51.280794,11089,0
UChXOhG9bRDb3vSTg-qkPAZg,Gweilo-60,2019-03-06 21:50:51.163185,11089,0
UChXOhG9bRDb3vSTg-qkPAZg,Gweilo-60,2019-03-06 21:49:51.53927,11089,0
UChXOhG9bRDb3vSTg-qkPAZg,Gweilo-60,2019-03-06 21:48:51.288295,11089,0
UChXOhG9bRDb3vSTg-qkPAZg,Gweilo-60,2019-03-06 21:47:51.187116,11089,0
UChXOhG9bRDb3vSTg-qkPAZg,Gweilo-60,2019-03-06 21:46:51.265639,11089,0
UChXOhG9bRDb3vSTg-qkPAZg,Gweilo-60,2019-03-06 21:45:51.770118,11089,0
UChXOhG9bRDb3vSTg-qkPAZg,Gweilo-60,2019-03-06 21:44:51.235012,11089,0
UChXOhG9bRDb3vSTg-qkPAZg,Gweilo-60,2019-03-06 21:43:51.541652,11089,0
UChXOhG9bRDb3vSTg-qkPAZg,Gweilo-60,2019-03-06 21:42:51.195585,11089,0
UChXOhG9bRDb3vSTg-qkPAZg,Gweilo-60,2019-03-06 21:41:52.028261,11089,0
UChXOhG9bRDb3vSTg-qkPAZg,Gweilo-60,2019-03-06 21:40:51.378821,11089,0
UChXOhG9bRDb3vSTg-qkPAZg,Gweilo-60,2019-03-06 21:39:51.943115,11089,0
UChXOhG9bRDb3vSTg-qkPAZg,Gweilo-60,2019-03-06 21:38:51.132138,11089,0
UChXOhG9bRDb3vSTg-qkPAZg,Gweilo-60,2019-03-06 21:37:50.870126,11089,0
UChXOhG9bRDb3vSTg-qkPAZg,Gweilo-60,2019-03-06 21:36:51.116345,11089,0
UChXOhG9bRDb3vSTg-qkPAZg,Gweilo-60,2019-03-06 21:35:51.10265,11089,0
UChXOhG9bRDb3vSTg-qkPAZg,Gweilo-60,2019-03-06 21:34:51.316562,11089,0
UChXOhG9bRDb3vSTg-qkPAZg,Gweilo-60,2019-03-06 21:33:50.701983,11089,0
UChXOhG9bRDb3vSTg-qkPAZg,Gweilo-60,2019-03-06 21:32:51.027033,11089,0
UChXOhG9bRDb3vSTg-qkPAZg,Gweilo-60,2019-03-06 21:31:51.400523,11089,0
UChXOhG9bRDb3vSTg-qkPAZg,Gweilo-60,2019-03-06 21:30:51.391889,11089,0
UChXOhG9bRDb3vSTg-qkPAZg,Gweilo-60,2019-03-06 21:29:51.132039,11089,0
UChXOhG9bRDb3vSTg-qkPAZg,Gweilo-60,2019-03-06 21:28:51.582428,11089,0
UChXOhG9bRDb3vSTg-qkPAZg,Gweilo-60,2019-03-06 21:27:51.018761,11089,0
UChXOhG9bRDb3vSTg-qkPAZg,Gweilo-60,2019-03-06 21:26:51.218891,11089,0
UChXOhG9bRDb3vSTg-qkPAZg,Gweilo-60,2019-03-06 21:25:51.315864,11089,0
UChXOhG9bRDb3vSTg-qkPAZg,Gweilo-60,2019-03-06 21:24:51.610904,11089,0
UChXOhG9bRDb3vSTg-qkPAZg,Gweilo-60,2019-03-06 21:23:52.086858,11089,0
UChXOhG9bRDb3vSTg-qkPAZg,Gweilo-60,2019-03-06 21:22:51.261495,11089,0
UChXOhG9bRDb3vSTg-qkPAZg,Gweilo-60,2019-03-06 21:21:51.933137,11089,0
UChXOhG9bRDb3vSTg-qkPAZg,Gweilo-60,2019-03-06 21:20:51.240165,11089,0
UChXOhG9bRDb3vSTg-qkPAZg,Gweilo-60,2019-03-06 21:19:51.172208,11089,0
UChXOhG9bRDb3vSTg-qkPAZg,Gweilo-60,2019-03-06 21:18:51.356509,11089,0
UChXOhG9bRDb3vSTg-qkPAZg,Gweilo-60,2019-03-06 21:17:51.455902,11089,0
UChXOhG9bRDb3vSTg-qkPAZg,Gweilo-60,2019-03-06 21:16:51.449705,11089,0
UChXOhG9bRDb3vSTg-qkPAZg,Gweilo-60,2019-03-06 21:15:51.063922,11089,0
UChXOhG9bRDb3vSTg-qkPAZg,Gweilo-60,2019-03-06 21:14:51.313514,11089,0
UChXOhG9bRDb3vSTg-qkPAZg,Gweilo-60,2019-03-06 21:13:51.104603,11089,0
UChXOhG9bRDb3vSTg-qkPAZg,Gweilo-60,2019-03-06 21:12:51.669305,11089,0
UChXOhG9bRDb3vSTg-qkPAZg,Gweilo-60,2019-03-06 21:11:51.422466,11089,0
UChXOhG9bRDb3vSTg-qkPAZg,Gweilo-60,2019-03-06 21:10:51.141083,11089,0
UChXOhG9bRDb3vSTg-qkPAZg,Gweilo-60,2019-03-06 21:09:51.577016,11089,0
UChXOhG9bRDb3vSTg-qkPAZg,Gweilo-60,2019-03-06 21:08:51.060511,11089,0
UChXOhG9bRDb3vSTg-qkPAZg,Gweilo-60,2019-03-06 21:07:51.50312,11089,0
UChXOhG9bRDb3vSTg-qkPAZg,Gweilo-60,2019-03-06 21:06:51.022654,11089,0
UChXOhG9bRDb3vSTg-qkPAZg,Gweilo-60,2019-03-06 21:05:51.044288,11089,0
UChXOhG9bRDb3vSTg-qkPAZg,Gweilo-60,2019-03-06 21:04:51.149058,11089,0
UChXOhG9bRDb3vSTg-qkPAZg,Gweilo-60,2019-03-06 21:03:51.056487,11089,0
UChXOhG9bRDb3vSTg-qkPAZg,Gweilo-60,2019-03-06 21:02:51.60714,11089,0
UChXOhG9bRDb3vSTg-qkPAZg,Gweilo-60,2019-03-06 21:01:50.857476,11089,0
UChXOhG9bRDb3vSTg-qkPAZg,Gweilo-60,2019-03-06 21:00:51.166891,11089,0
UChXOhG9bRDb3vSTg-qkPAZg,Gweilo-60,2019-03-06 20:59:50.880507,11089,0
UChXOhG9bRDb3vSTg-qkPAZg,Gweilo-60,2019-03-06 20:58:51.893037,11089,0
UChXOhG9bRDb3vSTg-qkPAZg,Gweilo-60,2019-03-06 20:57:50.960879,11089,0
UChXOhG9bRDb3vSTg-qkPAZg,Gweilo-60,2019-03-06 20:56:51.16673,11089,0
UChXOhG9bRDb3vSTg-qkPAZg,Gweilo-60,2019-03-06 20:55:51.812146,11089,0
UChXOhG9bRDb3vSTg-qkPAZg,Gweilo-60,2019-03-06 20:54:51.224235,11089,0
UChXOhG9bRDb3vSTg-qkPAZg,Gweilo-60,2019-03-06 20:53:51.116366,11089,0
UChXOhG9bRDb3vSTg-qkPAZg,Gweilo-60,2019-03-06 20:52:51.012694,11089,0
UChXOhG9bRDb3vSTg-qkPAZg,Gweilo-60,2019-03-06 20:51:51.134807,11089,0
UChXOhG9bRDb3vSTg-qkPAZg,Gweilo-60,2019-03-06 20:50:50.964026,11089,0
UChXOhG9bRDb3vSTg-qkPAZg,Gweilo-60,2019-03-06 20:49:51.020113,11089,0
UChXOhG9bRDb3vSTg-qkPAZg,Gweilo-60,2019-03-06 20:48:51.158411,11089,0
UChXOhG9bRDb3vSTg-qkPAZg,Gweilo-60,2019-03-06 20:47:50.788707,11089,0
UChXOhG9bRDb3vSTg-qkPAZg,Gweilo-60,2019-03-06 20:46:50.79286,11089,0
UChXOhG9bRDb3vSTg-qkPAZg,Gweilo-60,2019-03-06 20:45:51.034092,11089,0
UChXOhG9bRDb3vSTg-qkPAZg,Gweilo-60,2019-03-06 20:44:51.039947,11089,0
UChXOhG9bRDb3vSTg-qkPAZg,Gweilo-60,2019-03-06 20:43:51.10169,11089,0
UChXOhG9bRDb3vSTg-qkPAZg,Gweilo-60,2019-03-06 20:42:50.860821,11089,0
UChXOhG9bRDb3vSTg-qkPAZg,Gweilo-60,2019-03-06 20:41:50.817219,11089,0
UChXOhG9bRDb3vSTg-qkPAZg,Gweilo-60,2019-03-06 20:40:51.127415,11089,0
UChXOhG9bRDb3vSTg-qkPAZg,Gweilo-60,2019-03-06 20:39:50.918675,11089,0
UChXOhG9bRDb3vSTg-qkPAZg,Gweilo-60,2019-03-06 20:38:51.266274,11089,0
UChXOhG9bRDb3vSTg-qkPAZg,Gweilo-60,2019-03-06 20:37:51.466186,11089,0
UChXOhG9bRDb3vSTg-qkPAZg,Gweilo-60,2019-03-06 20:36:51.415654,11089,0
UChXOhG9bRDb3vSTg-qkPAZg,Gweilo-60,2019-03-06 20:35:51.090952,11089,0
UChXOhG9bRDb3vSTg-qkPAZg,Gweilo-60,2019-03-06 20:34:51.501293,11089,0
UChXOhG9bRDb3vSTg-qkPAZg,Gweilo-60,2019-03-06 20:33:51.396992,11089,0
UChXOhG9bRDb3vSTg-qkPAZg,Gweilo-60,2019-03-06 20:32:51.40419,11089,0
UChXOhG9bRDb3vSTg-qkPAZg,Gweilo-60,2019-03-06 20:31:51.212348,11089,0
UChXOhG9bRDb3vSTg-qkPAZg,Gweilo-60,2019-03-06 20:30:50.913024,11089,0
UChXOhG9bRDb3vSTg-qkPAZg,Gweilo-60,2019-03-06 20:29:51.294606,11089,0
UChXOhG9bRDb3vSTg-qkPAZg,Gweilo-60,2019-03-06 20:28:50.800855,11089,0
UChXOhG9bRDb3vSTg-qkPAZg,Gweilo-60,2019-03-06 20:27:51.361312,11089,0
UChXOhG9bRDb3vSTg-qkPAZg,Gweilo-60,2019-03-06 20:26:51.504212,11089,0
UChXOhG9bRDb3vSTg-qkPAZg,Gweilo-60,2019-03-06 20:25:51.311937,11089,0
UChXOhG9bRDb3vSTg-qkPAZg,Gweilo-60,2019-03-06 20:24:51.267242,11089,0
UChXOhG9bRDb3vSTg-qkPAZg,Gweilo-60,2019-03-06 20:23:51.071352,11089,0
UChXOhG9bRDb3vSTg-qkPAZg,Gweilo-60,2019-03-06 20:22:51.355244,11089,0
UChXOhG9bRDb3vSTg-qkPAZg,Gweilo-60,2019-03-06 20:21:51.387845,11089,0
UChXOhG9bRDb3vSTg-qkPAZg,Gweilo-60,2019-03-06 20:20:51.247948,11089,0
UChXOhG9bRDb3vSTg-qkPAZg,Gweilo-60,2019-03-06 20:19:50.953342,11089,0
UChXOhG9bRDb3vSTg-qkPAZg,Gweilo-60,2019-03-06 20:18:51.373076,11089,0
UChXOhG9bRDb3vSTg-qkPAZg,Gweilo-60,2019-03-06 20:17:51.179468,11089,0
UChXOhG9bRDb3vSTg-qkPAZg,Gweilo-60,2019-03-06 20:16:51.690653,11089,0
UChXOhG9bRDb3vSTg-qkPAZg,Gweilo-60,2019-03-06 20:15:51.176223,11089,0
UChXOhG9bRDb3vSTg-qkPAZg,Gweilo-60,2019-03-06 20:14:51.516809,11089,0
UChXOhG9bRDb3vSTg-qkPAZg,Gweilo-60,2019-03-06 20:13:51.401856,11089,0
UChXOhG9bRDb3vSTg-qkPAZg,Gweilo-60,2019-03-06 20:12:51.500528,11089,0
UChXOhG9bRDb3vSTg-qkPAZg,Gweilo-60,2019-03-06 20:11:50.963743,11089,0
UChXOhG9bRDb3vSTg-qkPAZg,Gweilo-60,2019-03-06 20:10:51.699691,11089,0
UChXOhG9bRDb3vSTg-qkPAZg,Gweilo-60,2019-03-06 20:09:51.467275,11089,0
UChXOhG9bRDb3vSTg-qkPAZg,Gweilo-60,2019-03-06 20:08:51.007352,11089,0
UChXOhG9bRDb3vSTg-qkPAZg,Gweilo-60,2019-03-06 20:07:51.442007,11089,0
UChXOhG9bRDb3vSTg-qkPAZg,Gweilo-60,2019-03-06 20:06:51.244951,11089,0
UChXOhG9bRDb3vSTg-qkPAZg,Gweilo-60,2019-03-06 20:05:51.91991,11089,0
UChXOhG9bRDb3vSTg-qkPAZg,Gweilo-60,2019-03-06 20:04:51.663689,11089,0
UChXOhG9bRDb3vSTg-qkPAZg,Gweilo-60,2019-03-06 20:03:51.387,11089,0
UChXOhG9bRDb3vSTg-qkPAZg,Gweilo-60,2019-03-06 20:02:51.427492,11089,0
UChXOhG9bRDb3vSTg-qkPAZg,Gweilo-60,2019-03-06 20:01:51.173894,11089,0
UChXOhG9bRDb3vSTg-qkPAZg,Gweilo-60,2019-03-06 20:00:51.031009,11089,0
UChXOhG9bRDb3vSTg-qkPAZg,Gweilo-60,2019-03-06 19:59:52.610268,11089,0
UChXOhG9bRDb3vSTg-qkPAZg,Gweilo-60,2019-03-06 19:58:51.103914,11089,0
UChXOhG9bRDb3vSTg-qkPAZg,Gweilo-60,2019-03-06 19:57:51.567546,11089,0
UChXOhG9bRDb3vSTg-qkPAZg,Gweilo-60,2019-03-06 19:56:51.486981,11089,0
UChXOhG9bRDb3vSTg-qkPAZg,Gweilo-60,2019-03-06 19:55:51.034505,11089,0
UChXOhG9bRDb3vSTg-qkPAZg,Gweilo-60,2019-03-06 19:54:51.538756,11089,0
UChXOhG9bRDb3vSTg-qkPAZg,Gweilo-60,2019-03-06 19:53:51.286629,11089,0
UChXOhG9bRDb3vSTg-qkPAZg,Gweilo-60,2019-03-06 19:52:51.170501,11089,0
UChXOhG9bRDb3vSTg-qkPAZg,Gweilo-60,2019-03-06 19:51:51.987141,11089,0
UChXOhG9bRDb3vSTg-qkPAZg,Gweilo-60,2019-03-06 19:50:51.837322,11089,0
UChXOhG9bRDb3vSTg-qkPAZg,Gweilo-60,2019-03-06 19:49:51.644327,11089,0
UChXOhG9bRDb3vSTg-qkPAZg,Gweilo-60,2019-03-06 19:48:50.969303,11089,0
UChXOhG9bRDb3vSTg-qkPAZg,Gweilo-60,2019-03-06 19:47:51.249128,11089,0
UChXOhG9bRDb3vSTg-qkPAZg,Gweilo-60,2019-03-06 19:46:51.385301,11089,0
UChXOhG9bRDb3vSTg-qkPAZg,Gweilo-60,2019-03-06 19:45:52.029447,11089,0
UChXOhG9bRDb3vSTg-qkPAZg,Gweilo-60,2019-03-06 19:44:51.248671,11089,0
UChXOhG9bRDb3vSTg-qkPAZg,Gweilo-60,2019-03-06 19:43:51.032535,11089,0
UChXOhG9bRDb3vSTg-qkPAZg,Gweilo-60,2019-03-06 19:42:51.9481,11089,0
UChXOhG9bRDb3vSTg-qkPAZg,Gweilo-60,2019-03-06 19:41:50.831285,11089,0
UChXOhG9bRDb3vSTg-qkPAZg,Gweilo-60,2019-03-06 19:40:50.934193,11089,0
UChXOhG9bRDb3vSTg-qkPAZg,Gweilo-60,2019-03-06 19:39:51.45473,11089,0
UChXOhG9bRDb3vSTg-qkPAZg,Gweilo-60,2019-03-06 19:38:51.304207,11089,0
UChXOhG9bRDb3vSTg-qkPAZg,Gweilo-60,2019-03-06 19:37:51.067927,11089,0
UChXOhG9bRDb3vSTg-qkPAZg,Gweilo-60,2019-03-06 19:36:51.201832,11089,0
UChXOhG9bRDb3vSTg-qkPAZg,Gweilo-60,2019-03-06 19:35:50.693193,11089,0
UChXOhG9bRDb3vSTg-qkPAZg,Gweilo-60,2019-03-06 19:34:51.130633,11089,0
UChXOhG9bRDb3vSTg-qkPAZg,Gweilo-60,2019-03-06 19:33:50.933397,11089,0
UChXOhG9bRDb3vSTg-qkPAZg,Gweilo-60,2019-03-06 19:32:51.457109,11089,0
UChXOhG9bRDb3vSTg-qkPAZg,Gweilo-60,2019-03-06 19:31:51.292287,11089,0
UChXOhG9bRDb3vSTg-qkPAZg,Gweilo-60,2019-03-06 19:30:51.419178,11089,0
UChXOhG9bRDb3vSTg-qkPAZg,Gweilo-60,2019-03-06 19:29:52.523198,11089,0
UChXOhG9bRDb3vSTg-qkPAZg,Gweilo-60,2019-03-06 19:28:51.070438,11089,0
UChXOhG9bRDb3vSTg-qkPAZg,Gweilo-60,2019-03-06 19:27:51.259605,11089,0
UChXOhG9bRDb3vSTg-qkPAZg,Gweilo-60,2019-03-06 19:26:51.578019,11089,0
UChXOhG9bRDb3vSTg-qkPAZg,Gweilo-60,2019-03-06 19:25:51.20499,11089,0
UChXOhG9bRDb3vSTg-qkPAZg,Gweilo-60,2019-03-06 19:24:51.351123,11089,0
UChXOhG9bRDb3vSTg-qkPAZg,Gweilo-60,2019-03-06 19:23:51.55993,11089,0
UChXOhG9bRDb3vSTg-qkPAZg,Gweilo-60,2019-03-06 19:22:51.795265,11089,0
UChXOhG9bRDb3vSTg-qkPAZg,Gweilo-60,2019-03-06 19:21:51.760105,11089,0
UChXOhG9bRDb3vSTg-qkPAZg,Gweilo-60,2019-03-06 19:20:51.348955,11089,0
UChXOhG9bRDb3vSTg-qkPAZg,Gweilo-60,2019-03-06 19:19:50.959321,11089,0
UChXOhG9bRDb3vSTg-qkPAZg,Gweilo-60,2019-03-06 19:18:51.338133,11089,0
UChXOhG9bRDb3vSTg-qkPAZg,Gweilo-60,2019-03-06 19:17:51.430965,11089,0
UChXOhG9bRDb3vSTg-qkPAZg,Gweilo-60,2019-03-06 19:16:51.304142,11089,0
UChXOhG9bRDb3vSTg-qkPAZg,Gweilo-60,2019-03-06 19:15:50.782157,11089,0
UChXOhG9bRDb3vSTg-qkPAZg,Gweilo-60,2019-03-06 19:14:51.511405,11089,0
UChXOhG9bRDb3vSTg-qkPAZg,Gweilo-60,2019-03-06 19:13:51.938531,11089,0
UChXOhG9bRDb3vSTg-qkPAZg,Gweilo-60,2019-03-06 19:12:51.256145,11089,0
UChXOhG9bRDb3vSTg-qkPAZg,Gweilo-60,2019-03-06 19:11:51.147146,11089,0
UChXOhG9bRDb3vSTg-qkPAZg,Gweilo-60,2019-03-06 19:10:50.99289,11089,0
UChXOhG9bRDb3vSTg-qkPAZg,Gweilo-60,2019-03-06 19:09:51.488838,11089,0
UChXOhG9bRDb3vSTg-qkPAZg,Gweilo-60,2019-03-06 19:08:51.22261,11089,0
UChXOhG9bRDb3vSTg-qkPAZg,Gweilo-60,2019-03-06 19:07:51.376288,11089,0
UChXOhG9bRDb3vSTg-qkPAZg,Gweilo-60,2019-03-06 19:06:51.506312,11089,0
UChXOhG9bRDb3vSTg-qkPAZg,Gweilo-60,2019-03-06 19:05:51.446317,11089,0
UChXOhG9bRDb3vSTg-qkPAZg,Gweilo-60,2019-03-06 19:04:51.147945,11089,0
UChXOhG9bRDb3vSTg-qkPAZg,Gweilo-60,2019-03-06 19:03:51.620982,11089,0
UChXOhG9bRDb3vSTg-qkPAZg,Gweilo-60,2019-03-06 19:02:51.371611,11089,0
UChXOhG9bRDb3vSTg-qkPAZg,Gweilo-60,2019-03-06 19:01:51.478025,11089,0
UChXOhG9bRDb3vSTg-qkPAZg,Gweilo-60,2019-03-06 19:00:51.062152,11089,0
UChXOhG9bRDb3vSTg-qkPAZg,Gweilo-60,2019-03-06 18:59:51.087697,11089,0
UChXOhG9bRDb3vSTg-qkPAZg,Gweilo-60,2019-03-06 18:58:51.774462,11089,0
UChXOhG9bRDb3vSTg-qkPAZg,Gweilo-60,2019-03-06 18:57:51.046287,11089,0
UChXOhG9bRDb3vSTg-qkPAZg,Gweilo-60,2019-03-06 18:56:50.958805,11089,0
UChXOhG9bRDb3vSTg-qkPAZg,Gweilo-60,2019-03-06 18:55:51.504147,11089,0
UChXOhG9bRDb3vSTg-qkPAZg,Gweilo-60,2019-03-06 18:54:51.228389,11089,0
UChXOhG9bRDb3vSTg-qkPAZg,Gweilo-60,2019-03-06 18:53:51.232097,11089,0
UChXOhG9bRDb3vSTg-qkPAZg,Gweilo-60,2019-03-06 18:52:51.138189,11089,0
UChXOhG9bRDb3vSTg-qkPAZg,Gweilo-60,2019-03-06 18:51:51.264005,11089,0
UChXOhG9bRDb3vSTg-qkPAZg,Gweilo-60,2019-03-06 18:50:51.504675,11089,0
UChXOhG9bRDb3vSTg-qkPAZg,Gweilo-60,2019-03-06 18:49:51.711836,11089,0
UChXOhG9bRDb3vSTg-qkPAZg,Gweilo-60,2019-03-06 18:48:52.370845,11089,0
UChXOhG9bRDb3vSTg-qkPAZg,Gweilo-60,2019-03-06 18:47:52.146058,11089,0
UChXOhG9bRDb3vSTg-qkPAZg,Gweilo-60,2019-03-06 18:46:51.21465,11089,0
UChXOhG9bRDb3vSTg-qkPAZg,Gweilo-60,2019-03-06 18:45:51.409185,11089,0
UChXOhG9bRDb3vSTg-qkPAZg,Gweilo-60,2019-03-06 18:44:51.441114,11089,0
UChXOhG9bRDb3vSTg-qkPAZg,Gweilo-60,2019-03-06 18:43:51.59491,11089,0
UChXOhG9bRDb3vSTg-qkPAZg,Gweilo-60,2019-03-06 18:42:51.66465,11089,0
UChXOhG9bRDb3vSTg-qkPAZg,Gweilo-60,2019-03-06 18:41:51.912777,11089,0
UChXOhG9bRDb3vSTg-qkPAZg,Gweilo-60,2019-03-06 18:40:51.317221,11089,0
UChXOhG9bRDb3vSTg-qkPAZg,Gweilo-60,2019-03-06 18:39:52.356011,11089,0
UChXOhG9bRDb3vSTg-qkPAZg,Gweilo-60,2019-03-06 18:38:50.896747,11089,0
UChXOhG9bRDb3vSTg-qkPAZg,Gweilo-60,2019-03-06 18:37:51.837736,11089,0
UChXOhG9bRDb3vSTg-qkPAZg,Gweilo-60,2019-03-06 18:36:51.664615,11089,0
UChXOhG9bRDb3vSTg-qkPAZg,Gweilo-60,2019-03-06 18:35:51.380609,11089,0
UChXOhG9bRDb3vSTg-qkPAZg,Gweilo-60,2019-03-06 18:34:51.56021,11089,0
UChXOhG9bRDb3vSTg-qkPAZg,Gweilo-60,2019-03-06 18:33:51.510513,11089,0
UChXOhG9bRDb3vSTg-qkPAZg,Gweilo-60,2019-03-06 18:32:51.119159,11089,0
UChXOhG9bRDb3vSTg-qkPAZg,Gweilo-60,2019-03-06 18:31:51.53177,11089,0
UChXOhG9bRDb3vSTg-qkPAZg,Gweilo-60,2019-03-06 18:30:51.147636,11089,0
UChXOhG9bRDb3vSTg-qkPAZg,Gweilo-60,2019-03-06 18:29:51.266176,11089,0
UChXOhG9bRDb3vSTg-qkPAZg,Gweilo-60,2019-03-06 18:28:51.377287,11089,0
UChXOhG9bRDb3vSTg-qkPAZg,Gweilo-60,2019-03-06 18:27:51.556233,11089,0
UChXOhG9bRDb3vSTg-qkPAZg,Gweilo-60,2019-03-06 18:26:51.704592,11089,0
UChXOhG9bRDb3vSTg-qkPAZg,Gweilo-60,2019-03-06 18:25:50.953002,11089,0
UChXOhG9bRDb3vSTg-qkPAZg,Gweilo-60,2019-03-06 18:24:51.298824,11089,0
UChXOhG9bRDb3vSTg-qkPAZg,Gweilo-60,2019-03-06 18:23:51.213517,11089,0
UChXOhG9bRDb3vSTg-qkPAZg,Gweilo-60,2019-03-06 18:22:51.458947,11089,0
UChXOhG9bRDb3vSTg-qkPAZg,Gweilo-60,2019-03-06 18:21:51.996445,11089,0
UChXOhG9bRDb3vSTg-qkPAZg,Gweilo-60,2019-03-06 18:20:51.484891,11089,0
UChXOhG9bRDb3vSTg-qkPAZg,Gweilo-60,2019-03-06 18:19:51.652372,11089,0
UChXOhG9bRDb3vSTg-qkPAZg,Gweilo-60,2019-03-06 18:18:51.200747,11089,0
UChXOhG9bRDb3vSTg-qkPAZg,Gweilo-60,2019-03-06 18:17:51.431043,11089,0
UChXOhG9bRDb3vSTg-qkPAZg,Gweilo-60,2019-03-06 18:16:51.133498,11089,0
UChXOhG9bRDb3vSTg-qkPAZg,Gweilo-60,2019-03-06 18:15:50.912758,11089,0
UChXOhG9bRDb3vSTg-qkPAZg,Gweilo-60,2019-03-06 18:14:51.224455,11089,0
UChXOhG9bRDb3vSTg-qkPAZg,Gweilo-60,2019-03-06 18:13:51.414839,11089,0
UChXOhG9bRDb3vSTg-qkPAZg,Gweilo-60,2019-03-06 18:12:51.403639,11089,0
UChXOhG9bRDb3vSTg-qkPAZg,Gweilo-60,2019-03-06 18:11:51.819432,11089,0
UChXOhG9bRDb3vSTg-qkPAZg,Gweilo-60,2019-03-06 18:10:51.546917,11089,0
UChXOhG9bRDb3vSTg-qkPAZg,Gweilo-60,2019-03-06 18:09:51.737756,11089,0
UChXOhG9bRDb3vSTg-qkPAZg,Gweilo-60,2019-03-06 18:08:52.084392,11089,0
UChXOhG9bRDb3vSTg-qkPAZg,Gweilo-60,2019-03-06 18:07:51.108469,11089,0
UChXOhG9bRDb3vSTg-qkPAZg,Gweilo-60,2019-03-06 18:06:51.249002,11089,0
UChXOhG9bRDb3vSTg-qkPAZg,Gweilo-60,2019-03-06 18:05:51.780525,11089,0
UChXOhG9bRDb3vSTg-qkPAZg,Gweilo-60,2019-03-06 18:04:51.468821,11089,0
UChXOhG9bRDb3vSTg-qkPAZg,Gweilo-60,2019-03-06 18:03:51.564544,11089,0
UChXOhG9bRDb3vSTg-qkPAZg,Gweilo-60,2019-03-06 18:02:51.2001,11089,0
UChXOhG9bRDb3vSTg-qkPAZg,Gweilo-60,2019-03-06 18:01:50.748019,11089,0
UChXOhG9bRDb3vSTg-qkPAZg,Gweilo-60,2019-03-06 18:00:51.601632,11089,0
UChXOhG9bRDb3vSTg-qkPAZg,Gweilo-60,2019-03-06 17:59:51.251609,11089,0
UChXOhG9bRDb3vSTg-qkPAZg,Gweilo-60,2019-03-06 17:58:51.12765,11089,0
UChXOhG9bRDb3vSTg-qkPAZg,Gweilo-60,2019-03-06 17:57:51.419916,11089,0
UChXOhG9bRDb3vSTg-qkPAZg,Gweilo-60,2019-03-06 17:56:51.563175,11089,0
UChXOhG9bRDb3vSTg-qkPAZg,Gweilo-60,2019-03-06 17:55:52.080527,11089,0
UChXOhG9bRDb3vSTg-qkPAZg,Gweilo-60,2019-03-06 17:54:51.305282,11089,0
UChXOhG9bRDb3vSTg-qkPAZg,Gweilo-60,2019-03-06 17:53:50.946128,11089,0
UChXOhG9bRDb3vSTg-qkPAZg,Gweilo-60,2019-03-06 17:52:51.589345,11089,0
UChXOhG9bRDb3vSTg-qkPAZg,Gweilo-60,2019-03-06 17:51:51.53228,11089,0
UChXOhG9bRDb3vSTg-qkPAZg,Gweilo-60,2019-03-06 17:50:51.32426,11089,0
UChXOhG9bRDb3vSTg-qkPAZg,Gweilo-60,2019-03-06 17:49:51.703686,11089,0
UChXOhG9bRDb3vSTg-qkPAZg,Gweilo-60,2019-03-06 17:48:51.638577,11089,-1
UChXOhG9bRDb3vSTg-qkPAZg,Gweilo-60,2019-03-06 17:47:51.928729,11090,0
UChXOhG9bRDb3vSTg-qkPAZg,Gweilo-60,2019-03-06 17:46:51.21946,11090,0
UChXOhG9bRDb3vSTg-qkPAZg,Gweilo-60,2019-03-06 17:45:51.458808,11090,0
UChXOhG9bRDb3vSTg-qkPAZg,Gweilo-60,2019-03-06 17:44:51.547705,11090,0
UChXOhG9bRDb3vSTg-qkPAZg,Gweilo-60,2019-03-06 17:43:51.776136,11090,0
UChXOhG9bRDb3vSTg-qkPAZg,Gweilo-60,2019-03-06 17:42:51.692164,11090,0
UChXOhG9bRDb3vSTg-qkPAZg,Gweilo-60,2019-03-06 17:41:51.591479,11090,0
UChXOhG9bRDb3vSTg-qkPAZg,Gweilo-60,2019-03-06 17:40:51.244367,11090,0
UChXOhG9bRDb3vSTg-qkPAZg,Gweilo-60,2019-03-06 17:39:51.123191,11090,0
UChXOhG9bRDb3vSTg-qkPAZg,Gweilo-60,2019-03-06 17:38:51.600176,11090,0
UChXOhG9bRDb3vSTg-qkPAZg,Gweilo-60,2019-03-06 17:37:51.521072,11090,0
UChXOhG9bRDb3vSTg-qkPAZg,Gweilo-60,2019-03-06 17:36:51.572757,11090,0
UChXOhG9bRDb3vSTg-qkPAZg,Gweilo-60,2019-03-06 17:35:50.915707,11090,0
UChXOhG9bRDb3vSTg-qkPAZg,Gweilo-60,2019-03-06 17:34:51.575427,11090,0
UChXOhG9bRDb3vSTg-qkPAZg,Gweilo-60,2019-03-06 17:33:51.542332,11090,0
UChXOhG9bRDb3vSTg-qkPAZg,Gweilo-60,2019-03-06 17:32:51.083428,11090,0
UChXOhG9bRDb3vSTg-qkPAZg,Gweilo-60,2019-03-06 17:31:51.522894,11090,0
UChXOhG9bRDb3vSTg-qkPAZg,Gweilo-60,2019-03-06 17:30:51.362515,11090,0
UChXOhG9bRDb3vSTg-qkPAZg,Gweilo-60,2019-03-06 17:29:52.211134,11090,0
UChXOhG9bRDb3vSTg-qkPAZg,Gweilo-60,2019-03-06 17:28:51.578083,11090,0
UChXOhG9bRDb3vSTg-qkPAZg,Gweilo-60,2019-03-06 17:27:51.562935,11090,0
UChXOhG9bRDb3vSTg-qkPAZg,Gweilo-60,2019-03-06 17:26:51.104457,11090,0
UChXOhG9bRDb3vSTg-qkPAZg,Gweilo-60,2019-03-06 17:25:51.394452,11090,0
UChXOhG9bRDb3vSTg-qkPAZg,Gweilo-60,2019-03-06 17:24:51.243425,11090,0
UChXOhG9bRDb3vSTg-qkPAZg,Gweilo-60,2019-03-06 17:23:51.041433,11090,0
UChXOhG9bRDb3vSTg-qkPAZg,Gweilo-60,2019-03-06 17:22:51.505119,11090,0
UChXOhG9bRDb3vSTg-qkPAZg,Gweilo-60,2019-03-06 17:21:53.84114,11090,0
UChXOhG9bRDb3vSTg-qkPAZg,Gweilo-60,2019-03-06 17:20:51.406912,11090,0
UChXOhG9bRDb3vSTg-qkPAZg,Gweilo-60,2019-03-06 17:19:51.15383,11090,0
UChXOhG9bRDb3vSTg-qkPAZg,Gweilo-60,2019-03-06 17:18:51.269743,11090,0
UChXOhG9bRDb3vSTg-qkPAZg,Gweilo-60,2019-03-06 17:17:51.386871,11090,0
UChXOhG9bRDb3vSTg-qkPAZg,Gweilo-60,2019-03-06 17:16:51.005133,11090,0
UChXOhG9bRDb3vSTg-qkPAZg,Gweilo-60,2019-03-06 17:15:51.920764,11090,0
UChXOhG9bRDb3vSTg-qkPAZg,Gweilo-60,2019-03-06 17:14:51.702668,11090,0
UChXOhG9bRDb3vSTg-qkPAZg,Gweilo-60,2019-03-06 17:13:51.46609,11090,0
UChXOhG9bRDb3vSTg-qkPAZg,Gweilo-60,2019-03-06 17:12:51.256745,11090,0
UChXOhG9bRDb3vSTg-qkPAZg,Gweilo-60,2019-03-06 17:11:51.519889,11090,0
UChXOhG9bRDb3vSTg-qkPAZg,Gweilo-60,2019-03-06 17:10:51.526851,11090,0
UChXOhG9bRDb3vSTg-qkPAZg,Gweilo-60,2019-03-06 17:09:51.227415,11090,0
UChXOhG9bRDb3vSTg-qkPAZg,Gweilo-60,2019-03-06 17:08:51.819815,11090,0
UChXOhG9bRDb3vSTg-qkPAZg,Gweilo-60,2019-03-06 17:07:51.265828,11090,0
UChXOhG9bRDb3vSTg-qkPAZg,Gweilo-60,2019-03-06 17:06:51.420262,11090,0
UChXOhG9bRDb3vSTg-qkPAZg,Gweilo-60,2019-03-06 17:05:52.061264,11090,0
UChXOhG9bRDb3vSTg-qkPAZg,Gweilo-60,2019-03-06 17:04:51.229979,11090,0
UChXOhG9bRDb3vSTg-qkPAZg,Gweilo-60,2019-03-06 17:03:51.537501,11090,0
UChXOhG9bRDb3vSTg-qkPAZg,Gweilo-60,2019-03-06 17:02:51.470811,11090,0
UChXOhG9bRDb3vSTg-qkPAZg,Gweilo-60,2019-03-06 17:01:51.386676,11090,0
UChXOhG9bRDb3vSTg-qkPAZg,Gweilo-60,2019-03-06 17:00:51.198015,11090,0
UChXOhG9bRDb3vSTg-qkPAZg,Gweilo-60,2019-03-06 16:59:51.28664,11090,0
UChXOhG9bRDb3vSTg-qkPAZg,Gweilo-60,2019-03-06 16:58:51.537656,11090,0
UChXOhG9bRDb3vSTg-qkPAZg,Gweilo-60,2019-03-06 16:57:51.168895,11090,0
UChXOhG9bRDb3vSTg-qkPAZg,Gweilo-60,2019-03-06 16:56:51.051273,11090,0
UChXOhG9bRDb3vSTg-qkPAZg,Gweilo-60,2019-03-06 16:55:51.514457,11090,0
UChXOhG9bRDb3vSTg-qkPAZg,Gweilo-60,2019-03-06 16:54:51.211207,11090,0
UChXOhG9bRDb3vSTg-qkPAZg,Gweilo-60,2019-03-06 16:53:51.560424,11090,0
UChXOhG9bRDb3vSTg-qkPAZg,Gweilo-60,2019-03-06 16:52:51.11383,11090,0
UChXOhG9bRDb3vSTg-qkPAZg,Gweilo-60,2019-03-06 16:51:51.346447,11090,0
UChXOhG9bRDb3vSTg-qkPAZg,Gweilo-60,2019-03-06 16:50:51.019649,11090,0
UChXOhG9bRDb3vSTg-qkPAZg,Gweilo-60,2019-03-06 16:49:51.435012,11090,0
UChXOhG9bRDb3vSTg-qkPAZg,Gweilo-60,2019-03-06 16:48:51.150331,11090,0
UChXOhG9bRDb3vSTg-qkPAZg,Gweilo-60,2019-03-06 16:47:51.185066,11090,0
UChXOhG9bRDb3vSTg-qkPAZg,Gweilo-60,2019-03-06 16:46:51.212336,11090,0
UChXOhG9bRDb3vSTg-qkPAZg,Gweilo-60,2019-03-06 16:45:51.493188,11090,0
UChXOhG9bRDb3vSTg-qkPAZg,Gweilo-60,2019-03-06 16:44:51.462867,11090,0
UChXOhG9bRDb3vSTg-qkPAZg,Gweilo-60,2019-03-06 16:43:50.925627,11090,0
UChXOhG9bRDb3vSTg-qkPAZg,Gweilo-60,2019-03-06 16:42:51.290225,11090,0
UChXOhG9bRDb3vSTg-qkPAZg,Gweilo-60,2019-03-06 16:41:51.261738,11090,0
UChXOhG9bRDb3vSTg-qkPAZg,Gweilo-60,2019-03-06 16:40:50.909367,11090,0
UChXOhG9bRDb3vSTg-qkPAZg,Gweilo-60,2019-03-06 16:39:51.311317,11090,0
UChXOhG9bRDb3vSTg-qkPAZg,Gweilo-60,2019-03-06 16:38:51.474085,11090,0
UChXOhG9bRDb3vSTg-qkPAZg,Gweilo-60,2019-03-06 16:37:51.827013,11090,0
UChXOhG9bRDb3vSTg-qkPAZg,Gweilo-60,2019-03-06 16:36:51.301291,11090,0
UChXOhG9bRDb3vSTg-qkPAZg,Gweilo-60,2019-03-06 16:35:50.852096,11090,0
UChXOhG9bRDb3vSTg-qkPAZg,Gweilo-60,2019-03-06 16:34:51.721085,11090,0
UChXOhG9bRDb3vSTg-qkPAZg,Gweilo-60,2019-03-06 16:33:51.794446,11090,0
UChXOhG9bRDb3vSTg-qkPAZg,Gweilo-60,2019-03-06 16:32:51.699514,11090,0
UChXOhG9bRDb3vSTg-qkPAZg,Gweilo-60,2019-03-06 16:31:50.994692,11090,0
UChXOhG9bRDb3vSTg-qkPAZg,Gweilo-60,2019-03-06 16:30:51.143254,11090,0
UChXOhG9bRDb3vSTg-qkPAZg,Gweilo-60,2019-03-06 16:29:51.672046,11090,0
UChXOhG9bRDb3vSTg-qkPAZg,Gweilo-60,2019-03-06 16:28:51.836535,11090,0
UChXOhG9bRDb3vSTg-qkPAZg,Gweilo-60,2019-03-06 16:27:51.544365,11090,0
UChXOhG9bRDb3vSTg-qkPAZg,Gweilo-60,2019-03-06 16:26:51.409505,11090,0
UChXOhG9bRDb3vSTg-qkPAZg,Gweilo-60,2019-03-06 16:25:51.131971,11090,0
UChXOhG9bRDb3vSTg-qkPAZg,Gweilo-60,2019-03-06 16:24:51.716003,11090,0
UChXOhG9bRDb3vSTg-qkPAZg,Gweilo-60,2019-03-06 16:23:51.234307,11090,0
UChXOhG9bRDb3vSTg-qkPAZg,Gweilo-60,2019-03-06 16:22:51.06092,11090,0
UChXOhG9bRDb3vSTg-qkPAZg,Gweilo-60,2019-03-06 16:21:51.80823,11090,0
UChXOhG9bRDb3vSTg-qkPAZg,Gweilo-60,2019-03-06 16:20:50.954142,11090,0
UChXOhG9bRDb3vSTg-qkPAZg,Gweilo-60,2019-03-06 16:19:51.258767,11090,0
UChXOhG9bRDb3vSTg-qkPAZg,Gweilo-60,2019-03-06 16:18:51.507229,11090,0
UChXOhG9bRDb3vSTg-qkPAZg,Gweilo-60,2019-03-06 16:17:51.096755,11090,0
UChXOhG9bRDb3vSTg-qkPAZg,Gweilo-60,2019-03-06 16:16:51.475635,11090,0
UChXOhG9bRDb3vSTg-qkPAZg,Gweilo-60,2019-03-06 16:15:51.436066,11090,0
UChXOhG9bRDb3vSTg-qkPAZg,Gweilo-60,2019-03-06 16:14:51.350552,11090,0
UChXOhG9bRDb3vSTg-qkPAZg,Gweilo-60,2019-03-06 16:13:50.963234,11090,0
UChXOhG9bRDb3vSTg-qkPAZg,Gweilo-60,2019-03-06 16:12:52.005301,11090,0
UChXOhG9bRDb3vSTg-qkPAZg,Gweilo-60,2019-03-06 16:11:51.329792,11090,0
UChXOhG9bRDb3vSTg-qkPAZg,Gweilo-60,2019-03-06 16:10:51.522146,11090,0
UChXOhG9bRDb3vSTg-qkPAZg,Gweilo-60,2019-03-06 16:09:51.237867,11090,0
UChXOhG9bRDb3vSTg-qkPAZg,Gweilo-60,2019-03-06 16:08:51.576763,11090,0
UChXOhG9bRDb3vSTg-qkPAZg,Gweilo-60,2019-03-06 16:07:51.333754,11090,0
UChXOhG9bRDb3vSTg-qkPAZg,Gweilo-60,2019-03-06 16:06:52.198925,11090,0
UChXOhG9bRDb3vSTg-qkPAZg,Gweilo-60,2019-03-06 16:05:51.352187,11090,0
UChXOhG9bRDb3vSTg-qkPAZg,Gweilo-60,2019-03-06 16:04:52.176972,11090,0
UChXOhG9bRDb3vSTg-qkPAZg,Gweilo-60,2019-03-06 16:03:51.334105,11090,0
UChXOhG9bRDb3vSTg-qkPAZg,Gweilo-60,2019-03-06 16:02:51.395932,11090,0
UChXOhG9bRDb3vSTg-qkPAZg,Gweilo-60,2019-03-06 16:01:51.012671,11090,0
UChXOhG9bRDb3vSTg-qkPAZg,Gweilo-60,2019-03-06 16:00:50.920633,11090,0
UChXOhG9bRDb3vSTg-qkPAZg,Gweilo-60,2019-03-06 15:59:51.19958,11090,0
UChXOhG9bRDb3vSTg-qkPAZg,Gweilo-60,2019-03-06 15:58:51.183557,11090,0
UChXOhG9bRDb3vSTg-qkPAZg,Gweilo-60,2019-03-06 15:57:51.236089,11090,0
UChXOhG9bRDb3vSTg-qkPAZg,Gweilo-60,2019-03-06 15:56:51.187015,11090,0
UChXOhG9bRDb3vSTg-qkPAZg,Gweilo-60,2019-03-06 15:55:51.226591,11090,0
UChXOhG9bRDb3vSTg-qkPAZg,Gweilo-60,2019-03-06 15:54:51.265885,11090,0
UChXOhG9bRDb3vSTg-qkPAZg,Gweilo-60,2019-03-06 15:53:51.31244,11090,0
UChXOhG9bRDb3vSTg-qkPAZg,Gweilo-60,2019-03-06 15:52:51.81801,11090,0
UChXOhG9bRDb3vSTg-qkPAZg,Gweilo-60,2019-03-06 15:51:51.39633,11090,0
UChXOhG9bRDb3vSTg-qkPAZg,Gweilo-60,2019-03-06 15:50:51.412365,11090,0
UChXOhG9bRDb3vSTg-qkPAZg,Gweilo-60,2019-03-06 15:49:51.335106,11090,0
UChXOhG9bRDb3vSTg-qkPAZg,Gweilo-60,2019-03-06 15:48:51.551711,11090,0
UChXOhG9bRDb3vSTg-qkPAZg,Gweilo-60,2019-03-06 15:47:51.313873,11090,0
UChXOhG9bRDb3vSTg-qkPAZg,Gweilo-60,2019-03-06 15:46:51.466697,11090,0
UChXOhG9bRDb3vSTg-qkPAZg,Gweilo-60,2019-03-06 15:45:51.165373,11090,0
UChXOhG9bRDb3vSTg-qkPAZg,Gweilo-60,2019-03-06 15:44:51.678887,11090,0
UChXOhG9bRDb3vSTg-qkPAZg,Gweilo-60,2019-03-06 15:43:51.416739,11090,0
UChXOhG9bRDb3vSTg-qkPAZg,Gweilo-60,2019-03-06 15:42:51.427456,11090,0
UChXOhG9bRDb3vSTg-qkPAZg,Gweilo-60,2019-03-06 15:41:50.851439,11090,0
UChXOhG9bRDb3vSTg-qkPAZg,Gweilo-60,2019-03-06 15:40:51.603228,11090,0
UChXOhG9bRDb3vSTg-qkPAZg,Gweilo-60,2019-03-06 15:39:51.170916,11090,0
UChXOhG9bRDb3vSTg-qkPAZg,Gweilo-60,2019-03-06 15:38:51.455687,11090,0
UChXOhG9bRDb3vSTg-qkPAZg,Gweilo-60,2019-03-06 15:37:51.639283,11090,0
UChXOhG9bRDb3vSTg-qkPAZg,Gweilo-60,2019-03-06 15:36:51.002384,11090,1
UChXOhG9bRDb3vSTg-qkPAZg,Gweilo-60,2019-03-06 15:35:50.958502,11089,0
UChXOhG9bRDb3vSTg-qkPAZg,Gweilo-60,2019-03-06 15:34:51.091587,11089,0
UChXOhG9bRDb3vSTg-qkPAZg,Gweilo-60,2019-03-06 15:33:51.897883,11089,0
UChXOhG9bRDb3vSTg-qkPAZg,Gweilo-60,2019-03-06 15:32:51.285511,11089,0
UChXOhG9bRDb3vSTg-qkPAZg,Gweilo-60,2019-03-06 15:31:51.576367,11089,0
UChXOhG9bRDb3vSTg-qkPAZg,Gweilo-60,2019-03-06 15:30:51.710019,11089,0
UChXOhG9bRDb3vSTg-qkPAZg,Gweilo-60,2019-03-06 15:29:51.408388,11089,1
UChXOhG9bRDb3vSTg-qkPAZg,Gweilo-60,2019-03-06 15:28:51.165345,11088,0
UChXOhG9bRDb3vSTg-qkPAZg,Gweilo-60,2019-03-06 15:27:51.757379,11088,0
UChXOhG9bRDb3vSTg-qkPAZg,Gweilo-60,2019-03-06 15:26:51.756471,11088,0
UChXOhG9bRDb3vSTg-qkPAZg,Gweilo-60,2019-03-06 15:25:51.606823,11088,0
UChXOhG9bRDb3vSTg-qkPAZg,Gweilo-60,2019-03-06 15:24:51.518433,11088,0
UChXOhG9bRDb3vSTg-qkPAZg,Gweilo-60,2019-03-06 15:23:51.240928,11088,0
UChXOhG9bRDb3vSTg-qkPAZg,Gweilo-60,2019-03-06 15:22:51.643524,11088,0
UChXOhG9bRDb3vSTg-qkPAZg,Gweilo-60,2019-03-06 15:21:51.676137,11088,0
UChXOhG9bRDb3vSTg-qkPAZg,Gweilo-60,2019-03-06 15:20:50.87691,11088,0
UChXOhG9bRDb3vSTg-qkPAZg,Gweilo-60,2019-03-06 15:19:51.590544,11088,0
UChXOhG9bRDb3vSTg-qkPAZg,Gweilo-60,2019-03-06 15:18:51.523298,11088,0
UChXOhG9bRDb3vSTg-qkPAZg,Gweilo-60,2019-03-06 15:17:51.180338,11088,0
UChXOhG9bRDb3vSTg-qkPAZg,Gweilo-60,2019-03-06 15:16:51.484757,11088,0
UChXOhG9bRDb3vSTg-qkPAZg,Gweilo-60,2019-03-06 15:15:51.422577,11088,0
UChXOhG9bRDb3vSTg-qkPAZg,Gweilo-60,2019-03-06 15:14:52.065173,11088,0
UChXOhG9bRDb3vSTg-qkPAZg,Gweilo-60,2019-03-06 15:13:51.863711,11088,0
UChXOhG9bRDb3vSTg-qkPAZg,Gweilo-60,2019-03-06 15:12:50.767402,11088,0
UChXOhG9bRDb3vSTg-qkPAZg,Gweilo-60,2019-03-06 15:11:50.972598,11088,0
UChXOhG9bRDb3vSTg-qkPAZg,Gweilo-60,2019-03-06 15:10:51.95623,11088,0
UChXOhG9bRDb3vSTg-qkPAZg,Gweilo-60,2019-03-06 15:09:51.003156,11088,0
UChXOhG9bRDb3vSTg-qkPAZg,Gweilo-60,2019-03-06 15:08:51.542875,11088,0
UChXOhG9bRDb3vSTg-qkPAZg,Gweilo-60,2019-03-06 15:07:51.514591,11088,0
UChXOhG9bRDb3vSTg-qkPAZg,Gweilo-60,2019-03-06 15:06:51.11758,11088,0
UChXOhG9bRDb3vSTg-qkPAZg,Gweilo-60,2019-03-06 15:05:51.311501,11088,0
UChXOhG9bRDb3vSTg-qkPAZg,Gweilo-60,2019-03-06 15:04:51.0994,11088,0
UChXOhG9bRDb3vSTg-qkPAZg,Gweilo-60,2019-03-06 15:03:51.374708,11088,0
UChXOhG9bRDb3vSTg-qkPAZg,Gweilo-60,2019-03-06 15:02:51.50121,11088,0
UChXOhG9bRDb3vSTg-qkPAZg,Gweilo-60,2019-03-06 15:01:51.727783,11088,0
UChXOhG9bRDb3vSTg-qkPAZg,Gweilo-60,2019-03-06 15:00:51.176512,11088,0
UChXOhG9bRDb3vSTg-qkPAZg,Gweilo-60,2019-03-06 14:59:51.486623,11088,0
UChXOhG9bRDb3vSTg-qkPAZg,Gweilo-60,2019-03-06 14:58:51.376559,11088,0
UChXOhG9bRDb3vSTg-qkPAZg,Gweilo-60,2019-03-06 14:57:51.713242,11088,0
UChXOhG9bRDb3vSTg-qkPAZg,Gweilo-60,2019-03-06 14:56:51.509837,11088,0
UChXOhG9bRDb3vSTg-qkPAZg,Gweilo-60,2019-03-06 14:55:51.376643,11088,0
UChXOhG9bRDb3vSTg-qkPAZg,Gweilo-60,2019-03-06 14:54:51.207474,11088,0
UChXOhG9bRDb3vSTg-qkPAZg,Gweilo-60,2019-03-06 14:53:50.998049,11088,0
UChXOhG9bRDb3vSTg-qkPAZg,Gweilo-60,2019-03-06 14:52:51.323271,11088,0
UChXOhG9bRDb3vSTg-qkPAZg,Gweilo-60,2019-03-06 14:51:51.321839,11088,0
UChXOhG9bRDb3vSTg-qkPAZg,Gweilo-60,2019-03-06 14:50:51.365407,11088,0
UChXOhG9bRDb3vSTg-qkPAZg,Gweilo-60,2019-03-06 14:49:51.174101,11088,0
UChXOhG9bRDb3vSTg-qkPAZg,Gweilo-60,2019-03-06 14:48:52.157315,11088,0
UChXOhG9bRDb3vSTg-qkPAZg,Gweilo-60,2019-03-06 14:47:51.288375,11088,-1
UChXOhG9bRDb3vSTg-qkPAZg,Gweilo-60,2019-03-06 14:46:51.159238,11089,0
UChXOhG9bRDb3vSTg-qkPAZg,Gweilo-60,2019-03-06 14:45:51.46847,11089,0
UChXOhG9bRDb3vSTg-qkPAZg,Gweilo-60,2019-03-06 14:44:51.086481,11089,1
UChXOhG9bRDb3vSTg-qkPAZg,Gweilo-60,2019-03-06 14:43:51.468958,11088,0
UChXOhG9bRDb3vSTg-qkPAZg,Gweilo-60,2019-03-06 14:42:51.816508,11088,0
UChXOhG9bRDb3vSTg-qkPAZg,Gweilo-60,2019-03-06 14:41:51.145092,11088,0
UChXOhG9bRDb3vSTg-qkPAZg,Gweilo-60,2019-03-06 14:40:51.425014,11088,0
UChXOhG9bRDb3vSTg-qkPAZg,Gweilo-60,2019-03-06 14:39:51.148055,11088,0
UChXOhG9bRDb3vSTg-qkPAZg,Gweilo-60,2019-03-06 14:38:51.376665,11088,0
UChXOhG9bRDb3vSTg-qkPAZg,Gweilo-60,2019-03-06 14:37:51.367679,11088,0
UChXOhG9bRDb3vSTg-qkPAZg,Gweilo-60,2019-03-06 14:36:51.629342,11088,0
UChXOhG9bRDb3vSTg-qkPAZg,Gweilo-60,2019-03-06 14:35:51.782967,11088,0
UChXOhG9bRDb3vSTg-qkPAZg,Gweilo-60,2019-03-06 14:34:51.208377,11088,0
UChXOhG9bRDb3vSTg-qkPAZg,Gweilo-60,2019-03-06 14:33:51.073608,11088,0
UChXOhG9bRDb3vSTg-qkPAZg,Gweilo-60,2019-03-06 14:32:51.158313,11088,0
UChXOhG9bRDb3vSTg-qkPAZg,Gweilo-60,2019-03-06 14:31:51.143895,11088,0
UChXOhG9bRDb3vSTg-qkPAZg,Gweilo-60,2019-03-06 14:30:51.141609,11088,0
UChXOhG9bRDb3vSTg-qkPAZg,Gweilo-60,2019-03-06 14:29:51.117175,11088,0
UChXOhG9bRDb3vSTg-qkPAZg,Gweilo-60,2019-03-06 14:28:51.593711,11088,0
UChXOhG9bRDb3vSTg-qkPAZg,Gweilo-60,2019-03-06 14:27:51.754321,11088,0
UChXOhG9bRDb3vSTg-qkPAZg,Gweilo-60,2019-03-06 14:26:51.274789,11088,0
UChXOhG9bRDb3vSTg-qkPAZg,Gweilo-60,2019-03-06 14:25:51.19631,11088,0
UChXOhG9bRDb3vSTg-qkPAZg,Gweilo-60,2019-03-06 14:24:51.32667,11088,0
UChXOhG9bRDb3vSTg-qkPAZg,Gweilo-60,2019-03-06 14:23:51.932578,11088,0
UChXOhG9bRDb3vSTg-qkPAZg,Gweilo-60,2019-03-06 14:22:51.565064,11088,0
UChXOhG9bRDb3vSTg-qkPAZg,Gweilo-60,2019-03-06 14:21:51.289815,11088,0
UChXOhG9bRDb3vSTg-qkPAZg,Gweilo-60,2019-03-06 14:20:51.250378,11088,0
UChXOhG9bRDb3vSTg-qkPAZg,Gweilo-60,2019-03-06 14:19:51.875052,11088,0
UChXOhG9bRDb3vSTg-qkPAZg,Gweilo-60,2019-03-06 14:18:51.663679,11088,0
UChXOhG9bRDb3vSTg-qkPAZg,Gweilo-60,2019-03-06 14:17:52.331428,11088,0
UChXOhG9bRDb3vSTg-qkPAZg,Gweilo-60,2019-03-06 14:16:51.392253,11088,0
UChXOhG9bRDb3vSTg-qkPAZg,Gweilo-60,2019-03-06 14:15:51.709704,11088,0
UChXOhG9bRDb3vSTg-qkPAZg,Gweilo-60,2019-03-06 14:14:51.013016,11088,0
UChXOhG9bRDb3vSTg-qkPAZg,Gweilo-60,2019-03-06 14:13:51.488682,11088,0
UChXOhG9bRDb3vSTg-qkPAZg,Gweilo-60,2019-03-06 14:12:51.401175,11088,0
UChXOhG9bRDb3vSTg-qkPAZg,Gweilo-60,2019-03-06 14:11:52.078727,11088,0
UChXOhG9bRDb3vSTg-qkPAZg,Gweilo-60,2019-03-06 14:10:50.981338,11088,0
UChXOhG9bRDb3vSTg-qkPAZg,Gweilo-60,2019-03-06 14:09:51.527511,11088,0
UChXOhG9bRDb3vSTg-qkPAZg,Gweilo-60,2019-03-06 14:08:51.503795,11088,0
UChXOhG9bRDb3vSTg-qkPAZg,Gweilo-60,2019-03-06 14:07:51.380441,11088,0
UChXOhG9bRDb3vSTg-qkPAZg,Gweilo-60,2019-03-06 14:06:51.204747,11088,1
UChXOhG9bRDb3vSTg-qkPAZg,Gweilo-60,2019-03-06 14:05:51.104488,11087,0
UChXOhG9bRDb3vSTg-qkPAZg,Gweilo-60,2019-03-06 14:04:50.948452,11087,0
UChXOhG9bRDb3vSTg-qkPAZg,Gweilo-60,2019-03-06 14:03:50.712148,11087,0
UChXOhG9bRDb3vSTg-qkPAZg,Gweilo-60,2019-03-06 14:02:50.972019,11087,0
UChXOhG9bRDb3vSTg-qkPAZg,Gweilo-60,2019-03-06 14:01:51.621608,11087,0
UChXOhG9bRDb3vSTg-qkPAZg,Gweilo-60,2019-03-06 14:00:51.717859,11087,0
UChXOhG9bRDb3vSTg-qkPAZg,Gweilo-60,2019-03-06 13:59:51.290565,11087,0
UChXOhG9bRDb3vSTg-qkPAZg,Gweilo-60,2019-03-06 13:58:51.324005,11087,0
UChXOhG9bRDb3vSTg-qkPAZg,Gweilo-60,2019-03-06 13:57:51.515871,11087,0
UChXOhG9bRDb3vSTg-qkPAZg,Gweilo-60,2019-03-06 13:56:51.455963,11087,0
UChXOhG9bRDb3vSTg-qkPAZg,Gweilo-60,2019-03-06 13:55:51.328272,11087,0
UChXOhG9bRDb3vSTg-qkPAZg,Gweilo-60,2019-03-06 13:54:51.313394,11087,0
UChXOhG9bRDb3vSTg-qkPAZg,Gweilo-60,2019-03-06 13:53:51.179792,11087,0
UChXOhG9bRDb3vSTg-qkPAZg,Gweilo-60,2019-03-06 13:52:51.515991,11087,0
UChXOhG9bRDb3vSTg-qkPAZg,Gweilo-60,2019-03-06 13:51:51.753117,11087,0
UChXOhG9bRDb3vSTg-qkPAZg,Gweilo-60,2019-03-06 13:50:51.257303,11087,0
UChXOhG9bRDb3vSTg-qkPAZg,Gweilo-60,2019-03-06 13:49:51.306925,11087,0
UChXOhG9bRDb3vSTg-qkPAZg,Gweilo-60,2019-03-06 13:48:51.397358,11087,0
UChXOhG9bRDb3vSTg-qkPAZg,Gweilo-60,2019-03-06 13:47:51.039094,11087,0
UChXOhG9bRDb3vSTg-qkPAZg,Gweilo-60,2019-03-06 13:46:51.500919,11087,0
UChXOhG9bRDb3vSTg-qkPAZg,Gweilo-60,2019-03-06 13:45:51.12221,11087,0
UChXOhG9bRDb3vSTg-qkPAZg,Gweilo-60,2019-03-06 13:44:50.85824,11087,0
UChXOhG9bRDb3vSTg-qkPAZg,Gweilo-60,2019-03-06 13:43:51.666438,11087,0
UChXOhG9bRDb3vSTg-qkPAZg,Gweilo-60,2019-03-06 13:42:50.940434,11087,0
UChXOhG9bRDb3vSTg-qkPAZg,Gweilo-60,2019-03-06 13:41:51.561615,11087,0
UChXOhG9bRDb3vSTg-qkPAZg,Gweilo-60,2019-03-06 13:40:51.162287,11087,0
UChXOhG9bRDb3vSTg-qkPAZg,Gweilo-60,2019-03-06 13:39:51.685593,11087,0
UChXOhG9bRDb3vSTg-qkPAZg,Gweilo-60,2019-03-06 13:38:51.685004,11087,0
UChXOhG9bRDb3vSTg-qkPAZg,Gweilo-60,2019-03-06 13:37:51.400488,11087,0
UChXOhG9bRDb3vSTg-qkPAZg,Gweilo-60,2019-03-06 13:36:51.46673,11087,0
UChXOhG9bRDb3vSTg-qkPAZg,Gweilo-60,2019-03-06 13:35:50.961723,11087,0
UChXOhG9bRDb3vSTg-qkPAZg,Gweilo-60,2019-03-06 13:34:51.48382,11087,0
UChXOhG9bRDb3vSTg-qkPAZg,Gweilo-60,2019-03-06 13:33:51.445428,11087,0
UChXOhG9bRDb3vSTg-qkPAZg,Gweilo-60,2019-03-06 13:32:51.336234,11087,0
UChXOhG9bRDb3vSTg-qkPAZg,Gweilo-60,2019-03-06 13:31:51.333386,11087,0
UChXOhG9bRDb3vSTg-qkPAZg,Gweilo-60,2019-03-06 13:30:51.735928,11087,0
UChXOhG9bRDb3vSTg-qkPAZg,Gweilo-60,2019-03-06 13:29:51.553502,11087,0
UChXOhG9bRDb3vSTg-qkPAZg,Gweilo-60,2019-03-06 13:28:51.414666,11087,0
UChXOhG9bRDb3vSTg-qkPAZg,Gweilo-60,2019-03-06 13:27:51.256677,11087,0
UChXOhG9bRDb3vSTg-qkPAZg,Gweilo-60,2019-03-06 13:26:51.695484,11087,0
UChXOhG9bRDb3vSTg-qkPAZg,Gweilo-60,2019-03-06 13:25:52.023864,11087,0
UChXOhG9bRDb3vSTg-qkPAZg,Gweilo-60,2019-03-06 13:24:51.885707,11087,0
UChXOhG9bRDb3vSTg-qkPAZg,Gweilo-60,2019-03-06 13:23:50.903356,11087,0
UChXOhG9bRDb3vSTg-qkPAZg,Gweilo-60,2019-03-06 13:22:51.498679,11087,0
UChXOhG9bRDb3vSTg-qkPAZg,Gweilo-60,2019-03-06 13:21:51.562633,11087,0
UChXOhG9bRDb3vSTg-qkPAZg,Gweilo-60,2019-03-06 13:20:51.516409,11087,0
UChXOhG9bRDb3vSTg-qkPAZg,Gweilo-60,2019-03-06 13:19:51.097461,11087,0
UChXOhG9bRDb3vSTg-qkPAZg,Gweilo-60,2019-03-06 13:18:51.648755,11087,0
UChXOhG9bRDb3vSTg-qkPAZg,Gweilo-60,2019-03-06 13:17:51.230964,11087,0
UChXOhG9bRDb3vSTg-qkPAZg,Gweilo-60,2019-03-06 13:16:51.573679,11087,0
UChXOhG9bRDb3vSTg-qkPAZg,Gweilo-60,2019-03-06 13:15:50.91971,11087,0
UChXOhG9bRDb3vSTg-qkPAZg,Gweilo-60,2019-03-06 13:14:51.189879,11087,0
UChXOhG9bRDb3vSTg-qkPAZg,Gweilo-60,2019-03-06 13:13:52.131363,11087,0
UChXOhG9bRDb3vSTg-qkPAZg,Gweilo-60,2019-03-06 13:12:51.230469,11087,0
UChXOhG9bRDb3vSTg-qkPAZg,Gweilo-60,2019-03-06 13:11:51.293985,11087,0
UChXOhG9bRDb3vSTg-qkPAZg,Gweilo-60,2019-03-06 13:10:51.236473,11087,0
UChXOhG9bRDb3vSTg-qkPAZg,Gweilo-60,2019-03-06 13:09:51.064521,11087,0
UChXOhG9bRDb3vSTg-qkPAZg,Gweilo-60,2019-03-06 13:08:51.004385,11087,0
UChXOhG9bRDb3vSTg-qkPAZg,Gweilo-60,2019-03-06 13:07:51.613017,11087,0
UChXOhG9bRDb3vSTg-qkPAZg,Gweilo-60,2019-03-06 13:06:51.363644,11087,0
UChXOhG9bRDb3vSTg-qkPAZg,Gweilo-60,2019-03-06 13:05:51.507949,11087,0
UChXOhG9bRDb3vSTg-qkPAZg,Gweilo-60,2019-03-06 13:04:51.410052,11087,0
UChXOhG9bRDb3vSTg-qkPAZg,Gweilo-60,2019-03-06 13:03:51.435199,11087,0
UChXOhG9bRDb3vSTg-qkPAZg,Gweilo-60,2019-03-06 13:02:51.441868,11087,0
UChXOhG9bRDb3vSTg-qkPAZg,Gweilo-60,2019-03-06 13:01:51.48131,11087,0
UChXOhG9bRDb3vSTg-qkPAZg,Gweilo-60,2019-03-06 13:00:50.971448,11087,0
UChXOhG9bRDb3vSTg-qkPAZg,Gweilo-60,2019-03-06 12:59:51.529623,11087,0
UChXOhG9bRDb3vSTg-qkPAZg,Gweilo-60,2019-03-06 12:58:50.887251,11087,0
UChXOhG9bRDb3vSTg-qkPAZg,Gweilo-60,2019-03-06 12:57:51.349014,11087,0
UChXOhG9bRDb3vSTg-qkPAZg,Gweilo-60,2019-03-06 12:56:51.282504,11087,0
UChXOhG9bRDb3vSTg-qkPAZg,Gweilo-60,2019-03-06 12:55:51.164267,11087,0
UChXOhG9bRDb3vSTg-qkPAZg,Gweilo-60,2019-03-06 12:54:51.606235,11087,0
UChXOhG9bRDb3vSTg-qkPAZg,Gweilo-60,2019-03-06 12:53:52.041151,11087,0
UChXOhG9bRDb3vSTg-qkPAZg,Gweilo-60,2019-03-06 12:52:51.137572,11087,0
UChXOhG9bRDb3vSTg-qkPAZg,Gweilo-60,2019-03-06 12:51:52.107501,11087,0
UChXOhG9bRDb3vSTg-qkPAZg,Gweilo-60,2019-03-06 12:50:51.21327,11087,0
UChXOhG9bRDb3vSTg-qkPAZg,Gweilo-60,2019-03-06 12:49:51.325426,11087,0
UChXOhG9bRDb3vSTg-qkPAZg,Gweilo-60,2019-03-06 12:48:51.733033,11087,0
UChXOhG9bRDb3vSTg-qkPAZg,Gweilo-60,2019-03-06 12:47:51.313264,11087,0
UChXOhG9bRDb3vSTg-qkPAZg,Gweilo-60,2019-03-06 12:46:51.299137,11087,0
UChXOhG9bRDb3vSTg-qkPAZg,Gweilo-60,2019-03-06 12:45:51.272585,11087,0
UChXOhG9bRDb3vSTg-qkPAZg,Gweilo-60,2019-03-06 12:44:51.315893,11087,0
UChXOhG9bRDb3vSTg-qkPAZg,Gweilo-60,2019-03-06 12:43:51.419045,11087,0
UChXOhG9bRDb3vSTg-qkPAZg,Gweilo-60,2019-03-06 12:42:51.21918,11087,0
UChXOhG9bRDb3vSTg-qkPAZg,Gweilo-60,2019-03-06 12:41:51.06068,11087,0
UChXOhG9bRDb3vSTg-qkPAZg,Gweilo-60,2019-03-06 12:40:51.126439,11087,0
UChXOhG9bRDb3vSTg-qkPAZg,Gweilo-60,2019-03-06 12:39:51.304867,11087,0
UChXOhG9bRDb3vSTg-qkPAZg,Gweilo-60,2019-03-06 12:38:51.633585,11087,0
UChXOhG9bRDb3vSTg-qkPAZg,Gweilo-60,2019-03-06 12:37:51.753649,11087,0
UChXOhG9bRDb3vSTg-qkPAZg,Gweilo-60,2019-03-06 12:36:51.646459,11087,0
UChXOhG9bRDb3vSTg-qkPAZg,Gweilo-60,2019-03-06 12:35:51.538343,11087,0
UChXOhG9bRDb3vSTg-qkPAZg,Gweilo-60,2019-03-06 12:34:51.27366,11087,0
UChXOhG9bRDb3vSTg-qkPAZg,Gweilo-60,2019-03-06 12:33:51.787397,11087,0
UChXOhG9bRDb3vSTg-qkPAZg,Gweilo-60,2019-03-06 12:32:51.821684,11087,0
UChXOhG9bRDb3vSTg-qkPAZg,Gweilo-60,2019-03-06 12:31:51.180255,11087,0
UChXOhG9bRDb3vSTg-qkPAZg,Gweilo-60,2019-03-06 12:30:51.69205,11087,0
UChXOhG9bRDb3vSTg-qkPAZg,Gweilo-60,2019-03-06 12:29:51.147905,11087,0
UChXOhG9bRDb3vSTg-qkPAZg,Gweilo-60,2019-03-06 12:28:51.132564,11087,0
UChXOhG9bRDb3vSTg-qkPAZg,Gweilo-60,2019-03-06 12:27:51.141725,11087,0
UChXOhG9bRDb3vSTg-qkPAZg,Gweilo-60,2019-03-06 12:26:51.016572,11087,0
UChXOhG9bRDb3vSTg-qkPAZg,Gweilo-60,2019-03-06 12:25:50.88238,11087,0
UChXOhG9bRDb3vSTg-qkPAZg,Gweilo-60,2019-03-06 12:24:51.250559,11087,0
UChXOhG9bRDb3vSTg-qkPAZg,Gweilo-60,2019-03-06 12:23:51.330212,11087,0
UChXOhG9bRDb3vSTg-qkPAZg,Gweilo-60,2019-03-06 12:22:51.406979,11087,0
UChXOhG9bRDb3vSTg-qkPAZg,Gweilo-60,2019-03-06 12:21:51.18631,11087,0
UChXOhG9bRDb3vSTg-qkPAZg,Gweilo-60,2019-03-06 12:20:51.959023,11087,0
UChXOhG9bRDb3vSTg-qkPAZg,Gweilo-60,2019-03-06 12:19:51.065753,11087,0
UChXOhG9bRDb3vSTg-qkPAZg,Gweilo-60,2019-03-06 12:18:51.593302,11087,0
UChXOhG9bRDb3vSTg-qkPAZg,Gweilo-60,2019-03-06 12:17:51.214338,11087,0
UChXOhG9bRDb3vSTg-qkPAZg,Gweilo-60,2019-03-06 12:16:51.524909,11087,0
UChXOhG9bRDb3vSTg-qkPAZg,Gweilo-60,2019-03-06 12:15:51.018186,11087,0
UChXOhG9bRDb3vSTg-qkPAZg,Gweilo-60,2019-03-06 12:14:51.094667,11087,0
UChXOhG9bRDb3vSTg-qkPAZg,Gweilo-60,2019-03-06 12:13:50.809132,11087,0
UChXOhG9bRDb3vSTg-qkPAZg,Gweilo-60,2019-03-06 12:12:51.939826,11087,0
UChXOhG9bRDb3vSTg-qkPAZg,Gweilo-60,2019-03-06 12:11:51.101276,11087,0
UChXOhG9bRDb3vSTg-qkPAZg,Gweilo-60,2019-03-06 12:10:51.616109,11087,0
UChXOhG9bRDb3vSTg-qkPAZg,Gweilo-60,2019-03-06 12:09:51.321697,11087,0
UChXOhG9bRDb3vSTg-qkPAZg,Gweilo-60,2019-03-06 12:08:51.092706,11087,0
UChXOhG9bRDb3vSTg-qkPAZg,Gweilo-60,2019-03-06 12:07:52.203718,11087,0
UChXOhG9bRDb3vSTg-qkPAZg,Gweilo-60,2019-03-06 12:06:51.281661,11087,0
UChXOhG9bRDb3vSTg-qkPAZg,Gweilo-60,2019-03-06 12:05:51.344101,11087,0
UChXOhG9bRDb3vSTg-qkPAZg,Gweilo-60,2019-03-06 12:04:51.376661,11087,0
UChXOhG9bRDb3vSTg-qkPAZg,Gweilo-60,2019-03-06 12:03:51.127861,11087,0
UChXOhG9bRDb3vSTg-qkPAZg,Gweilo-60,2019-03-06 12:02:52.088711,11087,0
UChXOhG9bRDb3vSTg-qkPAZg,Gweilo-60,2019-03-06 12:01:51.023102,11087,0
UChXOhG9bRDb3vSTg-qkPAZg,Gweilo-60,2019-03-06 12:00:51.418938,11087,0
UChXOhG9bRDb3vSTg-qkPAZg,Gweilo-60,2019-03-06 11:59:51.452188,11087,0
UChXOhG9bRDb3vSTg-qkPAZg,Gweilo-60,2019-03-06 11:58:51.708103,11087,0
UChXOhG9bRDb3vSTg-qkPAZg,Gweilo-60,2019-03-06 11:57:50.818915,11087,0
UChXOhG9bRDb3vSTg-qkPAZg,Gweilo-60,2019-03-06 11:56:51.692277,11087,0
UChXOhG9bRDb3vSTg-qkPAZg,Gweilo-60,2019-03-06 11:55:51.542181,11087,0
UChXOhG9bRDb3vSTg-qkPAZg,Gweilo-60,2019-03-06 11:54:51.35593,11087,0
UChXOhG9bRDb3vSTg-qkPAZg,Gweilo-60,2019-03-06 11:53:50.855298,11087,0
UChXOhG9bRDb3vSTg-qkPAZg,Gweilo-60,2019-03-06 11:52:51.327818,11087,0
UChXOhG9bRDb3vSTg-qkPAZg,Gweilo-60,2019-03-06 11:51:51.941475,11087,0
UChXOhG9bRDb3vSTg-qkPAZg,Gweilo-60,2019-03-06 11:50:51.313959,11087,0
UChXOhG9bRDb3vSTg-qkPAZg,Gweilo-60,2019-03-06 11:49:51.65722,11087,0
UChXOhG9bRDb3vSTg-qkPAZg,Gweilo-60,2019-03-06 11:48:51.442414,11087,0
UChXOhG9bRDb3vSTg-qkPAZg,Gweilo-60,2019-03-06 11:47:51.55152,11087,0
UChXOhG9bRDb3vSTg-qkPAZg,Gweilo-60,2019-03-06 11:46:51.243884,11087,0
UChXOhG9bRDb3vSTg-qkPAZg,Gweilo-60,2019-03-06 11:45:51.100025,11087,0
UChXOhG9bRDb3vSTg-qkPAZg,Gweilo-60,2019-03-06 11:44:51.136009,11087,0
UChXOhG9bRDb3vSTg-qkPAZg,Gweilo-60,2019-03-06 11:43:50.836457,11087,0
UChXOhG9bRDb3vSTg-qkPAZg,Gweilo-60,2019-03-06 11:42:52.793223,11087,0
UChXOhG9bRDb3vSTg-qkPAZg,Gweilo-60,2019-03-06 11:41:53.021869,11087,0
UChXOhG9bRDb3vSTg-qkPAZg,Gweilo-60,2019-03-06 11:40:51.585514,11087,0
UChXOhG9bRDb3vSTg-qkPAZg,Gweilo-60,2019-03-06 11:39:50.992196,11087,0
UChXOhG9bRDb3vSTg-qkPAZg,Gweilo-60,2019-03-06 11:38:51.653309,11087,0
UChXOhG9bRDb3vSTg-qkPAZg,Gweilo-60,2019-03-06 11:37:51.245178,11087,0
UChXOhG9bRDb3vSTg-qkPAZg,Gweilo-60,2019-03-06 11:36:51.516582,11087,0
UChXOhG9bRDb3vSTg-qkPAZg,Gweilo-60,2019-03-06 11:35:53.57016,11087,0
UChXOhG9bRDb3vSTg-qkPAZg,Gweilo-60,2019-03-06 11:34:52.839147,11087,0
UChXOhG9bRDb3vSTg-qkPAZg,Gweilo-60,2019-03-06 11:33:50.971991,11087,0
UChXOhG9bRDb3vSTg-qkPAZg,Gweilo-60,2019-03-06 11:32:52.164576,11087,0
UChXOhG9bRDb3vSTg-qkPAZg,Gweilo-60,2019-03-06 11:31:52.03602,11087,0
UChXOhG9bRDb3vSTg-qkPAZg,Gweilo-60,2019-03-06 11:30:51.850665,11087,0
UChXOhG9bRDb3vSTg-qkPAZg,Gweilo-60,2019-03-06 11:29:51.435225,11087,0
UChXOhG9bRDb3vSTg-qkPAZg,Gweilo-60,2019-03-06 11:28:51.241222,11087,0
UChXOhG9bRDb3vSTg-qkPAZg,Gweilo-60,2019-03-06 11:27:51.400046,11087,0
UChXOhG9bRDb3vSTg-qkPAZg,Gweilo-60,2019-03-06 11:26:51.286741,11087,0
UChXOhG9bRDb3vSTg-qkPAZg,Gweilo-60,2019-03-06 11:25:51.599992,11087,0
UChXOhG9bRDb3vSTg-qkPAZg,Gweilo-60,2019-03-06 11:24:51.943531,11087,0
UChXOhG9bRDb3vSTg-qkPAZg,Gweilo-60,2019-03-06 11:23:51.80805,11087,0
UChXOhG9bRDb3vSTg-qkPAZg,Gweilo-60,2019-03-06 11:22:52.152457,11087,0
UChXOhG9bRDb3vSTg-qkPAZg,Gweilo-60,2019-03-06 11:21:51.830479,11087,0
UChXOhG9bRDb3vSTg-qkPAZg,Gweilo-60,2019-03-06 11:20:51.317706,11087,0
UChXOhG9bRDb3vSTg-qkPAZg,Gweilo-60,2019-03-06 11:19:51.543309,11087,0
UChXOhG9bRDb3vSTg-qkPAZg,Gweilo-60,2019-03-06 11:18:51.840241,11087,0
UChXOhG9bRDb3vSTg-qkPAZg,Gweilo-60,2019-03-06 11:17:51.606604,11087,0
UChXOhG9bRDb3vSTg-qkPAZg,Gweilo-60,2019-03-06 11:16:52.411927,11087,0
UChXOhG9bRDb3vSTg-qkPAZg,Gweilo-60,2019-03-06 11:15:55.094042,11087,0
UChXOhG9bRDb3vSTg-qkPAZg,Gweilo-60,2019-03-06 11:14:51.374746,11087,0
UChXOhG9bRDb3vSTg-qkPAZg,Gweilo-60,2019-03-06 11:13:51.230449,11087,0
UChXOhG9bRDb3vSTg-qkPAZg,Gweilo-60,2019-03-06 11:12:51.313569,11087,0
UChXOhG9bRDb3vSTg-qkPAZg,Gweilo-60,2019-03-06 11:11:52.852423,11087,0
UChXOhG9bRDb3vSTg-qkPAZg,Gweilo-60,2019-03-06 11:10:51.478157,11087,0
UChXOhG9bRDb3vSTg-qkPAZg,Gweilo-60,2019-03-06 11:09:51.596913,11087,0
UChXOhG9bRDb3vSTg-qkPAZg,Gweilo-60,2019-03-06 11:08:51.126957,11087,0
UChXOhG9bRDb3vSTg-qkPAZg,Gweilo-60,2019-03-06 11:07:51.238808,11087,0
UChXOhG9bRDb3vSTg-qkPAZg,Gweilo-60,2019-03-06 11:06:51.553355,11087,0
UChXOhG9bRDb3vSTg-qkPAZg,Gweilo-60,2019-03-06 11:05:52.472304,11087,0
UChXOhG9bRDb3vSTg-qkPAZg,Gweilo-60,2019-03-06 11:04:51.489368,11087,0
UChXOhG9bRDb3vSTg-qkPAZg,Gweilo-60,2019-03-06 11:03:51.751574,11087,0
UChXOhG9bRDb3vSTg-qkPAZg,Gweilo-60,2019-03-06 11:02:51.521764,11087,0
UChXOhG9bRDb3vSTg-qkPAZg,Gweilo-60,2019-03-06 11:01:51.422669,11087,0
UChXOhG9bRDb3vSTg-qkPAZg,Gweilo-60,2019-03-06 11:00:52.569584,11087,0
UChXOhG9bRDb3vSTg-qkPAZg,Gweilo-60,2019-03-06 10:59:50.97777,11087,0
UChXOhG9bRDb3vSTg-qkPAZg,Gweilo-60,2019-03-06 10:58:50.794464,11087,0
UChXOhG9bRDb3vSTg-qkPAZg,Gweilo-60,2019-03-06 10:57:51.319762,11087,0
UChXOhG9bRDb3vSTg-qkPAZg,Gweilo-60,2019-03-06 10:56:51.752861,11087,0
UChXOhG9bRDb3vSTg-qkPAZg,Gweilo-60,2019-03-06 10:55:51.941735,11087,0
UChXOhG9bRDb3vSTg-qkPAZg,Gweilo-60,2019-03-06 10:54:51.771649,11087,0
UChXOhG9bRDb3vSTg-qkPAZg,Gweilo-60,2019-03-06 10:53:51.560604,11087,0
UChXOhG9bRDb3vSTg-qkPAZg,Gweilo-60,2019-03-06 10:52:51.365074,11087,0
UChXOhG9bRDb3vSTg-qkPAZg,Gweilo-60,2019-03-06 10:51:51.163308,11087,0
UChXOhG9bRDb3vSTg-qkPAZg,Gweilo-60,2019-03-06 10:50:51.414274,11087,0
UChXOhG9bRDb3vSTg-qkPAZg,Gweilo-60,2019-03-06 10:49:51.252143,11087,0
UChXOhG9bRDb3vSTg-qkPAZg,Gweilo-60,2019-03-06 10:48:51.956226,11087,0
UChXOhG9bRDb3vSTg-qkPAZg,Gweilo-60,2019-03-06 10:47:51.890492,11087,0
UChXOhG9bRDb3vSTg-qkPAZg,Gweilo-60,2019-03-06 10:46:51.25292,11087,0
UChXOhG9bRDb3vSTg-qkPAZg,Gweilo-60,2019-03-06 10:45:51.238638,11087,0
UChXOhG9bRDb3vSTg-qkPAZg,Gweilo-60,2019-03-06 10:44:51.842349,11087,0
UChXOhG9bRDb3vSTg-qkPAZg,Gweilo-60,2019-03-06 10:43:51.580742,11087,0
UChXOhG9bRDb3vSTg-qkPAZg,Gweilo-60,2019-03-06 10:42:51.548484,11087,0
UChXOhG9bRDb3vSTg-qkPAZg,Gweilo-60,2019-03-06 10:41:51.23588,11087,0
UChXOhG9bRDb3vSTg-qkPAZg,Gweilo-60,2019-03-06 10:40:51.767835,11087,0
UChXOhG9bRDb3vSTg-qkPAZg,Gweilo-60,2019-03-06 10:39:51.302542,11087,0
UChXOhG9bRDb3vSTg-qkPAZg,Gweilo-60,2019-03-06 10:38:51.073073,11087,-1
UChXOhG9bRDb3vSTg-qkPAZg,Gweilo-60,2019-03-06 10:37:51.241027,11088,0
UChXOhG9bRDb3vSTg-qkPAZg,Gweilo-60,2019-03-06 10:36:51.183474,11088,0
UChXOhG9bRDb3vSTg-qkPAZg,Gweilo-60,2019-03-06 10:35:51.412614,11088,0
UChXOhG9bRDb3vSTg-qkPAZg,Gweilo-60,2019-03-06 10:34:51.647772,11088,0
UChXOhG9bRDb3vSTg-qkPAZg,Gweilo-60,2019-03-06 10:33:51.395637,11088,0
UChXOhG9bRDb3vSTg-qkPAZg,Gweilo-60,2019-03-06 10:32:51.296521,11088,0
UChXOhG9bRDb3vSTg-qkPAZg,Gweilo-60,2019-03-06 10:31:51.103931,11088,0
UChXOhG9bRDb3vSTg-qkPAZg,Gweilo-60,2019-03-06 10:30:51.35436,11088,0
UChXOhG9bRDb3vSTg-qkPAZg,Gweilo-60,2019-03-06 10:29:51.652508,11088,0
UChXOhG9bRDb3vSTg-qkPAZg,Gweilo-60,2019-03-06 10:28:51.660695,11088,0
UChXOhG9bRDb3vSTg-qkPAZg,Gweilo-60,2019-03-06 10:27:51.297654,11088,1
UChXOhG9bRDb3vSTg-qkPAZg,Gweilo-60,2019-03-06 10:26:51.860657,11087,0
UChXOhG9bRDb3vSTg-qkPAZg,Gweilo-60,2019-03-06 10:25:51.52468,11087,0
UChXOhG9bRDb3vSTg-qkPAZg,Gweilo-60,2019-03-06 10:24:51.436988,11087,0
UChXOhG9bRDb3vSTg-qkPAZg,Gweilo-60,2019-03-06 10:23:52.090089,11087,0
UChXOhG9bRDb3vSTg-qkPAZg,Gweilo-60,2019-03-06 10:22:51.420347,11087,0
UChXOhG9bRDb3vSTg-qkPAZg,Gweilo-60,2019-03-06 10:21:51.172521,11087,0
UChXOhG9bRDb3vSTg-qkPAZg,Gweilo-60,2019-03-06 10:20:51.457076,11087,0
UChXOhG9bRDb3vSTg-qkPAZg,Gweilo-60,2019-03-06 10:19:51.549019,11087,0
UChXOhG9bRDb3vSTg-qkPAZg,Gweilo-60,2019-03-06 10:18:53.671023,11087,0
UChXOhG9bRDb3vSTg-qkPAZg,Gweilo-60,2019-03-06 10:17:51.9075,11087,0
UChXOhG9bRDb3vSTg-qkPAZg,Gweilo-60,2019-03-06 10:16:51.243598,11087,0
UChXOhG9bRDb3vSTg-qkPAZg,Gweilo-60,2019-03-06 10:15:51.076792,11087,0
UChXOhG9bRDb3vSTg-qkPAZg,Gweilo-60,2019-03-06 10:14:51.261925,11087,0
UChXOhG9bRDb3vSTg-qkPAZg,Gweilo-60,2019-03-06 10:13:51.593298,11087,0
UChXOhG9bRDb3vSTg-qkPAZg,Gweilo-60,2019-03-06 10:12:50.963052,11087,0
UChXOhG9bRDb3vSTg-qkPAZg,Gweilo-60,2019-03-06 10:11:51.45481,11087,0
UChXOhG9bRDb3vSTg-qkPAZg,Gweilo-60,2019-03-06 10:10:51.338802,11087,0
UChXOhG9bRDb3vSTg-qkPAZg,Gweilo-60,2019-03-06 10:09:51.167978,11087,0
UChXOhG9bRDb3vSTg-qkPAZg,Gweilo-60,2019-03-06 10:08:51.353871,11087,0
UChXOhG9bRDb3vSTg-qkPAZg,Gweilo-60,2019-03-06 10:07:51.480564,11087,0
UChXOhG9bRDb3vSTg-qkPAZg,Gweilo-60,2019-03-06 10:06:51.238678,11087,0
UChXOhG9bRDb3vSTg-qkPAZg,Gweilo-60,2019-03-06 10:05:51.518815,11087,0
UChXOhG9bRDb3vSTg-qkPAZg,Gweilo-60,2019-03-06 10:04:51.160458,11087,0
UChXOhG9bRDb3vSTg-qkPAZg,Gweilo-60,2019-03-06 10:03:51.613813,11087,0
UChXOhG9bRDb3vSTg-qkPAZg,Gweilo-60,2019-03-06 10:02:51.083502,11087,0
UChXOhG9bRDb3vSTg-qkPAZg,Gweilo-60,2019-03-06 10:01:51.747827,11087,0
UChXOhG9bRDb3vSTg-qkPAZg,Gweilo-60,2019-03-06 10:00:51.797682,11087,0
UChXOhG9bRDb3vSTg-qkPAZg,Gweilo-60,2019-03-06 09:59:52.039316,11087,0
UChXOhG9bRDb3vSTg-qkPAZg,Gweilo-60,2019-03-06 09:58:51.883812,11087,0
UChXOhG9bRDb3vSTg-qkPAZg,Gweilo-60,2019-03-06 09:57:51.218453,11087,0
UChXOhG9bRDb3vSTg-qkPAZg,Gweilo-60,2019-03-06 09:56:51.119241,11087,0
UChXOhG9bRDb3vSTg-qkPAZg,Gweilo-60,2019-03-06 09:55:51.297434,11087,0
UChXOhG9bRDb3vSTg-qkPAZg,Gweilo-60,2019-03-06 09:54:51.654618,11087,0
UChXOhG9bRDb3vSTg-qkPAZg,Gweilo-60,2019-03-06 09:53:51.104698,11087,0
UChXOhG9bRDb3vSTg-qkPAZg,Gweilo-60,2019-03-06 09:52:51.508284,11087,0
UChXOhG9bRDb3vSTg-qkPAZg,Gweilo-60,2019-03-06 09:51:51.306167,11087,0
UChXOhG9bRDb3vSTg-qkPAZg,Gweilo-60,2019-03-06 09:50:51.22647,11087,0
UChXOhG9bRDb3vSTg-qkPAZg,Gweilo-60,2019-03-06 09:49:51.32631,11087,0
UChXOhG9bRDb3vSTg-qkPAZg,Gweilo-60,2019-03-06 09:48:51.412662,11087,0
UChXOhG9bRDb3vSTg-qkPAZg,Gweilo-60,2019-03-06 09:47:51.739157,11087,0
UChXOhG9bRDb3vSTg-qkPAZg,Gweilo-60,2019-03-06 09:46:51.247809,11087,0
UChXOhG9bRDb3vSTg-qkPAZg,Gweilo-60,2019-03-06 09:45:51.473578,11087,0
UChXOhG9bRDb3vSTg-qkPAZg,Gweilo-60,2019-03-06 09:44:50.916529,11087,0
UChXOhG9bRDb3vSTg-qkPAZg,Gweilo-60,2019-03-06 09:43:51.026957,11087,0
UChXOhG9bRDb3vSTg-qkPAZg,Gweilo-60,2019-03-06 09:42:51.563519,11087,0
UChXOhG9bRDb3vSTg-qkPAZg,Gweilo-60,2019-03-06 09:41:51.458775,11087,0
UChXOhG9bRDb3vSTg-qkPAZg,Gweilo-60,2019-03-06 09:40:51.710116,11087,0
UChXOhG9bRDb3vSTg-qkPAZg,Gweilo-60,2019-03-06 09:39:51.034963,11087,0
UChXOhG9bRDb3vSTg-qkPAZg,Gweilo-60,2019-03-06 09:38:51.339541,11087,0
UChXOhG9bRDb3vSTg-qkPAZg,Gweilo-60,2019-03-06 09:37:51.556332,11087,0
UChXOhG9bRDb3vSTg-qkPAZg,Gweilo-60,2019-03-06 09:36:51.099501,11087,1
UChXOhG9bRDb3vSTg-qkPAZg,Gweilo-60,2019-03-06 09:35:51.181699,11086,0
UChXOhG9bRDb3vSTg-qkPAZg,Gweilo-60,2019-03-06 09:34:51.228926,11086,0
UChXOhG9bRDb3vSTg-qkPAZg,Gweilo-60,2019-03-06 09:33:51.351008,11086,0
UChXOhG9bRDb3vSTg-qkPAZg,Gweilo-60,2019-03-06 09:32:51.231217,11086,0
UChXOhG9bRDb3vSTg-qkPAZg,Gweilo-60,2019-03-06 09:31:51.902152,11086,0
UChXOhG9bRDb3vSTg-qkPAZg,Gweilo-60,2019-03-06 09:30:51.354443,11086,0
UChXOhG9bRDb3vSTg-qkPAZg,Gweilo-60,2019-03-06 09:29:51.220398,11086,0
UChXOhG9bRDb3vSTg-qkPAZg,Gweilo-60,2019-03-06 09:28:51.348242,11086,0
UChXOhG9bRDb3vSTg-qkPAZg,Gweilo-60,2019-03-06 09:27:51.65542,11086,0
UChXOhG9bRDb3vSTg-qkPAZg,Gweilo-60,2019-03-06 09:26:51.340509,11086,0
UChXOhG9bRDb3vSTg-qkPAZg,Gweilo-60,2019-03-06 09:25:51.585852,11086,0
UChXOhG9bRDb3vSTg-qkPAZg,Gweilo-60,2019-03-06 09:24:51.449103,11086,0
UChXOhG9bRDb3vSTg-qkPAZg,Gweilo-60,2019-03-06 09:23:51.178267,11086,0
UChXOhG9bRDb3vSTg-qkPAZg,Gweilo-60,2019-03-06 09:22:51.308982,11086,0
UChXOhG9bRDb3vSTg-qkPAZg,Gweilo-60,2019-03-06 09:21:52.988648,11086,0
UChXOhG9bRDb3vSTg-qkPAZg,Gweilo-60,2019-03-06 09:20:51.676602,11086,0
UChXOhG9bRDb3vSTg-qkPAZg,Gweilo-60,2019-03-06 09:19:51.22365,11086,0
UChXOhG9bRDb3vSTg-qkPAZg,Gweilo-60,2019-03-06 09:18:51.39852,11086,0
UChXOhG9bRDb3vSTg-qkPAZg,Gweilo-60,2019-03-06 09:17:51.684659,11086,0
UChXOhG9bRDb3vSTg-qkPAZg,Gweilo-60,2019-03-06 09:16:51.20444,11086,0
UChXOhG9bRDb3vSTg-qkPAZg,Gweilo-60,2019-03-06 09:15:51.401445,11086,0
UChXOhG9bRDb3vSTg-qkPAZg,Gweilo-60,2019-03-06 09:14:51.289475,11086,0
UChXOhG9bRDb3vSTg-qkPAZg,Gweilo-60,2019-03-06 09:13:51.511969,11086,0
UChXOhG9bRDb3vSTg-qkPAZg,Gweilo-60,2019-03-06 09:12:51.2532,11086,0
UChXOhG9bRDb3vSTg-qkPAZg,Gweilo-60,2019-03-06 09:11:51.204119,11086,0
UChXOhG9bRDb3vSTg-qkPAZg,Gweilo-60,2019-03-06 09:10:51.213778,11086,0
UChXOhG9bRDb3vSTg-qkPAZg,Gweilo-60,2019-03-06 09:09:51.421362,11086,0
UChXOhG9bRDb3vSTg-qkPAZg,Gweilo-60,2019-03-06 09:08:51.009469,11086,0
UChXOhG9bRDb3vSTg-qkPAZg,Gweilo-60,2019-03-06 09:07:51.491513,11086,0
UChXOhG9bRDb3vSTg-qkPAZg,Gweilo-60,2019-03-06 09:06:51.729895,11086,0
UChXOhG9bRDb3vSTg-qkPAZg,Gweilo-60,2019-03-06 09:05:51.31602,11086,0
UChXOhG9bRDb3vSTg-qkPAZg,Gweilo-60,2019-03-06 09:04:51.547495,11086,0
UChXOhG9bRDb3vSTg-qkPAZg,Gweilo-60,2019-03-06 09:03:51.718277,11086,0
UChXOhG9bRDb3vSTg-qkPAZg,Gweilo-60,2019-03-06 09:02:51.264309,11086,0
UChXOhG9bRDb3vSTg-qkPAZg,Gweilo-60,2019-03-06 09:01:51.257258,11086,0
UChXOhG9bRDb3vSTg-qkPAZg,Gweilo-60,2019-03-06 09:00:52.550225,11086,0
UChXOhG9bRDb3vSTg-qkPAZg,Gweilo-60,2019-03-06 08:59:51.062486,11086,0
UChXOhG9bRDb3vSTg-qkPAZg,Gweilo-60,2019-03-06 08:58:50.893403,11086,0
UChXOhG9bRDb3vSTg-qkPAZg,Gweilo-60,2019-03-06 08:57:51.411535,11086,0
UChXOhG9bRDb3vSTg-qkPAZg,Gweilo-60,2019-03-06 08:56:51.184733,11086,0
UChXOhG9bRDb3vSTg-qkPAZg,Gweilo-60,2019-03-06 08:55:52.209264,11086,0
UChXOhG9bRDb3vSTg-qkPAZg,Gweilo-60,2019-03-06 08:54:51.169926,11086,0
UChXOhG9bRDb3vSTg-qkPAZg,Gweilo-60,2019-03-06 08:53:51.314575,11086,0
UChXOhG9bRDb3vSTg-qkPAZg,Gweilo-60,2019-03-06 08:52:52.109476,11086,0
UChXOhG9bRDb3vSTg-qkPAZg,Gweilo-60,2019-03-06 08:51:51.291953,11086,0
UChXOhG9bRDb3vSTg-qkPAZg,Gweilo-60,2019-03-06 08:50:51.213182,11086,0
UChXOhG9bRDb3vSTg-qkPAZg,Gweilo-60,2019-03-06 08:49:51.613835,11086,0
UChXOhG9bRDb3vSTg-qkPAZg,Gweilo-60,2019-03-06 08:48:51.316761,11086,0
UChXOhG9bRDb3vSTg-qkPAZg,Gweilo-60,2019-03-06 08:47:51.368066,11086,0
UChXOhG9bRDb3vSTg-qkPAZg,Gweilo-60,2019-03-06 08:46:52.357786,11086,0
UChXOhG9bRDb3vSTg-qkPAZg,Gweilo-60,2019-03-06 08:45:51.464648,11086,0
UChXOhG9bRDb3vSTg-qkPAZg,Gweilo-60,2019-03-06 08:44:51.601224,11086,0
UChXOhG9bRDb3vSTg-qkPAZg,Gweilo-60,2019-03-06 08:43:51.379766,11086,0
UChXOhG9bRDb3vSTg-qkPAZg,Gweilo-60,2019-03-06 08:42:51.177285,11086,0
UChXOhG9bRDb3vSTg-qkPAZg,Gweilo-60,2019-03-06 08:41:51.210477,11086,0
UChXOhG9bRDb3vSTg-qkPAZg,Gweilo-60,2019-03-06 08:40:51.397227,11086,0
UChXOhG9bRDb3vSTg-qkPAZg,Gweilo-60,2019-03-06 08:39:51.49814,11086,0
UChXOhG9bRDb3vSTg-qkPAZg,Gweilo-60,2019-03-06 08:38:51.552467,11086,0
UChXOhG9bRDb3vSTg-qkPAZg,Gweilo-60,2019-03-06 08:37:51.413649,11086,0
UChXOhG9bRDb3vSTg-qkPAZg,Gweilo-60,2019-03-06 08:36:51.267724,11086,0
UChXOhG9bRDb3vSTg-qkPAZg,Gweilo-60,2019-03-06 08:35:50.99965,11086,0
UChXOhG9bRDb3vSTg-qkPAZg,Gweilo-60,2019-03-06 08:34:51.337233,11086,0
UChXOhG9bRDb3vSTg-qkPAZg,Gweilo-60,2019-03-06 08:33:51.411992,11086,0
UChXOhG9bRDb3vSTg-qkPAZg,Gweilo-60,2019-03-06 08:32:51.497267,11086,0
UChXOhG9bRDb3vSTg-qkPAZg,Gweilo-60,2019-03-06 08:31:51.071659,11086,0
UChXOhG9bRDb3vSTg-qkPAZg,Gweilo-60,2019-03-06 08:30:51.421172,11086,0
UChXOhG9bRDb3vSTg-qkPAZg,Gweilo-60,2019-03-06 08:29:52.661519,11086,0
UChXOhG9bRDb3vSTg-qkPAZg,Gweilo-60,2019-03-06 08:28:51.485991,11086,0
UChXOhG9bRDb3vSTg-qkPAZg,Gweilo-60,2019-03-06 08:27:51.95706,11086,0
UChXOhG9bRDb3vSTg-qkPAZg,Gweilo-60,2019-03-06 08:26:51.075761,11086,0
UChXOhG9bRDb3vSTg-qkPAZg,Gweilo-60,2019-03-06 08:25:51.150848,11086,0
UChXOhG9bRDb3vSTg-qkPAZg,Gweilo-60,2019-03-06 08:24:51.369233,11086,0
UChXOhG9bRDb3vSTg-qkPAZg,Gweilo-60,2019-03-06 08:23:51.381581,11086,0
UChXOhG9bRDb3vSTg-qkPAZg,Gweilo-60,2019-03-06 08:22:51.159537,11086,0
UChXOhG9bRDb3vSTg-qkPAZg,Gweilo-60,2019-03-06 08:21:51.291295,11086,0
UChXOhG9bRDb3vSTg-qkPAZg,Gweilo-60,2019-03-06 08:20:51.312409,11086,0
UChXOhG9bRDb3vSTg-qkPAZg,Gweilo-60,2019-03-06 08:19:51.062263,11086,0
UChXOhG9bRDb3vSTg-qkPAZg,Gweilo-60,2019-03-06 08:18:51.532723,11086,1
UChXOhG9bRDb3vSTg-qkPAZg,Gweilo-60,2019-03-06 08:17:50.890206,11085,0
UChXOhG9bRDb3vSTg-qkPAZg,Gweilo-60,2019-03-06 08:16:51.324096,11085,0
UChXOhG9bRDb3vSTg-qkPAZg,Gweilo-60,2019-03-06 08:15:51.114839,11085,0
UChXOhG9bRDb3vSTg-qkPAZg,Gweilo-60,2019-03-06 08:14:50.944395,11085,0
UChXOhG9bRDb3vSTg-qkPAZg,Gweilo-60,2019-03-06 08:13:51.210388,11085,0
UChXOhG9bRDb3vSTg-qkPAZg,Gweilo-60,2019-03-06 08:12:51.214812,11085,0
UChXOhG9bRDb3vSTg-qkPAZg,Gweilo-60,2019-03-06 08:11:50.915118,11085,0
UChXOhG9bRDb3vSTg-qkPAZg,Gweilo-60,2019-03-06 08:10:51.364053,11085,0
UChXOhG9bRDb3vSTg-qkPAZg,Gweilo-60,2019-03-06 08:09:51.14329,11085,0
UChXOhG9bRDb3vSTg-qkPAZg,Gweilo-60,2019-03-06 08:08:51.440459,11085,0
UChXOhG9bRDb3vSTg-qkPAZg,Gweilo-60,2019-03-06 08:07:50.722173,11085,0
UChXOhG9bRDb3vSTg-qkPAZg,Gweilo-60,2019-03-06 08:06:51.440403,11085,0
UChXOhG9bRDb3vSTg-qkPAZg,Gweilo-60,2019-03-06 08:05:51.38135,11085,0
UChXOhG9bRDb3vSTg-qkPAZg,Gweilo-60,2019-03-06 08:04:51.771164,11085,0
UChXOhG9bRDb3vSTg-qkPAZg,Gweilo-60,2019-03-06 08:03:51.592962,11085,0
UChXOhG9bRDb3vSTg-qkPAZg,Gweilo-60,2019-03-06 08:02:51.483264,11085,0
UChXOhG9bRDb3vSTg-qkPAZg,Gweilo-60,2019-03-06 08:01:51.681381,11085,0
UChXOhG9bRDb3vSTg-qkPAZg,Gweilo-60,2019-03-06 08:00:51.61159,11085,0
UChXOhG9bRDb3vSTg-qkPAZg,Gweilo-60,2019-03-06 07:59:51.423395,11085,0
UChXOhG9bRDb3vSTg-qkPAZg,Gweilo-60,2019-03-06 07:58:51.189821,11085,0
UChXOhG9bRDb3vSTg-qkPAZg,Gweilo-60,2019-03-06 07:57:51.086026,11085,0
UChXOhG9bRDb3vSTg-qkPAZg,Gweilo-60,2019-03-06 07:56:51.54005,11085,0
UChXOhG9bRDb3vSTg-qkPAZg,Gweilo-60,2019-03-06 07:55:51.17484,11085,0
UChXOhG9bRDb3vSTg-qkPAZg,Gweilo-60,2019-03-06 07:54:50.962053,11085,0
UChXOhG9bRDb3vSTg-qkPAZg,Gweilo-60,2019-03-06 07:53:51.297666,11085,0
UChXOhG9bRDb3vSTg-qkPAZg,Gweilo-60,2019-03-06 07:52:52.615427,11085,0
UChXOhG9bRDb3vSTg-qkPAZg,Gweilo-60,2019-03-06 07:51:51.172347,11085,0
UChXOhG9bRDb3vSTg-qkPAZg,Gweilo-60,2019-03-06 07:50:51.433818,11085,0
UChXOhG9bRDb3vSTg-qkPAZg,Gweilo-60,2019-03-06 07:49:51.28538,11085,0
UChXOhG9bRDb3vSTg-qkPAZg,Gweilo-60,2019-03-06 07:48:51.271342,11085,0
UChXOhG9bRDb3vSTg-qkPAZg,Gweilo-60,2019-03-06 07:47:51.759084,11085,0
UChXOhG9bRDb3vSTg-qkPAZg,Gweilo-60,2019-03-06 07:46:51.297579,11085,0
UChXOhG9bRDb3vSTg-qkPAZg,Gweilo-60,2019-03-06 07:45:51.820716,11085,0
UChXOhG9bRDb3vSTg-qkPAZg,Gweilo-60,2019-03-06 07:44:51.406501,11085,0
UChXOhG9bRDb3vSTg-qkPAZg,Gweilo-60,2019-03-06 07:43:51.757253,11085,0
UChXOhG9bRDb3vSTg-qkPAZg,Gweilo-60,2019-03-06 07:42:51.759218,11085,0
UChXOhG9bRDb3vSTg-qkPAZg,Gweilo-60,2019-03-06 07:41:51.617992,11085,0
UChXOhG9bRDb3vSTg-qkPAZg,Gweilo-60,2019-03-06 07:40:51.009073,11085,0
UChXOhG9bRDb3vSTg-qkPAZg,Gweilo-60,2019-03-06 07:39:51.145129,11085,0
UChXOhG9bRDb3vSTg-qkPAZg,Gweilo-60,2019-03-06 07:38:51.324233,11085,0
UChXOhG9bRDb3vSTg-qkPAZg,Gweilo-60,2019-03-06 07:37:51.370798,11085,0
UChXOhG9bRDb3vSTg-qkPAZg,Gweilo-60,2019-03-06 07:36:51.205297,11085,0
UChXOhG9bRDb3vSTg-qkPAZg,Gweilo-60,2019-03-06 07:35:51.889683,11085,0
UChXOhG9bRDb3vSTg-qkPAZg,Gweilo-60,2019-03-06 07:34:50.893711,11085,0
UChXOhG9bRDb3vSTg-qkPAZg,Gweilo-60,2019-03-06 07:33:51.400001,11085,0
UChXOhG9bRDb3vSTg-qkPAZg,Gweilo-60,2019-03-06 07:32:51.184543,11085,0
UChXOhG9bRDb3vSTg-qkPAZg,Gweilo-60,2019-03-06 07:31:51.683433,11085,0
UChXOhG9bRDb3vSTg-qkPAZg,Gweilo-60,2019-03-06 07:30:51.68149,11085,0
UChXOhG9bRDb3vSTg-qkPAZg,Gweilo-60,2019-03-06 07:29:51.305463,11085,0
UChXOhG9bRDb3vSTg-qkPAZg,Gweilo-60,2019-03-06 07:28:51.620507,11085,0
UChXOhG9bRDb3vSTg-qkPAZg,Gweilo-60,2019-03-06 07:27:51.661505,11085,0
UChXOhG9bRDb3vSTg-qkPAZg,Gweilo-60,2019-03-06 07:26:51.673716,11085,0
UChXOhG9bRDb3vSTg-qkPAZg,Gweilo-60,2019-03-06 07:25:50.997076,11085,0
UChXOhG9bRDb3vSTg-qkPAZg,Gweilo-60,2019-03-06 07:24:51.23432,11085,0
UChXOhG9bRDb3vSTg-qkPAZg,Gweilo-60,2019-03-06 07:23:51.009786,11085,0
UChXOhG9bRDb3vSTg-qkPAZg,Gweilo-60,2019-03-06 07:22:50.816506,11085,0
UChXOhG9bRDb3vSTg-qkPAZg,Gweilo-60,2019-03-06 07:21:51.371017,11085,0
UChXOhG9bRDb3vSTg-qkPAZg,Gweilo-60,2019-03-06 07:20:51.088562,11085,0
UChXOhG9bRDb3vSTg-qkPAZg,Gweilo-60,2019-03-06 07:19:50.887586,11085,0
UChXOhG9bRDb3vSTg-qkPAZg,Gweilo-60,2019-03-06 07:18:50.98318,11085,0
UChXOhG9bRDb3vSTg-qkPAZg,Gweilo-60,2019-03-06 07:17:51.221062,11085,0
UChXOhG9bRDb3vSTg-qkPAZg,Gweilo-60,2019-03-06 07:16:51.348411,11085,0
UChXOhG9bRDb3vSTg-qkPAZg,Gweilo-60,2019-03-06 07:15:51.105841,11085,0
UChXOhG9bRDb3vSTg-qkPAZg,Gweilo-60,2019-03-06 07:14:51.500363,11085,0
UChXOhG9bRDb3vSTg-qkPAZg,Gweilo-60,2019-03-06 07:13:51.881056,11085,0
UChXOhG9bRDb3vSTg-qkPAZg,Gweilo-60,2019-03-06 07:12:50.824406,11085,0
UChXOhG9bRDb3vSTg-qkPAZg,Gweilo-60,2019-03-06 07:11:51.525694,11085,0
UChXOhG9bRDb3vSTg-qkPAZg,Gweilo-60,2019-03-06 07:10:51.385727,11085,0
UChXOhG9bRDb3vSTg-qkPAZg,Gweilo-60,2019-03-06 07:09:51.295131,11085,0
UChXOhG9bRDb3vSTg-qkPAZg,Gweilo-60,2019-03-06 07:08:51.265743,11085,0
UChXOhG9bRDb3vSTg-qkPAZg,Gweilo-60,2019-03-06 07:07:51.196636,11085,0
UChXOhG9bRDb3vSTg-qkPAZg,Gweilo-60,2019-03-06 07:06:51.770684,11085,0
UChXOhG9bRDb3vSTg-qkPAZg,Gweilo-60,2019-03-06 07:05:50.900432,11085,0
UChXOhG9bRDb3vSTg-qkPAZg,Gweilo-60,2019-03-06 07:04:51.220881,11085,0
UChXOhG9bRDb3vSTg-qkPAZg,Gweilo-60,2019-03-06 07:03:51.36843,11085,0
UChXOhG9bRDb3vSTg-qkPAZg,Gweilo-60,2019-03-06 07:02:51.302956,11085,0
UChXOhG9bRDb3vSTg-qkPAZg,Gweilo-60,2019-03-06 07:01:51.251517,11085,0
UChXOhG9bRDb3vSTg-qkPAZg,Gweilo-60,2019-03-06 07:00:51.25327,11085,0
UChXOhG9bRDb3vSTg-qkPAZg,Gweilo-60,2019-03-06 06:59:51.030549,11085,0
UChXOhG9bRDb3vSTg-qkPAZg,Gweilo-60,2019-03-06 06:58:51.512172,11085,0
UChXOhG9bRDb3vSTg-qkPAZg,Gweilo-60,2019-03-06 06:57:51.616893,11085,0
UChXOhG9bRDb3vSTg-qkPAZg,Gweilo-60,2019-03-06 06:56:51.392231,11085,0
UChXOhG9bRDb3vSTg-qkPAZg,Gweilo-60,2019-03-06 06:55:51.288412,11085,0
UChXOhG9bRDb3vSTg-qkPAZg,Gweilo-60,2019-03-06 06:54:51.257509,11085,0
UChXOhG9bRDb3vSTg-qkPAZg,Gweilo-60,2019-03-06 06:53:51.287899,11085,0
UChXOhG9bRDb3vSTg-qkPAZg,Gweilo-60,2019-03-06 06:52:51.629982,11085,0
UChXOhG9bRDb3vSTg-qkPAZg,Gweilo-60,2019-03-06 06:51:51.438082,11085,0
UChXOhG9bRDb3vSTg-qkPAZg,Gweilo-60,2019-03-06 06:50:51.107945,11085,0
UChXOhG9bRDb3vSTg-qkPAZg,Gweilo-60,2019-03-06 06:49:51.385466,11085,0
UChXOhG9bRDb3vSTg-qkPAZg,Gweilo-60,2019-03-06 06:48:51.103569,11085,0
UChXOhG9bRDb3vSTg-qkPAZg,Gweilo-60,2019-03-06 06:47:51.267699,11085,0
UChXOhG9bRDb3vSTg-qkPAZg,Gweilo-60,2019-03-06 06:46:51.254081,11085,0
UChXOhG9bRDb3vSTg-qkPAZg,Gweilo-60,2019-03-06 06:45:51.472777,11085,0
UChXOhG9bRDb3vSTg-qkPAZg,Gweilo-60,2019-03-06 06:44:51.053505,11085,0
UChXOhG9bRDb3vSTg-qkPAZg,Gweilo-60,2019-03-06 06:43:51.008002,11085,0
UChXOhG9bRDb3vSTg-qkPAZg,Gweilo-60,2019-03-06 06:42:51.055718,11085,0
UChXOhG9bRDb3vSTg-qkPAZg,Gweilo-60,2019-03-06 06:41:51.159295,11085,0
UChXOhG9bRDb3vSTg-qkPAZg,Gweilo-60,2019-03-06 06:40:51.785958,11085,0
UChXOhG9bRDb3vSTg-qkPAZg,Gweilo-60,2019-03-06 06:39:51.322055,11085,0
UChXOhG9bRDb3vSTg-qkPAZg,Gweilo-60,2019-03-06 06:38:51.47775,11085,0
UChXOhG9bRDb3vSTg-qkPAZg,Gweilo-60,2019-03-06 06:37:51.29046,11085,0
UChXOhG9bRDb3vSTg-qkPAZg,Gweilo-60,2019-03-06 06:36:51.314126,11085,0
UChXOhG9bRDb3vSTg-qkPAZg,Gweilo-60,2019-03-06 06:35:51.767207,11085,0
UChXOhG9bRDb3vSTg-qkPAZg,Gweilo-60,2019-03-06 06:34:51.268354,11085,0
UChXOhG9bRDb3vSTg-qkPAZg,Gweilo-60,2019-03-06 06:33:51.200782,11085,0
UChXOhG9bRDb3vSTg-qkPAZg,Gweilo-60,2019-03-06 06:32:51.499811,11085,0
UChXOhG9bRDb3vSTg-qkPAZg,Gweilo-60,2019-03-06 06:31:51.24859,11085,0
UChXOhG9bRDb3vSTg-qkPAZg,Gweilo-60,2019-03-06 06:30:51.023639,11085,0
UChXOhG9bRDb3vSTg-qkPAZg,Gweilo-60,2019-03-06 06:29:51.600163,11085,0
UChXOhG9bRDb3vSTg-qkPAZg,Gweilo-60,2019-03-06 06:28:51.52167,11085,0
UChXOhG9bRDb3vSTg-qkPAZg,Gweilo-60,2019-03-06 06:27:51.611158,11085,0
UChXOhG9bRDb3vSTg-qkPAZg,Gweilo-60,2019-03-06 06:26:51.407895,11085,0
UChXOhG9bRDb3vSTg-qkPAZg,Gweilo-60,2019-03-06 06:25:51.568129,11085,0
UChXOhG9bRDb3vSTg-qkPAZg,Gweilo-60,2019-03-06 06:24:51.225308,11085,0
UChXOhG9bRDb3vSTg-qkPAZg,Gweilo-60,2019-03-06 06:23:51.278665,11085,0
UChXOhG9bRDb3vSTg-qkPAZg,Gweilo-60,2019-03-06 06:22:50.863456,11085,0
UChXOhG9bRDb3vSTg-qkPAZg,Gweilo-60,2019-03-06 06:21:51.320971,11085,0
UChXOhG9bRDb3vSTg-qkPAZg,Gweilo-60,2019-03-06 06:20:51.385325,11085,0
UChXOhG9bRDb3vSTg-qkPAZg,Gweilo-60,2019-03-06 06:19:51.583389,11085,0
UChXOhG9bRDb3vSTg-qkPAZg,Gweilo-60,2019-03-06 06:18:51.710037,11085,0
UChXOhG9bRDb3vSTg-qkPAZg,Gweilo-60,2019-03-06 06:17:50.725632,11085,0
UChXOhG9bRDb3vSTg-qkPAZg,Gweilo-60,2019-03-06 06:16:51.642449,11085,0
UChXOhG9bRDb3vSTg-qkPAZg,Gweilo-60,2019-03-06 06:15:51.872804,11085,0
UChXOhG9bRDb3vSTg-qkPAZg,Gweilo-60,2019-03-06 06:14:52.437192,11085,0
UChXOhG9bRDb3vSTg-qkPAZg,Gweilo-60,2019-03-06 06:13:51.31885,11085,0
UChXOhG9bRDb3vSTg-qkPAZg,Gweilo-60,2019-03-06 06:12:51.381354,11085,0
UChXOhG9bRDb3vSTg-qkPAZg,Gweilo-60,2019-03-06 06:11:51.449433,11085,0
UChXOhG9bRDb3vSTg-qkPAZg,Gweilo-60,2019-03-06 06:10:51.397076,11085,0
UChXOhG9bRDb3vSTg-qkPAZg,Gweilo-60,2019-03-06 06:09:51.882242,11085,0
UChXOhG9bRDb3vSTg-qkPAZg,Gweilo-60,2019-03-06 06:08:51.814055,11085,0
UChXOhG9bRDb3vSTg-qkPAZg,Gweilo-60,2019-03-06 06:07:52.125454,11085,0
UChXOhG9bRDb3vSTg-qkPAZg,Gweilo-60,2019-03-06 06:06:51.97021,11085,0
UChXOhG9bRDb3vSTg-qkPAZg,Gweilo-60,2019-03-06 06:05:51.429291,11085,0
UChXOhG9bRDb3vSTg-qkPAZg,Gweilo-60,2019-03-06 06:04:51.473499,11085,0
UChXOhG9bRDb3vSTg-qkPAZg,Gweilo-60,2019-03-06 06:03:51.535999,11085,0
UChXOhG9bRDb3vSTg-qkPAZg,Gweilo-60,2019-03-06 06:02:51.365954,11085,0
UChXOhG9bRDb3vSTg-qkPAZg,Gweilo-60,2019-03-06 06:01:51.59332,11085,0
UChXOhG9bRDb3vSTg-qkPAZg,Gweilo-60,2019-03-06 06:00:51.480511,11085,0
UChXOhG9bRDb3vSTg-qkPAZg,Gweilo-60,2019-03-06 05:59:51.327765,11085,0
UChXOhG9bRDb3vSTg-qkPAZg,Gweilo-60,2019-03-06 05:58:52.159646,11085,0
UChXOhG9bRDb3vSTg-qkPAZg,Gweilo-60,2019-03-06 05:57:51.436672,11085,0
UChXOhG9bRDb3vSTg-qkPAZg,Gweilo-60,2019-03-06 05:56:51.547831,11085,0
UChXOhG9bRDb3vSTg-qkPAZg,Gweilo-60,2019-03-06 05:55:51.573811,11085,0
UChXOhG9bRDb3vSTg-qkPAZg,Gweilo-60,2019-03-06 05:54:50.909752,11085,0
UChXOhG9bRDb3vSTg-qkPAZg,Gweilo-60,2019-03-06 05:53:51.413069,11085,0
UChXOhG9bRDb3vSTg-qkPAZg,Gweilo-60,2019-03-06 05:52:51.938814,11085,0
UChXOhG9bRDb3vSTg-qkPAZg,Gweilo-60,2019-03-06 05:51:51.935056,11085,0
UChXOhG9bRDb3vSTg-qkPAZg,Gweilo-60,2019-03-06 05:50:51.221888,11085,0
UChXOhG9bRDb3vSTg-qkPAZg,Gweilo-60,2019-03-06 05:49:51.248123,11085,0
UChXOhG9bRDb3vSTg-qkPAZg,Gweilo-60,2019-03-06 05:48:50.951741,11085,0
UChXOhG9bRDb3vSTg-qkPAZg,Gweilo-60,2019-03-06 05:47:51.183072,11085,0
UChXOhG9bRDb3vSTg-qkPAZg,Gweilo-60,2019-03-06 05:46:51.431285,11085,0
UChXOhG9bRDb3vSTg-qkPAZg,Gweilo-60,2019-03-06 05:45:51.612375,11085,0
UChXOhG9bRDb3vSTg-qkPAZg,Gweilo-60,2019-03-06 05:44:51.815241,11085,0
UChXOhG9bRDb3vSTg-qkPAZg,Gweilo-60,2019-03-06 05:43:51.532792,11085,0
UChXOhG9bRDb3vSTg-qkPAZg,Gweilo-60,2019-03-06 05:42:51.308595,11085,0
UChXOhG9bRDb3vSTg-qkPAZg,Gweilo-60,2019-03-06 05:41:52.092953,11085,0
UChXOhG9bRDb3vSTg-qkPAZg,Gweilo-60,2019-03-06 05:40:52.009304,11085,0
UChXOhG9bRDb3vSTg-qkPAZg,Gweilo-60,2019-03-06 05:39:51.605007,11085,0
UChXOhG9bRDb3vSTg-qkPAZg,Gweilo-60,2019-03-06 05:38:51.568407,11085,0
UChXOhG9bRDb3vSTg-qkPAZg,Gweilo-60,2019-03-06 05:37:51.061317,11085,0
UChXOhG9bRDb3vSTg-qkPAZg,Gweilo-60,2019-03-06 05:36:51.338536,11085,0
UChXOhG9bRDb3vSTg-qkPAZg,Gweilo-60,2019-03-06 05:35:51.398962,11085,0
UChXOhG9bRDb3vSTg-qkPAZg,Gweilo-60,2019-03-06 05:34:51.2838,11085,0
UChXOhG9bRDb3vSTg-qkPAZg,Gweilo-60,2019-03-06 05:33:51.59472,11085,0
UChXOhG9bRDb3vSTg-qkPAZg,Gweilo-60,2019-03-06 05:32:50.950908,11085,0
UChXOhG9bRDb3vSTg-qkPAZg,Gweilo-60,2019-03-06 05:31:51.687652,11085,0
UChXOhG9bRDb3vSTg-qkPAZg,Gweilo-60,2019-03-06 05:30:52.010372,11085,0
UChXOhG9bRDb3vSTg-qkPAZg,Gweilo-60,2019-03-06 05:29:51.2123,11085,0
UChXOhG9bRDb3vSTg-qkPAZg,Gweilo-60,2019-03-06 05:28:51.744496,11085,0
UChXOhG9bRDb3vSTg-qkPAZg,Gweilo-60,2019-03-06 05:27:51.799055,11085,0
UChXOhG9bRDb3vSTg-qkPAZg,Gweilo-60,2019-03-06 05:26:51.553018,11085,0
UChXOhG9bRDb3vSTg-qkPAZg,Gweilo-60,2019-03-06 05:25:51.900573,11085,0
UChXOhG9bRDb3vSTg-qkPAZg,Gweilo-60,2019-03-06 05:24:52.06659,11085,0
UChXOhG9bRDb3vSTg-qkPAZg,Gweilo-60,2019-03-06 05:23:51.11006,11085,0
UChXOhG9bRDb3vSTg-qkPAZg,Gweilo-60,2019-03-06 05:22:51.437148,11085,0
UChXOhG9bRDb3vSTg-qkPAZg,Gweilo-60,2019-03-06 05:21:51.808965,11085,0
UChXOhG9bRDb3vSTg-qkPAZg,Gweilo-60,2019-03-06 05:20:51.365522,11085,0
UChXOhG9bRDb3vSTg-qkPAZg,Gweilo-60,2019-03-06 05:19:51.265881,11085,0
UChXOhG9bRDb3vSTg-qkPAZg,Gweilo-60,2019-03-06 05:18:51.560512,11085,0
UChXOhG9bRDb3vSTg-qkPAZg,Gweilo-60,2019-03-06 05:17:52.414506,11085,0
UChXOhG9bRDb3vSTg-qkPAZg,Gweilo-60,2019-03-06 05:16:51.23761,11085,0
UChXOhG9bRDb3vSTg-qkPAZg,Gweilo-60,2019-03-06 05:15:51.617628,11085,0
UChXOhG9bRDb3vSTg-qkPAZg,Gweilo-60,2019-03-06 05:14:51.494827,11085,0
UChXOhG9bRDb3vSTg-qkPAZg,Gweilo-60,2019-03-06 05:13:51.664571,11085,0
UChXOhG9bRDb3vSTg-qkPAZg,Gweilo-60,2019-03-06 05:12:51.322669,11085,0
UChXOhG9bRDb3vSTg-qkPAZg,Gweilo-60,2019-03-06 05:11:50.883439,11085,0
UChXOhG9bRDb3vSTg-qkPAZg,Gweilo-60,2019-03-06 05:10:51.618429,11085,0
UChXOhG9bRDb3vSTg-qkPAZg,Gweilo-60,2019-03-06 05:09:52.261117,11085,0
UChXOhG9bRDb3vSTg-qkPAZg,Gweilo-60,2019-03-06 05:08:51.405998,11085,0
UChXOhG9bRDb3vSTg-qkPAZg,Gweilo-60,2019-03-06 05:07:51.666352,11085,0
UChXOhG9bRDb3vSTg-qkPAZg,Gweilo-60,2019-03-06 05:06:51.208121,11085,0
UChXOhG9bRDb3vSTg-qkPAZg,Gweilo-60,2019-03-06 05:05:52.128643,11085,0
UChXOhG9bRDb3vSTg-qkPAZg,Gweilo-60,2019-03-06 05:04:52.302593,11085,0
UChXOhG9bRDb3vSTg-qkPAZg,Gweilo-60,2019-03-06 05:03:51.687682,11085,0
UChXOhG9bRDb3vSTg-qkPAZg,Gweilo-60,2019-03-06 05:02:51.551467,11085,0
UChXOhG9bRDb3vSTg-qkPAZg,Gweilo-60,2019-03-06 05:01:51.416233,11085,0
UChXOhG9bRDb3vSTg-qkPAZg,Gweilo-60,2019-03-06 05:00:51.636482,11085,0
UChXOhG9bRDb3vSTg-qkPAZg,Gweilo-60,2019-03-06 04:59:51.975292,11085,0
UChXOhG9bRDb3vSTg-qkPAZg,Gweilo-60,2019-03-06 04:58:51.306627,11085,0
UChXOhG9bRDb3vSTg-qkPAZg,Gweilo-60,2019-03-06 04:57:51.168712,11085,0
UChXOhG9bRDb3vSTg-qkPAZg,Gweilo-60,2019-03-06 04:56:52.181971,11085,0
UChXOhG9bRDb3vSTg-qkPAZg,Gweilo-60,2019-03-06 04:55:51.431179,11085,0
UChXOhG9bRDb3vSTg-qkPAZg,Gweilo-60,2019-03-06 04:54:52.107437,11085,0
UChXOhG9bRDb3vSTg-qkPAZg,Gweilo-60,2019-03-06 04:53:51.3215,11085,0
UChXOhG9bRDb3vSTg-qkPAZg,Gweilo-60,2019-03-06 04:52:51.781183,11085,0
UChXOhG9bRDb3vSTg-qkPAZg,Gweilo-60,2019-03-06 04:51:51.601705,11085,0
UChXOhG9bRDb3vSTg-qkPAZg,Gweilo-60,2019-03-06 04:50:51.764411,11085,0
UChXOhG9bRDb3vSTg-qkPAZg,Gweilo-60,2019-03-06 04:49:51.519021,11085,0
UChXOhG9bRDb3vSTg-qkPAZg,Gweilo-60,2019-03-06 04:48:51.488472,11085,0
UChXOhG9bRDb3vSTg-qkPAZg,Gweilo-60,2019-03-06 04:47:50.938835,11085,0
UChXOhG9bRDb3vSTg-qkPAZg,Gweilo-60,2019-03-06 04:46:51.14889,11085,0
UChXOhG9bRDb3vSTg-qkPAZg,Gweilo-60,2019-03-06 04:45:51.267132,11085,0
UChXOhG9bRDb3vSTg-qkPAZg,Gweilo-60,2019-03-06 04:44:51.536848,11085,0
UChXOhG9bRDb3vSTg-qkPAZg,Gweilo-60,2019-03-06 04:43:51.845886,11085,0
UChXOhG9bRDb3vSTg-qkPAZg,Gweilo-60,2019-03-06 04:42:51.643749,11085,0
UChXOhG9bRDb3vSTg-qkPAZg,Gweilo-60,2019-03-06 04:41:51.349803,11085,0
UChXOhG9bRDb3vSTg-qkPAZg,Gweilo-60,2019-03-06 04:40:51.609284,11085,0
UChXOhG9bRDb3vSTg-qkPAZg,Gweilo-60,2019-03-06 04:39:51.316324,11085,0
UChXOhG9bRDb3vSTg-qkPAZg,Gweilo-60,2019-03-06 04:38:51.473733,11085,0
UChXOhG9bRDb3vSTg-qkPAZg,Gweilo-60,2019-03-06 04:37:51.478511,11085,0
UChXOhG9bRDb3vSTg-qkPAZg,Gweilo-60,2019-03-06 04:36:51.517491,11085,0
UChXOhG9bRDb3vSTg-qkPAZg,Gweilo-60,2019-03-06 04:35:51.131577,11085,0
UChXOhG9bRDb3vSTg-qkPAZg,Gweilo-60,2019-03-06 04:34:51.174796,11085,0
UChXOhG9bRDb3vSTg-qkPAZg,Gweilo-60,2019-03-06 04:33:51.66394,11085,0
UChXOhG9bRDb3vSTg-qkPAZg,Gweilo-60,2019-03-06 04:32:52.20757,11085,0
UChXOhG9bRDb3vSTg-qkPAZg,Gweilo-60,2019-03-06 04:31:51.520684,11085,0
UChXOhG9bRDb3vSTg-qkPAZg,Gweilo-60,2019-03-06 04:30:51.517475,11085,0
UChXOhG9bRDb3vSTg-qkPAZg,Gweilo-60,2019-03-06 04:29:50.915412,11085,0
UChXOhG9bRDb3vSTg-qkPAZg,Gweilo-60,2019-03-06 04:28:51.233592,11085,0
UChXOhG9bRDb3vSTg-qkPAZg,Gweilo-60,2019-03-06 04:27:52.538604,11085,0
UChXOhG9bRDb3vSTg-qkPAZg,Gweilo-60,2019-03-06 04:26:51.303356,11085,0
UChXOhG9bRDb3vSTg-qkPAZg,Gweilo-60,2019-03-06 04:25:51.92835,11085,0
UChXOhG9bRDb3vSTg-qkPAZg,Gweilo-60,2019-03-06 04:24:52.890931,11085,0
UChXOhG9bRDb3vSTg-qkPAZg,Gweilo-60,2019-03-06 04:23:51.280691,11085,0
UChXOhG9bRDb3vSTg-qkPAZg,Gweilo-60,2019-03-06 04:22:51.111038,11085,0
UChXOhG9bRDb3vSTg-qkPAZg,Gweilo-60,2019-03-06 04:21:50.980247,11085,0
UChXOhG9bRDb3vSTg-qkPAZg,Gweilo-60,2019-03-06 04:20:51.133716,11085,0
UChXOhG9bRDb3vSTg-qkPAZg,Gweilo-60,2019-03-06 04:19:51.436158,11085,0
UChXOhG9bRDb3vSTg-qkPAZg,Gweilo-60,2019-03-06 04:18:51.268497,11085,0
UChXOhG9bRDb3vSTg-qkPAZg,Gweilo-60,2019-03-06 04:17:51.489672,11085,0
UChXOhG9bRDb3vSTg-qkPAZg,Gweilo-60,2019-03-06 04:16:51.728528,11085,0
UChXOhG9bRDb3vSTg-qkPAZg,Gweilo-60,2019-03-06 04:15:51.120487,11085,0
UChXOhG9bRDb3vSTg-qkPAZg,Gweilo-60,2019-03-06 04:14:51.231881,11085,0
UChXOhG9bRDb3vSTg-qkPAZg,Gweilo-60,2019-03-06 04:13:52.094019,11085,0
UChXOhG9bRDb3vSTg-qkPAZg,Gweilo-60,2019-03-06 04:12:50.943058,11085,0
UChXOhG9bRDb3vSTg-qkPAZg,Gweilo-60,2019-03-06 04:11:51.547085,11085,0
UChXOhG9bRDb3vSTg-qkPAZg,Gweilo-60,2019-03-06 04:10:51.223456,11085,0
UChXOhG9bRDb3vSTg-qkPAZg,Gweilo-60,2019-03-06 04:09:51.336814,11085,0
UChXOhG9bRDb3vSTg-qkPAZg,Gweilo-60,2019-03-06 04:08:51.466864,11085,0
UChXOhG9bRDb3vSTg-qkPAZg,Gweilo-60,2019-03-06 04:07:51.71015,11085,0
UChXOhG9bRDb3vSTg-qkPAZg,Gweilo-60,2019-03-06 04:06:51.628677,11085,0
UChXOhG9bRDb3vSTg-qkPAZg,Gweilo-60,2019-03-06 04:05:51.205451,11085,0
UChXOhG9bRDb3vSTg-qkPAZg,Gweilo-60,2019-03-06 04:04:51.436353,11085,0
UChXOhG9bRDb3vSTg-qkPAZg,Gweilo-60,2019-03-06 04:03:51.489177,11085,0
UChXOhG9bRDb3vSTg-qkPAZg,Gweilo-60,2019-03-06 04:02:51.685699,11085,0
UChXOhG9bRDb3vSTg-qkPAZg,Gweilo-60,2019-03-06 04:01:50.909684,11085,0
UChXOhG9bRDb3vSTg-qkPAZg,Gweilo-60,2019-03-06 04:00:51.25633,11085,0
UChXOhG9bRDb3vSTg-qkPAZg,Gweilo-60,2019-03-06 03:59:52.018633,11085,0
UChXOhG9bRDb3vSTg-qkPAZg,Gweilo-60,2019-03-06 03:58:51.291598,11085,0
UChXOhG9bRDb3vSTg-qkPAZg,Gweilo-60,2019-03-06 03:57:51.425674,11085,0
UChXOhG9bRDb3vSTg-qkPAZg,Gweilo-60,2019-03-06 03:56:52.75257,11085,0
UChXOhG9bRDb3vSTg-qkPAZg,Gweilo-60,2019-03-06 03:55:51.497212,11085,0
UChXOhG9bRDb3vSTg-qkPAZg,Gweilo-60,2019-03-06 03:54:51.065841,11085,0
UChXOhG9bRDb3vSTg-qkPAZg,Gweilo-60,2019-03-06 03:53:51.810334,11085,0
UChXOhG9bRDb3vSTg-qkPAZg,Gweilo-60,2019-03-06 03:52:51.223255,11085,0
UChXOhG9bRDb3vSTg-qkPAZg,Gweilo-60,2019-03-06 03:51:51.619257,11085,0
UChXOhG9bRDb3vSTg-qkPAZg,Gweilo-60,2019-03-06 03:50:51.402202,11085,0
UChXOhG9bRDb3vSTg-qkPAZg,Gweilo-60,2019-03-06 03:49:51.526596,11085,0
UChXOhG9bRDb3vSTg-qkPAZg,Gweilo-60,2019-03-06 03:48:51.818405,11085,0
UChXOhG9bRDb3vSTg-qkPAZg,Gweilo-60,2019-03-06 03:47:51.607401,11085,0
UChXOhG9bRDb3vSTg-qkPAZg,Gweilo-60,2019-03-06 03:46:51.686646,11085,0
UChXOhG9bRDb3vSTg-qkPAZg,Gweilo-60,2019-03-06 03:45:51.35449,11085,0
UChXOhG9bRDb3vSTg-qkPAZg,Gweilo-60,2019-03-06 03:44:51.766616,11085,0
UChXOhG9bRDb3vSTg-qkPAZg,Gweilo-60,2019-03-06 03:43:51.064837,11085,0
UChXOhG9bRDb3vSTg-qkPAZg,Gweilo-60,2019-03-06 03:42:51.57959,11085,-1
UChXOhG9bRDb3vSTg-qkPAZg,Gweilo-60,2019-03-06 03:41:51.645296,11086,0
UChXOhG9bRDb3vSTg-qkPAZg,Gweilo-60,2019-03-06 03:40:50.853599,11086,0
UChXOhG9bRDb3vSTg-qkPAZg,Gweilo-60,2019-03-06 03:39:51.492433,11086,0
UChXOhG9bRDb3vSTg-qkPAZg,Gweilo-60,2019-03-06 03:38:51.575224,11086,0
UChXOhG9bRDb3vSTg-qkPAZg,Gweilo-60,2019-03-06 03:37:51.145314,11086,0
UChXOhG9bRDb3vSTg-qkPAZg,Gweilo-60,2019-03-06 03:36:51.591115,11086,0
UChXOhG9bRDb3vSTg-qkPAZg,Gweilo-60,2019-03-06 03:35:51.144265,11086,0
UChXOhG9bRDb3vSTg-qkPAZg,Gweilo-60,2019-03-06 03:34:51.51773,11086,0
UChXOhG9bRDb3vSTg-qkPAZg,Gweilo-60,2019-03-06 03:33:51.566399,11086,0
UChXOhG9bRDb3vSTg-qkPAZg,Gweilo-60,2019-03-06 03:32:52.132492,11086,0
UChXOhG9bRDb3vSTg-qkPAZg,Gweilo-60,2019-03-06 03:31:51.164808,11086,0
UChXOhG9bRDb3vSTg-qkPAZg,Gweilo-60,2019-03-06 03:30:51.09381,11086,0
UChXOhG9bRDb3vSTg-qkPAZg,Gweilo-60,2019-03-06 03:29:51.225337,11086,0
UChXOhG9bRDb3vSTg-qkPAZg,Gweilo-60,2019-03-06 03:28:51.084086,11086,0
UChXOhG9bRDb3vSTg-qkPAZg,Gweilo-60,2019-03-06 03:27:51.231073,11086,0
UChXOhG9bRDb3vSTg-qkPAZg,Gweilo-60,2019-03-06 03:26:51.682222,11086,-1
UChXOhG9bRDb3vSTg-qkPAZg,Gweilo-60,2019-03-06 03:25:51.21595,11087,0
UChXOhG9bRDb3vSTg-qkPAZg,Gweilo-60,2019-03-06 03:24:50.970368,11087,0
UChXOhG9bRDb3vSTg-qkPAZg,Gweilo-60,2019-03-06 03:23:51.171354,11087,0
UChXOhG9bRDb3vSTg-qkPAZg,Gweilo-60,2019-03-06 03:22:51.580683,11087,0
UChXOhG9bRDb3vSTg-qkPAZg,Gweilo-60,2019-03-06 03:21:51.76201,11087,0
UChXOhG9bRDb3vSTg-qkPAZg,Gweilo-60,2019-03-06 03:20:51.177325,11087,0
UChXOhG9bRDb3vSTg-qkPAZg,Gweilo-60,2019-03-06 03:19:51.139581,11087,0
UChXOhG9bRDb3vSTg-qkPAZg,Gweilo-60,2019-03-06 03:18:51.785511,11087,0
UChXOhG9bRDb3vSTg-qkPAZg,Gweilo-60,2019-03-06 03:17:51.344449,11087,0
UChXOhG9bRDb3vSTg-qkPAZg,Gweilo-60,2019-03-06 03:16:51.409821,11087,0
UChXOhG9bRDb3vSTg-qkPAZg,Gweilo-60,2019-03-06 03:15:51.628383,11087,0
UChXOhG9bRDb3vSTg-qkPAZg,Gweilo-60,2019-03-06 03:14:51.692243,11087,0
UChXOhG9bRDb3vSTg-qkPAZg,Gweilo-60,2019-03-06 03:13:51.180376,11087,0
UChXOhG9bRDb3vSTg-qkPAZg,Gweilo-60,2019-03-06 03:12:51.399611,11087,0
UChXOhG9bRDb3vSTg-qkPAZg,Gweilo-60,2019-03-06 03:11:51.632047,11087,0
UChXOhG9bRDb3vSTg-qkPAZg,Gweilo-60,2019-03-06 03:10:51.960452,11087,0
UChXOhG9bRDb3vSTg-qkPAZg,Gweilo-60,2019-03-06 03:09:51.385839,11087,0
UChXOhG9bRDb3vSTg-qkPAZg,Gweilo-60,2019-03-06 03:08:51.4695,11087,0
UChXOhG9bRDb3vSTg-qkPAZg,Gweilo-60,2019-03-06 03:07:52.16318,11087,0
UChXOhG9bRDb3vSTg-qkPAZg,Gweilo-60,2019-03-06 03:06:51.468547,11087,0
UChXOhG9bRDb3vSTg-qkPAZg,Gweilo-60,2019-03-06 03:05:52.466434,11087,0
UChXOhG9bRDb3vSTg-qkPAZg,Gweilo-60,2019-03-06 03:04:51.352127,11087,0
UChXOhG9bRDb3vSTg-qkPAZg,Gweilo-60,2019-03-06 03:03:51.334094,11087,0
UChXOhG9bRDb3vSTg-qkPAZg,Gweilo-60,2019-03-06 03:02:51.768803,11087,0
UChXOhG9bRDb3vSTg-qkPAZg,Gweilo-60,2019-03-06 03:01:51.723806,11087,0
UChXOhG9bRDb3vSTg-qkPAZg,Gweilo-60,2019-03-06 03:00:51.579126,11087,0
UChXOhG9bRDb3vSTg-qkPAZg,Gweilo-60,2019-03-06 02:59:51.30312,11087,0
UChXOhG9bRDb3vSTg-qkPAZg,Gweilo-60,2019-03-06 02:58:51.166526,11087,0
UChXOhG9bRDb3vSTg-qkPAZg,Gweilo-60,2019-03-06 02:57:51.794877,11087,0
UChXOhG9bRDb3vSTg-qkPAZg,Gweilo-60,2019-03-06 02:56:50.724651,11087,0
UChXOhG9bRDb3vSTg-qkPAZg,Gweilo-60,2019-03-06 02:55:51.301921,11087,0
UChXOhG9bRDb3vSTg-qkPAZg,Gweilo-60,2019-03-06 02:54:51.688863,11087,0
UChXOhG9bRDb3vSTg-qkPAZg,Gweilo-60,2019-03-06 02:53:51.030191,11087,0
UChXOhG9bRDb3vSTg-qkPAZg,Gweilo-60,2019-03-06 02:52:51.246596,11087,0
UChXOhG9bRDb3vSTg-qkPAZg,Gweilo-60,2019-03-06 02:51:51.514391,11087,0
UChXOhG9bRDb3vSTg-qkPAZg,Gweilo-60,2019-03-06 02:50:51.715943,11087,0
UChXOhG9bRDb3vSTg-qkPAZg,Gweilo-60,2019-03-06 02:49:51.76118,11087,0
UChXOhG9bRDb3vSTg-qkPAZg,Gweilo-60,2019-03-06 02:48:51.249485,11087,0
UChXOhG9bRDb3vSTg-qkPAZg,Gweilo-60,2019-03-06 02:47:50.82834,11087,0
UChXOhG9bRDb3vSTg-qkPAZg,Gweilo-60,2019-03-06 02:46:51.615458,11087,0
UChXOhG9bRDb3vSTg-qkPAZg,Gweilo-60,2019-03-06 02:45:51.346432,11087,0
UChXOhG9bRDb3vSTg-qkPAZg,Gweilo-60,2019-03-06 02:44:51.512989,11087,0
UChXOhG9bRDb3vSTg-qkPAZg,Gweilo-60,2019-03-06 02:43:51.397935,11087,0
UChXOhG9bRDb3vSTg-qkPAZg,Gweilo-60,2019-03-06 02:42:51.708759,11087,0
UChXOhG9bRDb3vSTg-qkPAZg,Gweilo-60,2019-03-06 02:41:51.302303,11087,0
UChXOhG9bRDb3vSTg-qkPAZg,Gweilo-60,2019-03-06 02:40:51.288995,11087,0
UChXOhG9bRDb3vSTg-qkPAZg,Gweilo-60,2019-03-06 02:39:50.923255,11087,0
UChXOhG9bRDb3vSTg-qkPAZg,Gweilo-60,2019-03-06 02:38:51.619502,11087,0
UChXOhG9bRDb3vSTg-qkPAZg,Gweilo-60,2019-03-06 02:37:51.178897,11087,0
UChXOhG9bRDb3vSTg-qkPAZg,Gweilo-60,2019-03-06 02:36:51.703683,11087,0
UChXOhG9bRDb3vSTg-qkPAZg,Gweilo-60,2019-03-06 02:35:51.145423,11087,0
UChXOhG9bRDb3vSTg-qkPAZg,Gweilo-60,2019-03-06 02:34:51.108063,11087,0
UChXOhG9bRDb3vSTg-qkPAZg,Gweilo-60,2019-03-06 02:33:51.378786,11087,0
UChXOhG9bRDb3vSTg-qkPAZg,Gweilo-60,2019-03-06 02:32:51.332274,11087,0
UChXOhG9bRDb3vSTg-qkPAZg,Gweilo-60,2019-03-06 02:31:51.299122,11087,0
UChXOhG9bRDb3vSTg-qkPAZg,Gweilo-60,2019-03-06 02:30:51.337793,11087,0
UChXOhG9bRDb3vSTg-qkPAZg,Gweilo-60,2019-03-06 02:29:51.580114,11087,0
UChXOhG9bRDb3vSTg-qkPAZg,Gweilo-60,2019-03-06 02:28:51.356609,11087,0
UChXOhG9bRDb3vSTg-qkPAZg,Gweilo-60,2019-03-06 02:27:51.232059,11087,0
UChXOhG9bRDb3vSTg-qkPAZg,Gweilo-60,2019-03-06 02:26:51.268624,11087,0
UChXOhG9bRDb3vSTg-qkPAZg,Gweilo-60,2019-03-06 02:25:51.072687,11087,0
UChXOhG9bRDb3vSTg-qkPAZg,Gweilo-60,2019-03-06 02:24:50.736625,11087,0
UChXOhG9bRDb3vSTg-qkPAZg,Gweilo-60,2019-03-06 02:23:51.35062,11087,0
UChXOhG9bRDb3vSTg-qkPAZg,Gweilo-60,2019-03-06 02:22:51.904164,11087,0
UChXOhG9bRDb3vSTg-qkPAZg,Gweilo-60,2019-03-06 02:21:51.363588,11087,0
UChXOhG9bRDb3vSTg-qkPAZg,Gweilo-60,2019-03-06 02:20:51.655362,11087,0
UChXOhG9bRDb3vSTg-qkPAZg,Gweilo-60,2019-03-06 02:19:52.154374,11087,0
UChXOhG9bRDb3vSTg-qkPAZg,Gweilo-60,2019-03-06 02:18:51.334738,11087,0
UChXOhG9bRDb3vSTg-qkPAZg,Gweilo-60,2019-03-06 02:17:51.224796,11087,0
UChXOhG9bRDb3vSTg-qkPAZg,Gweilo-60,2019-03-06 02:16:51.003285,11087,0
UChXOhG9bRDb3vSTg-qkPAZg,Gweilo-60,2019-03-06 02:15:51.511857,11087,0
UChXOhG9bRDb3vSTg-qkPAZg,Gweilo-60,2019-03-06 02:14:51.118623,11087,0
UChXOhG9bRDb3vSTg-qkPAZg,Gweilo-60,2019-03-06 02:13:51.200923,11087,0
UChXOhG9bRDb3vSTg-qkPAZg,Gweilo-60,2019-03-06 02:12:51.068975,11087,0
UChXOhG9bRDb3vSTg-qkPAZg,Gweilo-60,2019-03-06 02:11:51.366534,11087,0
UChXOhG9bRDb3vSTg-qkPAZg,Gweilo-60,2019-03-06 02:10:51.449441,11087,0
UChXOhG9bRDb3vSTg-qkPAZg,Gweilo-60,2019-03-06 02:09:51.132486,11087,0
UChXOhG9bRDb3vSTg-qkPAZg,Gweilo-60,2019-03-06 02:08:51.155781,11087,0
UChXOhG9bRDb3vSTg-qkPAZg,Gweilo-60,2019-03-06 02:07:51.072737,11087,0
UChXOhG9bRDb3vSTg-qkPAZg,Gweilo-60,2019-03-06 02:06:51.239885,11087,0
UChXOhG9bRDb3vSTg-qkPAZg,Gweilo-60,2019-03-06 02:05:51.507736,11087,0
UChXOhG9bRDb3vSTg-qkPAZg,Gweilo-60,2019-03-06 02:04:51.684651,11087,0
UChXOhG9bRDb3vSTg-qkPAZg,Gweilo-60,2019-03-06 02:03:51.730322,11087,0
UChXOhG9bRDb3vSTg-qkPAZg,Gweilo-60,2019-03-06 02:02:51.7884,11087,0
UChXOhG9bRDb3vSTg-qkPAZg,Gweilo-60,2019-03-06 02:01:51.663453,11087,0
UChXOhG9bRDb3vSTg-qkPAZg,Gweilo-60,2019-03-06 02:00:51.523999,11087,0
UChXOhG9bRDb3vSTg-qkPAZg,Gweilo-60,2019-03-06 01:59:51.196711,11087,0
UChXOhG9bRDb3vSTg-qkPAZg,Gweilo-60,2019-03-06 01:58:51.6696,11087,0
UChXOhG9bRDb3vSTg-qkPAZg,Gweilo-60,2019-03-06 01:57:52.92412,11087,0
UChXOhG9bRDb3vSTg-qkPAZg,Gweilo-60,2019-03-06 01:56:51.225351,11087,0
UChXOhG9bRDb3vSTg-qkPAZg,Gweilo-60,2019-03-06 01:55:51.099332,11087,0
UChXOhG9bRDb3vSTg-qkPAZg,Gweilo-60,2019-03-06 01:54:51.264601,11087,0
UChXOhG9bRDb3vSTg-qkPAZg,Gweilo-60,2019-03-06 01:53:51.288435,11087,0
UChXOhG9bRDb3vSTg-qkPAZg,Gweilo-60,2019-03-06 01:52:51.24804,11087,0
UChXOhG9bRDb3vSTg-qkPAZg,Gweilo-60,2019-03-06 01:51:51.097112,11087,0
UChXOhG9bRDb3vSTg-qkPAZg,Gweilo-60,2019-03-06 01:50:50.959884,11087,0
UChXOhG9bRDb3vSTg-qkPAZg,Gweilo-60,2019-03-06 01:49:51.536812,11087,0
UChXOhG9bRDb3vSTg-qkPAZg,Gweilo-60,2019-03-06 01:48:50.94898,11087,0
UChXOhG9bRDb3vSTg-qkPAZg,Gweilo-60,2019-03-06 01:47:51.110476,11087,0
UChXOhG9bRDb3vSTg-qkPAZg,Gweilo-60,2019-03-06 01:46:50.962635,11087,0
UChXOhG9bRDb3vSTg-qkPAZg,Gweilo-60,2019-03-06 01:45:51.064468,11087,0
UChXOhG9bRDb3vSTg-qkPAZg,Gweilo-60,2019-03-06 01:44:51.241306,11087,0
UChXOhG9bRDb3vSTg-qkPAZg,Gweilo-60,2019-03-06 01:43:51.344158,11087,0
UChXOhG9bRDb3vSTg-qkPAZg,Gweilo-60,2019-03-06 01:42:51.620022,11087,0
UChXOhG9bRDb3vSTg-qkPAZg,Gweilo-60,2019-03-06 01:41:51.165989,11087,0
UChXOhG9bRDb3vSTg-qkPAZg,Gweilo-60,2019-03-06 01:40:51.040754,11087,-1
UChXOhG9bRDb3vSTg-qkPAZg,Gweilo-60,2019-03-06 01:39:51.157937,11088,0
UChXOhG9bRDb3vSTg-qkPAZg,Gweilo-60,2019-03-06 01:38:51.781118,11088,0
UChXOhG9bRDb3vSTg-qkPAZg,Gweilo-60,2019-03-06 01:37:51.309788,11088,0
UChXOhG9bRDb3vSTg-qkPAZg,Gweilo-60,2019-03-06 01:36:50.976199,11088,0
UChXOhG9bRDb3vSTg-qkPAZg,Gweilo-60,2019-03-06 01:35:51.673973,11088,0
UChXOhG9bRDb3vSTg-qkPAZg,Gweilo-60,2019-03-06 01:34:51.211313,11088,0
UChXOhG9bRDb3vSTg-qkPAZg,Gweilo-60,2019-03-06 01:33:51.116534,11088,0
UChXOhG9bRDb3vSTg-qkPAZg,Gweilo-60,2019-03-06 01:32:51.286423,11088,0
UChXOhG9bRDb3vSTg-qkPAZg,Gweilo-60,2019-03-06 01:31:50.801111,11088,0
UChXOhG9bRDb3vSTg-qkPAZg,Gweilo-60,2019-03-06 01:30:50.989263,11088,0
UChXOhG9bRDb3vSTg-qkPAZg,Gweilo-60,2019-03-06 01:29:51.525263,11088,0
UChXOhG9bRDb3vSTg-qkPAZg,Gweilo-60,2019-03-06 01:28:51.853087,11088,0
UChXOhG9bRDb3vSTg-qkPAZg,Gweilo-60,2019-03-06 01:27:50.992641,11088,0
UChXOhG9bRDb3vSTg-qkPAZg,Gweilo-60,2019-03-06 01:26:51.388144,11088,0
UChXOhG9bRDb3vSTg-qkPAZg,Gweilo-60,2019-03-06 01:25:51.028925,11088,0
UChXOhG9bRDb3vSTg-qkPAZg,Gweilo-60,2019-03-06 01:24:51.254838,11088,0
UChXOhG9bRDb3vSTg-qkPAZg,Gweilo-60,2019-03-06 01:23:51.508113,11088,0
UChXOhG9bRDb3vSTg-qkPAZg,Gweilo-60,2019-03-06 01:22:51.563679,11088,0
UChXOhG9bRDb3vSTg-qkPAZg,Gweilo-60,2019-03-06 01:21:51.275485,11088,0
UChXOhG9bRDb3vSTg-qkPAZg,Gweilo-60,2019-03-06 01:20:51.468582,11088,0
UChXOhG9bRDb3vSTg-qkPAZg,Gweilo-60,2019-03-06 01:19:51.851906,11088,0
UChXOhG9bRDb3vSTg-qkPAZg,Gweilo-60,2019-03-06 01:18:51.943086,11088,0
UChXOhG9bRDb3vSTg-qkPAZg,Gweilo-60,2019-03-06 01:17:50.763445,11088,0
UChXOhG9bRDb3vSTg-qkPAZg,Gweilo-60,2019-03-06 01:16:50.929811,11088,0
UChXOhG9bRDb3vSTg-qkPAZg,Gweilo-60,2019-03-06 01:15:51.317185,11088,0
UChXOhG9bRDb3vSTg-qkPAZg,Gweilo-60,2019-03-06 01:14:50.93879,11088,0
UChXOhG9bRDb3vSTg-qkPAZg,Gweilo-60,2019-03-06 01:13:51.871149,11088,0
UChXOhG9bRDb3vSTg-qkPAZg,Gweilo-60,2019-03-06 01:12:50.931869,11088,0
UChXOhG9bRDb3vSTg-qkPAZg,Gweilo-60,2019-03-06 01:11:51.296449,11088,0
UChXOhG9bRDb3vSTg-qkPAZg,Gweilo-60,2019-03-06 01:10:51.32065,11088,0
UChXOhG9bRDb3vSTg-qkPAZg,Gweilo-60,2019-03-06 01:09:51.057827,11088,0
UChXOhG9bRDb3vSTg-qkPAZg,Gweilo-60,2019-03-06 01:08:51.467636,11088,0
UChXOhG9bRDb3vSTg-qkPAZg,Gweilo-60,2019-03-06 01:07:51.482952,11088,0
UChXOhG9bRDb3vSTg-qkPAZg,Gweilo-60,2019-03-06 01:06:51.291288,11088,0
UChXOhG9bRDb3vSTg-qkPAZg,Gweilo-60,2019-03-06 01:05:50.983549,11088,0
UChXOhG9bRDb3vSTg-qkPAZg,Gweilo-60,2019-03-06 01:04:51.17723,11088,0
UChXOhG9bRDb3vSTg-qkPAZg,Gweilo-60,2019-03-06 01:03:51.020477,11088,0
UChXOhG9bRDb3vSTg-qkPAZg,Gweilo-60,2019-03-06 01:02:51.291097,11088,0
UChXOhG9bRDb3vSTg-qkPAZg,Gweilo-60,2019-03-06 01:01:51.277991,11088,0
UChXOhG9bRDb3vSTg-qkPAZg,Gweilo-60,2019-03-06 01:00:52.323467,11088,0
UChXOhG9bRDb3vSTg-qkPAZg,Gweilo-60,2019-03-06 00:59:50.980109,11088,0
UChXOhG9bRDb3vSTg-qkPAZg,Gweilo-60,2019-03-06 00:58:50.939836,11088,0
UChXOhG9bRDb3vSTg-qkPAZg,Gweilo-60,2019-03-06 00:57:51.293298,11088,0
UChXOhG9bRDb3vSTg-qkPAZg,Gweilo-60,2019-03-06 00:56:51.368244,11088,0
UChXOhG9bRDb3vSTg-qkPAZg,Gweilo-60,2019-03-06 00:55:51.088336,11088,0
UChXOhG9bRDb3vSTg-qkPAZg,Gweilo-60,2019-03-06 00:54:51.733212,11088,1
UChXOhG9bRDb3vSTg-qkPAZg,Gweilo-60,2019-03-06 00:53:52.355758,11087,0
UChXOhG9bRDb3vSTg-qkPAZg,Gweilo-60,2019-03-06 00:52:51.280155,11087,0
UChXOhG9bRDb3vSTg-qkPAZg,Gweilo-60,2019-03-06 00:51:51.146696,11087,0
UChXOhG9bRDb3vSTg-qkPAZg,Gweilo-60,2019-03-06 00:50:51.164635,11087,0
UChXOhG9bRDb3vSTg-qkPAZg,Gweilo-60,2019-03-06 00:49:51.697251,11087,0
UChXOhG9bRDb3vSTg-qkPAZg,Gweilo-60,2019-03-06 00:48:51.401192,11087,0
UChXOhG9bRDb3vSTg-qkPAZg,Gweilo-60,2019-03-06 00:47:51.254077,11087,0
UChXOhG9bRDb3vSTg-qkPAZg,Gweilo-60,2019-03-06 00:46:51.527872,11087,0
UChXOhG9bRDb3vSTg-qkPAZg,Gweilo-60,2019-03-06 00:45:51.269691,11087,0
UChXOhG9bRDb3vSTg-qkPAZg,Gweilo-60,2019-03-06 00:44:51.204589,11087,0
UChXOhG9bRDb3vSTg-qkPAZg,Gweilo-60,2019-03-06 00:43:51.105727,11087,0
UChXOhG9bRDb3vSTg-qkPAZg,Gweilo-60,2019-03-06 00:42:51.174439,11087,0
UChXOhG9bRDb3vSTg-qkPAZg,Gweilo-60,2019-03-06 00:41:51.298377,11087,0
UChXOhG9bRDb3vSTg-qkPAZg,Gweilo-60,2019-03-06 00:40:51.548679,11087,0
UChXOhG9bRDb3vSTg-qkPAZg,Gweilo-60,2019-03-06 00:39:51.108441,11087,0
UChXOhG9bRDb3vSTg-qkPAZg,Gweilo-60,2019-03-06 00:38:51.391228,11087,0
UChXOhG9bRDb3vSTg-qkPAZg,Gweilo-60,2019-03-06 00:37:51.712817,11087,0
UChXOhG9bRDb3vSTg-qkPAZg,Gweilo-60,2019-03-06 00:36:51.518599,11087,0
UChXOhG9bRDb3vSTg-qkPAZg,Gweilo-60,2019-03-06 00:35:51.208994,11087,0
UChXOhG9bRDb3vSTg-qkPAZg,Gweilo-60,2019-03-06 00:34:51.004263,11087,0
UChXOhG9bRDb3vSTg-qkPAZg,Gweilo-60,2019-03-06 00:33:51.799114,11087,0
UChXOhG9bRDb3vSTg-qkPAZg,Gweilo-60,2019-03-06 00:32:51.165092,11087,0
UChXOhG9bRDb3vSTg-qkPAZg,Gweilo-60,2019-03-06 00:31:51.237275,11087,0
UChXOhG9bRDb3vSTg-qkPAZg,Gweilo-60,2019-03-06 00:30:51.190994,11087,0
UChXOhG9bRDb3vSTg-qkPAZg,Gweilo-60,2019-03-06 00:29:50.994844,11087,0
UChXOhG9bRDb3vSTg-qkPAZg,Gweilo-60,2019-03-06 00:28:51.450683,11087,0
UChXOhG9bRDb3vSTg-qkPAZg,Gweilo-60,2019-03-06 00:27:51.094836,11087,0
UChXOhG9bRDb3vSTg-qkPAZg,Gweilo-60,2019-03-06 00:26:51.127455,11087,0
UChXOhG9bRDb3vSTg-qkPAZg,Gweilo-60,2019-03-06 00:25:51.160766,11087,0
UChXOhG9bRDb3vSTg-qkPAZg,Gweilo-60,2019-03-06 00:24:51.169921,11087,0
UChXOhG9bRDb3vSTg-qkPAZg,Gweilo-60,2019-03-06 00:23:51.540731,11087,0
UChXOhG9bRDb3vSTg-qkPAZg,Gweilo-60,2019-03-06 00:22:51.388421,11087,0
UChXOhG9bRDb3vSTg-qkPAZg,Gweilo-60,2019-03-06 00:21:51.06175,11087,0
UChXOhG9bRDb3vSTg-qkPAZg,Gweilo-60,2019-03-06 00:20:51.371179,11087,0
UChXOhG9bRDb3vSTg-qkPAZg,Gweilo-60,2019-03-06 00:19:51.34808,11087,0
UChXOhG9bRDb3vSTg-qkPAZg,Gweilo-60,2019-03-06 00:18:51.634872,11087,0
UChXOhG9bRDb3vSTg-qkPAZg,Gweilo-60,2019-03-06 00:17:50.796021,11087,0
UChXOhG9bRDb3vSTg-qkPAZg,Gweilo-60,2019-03-06 00:16:50.763811,11087,0
UChXOhG9bRDb3vSTg-qkPAZg,Gweilo-60,2019-03-06 00:15:51.296121,11087,0
UChXOhG9bRDb3vSTg-qkPAZg,Gweilo-60,2019-03-06 00:14:51.1851,11087,0
UChXOhG9bRDb3vSTg-qkPAZg,Gweilo-60,2019-03-06 00:13:51.707012,11087,0
UChXOhG9bRDb3vSTg-qkPAZg,Gweilo-60,2019-03-06 00:12:51.022296,11087,0
UChXOhG9bRDb3vSTg-qkPAZg,Gweilo-60,2019-03-06 00:11:51.11664,11087,0
UChXOhG9bRDb3vSTg-qkPAZg,Gweilo-60,2019-03-06 00:10:51.447309,11087,0
UChXOhG9bRDb3vSTg-qkPAZg,Gweilo-60,2019-03-06 00:09:51.007974,11087,0
UChXOhG9bRDb3vSTg-qkPAZg,Gweilo-60,2019-03-06 00:08:51.244175,11087,0
UChXOhG9bRDb3vSTg-qkPAZg,Gweilo-60,2019-03-06 00:07:51.269313,11087,0
UChXOhG9bRDb3vSTg-qkPAZg,Gweilo-60,2019-03-06 00:06:51.426682,11087,0
UChXOhG9bRDb3vSTg-qkPAZg,Gweilo-60,2019-03-06 00:05:51.457919,11087,0
UChXOhG9bRDb3vSTg-qkPAZg,Gweilo-60,2019-03-06 00:04:51.790859,11087,0
UChXOhG9bRDb3vSTg-qkPAZg,Gweilo-60,2019-03-06 00:03:51.277012,11087,0
UChXOhG9bRDb3vSTg-qkPAZg,Gweilo-60,2019-03-06 00:02:51.092415,11087,0
UChXOhG9bRDb3vSTg-qkPAZg,Gweilo-60,2019-03-06 00:01:51.161511,11087,0
UChXOhG9bRDb3vSTg-qkPAZg,Gweilo-60,2019-03-06 00:00:51.952728,11087,0
UChXOhG9bRDb3vSTg-qkPAZg,Gweilo-60,2019-03-05 23:59:51.606638,11087,0
UChXOhG9bRDb3vSTg-qkPAZg,Gweilo-60,2019-03-05 23:58:51.281075,11087,0
UChXOhG9bRDb3vSTg-qkPAZg,Gweilo-60,2019-03-05 23:57:51.839649,11087,0
UChXOhG9bRDb3vSTg-qkPAZg,Gweilo-60,2019-03-05 23:56:51.212149,11087,0
UChXOhG9bRDb3vSTg-qkPAZg,Gweilo-60,2019-03-05 23:55:51.368117,11087,0
UChXOhG9bRDb3vSTg-qkPAZg,Gweilo-60,2019-03-05 23:54:51.288929,11087,0
UChXOhG9bRDb3vSTg-qkPAZg,Gweilo-60,2019-03-05 23:53:51.367051,11087,0
UChXOhG9bRDb3vSTg-qkPAZg,Gweilo-60,2019-03-05 23:52:51.33369,11087,0
UChXOhG9bRDb3vSTg-qkPAZg,Gweilo-60,2019-03-05 23:51:50.895729,11087,0
UChXOhG9bRDb3vSTg-qkPAZg,Gweilo-60,2019-03-05 23:50:51.11399,11087,0
UChXOhG9bRDb3vSTg-qkPAZg,Gweilo-60,2019-03-05 23:49:51.399102,11087,0
UChXOhG9bRDb3vSTg-qkPAZg,Gweilo-60,2019-03-05 23:48:51.287971,11087,0
UChXOhG9bRDb3vSTg-qkPAZg,Gweilo-60,2019-03-05 23:47:51.42297,11087,0
UChXOhG9bRDb3vSTg-qkPAZg,Gweilo-60,2019-03-05 23:46:51.63089,11087,0
UChXOhG9bRDb3vSTg-qkPAZg,Gweilo-60,2019-03-05 23:45:51.572816,11087,0
UChXOhG9bRDb3vSTg-qkPAZg,Gweilo-60,2019-03-05 23:44:51.014382,11087,0
UChXOhG9bRDb3vSTg-qkPAZg,Gweilo-60,2019-03-05 23:43:51.254914,11087,0
UChXOhG9bRDb3vSTg-qkPAZg,Gweilo-60,2019-03-05 23:42:51.565215,11087,0
UChXOhG9bRDb3vSTg-qkPAZg,Gweilo-60,2019-03-05 23:41:51.280959,11087,0
UChXOhG9bRDb3vSTg-qkPAZg,Gweilo-60,2019-03-05 23:40:51.188478,11087,0
UChXOhG9bRDb3vSTg-qkPAZg,Gweilo-60,2019-03-05 23:39:51.347131,11087,0
UChXOhG9bRDb3vSTg-qkPAZg,Gweilo-60,2019-03-05 23:38:51.32693,11087,0
UChXOhG9bRDb3vSTg-qkPAZg,Gweilo-60,2019-03-05 23:37:51.69676,11087,0
UChXOhG9bRDb3vSTg-qkPAZg,Gweilo-60,2019-03-05 23:36:51.229574,11087,0
UChXOhG9bRDb3vSTg-qkPAZg,Gweilo-60,2019-03-05 23:35:51.162357,11087,0
UChXOhG9bRDb3vSTg-qkPAZg,Gweilo-60,2019-03-05 23:34:51.98181,11087,0
UChXOhG9bRDb3vSTg-qkPAZg,Gweilo-60,2019-03-05 23:33:51.726813,11087,0
UChXOhG9bRDb3vSTg-qkPAZg,Gweilo-60,2019-03-05 23:32:51.335259,11087,0
UChXOhG9bRDb3vSTg-qkPAZg,Gweilo-60,2019-03-05 23:31:51.527136,11087,0
UChXOhG9bRDb3vSTg-qkPAZg,Gweilo-60,2019-03-05 23:30:51.401407,11087,0
UChXOhG9bRDb3vSTg-qkPAZg,Gweilo-60,2019-03-05 23:29:52.057114,11087,0
UChXOhG9bRDb3vSTg-qkPAZg,Gweilo-60,2019-03-05 23:28:51.465723,11087,0
UChXOhG9bRDb3vSTg-qkPAZg,Gweilo-60,2019-03-05 23:27:51.619992,11087,0
UChXOhG9bRDb3vSTg-qkPAZg,Gweilo-60,2019-03-05 23:26:51.010244,11087,0
UChXOhG9bRDb3vSTg-qkPAZg,Gweilo-60,2019-03-05 23:25:51.023538,11087,0
UChXOhG9bRDb3vSTg-qkPAZg,Gweilo-60,2019-03-05 23:24:51.170302,11087,0
UChXOhG9bRDb3vSTg-qkPAZg,Gweilo-60,2019-03-05 23:23:51.437786,11087,0
UChXOhG9bRDb3vSTg-qkPAZg,Gweilo-60,2019-03-05 23:22:51.152727,11087,0
UChXOhG9bRDb3vSTg-qkPAZg,Gweilo-60,2019-03-05 23:21:51.243782,11087,0
UChXOhG9bRDb3vSTg-qkPAZg,Gweilo-60,2019-03-05 23:20:51.265185,11087,0
UChXOhG9bRDb3vSTg-qkPAZg,Gweilo-60,2019-03-05 23:19:51.417658,11087,0
UChXOhG9bRDb3vSTg-qkPAZg,Gweilo-60,2019-03-05 23:18:51.700732,11087,0
UChXOhG9bRDb3vSTg-qkPAZg,Gweilo-60,2019-03-05 23:17:50.864354,11087,0
UChXOhG9bRDb3vSTg-qkPAZg,Gweilo-60,2019-03-05 23:16:51.164826,11087,0
UChXOhG9bRDb3vSTg-qkPAZg,Gweilo-60,2019-03-05 23:15:51.143445,11087,0
UChXOhG9bRDb3vSTg-qkPAZg,Gweilo-60,2019-03-05 23:14:51.393467,11087,0
UChXOhG9bRDb3vSTg-qkPAZg,Gweilo-60,2019-03-05 23:13:51.597298,11087,0
UChXOhG9bRDb3vSTg-qkPAZg,Gweilo-60,2019-03-05 23:12:51.00577,11087,1
UChXOhG9bRDb3vSTg-qkPAZg,Gweilo-60,2019-03-05 23:11:51.166724,11086,0
UChXOhG9bRDb3vSTg-qkPAZg,Gweilo-60,2019-03-05 23:10:50.879153,11086,0
UChXOhG9bRDb3vSTg-qkPAZg,Gweilo-60,2019-03-05 23:09:51.035545,11086,0
UChXOhG9bRDb3vSTg-qkPAZg,Gweilo-60,2019-03-05 23:08:51.775324,11086,0
UChXOhG9bRDb3vSTg-qkPAZg,Gweilo-60,2019-03-05 23:07:51.404206,11086,1
UChXOhG9bRDb3vSTg-qkPAZg,Gweilo-60,2019-03-05 23:06:51.366362,11085,0
UChXOhG9bRDb3vSTg-qkPAZg,Gweilo-60,2019-03-05 23:05:51.152445,11085,0
UChXOhG9bRDb3vSTg-qkPAZg,Gweilo-60,2019-03-05 23:04:51.485895,11085,0
UChXOhG9bRDb3vSTg-qkPAZg,Gweilo-60,2019-03-05 23:03:51.39348,11085,0
UChXOhG9bRDb3vSTg-qkPAZg,Gweilo-60,2019-03-05 23:02:50.805596,11085,0
UChXOhG9bRDb3vSTg-qkPAZg,Gweilo-60,2019-03-05 23:01:51.186222,11085,0
UChXOhG9bRDb3vSTg-qkPAZg,Gweilo-60,2019-03-05 23:00:51.252543,11085,0
UChXOhG9bRDb3vSTg-qkPAZg,Gweilo-60,2019-03-05 22:59:51.017291,11085,0
UChXOhG9bRDb3vSTg-qkPAZg,Gweilo-60,2019-03-05 22:58:51.136678,11085,0
UChXOhG9bRDb3vSTg-qkPAZg,Gweilo-60,2019-03-05 22:57:51.357064,11085,0
UChXOhG9bRDb3vSTg-qkPAZg,Gweilo-60,2019-03-05 22:56:51.203434,11085,0
UChXOhG9bRDb3vSTg-qkPAZg,Gweilo-60,2019-03-05 22:55:51.281463,11085,0
UChXOhG9bRDb3vSTg-qkPAZg,Gweilo-60,2019-03-05 22:54:51.348369,11085,0
UChXOhG9bRDb3vSTg-qkPAZg,Gweilo-60,2019-03-05 22:53:51.594537,11085,0
UChXOhG9bRDb3vSTg-qkPAZg,Gweilo-60,2019-03-05 22:52:51.040886,11085,0
UChXOhG9bRDb3vSTg-qkPAZg,Gweilo-60,2019-03-05 22:51:51.60369,11085,0
UChXOhG9bRDb3vSTg-qkPAZg,Gweilo-60,2019-03-05 22:50:51.518177,11085,0
UChXOhG9bRDb3vSTg-qkPAZg,Gweilo-60,2019-03-05 22:49:51.314107,11085,0
UChXOhG9bRDb3vSTg-qkPAZg,Gweilo-60,2019-03-05 22:48:51.37838,11085,0
UChXOhG9bRDb3vSTg-qkPAZg,Gweilo-60,2019-03-05 22:47:51.726112,11085,0
UChXOhG9bRDb3vSTg-qkPAZg,Gweilo-60,2019-03-05 22:46:51.864781,11085,0
UChXOhG9bRDb3vSTg-qkPAZg,Gweilo-60,2019-03-05 22:45:51.894117,11085,0
UChXOhG9bRDb3vSTg-qkPAZg,Gweilo-60,2019-03-05 22:44:52.042564,11085,0
UChXOhG9bRDb3vSTg-qkPAZg,Gweilo-60,2019-03-05 22:43:51.679258,11085,0
UChXOhG9bRDb3vSTg-qkPAZg,Gweilo-60,2019-03-05 22:42:51.39775,11085,0
UChXOhG9bRDb3vSTg-qkPAZg,Gweilo-60,2019-03-05 22:41:51.785003,11085,0
UChXOhG9bRDb3vSTg-qkPAZg,Gweilo-60,2019-03-05 22:40:51.234221,11085,0
UChXOhG9bRDb3vSTg-qkPAZg,Gweilo-60,2019-03-05 22:39:52.252533,11085,0
UChXOhG9bRDb3vSTg-qkPAZg,Gweilo-60,2019-03-05 22:38:51.204231,11085,0
UChXOhG9bRDb3vSTg-qkPAZg,Gweilo-60,2019-03-05 22:37:52.181389,11085,0
UChXOhG9bRDb3vSTg-qkPAZg,Gweilo-60,2019-03-05 22:36:51.619482,11085,0
UChXOhG9bRDb3vSTg-qkPAZg,Gweilo-60,2019-03-05 22:35:51.302632,11085,0
UChXOhG9bRDb3vSTg-qkPAZg,Gweilo-60,2019-03-05 22:34:51.656803,11085,0
UChXOhG9bRDb3vSTg-qkPAZg,Gweilo-60,2019-03-05 22:33:51.561679,11085,0
UChXOhG9bRDb3vSTg-qkPAZg,Gweilo-60,2019-03-05 22:32:51.603444,11085,0
UChXOhG9bRDb3vSTg-qkPAZg,Gweilo-60,2019-03-05 22:31:51.432424,11085,0
UChXOhG9bRDb3vSTg-qkPAZg,Gweilo-60,2019-03-05 22:30:51.715573,11085,0
UChXOhG9bRDb3vSTg-qkPAZg,Gweilo-60,2019-03-05 22:29:51.83463,11085,0
UChXOhG9bRDb3vSTg-qkPAZg,Gweilo-60,2019-03-05 22:28:51.78305,11085,0
UChXOhG9bRDb3vSTg-qkPAZg,Gweilo-60,2019-03-05 22:27:51.92343,11085,0
UChXOhG9bRDb3vSTg-qkPAZg,Gweilo-60,2019-03-05 22:26:51.431517,11085,0
UChXOhG9bRDb3vSTg-qkPAZg,Gweilo-60,2019-03-05 22:25:51.307303,11085,0
UChXOhG9bRDb3vSTg-qkPAZg,Gweilo-60,2019-03-05 22:24:51.441635,11085,0
UChXOhG9bRDb3vSTg-qkPAZg,Gweilo-60,2019-03-05 22:23:51.729985,11085,0
UChXOhG9bRDb3vSTg-qkPAZg,Gweilo-60,2019-03-05 22:22:51.636336,11085,0
UChXOhG9bRDb3vSTg-qkPAZg,Gweilo-60,2019-03-05 22:21:51.770109,11085,0
UChXOhG9bRDb3vSTg-qkPAZg,Gweilo-60,2019-03-05 22:20:52.286584,11085,0
UChXOhG9bRDb3vSTg-qkPAZg,Gweilo-60,2019-03-05 22:19:51.634104,11085,0
UChXOhG9bRDb3vSTg-qkPAZg,Gweilo-60,2019-03-05 22:18:51.457755,11085,0
UChXOhG9bRDb3vSTg-qkPAZg,Gweilo-60,2019-03-05 22:17:54.163494,11085,0
UChXOhG9bRDb3vSTg-qkPAZg,Gweilo-60,2019-03-05 22:16:52.373943,11085,0
UChXOhG9bRDb3vSTg-qkPAZg,Gweilo-60,2019-03-05 22:15:51.419729,11085,0
UChXOhG9bRDb3vSTg-qkPAZg,Gweilo-60,2019-03-05 22:14:51.605746,11085,0
UChXOhG9bRDb3vSTg-qkPAZg,Gweilo-60,2019-03-05 22:13:51.112156,11085,0
UChXOhG9bRDb3vSTg-qkPAZg,Gweilo-60,2019-03-05 22:12:51.539453,11085,1
UChXOhG9bRDb3vSTg-qkPAZg,Gweilo-60,2019-03-05 22:11:52.008237,11084,0
UChXOhG9bRDb3vSTg-qkPAZg,Gweilo-60,2019-03-05 22:10:51.482562,11084,0
UChXOhG9bRDb3vSTg-qkPAZg,Gweilo-60,2019-03-05 22:09:51.097492,11084,0
UChXOhG9bRDb3vSTg-qkPAZg,Gweilo-60,2019-03-05 22:08:51.88803,11084,0
UChXOhG9bRDb3vSTg-qkPAZg,Gweilo-60,2019-03-05 22:07:51.927168,11084,0
UChXOhG9bRDb3vSTg-qkPAZg,Gweilo-60,2019-03-05 22:06:51.495888,11084,0
UChXOhG9bRDb3vSTg-qkPAZg,Gweilo-60,2019-03-05 22:05:51.623076,11084,0
UChXOhG9bRDb3vSTg-qkPAZg,Gweilo-60,2019-03-05 22:04:51.541121,11084,0
UChXOhG9bRDb3vSTg-qkPAZg,Gweilo-60,2019-03-05 22:03:51.928743,11084,0
UChXOhG9bRDb3vSTg-qkPAZg,Gweilo-60,2019-03-05 22:02:51.99935,11084,0
UChXOhG9bRDb3vSTg-qkPAZg,Gweilo-60,2019-03-05 22:01:51.713106,11084,0
UChXOhG9bRDb3vSTg-qkPAZg,Gweilo-60,2019-03-05 22:00:51.358738,11084,0
UChXOhG9bRDb3vSTg-qkPAZg,Gweilo-60,2019-03-05 21:59:51.812861,11084,0
UChXOhG9bRDb3vSTg-qkPAZg,Gweilo-60,2019-03-05 21:58:51.9908,11084,0
UChXOhG9bRDb3vSTg-qkPAZg,Gweilo-60,2019-03-05 21:57:51.701108,11084,0
UChXOhG9bRDb3vSTg-qkPAZg,Gweilo-60,2019-03-05 21:56:51.466049,11084,1
UChXOhG9bRDb3vSTg-qkPAZg,Gweilo-60,2019-03-05 21:55:51.559017,11083,0
UChXOhG9bRDb3vSTg-qkPAZg,Gweilo-60,2019-03-05 21:54:51.896858,11083,0
UChXOhG9bRDb3vSTg-qkPAZg,Gweilo-60,2019-03-05 21:53:51.562515,11083,0
UChXOhG9bRDb3vSTg-qkPAZg,Gweilo-60,2019-03-05 21:52:51.153283,11083,0
UChXOhG9bRDb3vSTg-qkPAZg,Gweilo-60,2019-03-05 21:51:51.88703,11083,0
UChXOhG9bRDb3vSTg-qkPAZg,Gweilo-60,2019-03-05 21:50:51.733744,11083,0
UChXOhG9bRDb3vSTg-qkPAZg,Gweilo-60,2019-03-05 21:49:51.633602,11083,0
UChXOhG9bRDb3vSTg-qkPAZg,Gweilo-60,2019-03-05 21:48:52.311539,11083,0
UChXOhG9bRDb3vSTg-qkPAZg,Gweilo-60,2019-03-05 21:47:51.675366,11083,0
UChXOhG9bRDb3vSTg-qkPAZg,Gweilo-60,2019-03-05 21:46:51.754155,11083,0
UChXOhG9bRDb3vSTg-qkPAZg,Gweilo-60,2019-03-05 21:45:53.154717,11083,0
UChXOhG9bRDb3vSTg-qkPAZg,Gweilo-60,2019-03-05 21:44:51.416447,11083,0
UChXOhG9bRDb3vSTg-qkPAZg,Gweilo-60,2019-03-05 21:43:51.826618,11083,0
UChXOhG9bRDb3vSTg-qkPAZg,Gweilo-60,2019-03-05 21:42:51.501683,11083,0
UChXOhG9bRDb3vSTg-qkPAZg,Gweilo-60,2019-03-05 21:41:51.640152,11083,0
UChXOhG9bRDb3vSTg-qkPAZg,Gweilo-60,2019-03-05 21:40:51.673115,11083,0
UChXOhG9bRDb3vSTg-qkPAZg,Gweilo-60,2019-03-05 21:39:51.460694,11083,0
UChXOhG9bRDb3vSTg-qkPAZg,Gweilo-60,2019-03-05 21:38:51.778876,11083,0
UChXOhG9bRDb3vSTg-qkPAZg,Gweilo-60,2019-03-05 21:37:51.371635,11083,0
UChXOhG9bRDb3vSTg-qkPAZg,Gweilo-60,2019-03-05 21:36:51.404263,11083,0
UChXOhG9bRDb3vSTg-qkPAZg,Gweilo-60,2019-03-05 21:35:52.204466,11083,0
UChXOhG9bRDb3vSTg-qkPAZg,Gweilo-60,2019-03-05 21:34:51.287189,11083,0
UChXOhG9bRDb3vSTg-qkPAZg,Gweilo-60,2019-03-05 21:33:51.653651,11083,0
UChXOhG9bRDb3vSTg-qkPAZg,Gweilo-60,2019-03-05 21:32:51.416741,11083,0
UChXOhG9bRDb3vSTg-qkPAZg,Gweilo-60,2019-03-05 21:31:51.681228,11083,0
UChXOhG9bRDb3vSTg-qkPAZg,Gweilo-60,2019-03-05 21:30:51.553799,11083,0
UChXOhG9bRDb3vSTg-qkPAZg,Gweilo-60,2019-03-05 21:29:51.969493,11083,0
UChXOhG9bRDb3vSTg-qkPAZg,Gweilo-60,2019-03-05 21:28:51.648392,11083,0
UChXOhG9bRDb3vSTg-qkPAZg,Gweilo-60,2019-03-05 21:27:51.685974,11083,0
UChXOhG9bRDb3vSTg-qkPAZg,Gweilo-60,2019-03-05 21:26:51.917249,11083,0
UChXOhG9bRDb3vSTg-qkPAZg,Gweilo-60,2019-03-05 21:25:51.121633,11083,0
UChXOhG9bRDb3vSTg-qkPAZg,Gweilo-60,2019-03-05 21:24:51.598363,11083,0
UChXOhG9bRDb3vSTg-qkPAZg,Gweilo-60,2019-03-05 21:23:52.22087,11083,0
UChXOhG9bRDb3vSTg-qkPAZg,Gweilo-60,2019-03-05 21:22:51.5619,11083,0
UChXOhG9bRDb3vSTg-qkPAZg,Gweilo-60,2019-03-05 21:21:51.320826,11083,0
UChXOhG9bRDb3vSTg-qkPAZg,Gweilo-60,2019-03-05 21:20:52.525834,11083,0
UChXOhG9bRDb3vSTg-qkPAZg,Gweilo-60,2019-03-05 21:19:53.283771,11083,0
UChXOhG9bRDb3vSTg-qkPAZg,Gweilo-60,2019-03-05 21:18:51.245782,11083,0
UChXOhG9bRDb3vSTg-qkPAZg,Gweilo-60,2019-03-05 21:17:51.903098,11083,0
UChXOhG9bRDb3vSTg-qkPAZg,Gweilo-60,2019-03-05 21:16:51.510929,11083,0
UChXOhG9bRDb3vSTg-qkPAZg,Gweilo-60,2019-03-05 21:15:51.459199,11083,0
UChXOhG9bRDb3vSTg-qkPAZg,Gweilo-60,2019-03-05 21:14:51.219557,11083,0
UChXOhG9bRDb3vSTg-qkPAZg,Gweilo-60,2019-03-05 21:13:51.973693,11083,0
UChXOhG9bRDb3vSTg-qkPAZg,Gweilo-60,2019-03-05 21:12:51.822215,11083,0
UChXOhG9bRDb3vSTg-qkPAZg,Gweilo-60,2019-03-05 21:11:51.946306,11083,0
UChXOhG9bRDb3vSTg-qkPAZg,Gweilo-60,2019-03-05 21:10:51.785144,11083,0
UChXOhG9bRDb3vSTg-qkPAZg,Gweilo-60,2019-03-05 21:09:51.946141,11083,0
UChXOhG9bRDb3vSTg-qkPAZg,Gweilo-60,2019-03-05 21:08:52.114619,11083,0
UChXOhG9bRDb3vSTg-qkPAZg,Gweilo-60,2019-03-05 21:07:51.345973,11083,0
UChXOhG9bRDb3vSTg-qkPAZg,Gweilo-60,2019-03-05 21:06:51.666863,11083,0
UChXOhG9bRDb3vSTg-qkPAZg,Gweilo-60,2019-03-05 21:05:51.675346,11083,0
UChXOhG9bRDb3vSTg-qkPAZg,Gweilo-60,2019-03-05 21:04:51.780574,11083,0
UChXOhG9bRDb3vSTg-qkPAZg,Gweilo-60,2019-03-05 21:03:51.33367,11083,0
UChXOhG9bRDb3vSTg-qkPAZg,Gweilo-60,2019-03-05 21:02:51.199068,11083,0
UChXOhG9bRDb3vSTg-qkPAZg,Gweilo-60,2019-03-05 21:01:51.223433,11083,0
UChXOhG9bRDb3vSTg-qkPAZg,Gweilo-60,2019-03-05 21:00:51.692256,11083,0
UChXOhG9bRDb3vSTg-qkPAZg,Gweilo-60,2019-03-05 20:59:51.720929,11083,0
UChXOhG9bRDb3vSTg-qkPAZg,Gweilo-60,2019-03-05 20:58:51.525915,11083,0
UChXOhG9bRDb3vSTg-qkPAZg,Gweilo-60,2019-03-05 20:57:51.770746,11083,0
UChXOhG9bRDb3vSTg-qkPAZg,Gweilo-60,2019-03-05 20:56:51.471748,11083,0
UChXOhG9bRDb3vSTg-qkPAZg,Gweilo-60,2019-03-05 20:55:51.375581,11083,0
UChXOhG9bRDb3vSTg-qkPAZg,Gweilo-60,2019-03-05 20:54:51.708251,11083,0
UChXOhG9bRDb3vSTg-qkPAZg,Gweilo-60,2019-03-05 20:53:51.420409,11083,0
UChXOhG9bRDb3vSTg-qkPAZg,Gweilo-60,2019-03-05 20:52:51.150275,11083,0
UChXOhG9bRDb3vSTg-qkPAZg,Gweilo-60,2019-03-05 20:51:51.867022,11083,0
UChXOhG9bRDb3vSTg-qkPAZg,Gweilo-60,2019-03-05 20:50:51.463487,11083,0
UChXOhG9bRDb3vSTg-qkPAZg,Gweilo-60,2019-03-05 20:49:51.719659,11083,0
UChXOhG9bRDb3vSTg-qkPAZg,Gweilo-60,2019-03-05 20:48:51.646274,11083,0
UChXOhG9bRDb3vSTg-qkPAZg,Gweilo-60,2019-03-05 20:47:51.41322,11083,0
UChXOhG9bRDb3vSTg-qkPAZg,Gweilo-60,2019-03-05 20:46:51.400952,11083,0
UChXOhG9bRDb3vSTg-qkPAZg,Gweilo-60,2019-03-05 20:45:51.669192,11083,0
UChXOhG9bRDb3vSTg-qkPAZg,Gweilo-60,2019-03-05 20:44:51.398289,11083,0
UChXOhG9bRDb3vSTg-qkPAZg,Gweilo-60,2019-03-05 20:43:52.353065,11083,0
UChXOhG9bRDb3vSTg-qkPAZg,Gweilo-60,2019-03-05 20:42:51.536513,11083,0
UChXOhG9bRDb3vSTg-qkPAZg,Gweilo-60,2019-03-05 20:41:51.795896,11083,0
UChXOhG9bRDb3vSTg-qkPAZg,Gweilo-60,2019-03-05 20:40:51.56903,11083,0
UChXOhG9bRDb3vSTg-qkPAZg,Gweilo-60,2019-03-05 20:39:51.283971,11083,0
UChXOhG9bRDb3vSTg-qkPAZg,Gweilo-60,2019-03-05 20:38:51.898213,11083,0
UChXOhG9bRDb3vSTg-qkPAZg,Gweilo-60,2019-03-05 20:37:51.588993,11083,0
UChXOhG9bRDb3vSTg-qkPAZg,Gweilo-60,2019-03-05 20:36:51.473483,11083,0
UChXOhG9bRDb3vSTg-qkPAZg,Gweilo-60,2019-03-05 20:35:51.153732,11083,0
UChXOhG9bRDb3vSTg-qkPAZg,Gweilo-60,2019-03-05 20:34:51.525994,11083,0
UChXOhG9bRDb3vSTg-qkPAZg,Gweilo-60,2019-03-05 20:33:51.596329,11083,0
UChXOhG9bRDb3vSTg-qkPAZg,Gweilo-60,2019-03-05 20:32:52.749598,11083,0
UChXOhG9bRDb3vSTg-qkPAZg,Gweilo-60,2019-03-05 20:31:51.368494,11083,0
UChXOhG9bRDb3vSTg-qkPAZg,Gweilo-60,2019-03-05 20:30:52.279635,11083,0
UChXOhG9bRDb3vSTg-qkPAZg,Gweilo-60,2019-03-05 20:29:51.583953,11083,0
UChXOhG9bRDb3vSTg-qkPAZg,Gweilo-60,2019-03-05 20:28:51.53703,11083,0
UChXOhG9bRDb3vSTg-qkPAZg,Gweilo-60,2019-03-05 20:27:52.000304,11083,0
UChXOhG9bRDb3vSTg-qkPAZg,Gweilo-60,2019-03-05 20:26:51.778988,11083,0
UChXOhG9bRDb3vSTg-qkPAZg,Gweilo-60,2019-03-05 20:25:51.924965,11083,0
UChXOhG9bRDb3vSTg-qkPAZg,Gweilo-60,2019-03-05 20:24:51.598961,11083,0
UChXOhG9bRDb3vSTg-qkPAZg,Gweilo-60,2019-03-05 20:23:51.821773,11083,0
UChXOhG9bRDb3vSTg-qkPAZg,Gweilo-60,2019-03-05 20:22:51.569503,11083,0
UChXOhG9bRDb3vSTg-qkPAZg,Gweilo-60,2019-03-05 20:21:51.463464,11083,0
UChXOhG9bRDb3vSTg-qkPAZg,Gweilo-60,2019-03-05 20:20:51.943135,11083,0
UChXOhG9bRDb3vSTg-qkPAZg,Gweilo-60,2019-03-05 20:19:51.469511,11083,0
UChXOhG9bRDb3vSTg-qkPAZg,Gweilo-60,2019-03-05 20:18:51.50618,11083,0
UChXOhG9bRDb3vSTg-qkPAZg,Gweilo-60,2019-03-05 20:17:51.646591,11083,0
UChXOhG9bRDb3vSTg-qkPAZg,Gweilo-60,2019-03-05 20:16:51.912564,11083,0
UChXOhG9bRDb3vSTg-qkPAZg,Gweilo-60,2019-03-05 20:15:51.633627,11083,0
UChXOhG9bRDb3vSTg-qkPAZg,Gweilo-60,2019-03-05 20:14:51.899949,11083,0
UChXOhG9bRDb3vSTg-qkPAZg,Gweilo-60,2019-03-05 20:13:51.604139,11083,0
UChXOhG9bRDb3vSTg-qkPAZg,Gweilo-60,2019-03-05 20:12:51.165093,11083,0
UChXOhG9bRDb3vSTg-qkPAZg,Gweilo-60,2019-03-05 20:11:51.169244,11083,0
UChXOhG9bRDb3vSTg-qkPAZg,Gweilo-60,2019-03-05 20:10:51.605586,11083,0
UChXOhG9bRDb3vSTg-qkPAZg,Gweilo-60,2019-03-05 20:09:51.397306,11083,0
UChXOhG9bRDb3vSTg-qkPAZg,Gweilo-60,2019-03-05 20:08:51.437468,11083,0
UChXOhG9bRDb3vSTg-qkPAZg,Gweilo-60,2019-03-05 20:07:51.636455,11083,0
UChXOhG9bRDb3vSTg-qkPAZg,Gweilo-60,2019-03-05 20:06:51.228478,11083,0
UChXOhG9bRDb3vSTg-qkPAZg,Gweilo-60,2019-03-05 20:05:51.373114,11083,0
UChXOhG9bRDb3vSTg-qkPAZg,Gweilo-60,2019-03-05 20:04:51.559273,11083,0
UChXOhG9bRDb3vSTg-qkPAZg,Gweilo-60,2019-03-05 20:03:51.641014,11083,0
UChXOhG9bRDb3vSTg-qkPAZg,Gweilo-60,2019-03-05 20:02:51.210314,11083,0
UChXOhG9bRDb3vSTg-qkPAZg,Gweilo-60,2019-03-05 20:01:51.708182,11083,0
UChXOhG9bRDb3vSTg-qkPAZg,Gweilo-60,2019-03-05 20:00:50.823274,11083,0
UChXOhG9bRDb3vSTg-qkPAZg,Gweilo-60,2019-03-05 19:59:51.248873,11083,0
UChXOhG9bRDb3vSTg-qkPAZg,Gweilo-60,2019-03-05 19:58:51.457615,11083,0
UChXOhG9bRDb3vSTg-qkPAZg,Gweilo-60,2019-03-05 19:57:51.348999,11083,0
UChXOhG9bRDb3vSTg-qkPAZg,Gweilo-60,2019-03-05 19:56:51.455242,11083,0
UChXOhG9bRDb3vSTg-qkPAZg,Gweilo-60,2019-03-05 19:55:51.357782,11083,0
UChXOhG9bRDb3vSTg-qkPAZg,Gweilo-60,2019-03-05 19:54:51.395586,11083,0
UChXOhG9bRDb3vSTg-qkPAZg,Gweilo-60,2019-03-05 19:53:51.199032,11083,0
UChXOhG9bRDb3vSTg-qkPAZg,Gweilo-60,2019-03-05 19:52:51.097195,11083,0
UChXOhG9bRDb3vSTg-qkPAZg,Gweilo-60,2019-03-05 19:51:51.712353,11083,0
UChXOhG9bRDb3vSTg-qkPAZg,Gweilo-60,2019-03-05 19:50:51.767401,11083,0
UChXOhG9bRDb3vSTg-qkPAZg,Gweilo-60,2019-03-05 19:49:51.240964,11083,0
UChXOhG9bRDb3vSTg-qkPAZg,Gweilo-60,2019-03-05 19:48:51.504748,11083,-1
UChXOhG9bRDb3vSTg-qkPAZg,Gweilo-60,2019-03-05 19:47:51.534167,11084,0
UChXOhG9bRDb3vSTg-qkPAZg,Gweilo-60,2019-03-05 19:46:51.813157,11084,0
UChXOhG9bRDb3vSTg-qkPAZg,Gweilo-60,2019-03-05 19:45:51.947948,11084,0
UChXOhG9bRDb3vSTg-qkPAZg,Gweilo-60,2019-03-05 19:44:51.872331,11084,0
UChXOhG9bRDb3vSTg-qkPAZg,Gweilo-60,2019-03-05 19:43:51.263507,11084,0
UChXOhG9bRDb3vSTg-qkPAZg,Gweilo-60,2019-03-05 19:42:51.088589,11084,0
UChXOhG9bRDb3vSTg-qkPAZg,Gweilo-60,2019-03-05 19:41:51.326934,11084,0
UChXOhG9bRDb3vSTg-qkPAZg,Gweilo-60,2019-03-05 19:40:51.498287,11084,0
UChXOhG9bRDb3vSTg-qkPAZg,Gweilo-60,2019-03-05 19:39:51.756548,11084,0
UChXOhG9bRDb3vSTg-qkPAZg,Gweilo-60,2019-03-05 19:38:51.708995,11084,0
UChXOhG9bRDb3vSTg-qkPAZg,Gweilo-60,2019-03-05 19:37:51.376602,11084,0
UChXOhG9bRDb3vSTg-qkPAZg,Gweilo-60,2019-03-05 19:36:51.59453,11084,0
UChXOhG9bRDb3vSTg-qkPAZg,Gweilo-60,2019-03-05 19:35:51.581626,11084,0
UChXOhG9bRDb3vSTg-qkPAZg,Gweilo-60,2019-03-05 19:34:51.189496,11084,0
UChXOhG9bRDb3vSTg-qkPAZg,Gweilo-60,2019-03-05 19:33:51.88909,11084,0
UChXOhG9bRDb3vSTg-qkPAZg,Gweilo-60,2019-03-05 19:32:51.333868,11084,0
UChXOhG9bRDb3vSTg-qkPAZg,Gweilo-60,2019-03-05 19:31:51.71252,11084,0
UChXOhG9bRDb3vSTg-qkPAZg,Gweilo-60,2019-03-05 19:30:51.300667,11084,0
UChXOhG9bRDb3vSTg-qkPAZg,Gweilo-60,2019-03-05 19:29:51.779435,11084,0
UChXOhG9bRDb3vSTg-qkPAZg,Gweilo-60,2019-03-05 19:28:51.602275,11084,0
UChXOhG9bRDb3vSTg-qkPAZg,Gweilo-60,2019-03-05 19:27:51.214743,11084,0
UChXOhG9bRDb3vSTg-qkPAZg,Gweilo-60,2019-03-05 19:26:51.220201,11084,0
UChXOhG9bRDb3vSTg-qkPAZg,Gweilo-60,2019-03-05 19:25:52.77819,11084,0
UChXOhG9bRDb3vSTg-qkPAZg,Gweilo-60,2019-03-05 19:24:52.083554,11084,0
UChXOhG9bRDb3vSTg-qkPAZg,Gweilo-60,2019-03-05 19:23:51.521623,11084,0
UChXOhG9bRDb3vSTg-qkPAZg,Gweilo-60,2019-03-05 19:22:51.036225,11084,0
UChXOhG9bRDb3vSTg-qkPAZg,Gweilo-60,2019-03-05 19:21:52.004645,11084,0
UChXOhG9bRDb3vSTg-qkPAZg,Gweilo-60,2019-03-05 19:20:51.864283,11084,0
UChXOhG9bRDb3vSTg-qkPAZg,Gweilo-60,2019-03-05 19:19:50.955012,11084,0
UChXOhG9bRDb3vSTg-qkPAZg,Gweilo-60,2019-03-05 19:18:51.023433,11084,0
UChXOhG9bRDb3vSTg-qkPAZg,Gweilo-60,2019-03-05 19:17:50.784583,11084,0
UChXOhG9bRDb3vSTg-qkPAZg,Gweilo-60,2019-03-05 19:16:51.270677,11084,0
UChXOhG9bRDb3vSTg-qkPAZg,Gweilo-60,2019-03-05 19:15:51.533439,11084,0
UChXOhG9bRDb3vSTg-qkPAZg,Gweilo-60,2019-03-05 19:14:51.257577,11084,0
UChXOhG9bRDb3vSTg-qkPAZg,Gweilo-60,2019-03-05 19:13:50.937391,11084,0
UChXOhG9bRDb3vSTg-qkPAZg,Gweilo-60,2019-03-05 19:12:51.96181,11084,0
UChXOhG9bRDb3vSTg-qkPAZg,Gweilo-60,2019-03-05 19:11:51.265073,11084,0
UChXOhG9bRDb3vSTg-qkPAZg,Gweilo-60,2019-03-05 19:10:51.531342,11084,0
UChXOhG9bRDb3vSTg-qkPAZg,Gweilo-60,2019-03-05 19:09:51.421211,11084,0
UChXOhG9bRDb3vSTg-qkPAZg,Gweilo-60,2019-03-05 19:08:51.02574,11084,0
UChXOhG9bRDb3vSTg-qkPAZg,Gweilo-60,2019-03-05 19:07:51.437728,11084,0
UChXOhG9bRDb3vSTg-qkPAZg,Gweilo-60,2019-03-05 19:06:51.438797,11084,0
UChXOhG9bRDb3vSTg-qkPAZg,Gweilo-60,2019-03-05 19:05:51.551129,11084,0
UChXOhG9bRDb3vSTg-qkPAZg,Gweilo-60,2019-03-05 19:04:52.61884,11084,0
UChXOhG9bRDb3vSTg-qkPAZg,Gweilo-60,2019-03-05 19:03:51.588596,11084,0
UChXOhG9bRDb3vSTg-qkPAZg,Gweilo-60,2019-03-05 19:02:51.064003,11084,0
UChXOhG9bRDb3vSTg-qkPAZg,Gweilo-60,2019-03-05 19:01:51.285895,11084,0
UChXOhG9bRDb3vSTg-qkPAZg,Gweilo-60,2019-03-05 19:00:50.856321,11084,0
UChXOhG9bRDb3vSTg-qkPAZg,Gweilo-60,2019-03-05 18:59:51.496403,11084,0
UChXOhG9bRDb3vSTg-qkPAZg,Gweilo-60,2019-03-05 18:58:51.76384,11084,0
UChXOhG9bRDb3vSTg-qkPAZg,Gweilo-60,2019-03-05 18:57:51.107817,11084,0
UChXOhG9bRDb3vSTg-qkPAZg,Gweilo-60,2019-03-05 18:56:51.132059,11084,0
UChXOhG9bRDb3vSTg-qkPAZg,Gweilo-60,2019-03-05 18:55:51.16715,11084,0
UChXOhG9bRDb3vSTg-qkPAZg,Gweilo-60,2019-03-05 18:54:51.407399,11084,0
UChXOhG9bRDb3vSTg-qkPAZg,Gweilo-60,2019-03-05 18:53:51.124108,11084,0
UChXOhG9bRDb3vSTg-qkPAZg,Gweilo-60,2019-03-05 18:52:50.76214,11084,0
UChXOhG9bRDb3vSTg-qkPAZg,Gweilo-60,2019-03-05 18:51:50.978602,11084,0
UChXOhG9bRDb3vSTg-qkPAZg,Gweilo-60,2019-03-05 18:50:51.193593,11084,0
UChXOhG9bRDb3vSTg-qkPAZg,Gweilo-60,2019-03-05 18:49:51.210793,11084,0
UChXOhG9bRDb3vSTg-qkPAZg,Gweilo-60,2019-03-05 18:48:51.80577,11084,0
UChXOhG9bRDb3vSTg-qkPAZg,Gweilo-60,2019-03-05 18:47:51.262178,11084,0
UChXOhG9bRDb3vSTg-qkPAZg,Gweilo-60,2019-03-05 18:46:51.532994,11084,0
UChXOhG9bRDb3vSTg-qkPAZg,Gweilo-60,2019-03-05 18:45:51.207611,11084,0
UChXOhG9bRDb3vSTg-qkPAZg,Gweilo-60,2019-03-05 18:44:50.773218,11084,0
UChXOhG9bRDb3vSTg-qkPAZg,Gweilo-60,2019-03-05 18:43:51.593645,11084,0
UChXOhG9bRDb3vSTg-qkPAZg,Gweilo-60,2019-03-05 18:42:51.08817,11084,0
UChXOhG9bRDb3vSTg-qkPAZg,Gweilo-60,2019-03-05 18:41:50.732577,11084,0
UChXOhG9bRDb3vSTg-qkPAZg,Gweilo-60,2019-03-05 18:40:51.145887,11084,0
UChXOhG9bRDb3vSTg-qkPAZg,Gweilo-60,2019-03-05 18:39:51.486956,11084,0
UChXOhG9bRDb3vSTg-qkPAZg,Gweilo-60,2019-03-05 18:38:52.290444,11084,0
UChXOhG9bRDb3vSTg-qkPAZg,Gweilo-60,2019-03-05 18:37:51.030628,11084,0
UChXOhG9bRDb3vSTg-qkPAZg,Gweilo-60,2019-03-05 18:36:51.531396,11084,0
UChXOhG9bRDb3vSTg-qkPAZg,Gweilo-60,2019-03-05 18:35:51.45327,11084,0
UChXOhG9bRDb3vSTg-qkPAZg,Gweilo-60,2019-03-05 18:34:51.364195,11084,0
UChXOhG9bRDb3vSTg-qkPAZg,Gweilo-60,2019-03-05 18:33:51.680557,11084,0
UChXOhG9bRDb3vSTg-qkPAZg,Gweilo-60,2019-03-05 18:32:50.980525,11084,0
UChXOhG9bRDb3vSTg-qkPAZg,Gweilo-60,2019-03-05 18:31:51.713607,11084,0
UChXOhG9bRDb3vSTg-qkPAZg,Gweilo-60,2019-03-05 18:30:51.505001,11084,0
UChXOhG9bRDb3vSTg-qkPAZg,Gweilo-60,2019-03-05 18:29:51.783853,11084,0
UChXOhG9bRDb3vSTg-qkPAZg,Gweilo-60,2019-03-05 18:28:51.33039,11084,0
UChXOhG9bRDb3vSTg-qkPAZg,Gweilo-60,2019-03-05 18:27:52.641765,11084,0
UChXOhG9bRDb3vSTg-qkPAZg,Gweilo-60,2019-03-05 18:26:51.242916,11084,0
UChXOhG9bRDb3vSTg-qkPAZg,Gweilo-60,2019-03-05 18:25:51.520446,11084,0
UChXOhG9bRDb3vSTg-qkPAZg,Gweilo-60,2019-03-05 18:24:51.557506,11084,0
UChXOhG9bRDb3vSTg-qkPAZg,Gweilo-60,2019-03-05 18:23:51.327294,11084,0
UChXOhG9bRDb3vSTg-qkPAZg,Gweilo-60,2019-03-05 18:22:51.502349,11084,0
UChXOhG9bRDb3vSTg-qkPAZg,Gweilo-60,2019-03-05 18:21:51.32314,11084,0
UChXOhG9bRDb3vSTg-qkPAZg,Gweilo-60,2019-03-05 18:20:51.216914,11084,0
UChXOhG9bRDb3vSTg-qkPAZg,Gweilo-60,2019-03-05 18:19:50.880351,11084,0
UChXOhG9bRDb3vSTg-qkPAZg,Gweilo-60,2019-03-05 18:18:50.939069,11084,0
UChXOhG9bRDb3vSTg-qkPAZg,Gweilo-60,2019-03-05 18:17:51.089781,11084,0
UChXOhG9bRDb3vSTg-qkPAZg,Gweilo-60,2019-03-05 18:16:51.320398,11084,0
UChXOhG9bRDb3vSTg-qkPAZg,Gweilo-60,2019-03-05 18:15:51.363733,11084,0
UChXOhG9bRDb3vSTg-qkPAZg,Gweilo-60,2019-03-05 18:14:51.573155,11084,0
UChXOhG9bRDb3vSTg-qkPAZg,Gweilo-60,2019-03-05 18:13:51.011436,11084,0
UChXOhG9bRDb3vSTg-qkPAZg,Gweilo-60,2019-03-05 18:12:51.515355,11084,0
UChXOhG9bRDb3vSTg-qkPAZg,Gweilo-60,2019-03-05 18:11:51.357088,11084,0
UChXOhG9bRDb3vSTg-qkPAZg,Gweilo-60,2019-03-05 18:10:51.17929,11084,0
UChXOhG9bRDb3vSTg-qkPAZg,Gweilo-60,2019-03-05 18:09:51.570161,11084,0
UChXOhG9bRDb3vSTg-qkPAZg,Gweilo-60,2019-03-05 18:08:51.451558,11084,0
UChXOhG9bRDb3vSTg-qkPAZg,Gweilo-60,2019-03-05 18:07:52.052751,11084,0
UChXOhG9bRDb3vSTg-qkPAZg,Gweilo-60,2019-03-05 18:06:51.720557,11084,0
UChXOhG9bRDb3vSTg-qkPAZg,Gweilo-60,2019-03-05 18:05:51.319747,11084,0
UChXOhG9bRDb3vSTg-qkPAZg,Gweilo-60,2019-03-05 18:04:51.385827,11084,0
UChXOhG9bRDb3vSTg-qkPAZg,Gweilo-60,2019-03-05 18:03:51.515299,11084,0
UChXOhG9bRDb3vSTg-qkPAZg,Gweilo-60,2019-03-05 18:02:51.388866,11084,0
UChXOhG9bRDb3vSTg-qkPAZg,Gweilo-60,2019-03-05 18:01:51.601122,11084,0
UChXOhG9bRDb3vSTg-qkPAZg,Gweilo-60,2019-03-05 18:00:51.068966,11084,0
UChXOhG9bRDb3vSTg-qkPAZg,Gweilo-60,2019-03-05 17:59:51.326903,11084,0
UChXOhG9bRDb3vSTg-qkPAZg,Gweilo-60,2019-03-05 17:58:51.29993,11084,0
UChXOhG9bRDb3vSTg-qkPAZg,Gweilo-60,2019-03-05 17:57:51.285713,11084,0
UChXOhG9bRDb3vSTg-qkPAZg,Gweilo-60,2019-03-05 17:56:51.321041,11084,0
UChXOhG9bRDb3vSTg-qkPAZg,Gweilo-60,2019-03-05 17:55:51.736853,11084,0
UChXOhG9bRDb3vSTg-qkPAZg,Gweilo-60,2019-03-05 17:54:51.265342,11084,0
UChXOhG9bRDb3vSTg-qkPAZg,Gweilo-60,2019-03-05 17:53:50.998744,11084,0
UChXOhG9bRDb3vSTg-qkPAZg,Gweilo-60,2019-03-05 17:52:51.295585,11084,0
UChXOhG9bRDb3vSTg-qkPAZg,Gweilo-60,2019-03-05 17:51:51.263253,11084,0
UChXOhG9bRDb3vSTg-qkPAZg,Gweilo-60,2019-03-05 17:50:50.741991,11084,0
UChXOhG9bRDb3vSTg-qkPAZg,Gweilo-60,2019-03-05 17:49:51.406876,11084,-1
UChXOhG9bRDb3vSTg-qkPAZg,Gweilo-60,2019-03-05 17:48:51.009002,11085,0
UChXOhG9bRDb3vSTg-qkPAZg,Gweilo-60,2019-03-05 17:47:51.261721,11085,0
UChXOhG9bRDb3vSTg-qkPAZg,Gweilo-60,2019-03-05 17:46:51.67079,11085,0
UChXOhG9bRDb3vSTg-qkPAZg,Gweilo-60,2019-03-05 17:45:51.343866,11085,0
UChXOhG9bRDb3vSTg-qkPAZg,Gweilo-60,2019-03-05 17:44:51.305963,11085,0
UChXOhG9bRDb3vSTg-qkPAZg,Gweilo-60,2019-03-05 17:43:51.514855,11085,0
UChXOhG9bRDb3vSTg-qkPAZg,Gweilo-60,2019-03-05 17:42:51.845417,11085,0
UChXOhG9bRDb3vSTg-qkPAZg,Gweilo-60,2019-03-05 17:41:51.921958,11085,0
UChXOhG9bRDb3vSTg-qkPAZg,Gweilo-60,2019-03-05 17:40:51.531296,11085,0
UChXOhG9bRDb3vSTg-qkPAZg,Gweilo-60,2019-03-05 17:39:50.833239,11085,0
UChXOhG9bRDb3vSTg-qkPAZg,Gweilo-60,2019-03-05 17:38:51.150417,11085,0
UChXOhG9bRDb3vSTg-qkPAZg,Gweilo-60,2019-03-05 17:37:51.389785,11085,0
UChXOhG9bRDb3vSTg-qkPAZg,Gweilo-60,2019-03-05 17:36:51.19152,11085,0
UChXOhG9bRDb3vSTg-qkPAZg,Gweilo-60,2019-03-05 17:35:51.343475,11085,0
UChXOhG9bRDb3vSTg-qkPAZg,Gweilo-60,2019-03-05 17:34:51.42454,11085,0
UChXOhG9bRDb3vSTg-qkPAZg,Gweilo-60,2019-03-05 17:33:51.143152,11085,0
UChXOhG9bRDb3vSTg-qkPAZg,Gweilo-60,2019-03-05 17:32:51.31067,11085,0
UChXOhG9bRDb3vSTg-qkPAZg,Gweilo-60,2019-03-05 17:31:51.811151,11085,0
UChXOhG9bRDb3vSTg-qkPAZg,Gweilo-60,2019-03-05 17:30:51.895996,11085,0
UChXOhG9bRDb3vSTg-qkPAZg,Gweilo-60,2019-03-05 17:29:50.963013,11085,0
UChXOhG9bRDb3vSTg-qkPAZg,Gweilo-60,2019-03-05 17:28:51.036865,11085,0
UChXOhG9bRDb3vSTg-qkPAZg,Gweilo-60,2019-03-05 17:27:51.333234,11085,0
UChXOhG9bRDb3vSTg-qkPAZg,Gweilo-60,2019-03-05 17:26:51.480293,11085,0
UChXOhG9bRDb3vSTg-qkPAZg,Gweilo-60,2019-03-05 17:25:51.12738,11085,0
UChXOhG9bRDb3vSTg-qkPAZg,Gweilo-60,2019-03-05 17:24:51.536477,11085,0
UChXOhG9bRDb3vSTg-qkPAZg,Gweilo-60,2019-03-05 17:23:51.213802,11085,0
UChXOhG9bRDb3vSTg-qkPAZg,Gweilo-60,2019-03-05 17:22:51.058651,11085,0
UChXOhG9bRDb3vSTg-qkPAZg,Gweilo-60,2019-03-05 17:21:51.174203,11085,0
UChXOhG9bRDb3vSTg-qkPAZg,Gweilo-60,2019-03-05 17:20:52.526809,11085,0
UChXOhG9bRDb3vSTg-qkPAZg,Gweilo-60,2019-03-05 17:19:51.13343,11085,0
UChXOhG9bRDb3vSTg-qkPAZg,Gweilo-60,2019-03-05 17:18:51.497476,11085,0
UChXOhG9bRDb3vSTg-qkPAZg,Gweilo-60,2019-03-05 17:17:51.340114,11085,0
UChXOhG9bRDb3vSTg-qkPAZg,Gweilo-60,2019-03-05 17:16:51.209091,11085,0
UChXOhG9bRDb3vSTg-qkPAZg,Gweilo-60,2019-03-05 17:15:51.151701,11085,0
UChXOhG9bRDb3vSTg-qkPAZg,Gweilo-60,2019-03-05 17:14:51.055263,11085,0
UChXOhG9bRDb3vSTg-qkPAZg,Gweilo-60,2019-03-05 17:13:51.332273,11085,0
UChXOhG9bRDb3vSTg-qkPAZg,Gweilo-60,2019-03-05 17:12:51.377109,11085,0
UChXOhG9bRDb3vSTg-qkPAZg,Gweilo-60,2019-03-05 17:11:51.127103,11085,0
UChXOhG9bRDb3vSTg-qkPAZg,Gweilo-60,2019-03-05 17:10:51.741496,11085,0
UChXOhG9bRDb3vSTg-qkPAZg,Gweilo-60,2019-03-05 17:09:51.555528,11085,0
UChXOhG9bRDb3vSTg-qkPAZg,Gweilo-60,2019-03-05 17:08:51.352676,11085,0
UChXOhG9bRDb3vSTg-qkPAZg,Gweilo-60,2019-03-05 17:07:51.433185,11085,0
UChXOhG9bRDb3vSTg-qkPAZg,Gweilo-60,2019-03-05 17:06:51.11576,11085,0
UChXOhG9bRDb3vSTg-qkPAZg,Gweilo-60,2019-03-05 17:05:51.649914,11085,0
UChXOhG9bRDb3vSTg-qkPAZg,Gweilo-60,2019-03-05 17:04:51.72518,11085,0
UChXOhG9bRDb3vSTg-qkPAZg,Gweilo-60,2019-03-05 17:03:51.061572,11085,0
UChXOhG9bRDb3vSTg-qkPAZg,Gweilo-60,2019-03-05 17:02:51.819554,11085,0
UChXOhG9bRDb3vSTg-qkPAZg,Gweilo-60,2019-03-05 17:01:52.083178,11085,0
UChXOhG9bRDb3vSTg-qkPAZg,Gweilo-60,2019-03-05 17:00:51.468257,11085,0
UChXOhG9bRDb3vSTg-qkPAZg,Gweilo-60,2019-03-05 16:59:51.271759,11085,0
UChXOhG9bRDb3vSTg-qkPAZg,Gweilo-60,2019-03-05 16:58:51.158897,11085,0
UChXOhG9bRDb3vSTg-qkPAZg,Gweilo-60,2019-03-05 16:57:51.152688,11085,0
UChXOhG9bRDb3vSTg-qkPAZg,Gweilo-60,2019-03-05 16:56:50.872037,11085,0
UChXOhG9bRDb3vSTg-qkPAZg,Gweilo-60,2019-03-05 16:55:51.717689,11085,0
UChXOhG9bRDb3vSTg-qkPAZg,Gweilo-60,2019-03-05 16:54:52.317331,11085,0
UChXOhG9bRDb3vSTg-qkPAZg,Gweilo-60,2019-03-05 16:53:52.640062,11085,0
UChXOhG9bRDb3vSTg-qkPAZg,Gweilo-60,2019-03-05 16:52:51.57234,11085,0
UChXOhG9bRDb3vSTg-qkPAZg,Gweilo-60,2019-03-05 16:51:51.500795,11085,0
UChXOhG9bRDb3vSTg-qkPAZg,Gweilo-60,2019-03-05 16:50:51.434524,11085,0
UChXOhG9bRDb3vSTg-qkPAZg,Gweilo-60,2019-03-05 16:49:51.643257,11085,0
UChXOhG9bRDb3vSTg-qkPAZg,Gweilo-60,2019-03-05 16:48:51.204884,11085,0
UChXOhG9bRDb3vSTg-qkPAZg,Gweilo-60,2019-03-05 16:47:51.188256,11085,0
UChXOhG9bRDb3vSTg-qkPAZg,Gweilo-60,2019-03-05 16:46:51.136113,11085,0
UChXOhG9bRDb3vSTg-qkPAZg,Gweilo-60,2019-03-05 16:45:51.284087,11085,0
UChXOhG9bRDb3vSTg-qkPAZg,Gweilo-60,2019-03-05 16:44:51.520864,11085,0
UChXOhG9bRDb3vSTg-qkPAZg,Gweilo-60,2019-03-05 16:43:51.055451,11085,0
UChXOhG9bRDb3vSTg-qkPAZg,Gweilo-60,2019-03-05 16:42:51.402558,11085,0
UChXOhG9bRDb3vSTg-qkPAZg,Gweilo-60,2019-03-05 16:41:51.93925,11085,0
UChXOhG9bRDb3vSTg-qkPAZg,Gweilo-60,2019-03-05 16:40:51.411477,11085,0
UChXOhG9bRDb3vSTg-qkPAZg,Gweilo-60,2019-03-05 16:39:51.87616,11085,0
UChXOhG9bRDb3vSTg-qkPAZg,Gweilo-60,2019-03-05 16:38:51.607757,11085,0
UChXOhG9bRDb3vSTg-qkPAZg,Gweilo-60,2019-03-05 16:37:51.54516,11085,0
UChXOhG9bRDb3vSTg-qkPAZg,Gweilo-60,2019-03-05 16:36:51.200976,11085,0
UChXOhG9bRDb3vSTg-qkPAZg,Gweilo-60,2019-03-05 16:35:51.494331,11085,0
UChXOhG9bRDb3vSTg-qkPAZg,Gweilo-60,2019-03-05 16:34:52.173869,11085,0
UChXOhG9bRDb3vSTg-qkPAZg,Gweilo-60,2019-03-05 16:33:51.750339,11085,0
UChXOhG9bRDb3vSTg-qkPAZg,Gweilo-60,2019-03-05 16:32:51.495981,11085,0
UChXOhG9bRDb3vSTg-qkPAZg,Gweilo-60,2019-03-05 16:31:51.518478,11085,0
UChXOhG9bRDb3vSTg-qkPAZg,Gweilo-60,2019-03-05 16:30:51.734958,11085,0
UChXOhG9bRDb3vSTg-qkPAZg,Gweilo-60,2019-03-05 16:29:51.321734,11085,0
UChXOhG9bRDb3vSTg-qkPAZg,Gweilo-60,2019-03-05 16:28:51.644976,11085,0
UChXOhG9bRDb3vSTg-qkPAZg,Gweilo-60,2019-03-05 16:27:51.423135,11085,0
UChXOhG9bRDb3vSTg-qkPAZg,Gweilo-60,2019-03-05 16:26:51.232914,11085,0
UChXOhG9bRDb3vSTg-qkPAZg,Gweilo-60,2019-03-05 16:25:51.467817,11085,0
UChXOhG9bRDb3vSTg-qkPAZg,Gweilo-60,2019-03-05 16:24:51.233225,11085,0
UChXOhG9bRDb3vSTg-qkPAZg,Gweilo-60,2019-03-05 16:23:52.00412,11085,0
UChXOhG9bRDb3vSTg-qkPAZg,Gweilo-60,2019-03-05 16:22:51.438214,11085,0
UChXOhG9bRDb3vSTg-qkPAZg,Gweilo-60,2019-03-05 16:21:51.81832,11085,0
UChXOhG9bRDb3vSTg-qkPAZg,Gweilo-60,2019-03-05 16:20:51.624441,11085,0
UChXOhG9bRDb3vSTg-qkPAZg,Gweilo-60,2019-03-05 16:19:51.234875,11085,0
UChXOhG9bRDb3vSTg-qkPAZg,Gweilo-60,2019-03-05 16:18:51.605954,11085,0
UChXOhG9bRDb3vSTg-qkPAZg,Gweilo-60,2019-03-05 16:17:51.636857,11085,0
UChXOhG9bRDb3vSTg-qkPAZg,Gweilo-60,2019-03-05 16:16:51.364596,11085,0
UChXOhG9bRDb3vSTg-qkPAZg,Gweilo-60,2019-03-05 16:15:51.747525,11085,0
UChXOhG9bRDb3vSTg-qkPAZg,Gweilo-60,2019-03-05 16:14:51.045964,11085,0
UChXOhG9bRDb3vSTg-qkPAZg,Gweilo-60,2019-03-05 16:13:51.540139,11085,0
UChXOhG9bRDb3vSTg-qkPAZg,Gweilo-60,2019-03-05 16:12:51.177339,11085,0
UChXOhG9bRDb3vSTg-qkPAZg,Gweilo-60,2019-03-05 16:11:51.987564,11085,0
UChXOhG9bRDb3vSTg-qkPAZg,Gweilo-60,2019-03-05 16:10:51.617744,11085,0
UChXOhG9bRDb3vSTg-qkPAZg,Gweilo-60,2019-03-05 16:09:51.516505,11085,0
UChXOhG9bRDb3vSTg-qkPAZg,Gweilo-60,2019-03-05 16:08:51.895742,11085,0
UChXOhG9bRDb3vSTg-qkPAZg,Gweilo-60,2019-03-05 16:07:51.175035,11085,0
UChXOhG9bRDb3vSTg-qkPAZg,Gweilo-60,2019-03-05 16:06:51.560126,11085,0
UChXOhG9bRDb3vSTg-qkPAZg,Gweilo-60,2019-03-05 16:05:51.622782,11085,0
UChXOhG9bRDb3vSTg-qkPAZg,Gweilo-60,2019-03-05 16:04:51.924887,11085,0
UChXOhG9bRDb3vSTg-qkPAZg,Gweilo-60,2019-03-05 16:03:51.374201,11085,0
UChXOhG9bRDb3vSTg-qkPAZg,Gweilo-60,2019-03-05 16:02:51.319,11085,0
UChXOhG9bRDb3vSTg-qkPAZg,Gweilo-60,2019-03-05 16:01:51.796189,11085,0
UChXOhG9bRDb3vSTg-qkPAZg,Gweilo-60,2019-03-05 16:00:51.192017,11085,0
UChXOhG9bRDb3vSTg-qkPAZg,Gweilo-60,2019-03-05 15:59:51.737861,11085,0
UChXOhG9bRDb3vSTg-qkPAZg,Gweilo-60,2019-03-05 15:58:51.235843,11085,0
UChXOhG9bRDb3vSTg-qkPAZg,Gweilo-60,2019-03-05 15:57:51.947396,11085,0
UChXOhG9bRDb3vSTg-qkPAZg,Gweilo-60,2019-03-05 15:56:51.712159,11085,0
UChXOhG9bRDb3vSTg-qkPAZg,Gweilo-60,2019-03-05 15:55:51.357479,11085,0
UChXOhG9bRDb3vSTg-qkPAZg,Gweilo-60,2019-03-05 15:54:51.232578,11085,0
UChXOhG9bRDb3vSTg-qkPAZg,Gweilo-60,2019-03-05 15:53:51.158046,11085,0
UChXOhG9bRDb3vSTg-qkPAZg,Gweilo-60,2019-03-05 15:52:51.356179,11085,0
UChXOhG9bRDb3vSTg-qkPAZg,Gweilo-60,2019-03-05 15:51:51.713298,11085,0
UChXOhG9bRDb3vSTg-qkPAZg,Gweilo-60,2019-03-05 15:50:51.307827,11085,0
UChXOhG9bRDb3vSTg-qkPAZg,Gweilo-60,2019-03-05 15:49:51.768081,11085,0
UChXOhG9bRDb3vSTg-qkPAZg,Gweilo-60,2019-03-05 15:48:51.362324,11085,0
UChXOhG9bRDb3vSTg-qkPAZg,Gweilo-60,2019-03-05 15:47:51.628951,11085,0
UChXOhG9bRDb3vSTg-qkPAZg,Gweilo-60,2019-03-05 15:46:51.18864,11085,0
UChXOhG9bRDb3vSTg-qkPAZg,Gweilo-60,2019-03-05 15:45:51.520167,11085,0
UChXOhG9bRDb3vSTg-qkPAZg,Gweilo-60,2019-03-05 15:44:51.135577,11085,0
UChXOhG9bRDb3vSTg-qkPAZg,Gweilo-60,2019-03-05 15:43:51.612903,11085,0
UChXOhG9bRDb3vSTg-qkPAZg,Gweilo-60,2019-03-05 15:42:51.166873,11085,0
UChXOhG9bRDb3vSTg-qkPAZg,Gweilo-60,2019-03-05 15:41:51.427766,11085,0
UChXOhG9bRDb3vSTg-qkPAZg,Gweilo-60,2019-03-05 15:40:51.342948,11085,0
UChXOhG9bRDb3vSTg-qkPAZg,Gweilo-60,2019-03-05 15:39:51.172812,11085,0
UChXOhG9bRDb3vSTg-qkPAZg,Gweilo-60,2019-03-05 15:38:51.440704,11085,0
UChXOhG9bRDb3vSTg-qkPAZg,Gweilo-60,2019-03-05 15:37:51.743074,11085,0
UChXOhG9bRDb3vSTg-qkPAZg,Gweilo-60,2019-03-05 15:36:51.218689,11085,0
UChXOhG9bRDb3vSTg-qkPAZg,Gweilo-60,2019-03-05 15:35:51.36021,11085,0
UChXOhG9bRDb3vSTg-qkPAZg,Gweilo-60,2019-03-05 15:34:51.549088,11085,0
UChXOhG9bRDb3vSTg-qkPAZg,Gweilo-60,2019-03-05 15:33:51.330591,11085,0
UChXOhG9bRDb3vSTg-qkPAZg,Gweilo-60,2019-03-05 15:32:52.38692,11085,0
UChXOhG9bRDb3vSTg-qkPAZg,Gweilo-60,2019-03-05 15:31:51.914138,11085,0
UChXOhG9bRDb3vSTg-qkPAZg,Gweilo-60,2019-03-05 15:30:51.190119,11085,0
UChXOhG9bRDb3vSTg-qkPAZg,Gweilo-60,2019-03-05 15:29:51.63225,11085,0
UChXOhG9bRDb3vSTg-qkPAZg,Gweilo-60,2019-03-05 15:28:51.576308,11085,0
UChXOhG9bRDb3vSTg-qkPAZg,Gweilo-60,2019-03-05 15:27:51.227286,11085,0
UChXOhG9bRDb3vSTg-qkPAZg,Gweilo-60,2019-03-05 15:26:52.08209,11085,0
UChXOhG9bRDb3vSTg-qkPAZg,Gweilo-60,2019-03-05 15:25:51.514966,11085,0
UChXOhG9bRDb3vSTg-qkPAZg,Gweilo-60,2019-03-05 15:24:51.496641,11085,0
UChXOhG9bRDb3vSTg-qkPAZg,Gweilo-60,2019-03-05 15:23:51.895715,11085,0
UChXOhG9bRDb3vSTg-qkPAZg,Gweilo-60,2019-03-05 15:22:51.601121,11085,0
UChXOhG9bRDb3vSTg-qkPAZg,Gweilo-60,2019-03-05 15:21:51.884365,11085,0
UChXOhG9bRDb3vSTg-qkPAZg,Gweilo-60,2019-03-05 15:20:51.216625,11085,0
UChXOhG9bRDb3vSTg-qkPAZg,Gweilo-60,2019-03-05 15:19:51.434877,11085,0
UChXOhG9bRDb3vSTg-qkPAZg,Gweilo-60,2019-03-05 15:18:51.266792,11085,0
UChXOhG9bRDb3vSTg-qkPAZg,Gweilo-60,2019-03-05 15:17:52.243131,11085,0
UChXOhG9bRDb3vSTg-qkPAZg,Gweilo-60,2019-03-05 15:16:51.305032,11085,0
UChXOhG9bRDb3vSTg-qkPAZg,Gweilo-60,2019-03-05 15:15:51.383137,11085,0
UChXOhG9bRDb3vSTg-qkPAZg,Gweilo-60,2019-03-05 15:14:51.93109,11085,0
UChXOhG9bRDb3vSTg-qkPAZg,Gweilo-60,2019-03-05 15:13:51.313136,11085,0
UChXOhG9bRDb3vSTg-qkPAZg,Gweilo-60,2019-03-05 15:12:51.883067,11085,0
UChXOhG9bRDb3vSTg-qkPAZg,Gweilo-60,2019-03-05 15:11:50.954584,11085,0
UChXOhG9bRDb3vSTg-qkPAZg,Gweilo-60,2019-03-05 15:10:51.238816,11085,0
UChXOhG9bRDb3vSTg-qkPAZg,Gweilo-60,2019-03-05 15:09:51.878639,11085,0
UChXOhG9bRDb3vSTg-qkPAZg,Gweilo-60,2019-03-05 15:08:50.908865,11085,0
UChXOhG9bRDb3vSTg-qkPAZg,Gweilo-60,2019-03-05 15:07:51.162973,11085,0
UChXOhG9bRDb3vSTg-qkPAZg,Gweilo-60,2019-03-05 15:06:50.766046,11085,0
UChXOhG9bRDb3vSTg-qkPAZg,Gweilo-60,2019-03-05 15:05:51.362716,11085,0
UChXOhG9bRDb3vSTg-qkPAZg,Gweilo-60,2019-03-05 15:04:51.46504,11085,0
UChXOhG9bRDb3vSTg-qkPAZg,Gweilo-60,2019-03-05 15:03:51.733844,11085,0
UChXOhG9bRDb3vSTg-qkPAZg,Gweilo-60,2019-03-05 15:02:51.780964,11085,0
UChXOhG9bRDb3vSTg-qkPAZg,Gweilo-60,2019-03-05 15:01:52.001452,11085,0
UChXOhG9bRDb3vSTg-qkPAZg,Gweilo-60,2019-03-05 15:00:51.787936,11085,0
UChXOhG9bRDb3vSTg-qkPAZg,Gweilo-60,2019-03-05 14:59:52.897305,11085,0
UChXOhG9bRDb3vSTg-qkPAZg,Gweilo-60,2019-03-05 14:58:51.297454,11085,0
UChXOhG9bRDb3vSTg-qkPAZg,Gweilo-60,2019-03-05 14:57:51.434937,11085,0
UChXOhG9bRDb3vSTg-qkPAZg,Gweilo-60,2019-03-05 14:56:51.968149,11085,0
UChXOhG9bRDb3vSTg-qkPAZg,Gweilo-60,2019-03-05 14:55:51.153707,11085,0
UChXOhG9bRDb3vSTg-qkPAZg,Gweilo-60,2019-03-05 14:54:51.483079,11085,0
UChXOhG9bRDb3vSTg-qkPAZg,Gweilo-60,2019-03-05 14:53:51.612586,11085,0
UChXOhG9bRDb3vSTg-qkPAZg,Gweilo-60,2019-03-05 14:52:51.238576,11085,0
UChXOhG9bRDb3vSTg-qkPAZg,Gweilo-60,2019-03-05 14:51:51.483766,11085,0
UChXOhG9bRDb3vSTg-qkPAZg,Gweilo-60,2019-03-05 14:50:51.709941,11085,0
UChXOhG9bRDb3vSTg-qkPAZg,Gweilo-60,2019-03-05 14:49:51.442883,11085,0
UChXOhG9bRDb3vSTg-qkPAZg,Gweilo-60,2019-03-05 14:48:51.494637,11085,0
UChXOhG9bRDb3vSTg-qkPAZg,Gweilo-60,2019-03-05 14:47:51.31022,11085,0
UChXOhG9bRDb3vSTg-qkPAZg,Gweilo-60,2019-03-05 14:46:52.450887,11085,0
UChXOhG9bRDb3vSTg-qkPAZg,Gweilo-60,2019-03-05 14:45:51.432396,11085,0
UChXOhG9bRDb3vSTg-qkPAZg,Gweilo-60,2019-03-05 14:44:51.535049,11085,0
UChXOhG9bRDb3vSTg-qkPAZg,Gweilo-60,2019-03-05 14:43:51.288307,11085,0
UChXOhG9bRDb3vSTg-qkPAZg,Gweilo-60,2019-03-05 14:42:51.687374,11085,0
UChXOhG9bRDb3vSTg-qkPAZg,Gweilo-60,2019-03-05 14:41:51.354024,11085,0
UChXOhG9bRDb3vSTg-qkPAZg,Gweilo-60,2019-03-05 14:40:51.651043,11085,0
UChXOhG9bRDb3vSTg-qkPAZg,Gweilo-60,2019-03-05 14:39:51.801843,11085,0
UChXOhG9bRDb3vSTg-qkPAZg,Gweilo-60,2019-03-05 14:38:51.016986,11085,0
UChXOhG9bRDb3vSTg-qkPAZg,Gweilo-60,2019-03-05 14:37:51.653243,11085,0
UChXOhG9bRDb3vSTg-qkPAZg,Gweilo-60,2019-03-05 14:36:51.704284,11085,0
UChXOhG9bRDb3vSTg-qkPAZg,Gweilo-60,2019-03-05 14:35:51.449666,11085,0
UChXOhG9bRDb3vSTg-qkPAZg,Gweilo-60,2019-03-05 14:34:52.228181,11085,0
UChXOhG9bRDb3vSTg-qkPAZg,Gweilo-60,2019-03-05 14:33:51.671407,11085,0
UChXOhG9bRDb3vSTg-qkPAZg,Gweilo-60,2019-03-05 14:32:51.41946,11085,0
UChXOhG9bRDb3vSTg-qkPAZg,Gweilo-60,2019-03-05 14:31:51.483687,11085,0
UChXOhG9bRDb3vSTg-qkPAZg,Gweilo-60,2019-03-05 14:30:51.030112,11085,0
UChXOhG9bRDb3vSTg-qkPAZg,Gweilo-60,2019-03-05 14:29:51.638797,11085,0
UChXOhG9bRDb3vSTg-qkPAZg,Gweilo-60,2019-03-05 14:28:51.45146,11085,0
UChXOhG9bRDb3vSTg-qkPAZg,Gweilo-60,2019-03-05 14:27:51.485061,11085,0
UChXOhG9bRDb3vSTg-qkPAZg,Gweilo-60,2019-03-05 14:26:52.100659,11085,0
UChXOhG9bRDb3vSTg-qkPAZg,Gweilo-60,2019-03-05 14:25:51.300749,11085,0
UChXOhG9bRDb3vSTg-qkPAZg,Gweilo-60,2019-03-05 14:24:51.748026,11085,0
UChXOhG9bRDb3vSTg-qkPAZg,Gweilo-60,2019-03-05 14:23:51.400715,11085,0
UChXOhG9bRDb3vSTg-qkPAZg,Gweilo-60,2019-03-05 14:22:51.160095,11085,0
UChXOhG9bRDb3vSTg-qkPAZg,Gweilo-60,2019-03-05 14:21:51.57051,11085,0
UChXOhG9bRDb3vSTg-qkPAZg,Gweilo-60,2019-03-05 14:20:51.012045,11085,0
UChXOhG9bRDb3vSTg-qkPAZg,Gweilo-60,2019-03-05 14:19:51.649819,11085,0
UChXOhG9bRDb3vSTg-qkPAZg,Gweilo-60,2019-03-05 14:18:51.444713,11085,0
UChXOhG9bRDb3vSTg-qkPAZg,Gweilo-60,2019-03-05 14:17:51.606276,11085,0
UChXOhG9bRDb3vSTg-qkPAZg,Gweilo-60,2019-03-05 14:16:51.924368,11085,0
UChXOhG9bRDb3vSTg-qkPAZg,Gweilo-60,2019-03-05 14:15:51.257669,11085,0
UChXOhG9bRDb3vSTg-qkPAZg,Gweilo-60,2019-03-05 14:14:51.612532,11085,0
UChXOhG9bRDb3vSTg-qkPAZg,Gweilo-60,2019-03-05 14:13:51.133745,11085,0
UChXOhG9bRDb3vSTg-qkPAZg,Gweilo-60,2019-03-05 14:12:51.270395,11085,0
UChXOhG9bRDb3vSTg-qkPAZg,Gweilo-60,2019-03-05 14:11:51.458387,11085,0
UChXOhG9bRDb3vSTg-qkPAZg,Gweilo-60,2019-03-05 14:10:51.412868,11085,0
UChXOhG9bRDb3vSTg-qkPAZg,Gweilo-60,2019-03-05 14:09:51.615249,11085,0
UChXOhG9bRDb3vSTg-qkPAZg,Gweilo-60,2019-03-05 14:08:52.404267,11085,0
UChXOhG9bRDb3vSTg-qkPAZg,Gweilo-60,2019-03-05 14:07:51.283133,11085,0
UChXOhG9bRDb3vSTg-qkPAZg,Gweilo-60,2019-03-05 14:06:50.937732,11085,0
UChXOhG9bRDb3vSTg-qkPAZg,Gweilo-60,2019-03-05 14:05:51.438227,11085,0
UChXOhG9bRDb3vSTg-qkPAZg,Gweilo-60,2019-03-05 14:04:51.423715,11085,0
UChXOhG9bRDb3vSTg-qkPAZg,Gweilo-60,2019-03-05 14:03:51.437159,11085,0
UChXOhG9bRDb3vSTg-qkPAZg,Gweilo-60,2019-03-05 14:02:51.658143,11085,0
UChXOhG9bRDb3vSTg-qkPAZg,Gweilo-60,2019-03-05 14:01:51.439845,11085,0
UChXOhG9bRDb3vSTg-qkPAZg,Gweilo-60,2019-03-05 14:00:51.346026,11085,0
UChXOhG9bRDb3vSTg-qkPAZg,Gweilo-60,2019-03-05 13:59:51.316807,11085,0
UChXOhG9bRDb3vSTg-qkPAZg,Gweilo-60,2019-03-05 13:58:51.335617,11085,0
UChXOhG9bRDb3vSTg-qkPAZg,Gweilo-60,2019-03-05 13:57:50.790127,11085,0
UChXOhG9bRDb3vSTg-qkPAZg,Gweilo-60,2019-03-05 13:56:51.194548,11085,0
UChXOhG9bRDb3vSTg-qkPAZg,Gweilo-60,2019-03-05 13:55:51.586591,11085,0
UChXOhG9bRDb3vSTg-qkPAZg,Gweilo-60,2019-03-05 13:54:51.338172,11085,0
UChXOhG9bRDb3vSTg-qkPAZg,Gweilo-60,2019-03-05 13:53:51.635895,11085,1
UChXOhG9bRDb3vSTg-qkPAZg,Gweilo-60,2019-03-05 13:52:51.573025,11084,0
UChXOhG9bRDb3vSTg-qkPAZg,Gweilo-60,2019-03-05 13:51:51.226628,11084,0
UChXOhG9bRDb3vSTg-qkPAZg,Gweilo-60,2019-03-05 13:50:51.713237,11084,0
UChXOhG9bRDb3vSTg-qkPAZg,Gweilo-60,2019-03-05 13:49:51.423746,11084,0
UChXOhG9bRDb3vSTg-qkPAZg,Gweilo-60,2019-03-05 13:48:51.402196,11084,0
UChXOhG9bRDb3vSTg-qkPAZg,Gweilo-60,2019-03-05 13:47:51.57081,11084,1
UChXOhG9bRDb3vSTg-qkPAZg,Gweilo-60,2019-03-05 13:46:51.035648,11083,0
UChXOhG9bRDb3vSTg-qkPAZg,Gweilo-60,2019-03-05 13:45:51.279132,11083,0
UChXOhG9bRDb3vSTg-qkPAZg,Gweilo-60,2019-03-05 13:44:51.133039,11083,0
UChXOhG9bRDb3vSTg-qkPAZg,Gweilo-60,2019-03-05 13:43:51.321046,11083,0
UChXOhG9bRDb3vSTg-qkPAZg,Gweilo-60,2019-03-05 13:42:51.819865,11083,0
UChXOhG9bRDb3vSTg-qkPAZg,Gweilo-60,2019-03-05 13:41:51.377244,11083,0
UChXOhG9bRDb3vSTg-qkPAZg,Gweilo-60,2019-03-05 13:40:51.476265,11083,0
UChXOhG9bRDb3vSTg-qkPAZg,Gweilo-60,2019-03-05 13:39:51.552435,11083,0
UChXOhG9bRDb3vSTg-qkPAZg,Gweilo-60,2019-03-05 13:38:51.342155,11083,0
UChXOhG9bRDb3vSTg-qkPAZg,Gweilo-60,2019-03-05 13:37:51.35432,11083,0
UChXOhG9bRDb3vSTg-qkPAZg,Gweilo-60,2019-03-05 13:36:51.954736,11083,0
UChXOhG9bRDb3vSTg-qkPAZg,Gweilo-60,2019-03-05 13:35:51.407548,11083,0
UChXOhG9bRDb3vSTg-qkPAZg,Gweilo-60,2019-03-05 13:34:51.199576,11083,0
UChXOhG9bRDb3vSTg-qkPAZg,Gweilo-60,2019-03-05 13:33:51.383672,11083,0
UChXOhG9bRDb3vSTg-qkPAZg,Gweilo-60,2019-03-05 13:32:51.529227,11083,0
UChXOhG9bRDb3vSTg-qkPAZg,Gweilo-60,2019-03-05 13:31:51.270183,11083,0
UChXOhG9bRDb3vSTg-qkPAZg,Gweilo-60,2019-03-05 13:30:51.322682,11083,0
UChXOhG9bRDb3vSTg-qkPAZg,Gweilo-60,2019-03-05 13:29:51.831056,11083,0
UChXOhG9bRDb3vSTg-qkPAZg,Gweilo-60,2019-03-05 13:28:52.578947,11083,0
UChXOhG9bRDb3vSTg-qkPAZg,Gweilo-60,2019-03-05 13:27:51.629029,11083,0
UChXOhG9bRDb3vSTg-qkPAZg,Gweilo-60,2019-03-05 13:26:51.397227,11083,0
UChXOhG9bRDb3vSTg-qkPAZg,Gweilo-60,2019-03-05 13:25:51.365004,11083,0
UChXOhG9bRDb3vSTg-qkPAZg,Gweilo-60,2019-03-05 13:24:52.095411,11083,0
UChXOhG9bRDb3vSTg-qkPAZg,Gweilo-60,2019-03-05 13:23:51.713686,11083,0
UChXOhG9bRDb3vSTg-qkPAZg,Gweilo-60,2019-03-05 13:22:51.640136,11083,0
UChXOhG9bRDb3vSTg-qkPAZg,Gweilo-60,2019-03-05 13:21:51.179301,11083,0
UChXOhG9bRDb3vSTg-qkPAZg,Gweilo-60,2019-03-05 13:20:51.433359,11083,0
UChXOhG9bRDb3vSTg-qkPAZg,Gweilo-60,2019-03-05 13:19:51.238217,11083,0
UChXOhG9bRDb3vSTg-qkPAZg,Gweilo-60,2019-03-05 13:18:51.089959,11083,0
UChXOhG9bRDb3vSTg-qkPAZg,Gweilo-60,2019-03-05 13:17:51.449104,11083,0
UChXOhG9bRDb3vSTg-qkPAZg,Gweilo-60,2019-03-05 13:16:51.727851,11083,0
UChXOhG9bRDb3vSTg-qkPAZg,Gweilo-60,2019-03-05 13:15:51.657429,11083,0
UChXOhG9bRDb3vSTg-qkPAZg,Gweilo-60,2019-03-05 13:14:51.407565,11083,0
UChXOhG9bRDb3vSTg-qkPAZg,Gweilo-60,2019-03-05 13:13:51.140264,11083,0
UChXOhG9bRDb3vSTg-qkPAZg,Gweilo-60,2019-03-05 13:12:51.118294,11083,0
UChXOhG9bRDb3vSTg-qkPAZg,Gweilo-60,2019-03-05 13:11:52.408797,11083,0
UChXOhG9bRDb3vSTg-qkPAZg,Gweilo-60,2019-03-05 13:10:51.761576,11083,0
UChXOhG9bRDb3vSTg-qkPAZg,Gweilo-60,2019-03-05 13:09:51.571629,11083,0
UChXOhG9bRDb3vSTg-qkPAZg,Gweilo-60,2019-03-05 13:08:51.212873,11083,0
UChXOhG9bRDb3vSTg-qkPAZg,Gweilo-60,2019-03-05 13:07:52.112782,11083,0
UChXOhG9bRDb3vSTg-qkPAZg,Gweilo-60,2019-03-05 13:06:51.745494,11083,0
UChXOhG9bRDb3vSTg-qkPAZg,Gweilo-60,2019-03-05 13:05:51.607319,11083,0
UChXOhG9bRDb3vSTg-qkPAZg,Gweilo-60,2019-03-05 13:04:50.96876,11083,0
UChXOhG9bRDb3vSTg-qkPAZg,Gweilo-60,2019-03-05 13:03:51.530192,11083,0
UChXOhG9bRDb3vSTg-qkPAZg,Gweilo-60,2019-03-05 13:02:53.256121,11083,0
UChXOhG9bRDb3vSTg-qkPAZg,Gweilo-60,2019-03-05 13:01:51.659206,11083,0
UChXOhG9bRDb3vSTg-qkPAZg,Gweilo-60,2019-03-05 13:00:51.518045,11083,0
UChXOhG9bRDb3vSTg-qkPAZg,Gweilo-60,2019-03-05 12:59:51.425851,11083,0
UChXOhG9bRDb3vSTg-qkPAZg,Gweilo-60,2019-03-05 12:58:51.35024,11083,0
UChXOhG9bRDb3vSTg-qkPAZg,Gweilo-60,2019-03-05 12:57:52.07698,11083,0
UChXOhG9bRDb3vSTg-qkPAZg,Gweilo-60,2019-03-05 12:56:51.443833,11083,0
UChXOhG9bRDb3vSTg-qkPAZg,Gweilo-60,2019-03-05 12:55:51.070806,11083,0
UChXOhG9bRDb3vSTg-qkPAZg,Gweilo-60,2019-03-05 12:54:51.452766,11083,0
UChXOhG9bRDb3vSTg-qkPAZg,Gweilo-60,2019-03-05 12:53:51.292466,11083,0
UChXOhG9bRDb3vSTg-qkPAZg,Gweilo-60,2019-03-05 12:52:51.375617,11083,0
UChXOhG9bRDb3vSTg-qkPAZg,Gweilo-60,2019-03-05 12:51:51.2002,11083,0
UChXOhG9bRDb3vSTg-qkPAZg,Gweilo-60,2019-03-05 12:50:51.612014,11083,0
UChXOhG9bRDb3vSTg-qkPAZg,Gweilo-60,2019-03-05 12:49:51.688271,11083,0
UChXOhG9bRDb3vSTg-qkPAZg,Gweilo-60,2019-03-05 12:48:51.47897,11083,0
UChXOhG9bRDb3vSTg-qkPAZg,Gweilo-60,2019-03-05 12:47:51.644381,11083,0
UChXOhG9bRDb3vSTg-qkPAZg,Gweilo-60,2019-03-05 12:46:51.483244,11083,0
UChXOhG9bRDb3vSTg-qkPAZg,Gweilo-60,2019-03-05 12:45:53.153241,11083,0
UChXOhG9bRDb3vSTg-qkPAZg,Gweilo-60,2019-03-05 12:44:51.298354,11083,0
UChXOhG9bRDb3vSTg-qkPAZg,Gweilo-60,2019-03-05 12:43:51.877655,11083,0
UChXOhG9bRDb3vSTg-qkPAZg,Gweilo-60,2019-03-05 12:42:51.892766,11083,0
UChXOhG9bRDb3vSTg-qkPAZg,Gweilo-60,2019-03-05 12:41:51.634772,11083,0
UChXOhG9bRDb3vSTg-qkPAZg,Gweilo-60,2019-03-05 12:40:51.601725,11083,0
UChXOhG9bRDb3vSTg-qkPAZg,Gweilo-60,2019-03-05 12:39:51.600094,11083,0
UChXOhG9bRDb3vSTg-qkPAZg,Gweilo-60,2019-03-05 12:38:51.534572,11083,0
UChXOhG9bRDb3vSTg-qkPAZg,Gweilo-60,2019-03-05 12:37:51.475536,11083,0
UChXOhG9bRDb3vSTg-qkPAZg,Gweilo-60,2019-03-05 12:36:51.508182,11083,0
UChXOhG9bRDb3vSTg-qkPAZg,Gweilo-60,2019-03-05 12:35:51.820002,11083,0
UChXOhG9bRDb3vSTg-qkPAZg,Gweilo-60,2019-03-05 12:34:51.783873,11083,0
UChXOhG9bRDb3vSTg-qkPAZg,Gweilo-60,2019-03-05 12:33:51.282527,11083,0
UChXOhG9bRDb3vSTg-qkPAZg,Gweilo-60,2019-03-05 12:32:51.509456,11083,0
UChXOhG9bRDb3vSTg-qkPAZg,Gweilo-60,2019-03-05 12:31:51.719087,11083,0
UChXOhG9bRDb3vSTg-qkPAZg,Gweilo-60,2019-03-05 12:30:50.948532,11083,0
UChXOhG9bRDb3vSTg-qkPAZg,Gweilo-60,2019-03-05 12:29:51.742412,11083,0
UChXOhG9bRDb3vSTg-qkPAZg,Gweilo-60,2019-03-05 12:28:51.764996,11083,0
UChXOhG9bRDb3vSTg-qkPAZg,Gweilo-60,2019-03-05 12:27:51.78123,11083,0
UChXOhG9bRDb3vSTg-qkPAZg,Gweilo-60,2019-03-05 12:26:52.014117,11083,0
UChXOhG9bRDb3vSTg-qkPAZg,Gweilo-60,2019-03-05 12:25:51.211779,11083,0
UChXOhG9bRDb3vSTg-qkPAZg,Gweilo-60,2019-03-05 12:24:51.822771,11083,0
UChXOhG9bRDb3vSTg-qkPAZg,Gweilo-60,2019-03-05 12:23:51.695589,11083,0
UChXOhG9bRDb3vSTg-qkPAZg,Gweilo-60,2019-03-05 12:22:51.636823,11083,0
UChXOhG9bRDb3vSTg-qkPAZg,Gweilo-60,2019-03-05 12:21:51.620731,11083,0
UChXOhG9bRDb3vSTg-qkPAZg,Gweilo-60,2019-03-05 12:20:51.301799,11083,0
UChXOhG9bRDb3vSTg-qkPAZg,Gweilo-60,2019-03-05 12:19:51.756982,11083,0
UChXOhG9bRDb3vSTg-qkPAZg,Gweilo-60,2019-03-05 12:18:51.153939,11083,0
UChXOhG9bRDb3vSTg-qkPAZg,Gweilo-60,2019-03-05 12:17:50.990017,11083,0
UChXOhG9bRDb3vSTg-qkPAZg,Gweilo-60,2019-03-05 12:16:51.629341,11083,0
UChXOhG9bRDb3vSTg-qkPAZg,Gweilo-60,2019-03-05 12:15:51.756273,11083,0
UChXOhG9bRDb3vSTg-qkPAZg,Gweilo-60,2019-03-05 12:14:52.652076,11083,0
UChXOhG9bRDb3vSTg-qkPAZg,Gweilo-60,2019-03-05 12:13:51.849621,11083,0
UChXOhG9bRDb3vSTg-qkPAZg,Gweilo-60,2019-03-05 12:12:51.389212,11083,0
UChXOhG9bRDb3vSTg-qkPAZg,Gweilo-60,2019-03-05 12:11:51.775482,11083,0
UChXOhG9bRDb3vSTg-qkPAZg,Gweilo-60,2019-03-05 12:10:51.405131,11083,0
UChXOhG9bRDb3vSTg-qkPAZg,Gweilo-60,2019-03-05 12:09:51.636014,11083,0
UChXOhG9bRDb3vSTg-qkPAZg,Gweilo-60,2019-03-05 12:08:51.234767,11083,0
UChXOhG9bRDb3vSTg-qkPAZg,Gweilo-60,2019-03-05 12:07:50.974335,11083,0
UChXOhG9bRDb3vSTg-qkPAZg,Gweilo-60,2019-03-05 12:06:51.280044,11083,0
UChXOhG9bRDb3vSTg-qkPAZg,Gweilo-60,2019-03-05 12:05:51.508437,11083,0
UChXOhG9bRDb3vSTg-qkPAZg,Gweilo-60,2019-03-05 12:04:51.609388,11083,0
UChXOhG9bRDb3vSTg-qkPAZg,Gweilo-60,2019-03-05 12:03:51.450251,11083,0
UChXOhG9bRDb3vSTg-qkPAZg,Gweilo-60,2019-03-05 12:02:51.714886,11083,0
UChXOhG9bRDb3vSTg-qkPAZg,Gweilo-60,2019-03-05 12:01:51.200099,11083,0
UChXOhG9bRDb3vSTg-qkPAZg,Gweilo-60,2019-03-05 12:00:51.389368,11083,0
UChXOhG9bRDb3vSTg-qkPAZg,Gweilo-60,2019-03-05 11:59:51.971471,11083,0
UChXOhG9bRDb3vSTg-qkPAZg,Gweilo-60,2019-03-05 11:58:51.094161,11083,0
UChXOhG9bRDb3vSTg-qkPAZg,Gweilo-60,2019-03-05 11:57:51.221667,11083,0
UChXOhG9bRDb3vSTg-qkPAZg,Gweilo-60,2019-03-05 11:56:52.058685,11083,0
UChXOhG9bRDb3vSTg-qkPAZg,Gweilo-60,2019-03-05 11:55:51.623057,11083,0
UChXOhG9bRDb3vSTg-qkPAZg,Gweilo-60,2019-03-05 11:54:51.314968,11083,0
UChXOhG9bRDb3vSTg-qkPAZg,Gweilo-60,2019-03-05 11:53:51.662328,11083,0
UChXOhG9bRDb3vSTg-qkPAZg,Gweilo-60,2019-03-05 11:52:51.691393,11083,0
UChXOhG9bRDb3vSTg-qkPAZg,Gweilo-60,2019-03-05 11:51:51.24394,11083,0
UChXOhG9bRDb3vSTg-qkPAZg,Gweilo-60,2019-03-05 11:50:51.640483,11083,0
UChXOhG9bRDb3vSTg-qkPAZg,Gweilo-60,2019-03-05 11:49:51.287256,11083,0
UChXOhG9bRDb3vSTg-qkPAZg,Gweilo-60,2019-03-05 11:48:51.400611,11083,0
UChXOhG9bRDb3vSTg-qkPAZg,Gweilo-60,2019-03-05 11:47:51.515396,11083,0
UChXOhG9bRDb3vSTg-qkPAZg,Gweilo-60,2019-03-05 11:46:51.239137,11083,0
UChXOhG9bRDb3vSTg-qkPAZg,Gweilo-60,2019-03-05 11:45:51.410073,11083,0
UChXOhG9bRDb3vSTg-qkPAZg,Gweilo-60,2019-03-05 11:44:50.952453,11083,0
UChXOhG9bRDb3vSTg-qkPAZg,Gweilo-60,2019-03-05 11:43:51.422576,11083,0
UChXOhG9bRDb3vSTg-qkPAZg,Gweilo-60,2019-03-05 11:42:51.428072,11083,0
UChXOhG9bRDb3vSTg-qkPAZg,Gweilo-60,2019-03-05 11:41:51.568595,11083,0
UChXOhG9bRDb3vSTg-qkPAZg,Gweilo-60,2019-03-05 11:40:51.212759,11083,0
UChXOhG9bRDb3vSTg-qkPAZg,Gweilo-60,2019-03-05 11:39:51.336088,11083,0
UChXOhG9bRDb3vSTg-qkPAZg,Gweilo-60,2019-03-05 11:38:51.253842,11083,0
UChXOhG9bRDb3vSTg-qkPAZg,Gweilo-60,2019-03-05 11:37:51.180136,11083,0
UChXOhG9bRDb3vSTg-qkPAZg,Gweilo-60,2019-03-05 11:36:51.602214,11083,0
UChXOhG9bRDb3vSTg-qkPAZg,Gweilo-60,2019-03-05 11:35:51.680527,11083,0
UChXOhG9bRDb3vSTg-qkPAZg,Gweilo-60,2019-03-05 11:34:51.289732,11083,0
UChXOhG9bRDb3vSTg-qkPAZg,Gweilo-60,2019-03-05 11:33:51.753693,11083,0
UChXOhG9bRDb3vSTg-qkPAZg,Gweilo-60,2019-03-05 11:32:50.861751,11083,0
UChXOhG9bRDb3vSTg-qkPAZg,Gweilo-60,2019-03-05 11:31:51.172809,11083,0
UChXOhG9bRDb3vSTg-qkPAZg,Gweilo-60,2019-03-05 11:30:51.476237,11083,0
UChXOhG9bRDb3vSTg-qkPAZg,Gweilo-60,2019-03-05 11:29:51.396157,11083,0
UChXOhG9bRDb3vSTg-qkPAZg,Gweilo-60,2019-03-05 11:28:52.147504,11083,0
UChXOhG9bRDb3vSTg-qkPAZg,Gweilo-60,2019-03-05 11:27:51.160956,11083,0
UChXOhG9bRDb3vSTg-qkPAZg,Gweilo-60,2019-03-05 11:26:51.115851,11083,0
UChXOhG9bRDb3vSTg-qkPAZg,Gweilo-60,2019-03-05 11:25:51.334873,11083,0
UChXOhG9bRDb3vSTg-qkPAZg,Gweilo-60,2019-03-05 11:24:51.297968,11083,0
UChXOhG9bRDb3vSTg-qkPAZg,Gweilo-60,2019-03-05 11:23:51.790835,11083,0
UChXOhG9bRDb3vSTg-qkPAZg,Gweilo-60,2019-03-05 11:22:51.663018,11083,0
UChXOhG9bRDb3vSTg-qkPAZg,Gweilo-60,2019-03-05 11:21:52.385616,11083,0
UChXOhG9bRDb3vSTg-qkPAZg,Gweilo-60,2019-03-05 11:20:51.951616,11083,0
UChXOhG9bRDb3vSTg-qkPAZg,Gweilo-60,2019-03-05 11:19:51.697716,11083,0
UChXOhG9bRDb3vSTg-qkPAZg,Gweilo-60,2019-03-05 11:18:51.826096,11083,0
UChXOhG9bRDb3vSTg-qkPAZg,Gweilo-60,2019-03-05 11:17:52.298317,11083,0
UChXOhG9bRDb3vSTg-qkPAZg,Gweilo-60,2019-03-05 11:16:51.618031,11083,0
UChXOhG9bRDb3vSTg-qkPAZg,Gweilo-60,2019-03-05 11:15:51.702789,11083,0
UChXOhG9bRDb3vSTg-qkPAZg,Gweilo-60,2019-03-05 11:14:51.570078,11083,0
UChXOhG9bRDb3vSTg-qkPAZg,Gweilo-60,2019-03-05 11:13:51.014038,11083,0
UChXOhG9bRDb3vSTg-qkPAZg,Gweilo-60,2019-03-05 11:12:51.277125,11083,0
UChXOhG9bRDb3vSTg-qkPAZg,Gweilo-60,2019-03-05 11:11:51.470857,11083,0
UChXOhG9bRDb3vSTg-qkPAZg,Gweilo-60,2019-03-05 11:10:51.766703,11083,0
UChXOhG9bRDb3vSTg-qkPAZg,Gweilo-60,2019-03-05 11:09:51.144056,11083,0
UChXOhG9bRDb3vSTg-qkPAZg,Gweilo-60,2019-03-05 11:08:51.312971,11083,0
UChXOhG9bRDb3vSTg-qkPAZg,Gweilo-60,2019-03-05 11:07:51.388374,11083,0
UChXOhG9bRDb3vSTg-qkPAZg,Gweilo-60,2019-03-05 11:06:51.859621,11083,0
UChXOhG9bRDb3vSTg-qkPAZg,Gweilo-60,2019-03-05 11:05:51.56388,11083,0
UChXOhG9bRDb3vSTg-qkPAZg,Gweilo-60,2019-03-05 11:04:51.328923,11083,0
UChXOhG9bRDb3vSTg-qkPAZg,Gweilo-60,2019-03-05 11:03:51.672766,11083,0
UChXOhG9bRDb3vSTg-qkPAZg,Gweilo-60,2019-03-05 11:02:51.332476,11083,0
UChXOhG9bRDb3vSTg-qkPAZg,Gweilo-60,2019-03-05 11:01:51.475531,11083,0
UChXOhG9bRDb3vSTg-qkPAZg,Gweilo-60,2019-03-05 11:00:51.065807,11083,0
UChXOhG9bRDb3vSTg-qkPAZg,Gweilo-60,2019-03-05 10:59:51.344392,11083,0
UChXOhG9bRDb3vSTg-qkPAZg,Gweilo-60,2019-03-05 10:58:51.171503,11083,0
UChXOhG9bRDb3vSTg-qkPAZg,Gweilo-60,2019-03-05 10:57:51.154733,11083,0
UChXOhG9bRDb3vSTg-qkPAZg,Gweilo-60,2019-03-05 10:56:51.325641,11083,0
UChXOhG9bRDb3vSTg-qkPAZg,Gweilo-60,2019-03-05 10:55:51.736725,11083,0
UChXOhG9bRDb3vSTg-qkPAZg,Gweilo-60,2019-03-05 10:54:51.685129,11083,0
UChXOhG9bRDb3vSTg-qkPAZg,Gweilo-60,2019-03-05 10:53:51.838935,11083,0
UChXOhG9bRDb3vSTg-qkPAZg,Gweilo-60,2019-03-05 10:52:51.573093,11083,0
UChXOhG9bRDb3vSTg-qkPAZg,Gweilo-60,2019-03-05 10:51:51.742762,11083,0
UChXOhG9bRDb3vSTg-qkPAZg,Gweilo-60,2019-03-05 10:50:51.775424,11083,0
UChXOhG9bRDb3vSTg-qkPAZg,Gweilo-60,2019-03-05 10:49:51.258783,11083,0
UChXOhG9bRDb3vSTg-qkPAZg,Gweilo-60,2019-03-05 10:48:51.409294,11083,0
UChXOhG9bRDb3vSTg-qkPAZg,Gweilo-60,2019-03-05 10:47:52.104075,11083,0
UChXOhG9bRDb3vSTg-qkPAZg,Gweilo-60,2019-03-05 10:46:51.271007,11083,0
UChXOhG9bRDb3vSTg-qkPAZg,Gweilo-60,2019-03-05 10:45:51.464664,11083,0
UChXOhG9bRDb3vSTg-qkPAZg,Gweilo-60,2019-03-05 10:44:52.087183,11083,0
UChXOhG9bRDb3vSTg-qkPAZg,Gweilo-60,2019-03-05 10:43:51.375293,11083,0
UChXOhG9bRDb3vSTg-qkPAZg,Gweilo-60,2019-03-05 10:42:50.872574,11083,0
UChXOhG9bRDb3vSTg-qkPAZg,Gweilo-60,2019-03-05 10:41:51.780195,11083,0
UChXOhG9bRDb3vSTg-qkPAZg,Gweilo-60,2019-03-05 10:40:51.548852,11083,0
UChXOhG9bRDb3vSTg-qkPAZg,Gweilo-60,2019-03-05 10:39:51.555425,11083,0
UChXOhG9bRDb3vSTg-qkPAZg,Gweilo-60,2019-03-05 10:38:51.305894,11083,0
UChXOhG9bRDb3vSTg-qkPAZg,Gweilo-60,2019-03-05 10:37:51.804122,11083,0
UChXOhG9bRDb3vSTg-qkPAZg,Gweilo-60,2019-03-05 10:36:51.264274,11083,0
UChXOhG9bRDb3vSTg-qkPAZg,Gweilo-60,2019-03-05 10:35:51.204093,11083,0
UChXOhG9bRDb3vSTg-qkPAZg,Gweilo-60,2019-03-05 10:34:51.601768,11083,0
UChXOhG9bRDb3vSTg-qkPAZg,Gweilo-60,2019-03-05 10:33:51.95626,11083,0
UChXOhG9bRDb3vSTg-qkPAZg,Gweilo-60,2019-03-05 10:32:51.786567,11083,0
UChXOhG9bRDb3vSTg-qkPAZg,Gweilo-60,2019-03-05 10:31:51.627355,11083,0
UChXOhG9bRDb3vSTg-qkPAZg,Gweilo-60,2019-03-05 10:30:52.347291,11083,0
UChXOhG9bRDb3vSTg-qkPAZg,Gweilo-60,2019-03-05 10:29:51.036978,11083,0
UChXOhG9bRDb3vSTg-qkPAZg,Gweilo-60,2019-03-05 10:28:51.557007,11083,0
UChXOhG9bRDb3vSTg-qkPAZg,Gweilo-60,2019-03-05 10:27:51.284062,11083,0
UChXOhG9bRDb3vSTg-qkPAZg,Gweilo-60,2019-03-05 10:26:51.752691,11083,0
UChXOhG9bRDb3vSTg-qkPAZg,Gweilo-60,2019-03-05 10:25:51.754661,11083,0
UChXOhG9bRDb3vSTg-qkPAZg,Gweilo-60,2019-03-05 10:24:51.349895,11083,0
UChXOhG9bRDb3vSTg-qkPAZg,Gweilo-60,2019-03-05 10:23:51.53178,11083,0
UChXOhG9bRDb3vSTg-qkPAZg,Gweilo-60,2019-03-05 10:22:51.480853,11083,0
UChXOhG9bRDb3vSTg-qkPAZg,Gweilo-60,2019-03-05 10:21:51.074474,11083,0
UChXOhG9bRDb3vSTg-qkPAZg,Gweilo-60,2019-03-05 10:20:51.329295,11083,0
UChXOhG9bRDb3vSTg-qkPAZg,Gweilo-60,2019-03-05 10:19:51.758539,11083,0
UChXOhG9bRDb3vSTg-qkPAZg,Gweilo-60,2019-03-05 10:18:52.080759,11083,0
UChXOhG9bRDb3vSTg-qkPAZg,Gweilo-60,2019-03-05 10:17:51.590697,11083,0
UChXOhG9bRDb3vSTg-qkPAZg,Gweilo-60,2019-03-05 10:16:51.594561,11083,0
UChXOhG9bRDb3vSTg-qkPAZg,Gweilo-60,2019-03-05 10:15:51.874179,11083,0
UChXOhG9bRDb3vSTg-qkPAZg,Gweilo-60,2019-03-05 10:14:51.327734,11083,0
UChXOhG9bRDb3vSTg-qkPAZg,Gweilo-60,2019-03-05 10:13:51.548415,11083,0
UChXOhG9bRDb3vSTg-qkPAZg,Gweilo-60,2019-03-05 10:12:52.017089,11083,0
UChXOhG9bRDb3vSTg-qkPAZg,Gweilo-60,2019-03-05 10:11:51.215367,11083,0
UChXOhG9bRDb3vSTg-qkPAZg,Gweilo-60,2019-03-05 10:10:51.430607,11083,0
UChXOhG9bRDb3vSTg-qkPAZg,Gweilo-60,2019-03-05 10:09:51.994452,11083,0
UChXOhG9bRDb3vSTg-qkPAZg,Gweilo-60,2019-03-05 10:08:51.245731,11083,0
UChXOhG9bRDb3vSTg-qkPAZg,Gweilo-60,2019-03-05 10:07:51.994839,11083,0
UChXOhG9bRDb3vSTg-qkPAZg,Gweilo-60,2019-03-05 10:06:51.630118,11083,0
UChXOhG9bRDb3vSTg-qkPAZg,Gweilo-60,2019-03-05 10:05:51.126948,11083,0
UChXOhG9bRDb3vSTg-qkPAZg,Gweilo-60,2019-03-05 10:04:51.921219,11083,0
UChXOhG9bRDb3vSTg-qkPAZg,Gweilo-60,2019-03-05 10:03:50.940702,11083,0
UChXOhG9bRDb3vSTg-qkPAZg,Gweilo-60,2019-03-05 10:02:51.734998,11083,0
UChXOhG9bRDb3vSTg-qkPAZg,Gweilo-60,2019-03-05 10:01:51.444524,11083,0
UChXOhG9bRDb3vSTg-qkPAZg,Gweilo-60,2019-03-05 10:00:51.639217,11083,0
UChXOhG9bRDb3vSTg-qkPAZg,Gweilo-60,2019-03-05 09:59:52.245266,11083,0
UChXOhG9bRDb3vSTg-qkPAZg,Gweilo-60,2019-03-05 09:58:50.951554,11083,0
UChXOhG9bRDb3vSTg-qkPAZg,Gweilo-60,2019-03-05 09:57:51.779293,11083,0
UChXOhG9bRDb3vSTg-qkPAZg,Gweilo-60,2019-03-05 09:56:51.098499,11083,0
UChXOhG9bRDb3vSTg-qkPAZg,Gweilo-60,2019-03-05 09:55:51.648007,11083,0
UChXOhG9bRDb3vSTg-qkPAZg,Gweilo-60,2019-03-05 09:54:51.776595,11083,0
UChXOhG9bRDb3vSTg-qkPAZg,Gweilo-60,2019-03-05 09:53:51.852373,11083,0
UChXOhG9bRDb3vSTg-qkPAZg,Gweilo-60,2019-03-05 09:52:51.594906,11083,0
UChXOhG9bRDb3vSTg-qkPAZg,Gweilo-60,2019-03-05 09:51:51.261498,11083,0
UChXOhG9bRDb3vSTg-qkPAZg,Gweilo-60,2019-03-05 09:50:51.589087,11083,0
UChXOhG9bRDb3vSTg-qkPAZg,Gweilo-60,2019-03-05 09:49:51.766958,11083,0
UChXOhG9bRDb3vSTg-qkPAZg,Gweilo-60,2019-03-05 09:48:52.071514,11083,0
UChXOhG9bRDb3vSTg-qkPAZg,Gweilo-60,2019-03-05 09:47:51.715289,11083,0
UChXOhG9bRDb3vSTg-qkPAZg,Gweilo-60,2019-03-05 09:46:51.641662,11083,0
UChXOhG9bRDb3vSTg-qkPAZg,Gweilo-60,2019-03-05 09:45:51.641265,11083,0
UChXOhG9bRDb3vSTg-qkPAZg,Gweilo-60,2019-03-05 09:44:51.677423,11083,0
UChXOhG9bRDb3vSTg-qkPAZg,Gweilo-60,2019-03-05 09:43:51.87443,11083,0
UChXOhG9bRDb3vSTg-qkPAZg,Gweilo-60,2019-03-05 09:42:51.443523,11083,0
UChXOhG9bRDb3vSTg-qkPAZg,Gweilo-60,2019-03-05 09:41:51.426136,11083,0
UChXOhG9bRDb3vSTg-qkPAZg,Gweilo-60,2019-03-05 09:40:51.015419,11083,0
UChXOhG9bRDb3vSTg-qkPAZg,Gweilo-60,2019-03-05 09:39:51.32725,11083,0
UChXOhG9bRDb3vSTg-qkPAZg,Gweilo-60,2019-03-05 09:38:51.557314,11083,0
UChXOhG9bRDb3vSTg-qkPAZg,Gweilo-60,2019-03-05 09:37:52.178708,11083,0
UChXOhG9bRDb3vSTg-qkPAZg,Gweilo-60,2019-03-05 09:36:51.540922,11083,0
UChXOhG9bRDb3vSTg-qkPAZg,Gweilo-60,2019-03-05 09:35:51.290945,11083,0
UChXOhG9bRDb3vSTg-qkPAZg,Gweilo-60,2019-03-05 09:34:51.648208,11083,0
UChXOhG9bRDb3vSTg-qkPAZg,Gweilo-60,2019-03-05 09:33:51.70195,11083,0
UChXOhG9bRDb3vSTg-qkPAZg,Gweilo-60,2019-03-05 09:32:51.613076,11083,0
UChXOhG9bRDb3vSTg-qkPAZg,Gweilo-60,2019-03-05 09:31:51.602857,11083,0
UChXOhG9bRDb3vSTg-qkPAZg,Gweilo-60,2019-03-05 09:30:51.326674,11083,0
UChXOhG9bRDb3vSTg-qkPAZg,Gweilo-60,2019-03-05 09:29:51.763518,11083,0
UChXOhG9bRDb3vSTg-qkPAZg,Gweilo-60,2019-03-05 09:28:51.903016,11083,0
UChXOhG9bRDb3vSTg-qkPAZg,Gweilo-60,2019-03-05 09:27:51.493474,11083,0
UChXOhG9bRDb3vSTg-qkPAZg,Gweilo-60,2019-03-05 09:26:51.951588,11083,0
UChXOhG9bRDb3vSTg-qkPAZg,Gweilo-60,2019-03-05 09:25:51.912452,11083,0
UChXOhG9bRDb3vSTg-qkPAZg,Gweilo-60,2019-03-05 09:24:51.757674,11083,0
UChXOhG9bRDb3vSTg-qkPAZg,Gweilo-60,2019-03-05 09:23:51.870577,11083,0
UChXOhG9bRDb3vSTg-qkPAZg,Gweilo-60,2019-03-05 09:22:51.48766,11083,0
UChXOhG9bRDb3vSTg-qkPAZg,Gweilo-60,2019-03-05 09:21:51.202905,11083,0
UChXOhG9bRDb3vSTg-qkPAZg,Gweilo-60,2019-03-05 09:20:51.099142,11083,0
UChXOhG9bRDb3vSTg-qkPAZg,Gweilo-60,2019-03-05 09:19:51.59923,11083,0
UChXOhG9bRDb3vSTg-qkPAZg,Gweilo-60,2019-03-05 09:18:51.356322,11083,0
UChXOhG9bRDb3vSTg-qkPAZg,Gweilo-60,2019-03-05 09:17:51.387299,11083,0
UChXOhG9bRDb3vSTg-qkPAZg,Gweilo-60,2019-03-05 09:16:51.285881,11083,0
UChXOhG9bRDb3vSTg-qkPAZg,Gweilo-60,2019-03-05 09:15:51.627923,11083,0
UChXOhG9bRDb3vSTg-qkPAZg,Gweilo-60,2019-03-05 09:14:51.564757,11083,0
UChXOhG9bRDb3vSTg-qkPAZg,Gweilo-60,2019-03-05 09:13:51.512506,11083,0
UChXOhG9bRDb3vSTg-qkPAZg,Gweilo-60,2019-03-05 09:12:51.524372,11083,0
UChXOhG9bRDb3vSTg-qkPAZg,Gweilo-60,2019-03-05 09:11:51.793369,11083,0
UChXOhG9bRDb3vSTg-qkPAZg,Gweilo-60,2019-03-05 09:10:50.836457,11083,0
UChXOhG9bRDb3vSTg-qkPAZg,Gweilo-60,2019-03-05 09:09:52.047045,11083,0
UChXOhG9bRDb3vSTg-qkPAZg,Gweilo-60,2019-03-05 09:08:51.271565,11083,0
UChXOhG9bRDb3vSTg-qkPAZg,Gweilo-60,2019-03-05 09:07:52.8689,11083,0
UChXOhG9bRDb3vSTg-qkPAZg,Gweilo-60,2019-03-05 09:06:51.749576,11083,0
UChXOhG9bRDb3vSTg-qkPAZg,Gweilo-60,2019-03-05 09:05:51.178608,11083,0
UChXOhG9bRDb3vSTg-qkPAZg,Gweilo-60,2019-03-05 09:04:51.876764,11083,0
UChXOhG9bRDb3vSTg-qkPAZg,Gweilo-60,2019-03-05 09:03:52.078422,11083,0
UChXOhG9bRDb3vSTg-qkPAZg,Gweilo-60,2019-03-05 09:02:52.628277,11083,0
UChXOhG9bRDb3vSTg-qkPAZg,Gweilo-60,2019-03-05 09:01:51.029343,11083,0
UChXOhG9bRDb3vSTg-qkPAZg,Gweilo-60,2019-03-05 09:00:51.295538,11083,0
UChXOhG9bRDb3vSTg-qkPAZg,Gweilo-60,2019-03-05 08:59:51.61283,11083,0
UChXOhG9bRDb3vSTg-qkPAZg,Gweilo-60,2019-03-05 08:58:51.599866,11083,0
UChXOhG9bRDb3vSTg-qkPAZg,Gweilo-60,2019-03-05 08:57:51.285882,11083,0
UChXOhG9bRDb3vSTg-qkPAZg,Gweilo-60,2019-03-05 08:56:51.310281,11083,0
UChXOhG9bRDb3vSTg-qkPAZg,Gweilo-60,2019-03-05 08:55:51.476032,11083,0
UChXOhG9bRDb3vSTg-qkPAZg,Gweilo-60,2019-03-05 08:54:51.670399,11083,0
UChXOhG9bRDb3vSTg-qkPAZg,Gweilo-60,2019-03-05 08:53:51.406282,11083,0
UChXOhG9bRDb3vSTg-qkPAZg,Gweilo-60,2019-03-05 08:52:51.318312,11083,0
UChXOhG9bRDb3vSTg-qkPAZg,Gweilo-60,2019-03-05 08:51:51.662623,11083,0
UChXOhG9bRDb3vSTg-qkPAZg,Gweilo-60,2019-03-05 08:50:51.551132,11083,0
UChXOhG9bRDb3vSTg-qkPAZg,Gweilo-60,2019-03-05 08:49:51.5167,11083,0
UChXOhG9bRDb3vSTg-qkPAZg,Gweilo-60,2019-03-05 08:48:53.78235,11083,0
UChXOhG9bRDb3vSTg-qkPAZg,Gweilo-60,2019-03-05 08:47:51.62747,11083,0
UChXOhG9bRDb3vSTg-qkPAZg,Gweilo-60,2019-03-05 08:46:51.868822,11083,0
UChXOhG9bRDb3vSTg-qkPAZg,Gweilo-60,2019-03-05 08:45:51.063548,11083,0
UChXOhG9bRDb3vSTg-qkPAZg,Gweilo-60,2019-03-05 08:44:51.285716,11083,0
UChXOhG9bRDb3vSTg-qkPAZg,Gweilo-60,2019-03-05 08:43:51.763127,11083,0
UChXOhG9bRDb3vSTg-qkPAZg,Gweilo-60,2019-03-05 08:42:51.233504,11083,0
UChXOhG9bRDb3vSTg-qkPAZg,Gweilo-60,2019-03-05 08:41:51.401163,11083,0
UChXOhG9bRDb3vSTg-qkPAZg,Gweilo-60,2019-03-05 08:40:51.306839,11083,0
UChXOhG9bRDb3vSTg-qkPAZg,Gweilo-60,2019-03-05 08:39:51.165074,11083,0
UChXOhG9bRDb3vSTg-qkPAZg,Gweilo-60,2019-03-05 08:38:52.179992,11083,0
UChXOhG9bRDb3vSTg-qkPAZg,Gweilo-60,2019-03-05 08:37:51.759368,11083,0
UChXOhG9bRDb3vSTg-qkPAZg,Gweilo-60,2019-03-05 08:36:51.559985,11083,0
UChXOhG9bRDb3vSTg-qkPAZg,Gweilo-60,2019-03-05 08:35:51.396527,11083,0
UChXOhG9bRDb3vSTg-qkPAZg,Gweilo-60,2019-03-05 08:34:51.60218,11083,0
UChXOhG9bRDb3vSTg-qkPAZg,Gweilo-60,2019-03-05 08:33:51.264143,11083,0
UChXOhG9bRDb3vSTg-qkPAZg,Gweilo-60,2019-03-05 08:32:51.118045,11083,0
UChXOhG9bRDb3vSTg-qkPAZg,Gweilo-60,2019-03-05 08:31:51.776081,11083,0
UChXOhG9bRDb3vSTg-qkPAZg,Gweilo-60,2019-03-05 08:30:51.42326,11083,0
UChXOhG9bRDb3vSTg-qkPAZg,Gweilo-60,2019-03-05 08:29:52.000452,11083,0
UChXOhG9bRDb3vSTg-qkPAZg,Gweilo-60,2019-03-05 08:28:51.332052,11083,0
UChXOhG9bRDb3vSTg-qkPAZg,Gweilo-60,2019-03-05 08:27:52.09739,11083,0
UChXOhG9bRDb3vSTg-qkPAZg,Gweilo-60,2019-03-05 08:26:51.442188,11083,0
UChXOhG9bRDb3vSTg-qkPAZg,Gweilo-60,2019-03-05 08:25:51.440785,11083,0
UChXOhG9bRDb3vSTg-qkPAZg,Gweilo-60,2019-03-05 08:24:52.438172,11083,0
UChXOhG9bRDb3vSTg-qkPAZg,Gweilo-60,2019-03-05 08:23:51.604244,11083,0
UChXOhG9bRDb3vSTg-qkPAZg,Gweilo-60,2019-03-05 08:22:51.792427,11083,0
UChXOhG9bRDb3vSTg-qkPAZg,Gweilo-60,2019-03-05 08:21:51.545994,11083,0
UChXOhG9bRDb3vSTg-qkPAZg,Gweilo-60,2019-03-05 08:20:51.665446,11083,0
UChXOhG9bRDb3vSTg-qkPAZg,Gweilo-60,2019-03-05 08:19:51.625818,11083,0
UChXOhG9bRDb3vSTg-qkPAZg,Gweilo-60,2019-03-05 08:18:51.092039,11083,0
UChXOhG9bRDb3vSTg-qkPAZg,Gweilo-60,2019-03-05 08:17:51.456341,11083,0
UChXOhG9bRDb3vSTg-qkPAZg,Gweilo-60,2019-03-05 08:16:52.070179,11083,0
UChXOhG9bRDb3vSTg-qkPAZg,Gweilo-60,2019-03-05 08:15:51.711698,11083,0
UChXOhG9bRDb3vSTg-qkPAZg,Gweilo-60,2019-03-05 08:14:51.823817,11083,0
UChXOhG9bRDb3vSTg-qkPAZg,Gweilo-60,2019-03-05 08:13:51.065344,11083,0
UChXOhG9bRDb3vSTg-qkPAZg,Gweilo-60,2019-03-05 08:12:51.467334,11083,0
UChXOhG9bRDb3vSTg-qkPAZg,Gweilo-60,2019-03-05 08:11:51.382122,11083,0
UChXOhG9bRDb3vSTg-qkPAZg,Gweilo-60,2019-03-05 08:10:51.737261,11083,0
UChXOhG9bRDb3vSTg-qkPAZg,Gweilo-60,2019-03-05 08:09:51.661177,11083,0
UChXOhG9bRDb3vSTg-qkPAZg,Gweilo-60,2019-03-05 08:08:51.926282,11083,0
UChXOhG9bRDb3vSTg-qkPAZg,Gweilo-60,2019-03-05 08:07:51.470935,11083,0
UChXOhG9bRDb3vSTg-qkPAZg,Gweilo-60,2019-03-05 08:06:51.493294,11083,0
UChXOhG9bRDb3vSTg-qkPAZg,Gweilo-60,2019-03-05 08:05:51.448383,11083,0
UChXOhG9bRDb3vSTg-qkPAZg,Gweilo-60,2019-03-05 08:04:51.602112,11083,0
UChXOhG9bRDb3vSTg-qkPAZg,Gweilo-60,2019-03-05 08:03:51.367119,11083,0
UChXOhG9bRDb3vSTg-qkPAZg,Gweilo-60,2019-03-05 08:02:51.608269,11083,0
UChXOhG9bRDb3vSTg-qkPAZg,Gweilo-60,2019-03-05 08:01:51.284697,11083,0
UChXOhG9bRDb3vSTg-qkPAZg,Gweilo-60,2019-03-05 08:00:51.43883,11083,0
UChXOhG9bRDb3vSTg-qkPAZg,Gweilo-60,2019-03-05 07:59:51.374563,11083,0
UChXOhG9bRDb3vSTg-qkPAZg,Gweilo-60,2019-03-05 07:58:51.207787,11083,0
UChXOhG9bRDb3vSTg-qkPAZg,Gweilo-60,2019-03-05 07:57:51.816214,11083,0
UChXOhG9bRDb3vSTg-qkPAZg,Gweilo-60,2019-03-05 07:56:51.398535,11083,1
UChXOhG9bRDb3vSTg-qkPAZg,Gweilo-60,2019-03-05 07:55:51.179192,11082,0
UChXOhG9bRDb3vSTg-qkPAZg,Gweilo-60,2019-03-05 07:54:51.398264,11082,0
UChXOhG9bRDb3vSTg-qkPAZg,Gweilo-60,2019-03-05 07:53:51.277134,11082,0
UChXOhG9bRDb3vSTg-qkPAZg,Gweilo-60,2019-03-05 07:52:51.505077,11082,0
UChXOhG9bRDb3vSTg-qkPAZg,Gweilo-60,2019-03-05 07:51:52.217669,11082,0
UChXOhG9bRDb3vSTg-qkPAZg,Gweilo-60,2019-03-05 07:50:51.620322,11082,0
UChXOhG9bRDb3vSTg-qkPAZg,Gweilo-60,2019-03-05 07:49:51.891732,11082,0
UChXOhG9bRDb3vSTg-qkPAZg,Gweilo-60,2019-03-05 07:48:51.597188,11082,0
UChXOhG9bRDb3vSTg-qkPAZg,Gweilo-60,2019-03-05 07:47:51.172116,11082,0
UChXOhG9bRDb3vSTg-qkPAZg,Gweilo-60,2019-03-05 07:46:52.015089,11082,0
UChXOhG9bRDb3vSTg-qkPAZg,Gweilo-60,2019-03-05 07:45:54.791287,11082,0
UChXOhG9bRDb3vSTg-qkPAZg,Gweilo-60,2019-03-05 07:44:50.906799,11082,0
UChXOhG9bRDb3vSTg-qkPAZg,Gweilo-60,2019-03-05 07:43:51.535108,11082,0
UChXOhG9bRDb3vSTg-qkPAZg,Gweilo-60,2019-03-05 07:42:51.700933,11082,0
UChXOhG9bRDb3vSTg-qkPAZg,Gweilo-60,2019-03-05 07:41:51.168906,11082,0
UChXOhG9bRDb3vSTg-qkPAZg,Gweilo-60,2019-03-05 07:40:51.610379,11082,0
UChXOhG9bRDb3vSTg-qkPAZg,Gweilo-60,2019-03-05 07:39:52.107295,11082,0
UChXOhG9bRDb3vSTg-qkPAZg,Gweilo-60,2019-03-05 07:38:51.822613,11082,0
UChXOhG9bRDb3vSTg-qkPAZg,Gweilo-60,2019-03-05 07:37:51.323316,11082,0
UChXOhG9bRDb3vSTg-qkPAZg,Gweilo-60,2019-03-05 07:36:51.324704,11082,0
UChXOhG9bRDb3vSTg-qkPAZg,Gweilo-60,2019-03-05 07:35:51.655262,11082,0
UChXOhG9bRDb3vSTg-qkPAZg,Gweilo-60,2019-03-05 07:34:52.022494,11082,0
UChXOhG9bRDb3vSTg-qkPAZg,Gweilo-60,2019-03-05 07:33:51.728584,11082,0
UChXOhG9bRDb3vSTg-qkPAZg,Gweilo-60,2019-03-05 07:32:51.490977,11082,0
UChXOhG9bRDb3vSTg-qkPAZg,Gweilo-60,2019-03-05 07:31:51.117171,11082,0
UChXOhG9bRDb3vSTg-qkPAZg,Gweilo-60,2019-03-05 07:30:51.278724,11082,0
UChXOhG9bRDb3vSTg-qkPAZg,Gweilo-60,2019-03-05 07:29:51.925986,11082,1
UChXOhG9bRDb3vSTg-qkPAZg,Gweilo-60,2019-03-05 07:28:51.800942,11081,0
UChXOhG9bRDb3vSTg-qkPAZg,Gweilo-60,2019-03-05 07:27:51.559163,11081,0
UChXOhG9bRDb3vSTg-qkPAZg,Gweilo-60,2019-03-05 07:26:51.371964,11081,0
UChXOhG9bRDb3vSTg-qkPAZg,Gweilo-60,2019-03-05 07:25:51.114367,11081,0
UChXOhG9bRDb3vSTg-qkPAZg,Gweilo-60,2019-03-05 07:24:51.558016,11081,0
UChXOhG9bRDb3vSTg-qkPAZg,Gweilo-60,2019-03-05 07:23:51.351204,11081,0
UChXOhG9bRDb3vSTg-qkPAZg,Gweilo-60,2019-03-05 07:22:51.588941,11081,0
UChXOhG9bRDb3vSTg-qkPAZg,Gweilo-60,2019-03-05 07:21:51.46191,11081,0
UChXOhG9bRDb3vSTg-qkPAZg,Gweilo-60,2019-03-05 07:20:51.365798,11081,0
UChXOhG9bRDb3vSTg-qkPAZg,Gweilo-60,2019-03-05 07:19:51.300309,11081,0
UChXOhG9bRDb3vSTg-qkPAZg,Gweilo-60,2019-03-05 07:18:51.279069,11081,0
UChXOhG9bRDb3vSTg-qkPAZg,Gweilo-60,2019-03-05 07:17:51.437708,11081,0
UChXOhG9bRDb3vSTg-qkPAZg,Gweilo-60,2019-03-05 07:16:51.449171,11081,0
UChXOhG9bRDb3vSTg-qkPAZg,Gweilo-60,2019-03-05 07:15:51.336533,11081,0
UChXOhG9bRDb3vSTg-qkPAZg,Gweilo-60,2019-03-05 07:14:51.602603,11081,0
UChXOhG9bRDb3vSTg-qkPAZg,Gweilo-60,2019-03-05 07:13:51.026137,11081,1
UChXOhG9bRDb3vSTg-qkPAZg,Gweilo-60,2019-03-05 07:12:51.355553,11080,0
UChXOhG9bRDb3vSTg-qkPAZg,Gweilo-60,2019-03-05 07:11:51.503839,11080,0
UChXOhG9bRDb3vSTg-qkPAZg,Gweilo-60,2019-03-05 07:10:51.629759,11080,0
UChXOhG9bRDb3vSTg-qkPAZg,Gweilo-60,2019-03-05 07:09:51.375094,11080,0
UChXOhG9bRDb3vSTg-qkPAZg,Gweilo-60,2019-03-05 07:08:52.127411,11080,0
UChXOhG9bRDb3vSTg-qkPAZg,Gweilo-60,2019-03-05 07:07:51.441957,11080,0
UChXOhG9bRDb3vSTg-qkPAZg,Gweilo-60,2019-03-05 07:06:51.900362,11080,0
UChXOhG9bRDb3vSTg-qkPAZg,Gweilo-60,2019-03-05 07:05:51.300844,11080,0
UChXOhG9bRDb3vSTg-qkPAZg,Gweilo-60,2019-03-05 07:04:51.562988,11080,0
UChXOhG9bRDb3vSTg-qkPAZg,Gweilo-60,2019-03-05 07:03:51.724144,11080,0
UChXOhG9bRDb3vSTg-qkPAZg,Gweilo-60,2019-03-05 07:02:51.058553,11080,0
UChXOhG9bRDb3vSTg-qkPAZg,Gweilo-60,2019-03-05 07:01:51.381991,11080,0
UChXOhG9bRDb3vSTg-qkPAZg,Gweilo-60,2019-03-05 07:00:51.388795,11080,0
UChXOhG9bRDb3vSTg-qkPAZg,Gweilo-60,2019-03-05 06:59:51.594202,11080,0
UChXOhG9bRDb3vSTg-qkPAZg,Gweilo-60,2019-03-05 06:58:51.448762,11080,0
UChXOhG9bRDb3vSTg-qkPAZg,Gweilo-60,2019-03-05 06:57:51.10486,11080,0
UChXOhG9bRDb3vSTg-qkPAZg,Gweilo-60,2019-03-05 06:56:51.460833,11080,0
UChXOhG9bRDb3vSTg-qkPAZg,Gweilo-60,2019-03-05 06:55:52.487613,11080,0
UChXOhG9bRDb3vSTg-qkPAZg,Gweilo-60,2019-03-05 06:54:51.581898,11080,0
UChXOhG9bRDb3vSTg-qkPAZg,Gweilo-60,2019-03-05 06:53:51.554873,11080,0
UChXOhG9bRDb3vSTg-qkPAZg,Gweilo-60,2019-03-05 06:52:51.868069,11080,0
UChXOhG9bRDb3vSTg-qkPAZg,Gweilo-60,2019-03-05 06:51:51.578025,11080,0
UChXOhG9bRDb3vSTg-qkPAZg,Gweilo-60,2019-03-05 06:50:51.452359,11080,0
UChXOhG9bRDb3vSTg-qkPAZg,Gweilo-60,2019-03-05 06:49:51.584045,11080,0
UChXOhG9bRDb3vSTg-qkPAZg,Gweilo-60,2019-03-05 06:48:52.146469,11080,0
UChXOhG9bRDb3vSTg-qkPAZg,Gweilo-60,2019-03-05 06:47:51.56575,11080,0
UChXOhG9bRDb3vSTg-qkPAZg,Gweilo-60,2019-03-05 06:46:51.418861,11080,0
UChXOhG9bRDb3vSTg-qkPAZg,Gweilo-60,2019-03-05 06:45:51.236756,11080,0
UChXOhG9bRDb3vSTg-qkPAZg,Gweilo-60,2019-03-05 06:44:51.271623,11080,0
UChXOhG9bRDb3vSTg-qkPAZg,Gweilo-60,2019-03-05 06:43:51.526048,11080,0
UChXOhG9bRDb3vSTg-qkPAZg,Gweilo-60,2019-03-05 06:42:51.46431,11080,0
UChXOhG9bRDb3vSTg-qkPAZg,Gweilo-60,2019-03-05 06:41:51.405438,11080,0
UChXOhG9bRDb3vSTg-qkPAZg,Gweilo-60,2019-03-05 06:40:51.576512,11080,0
UChXOhG9bRDb3vSTg-qkPAZg,Gweilo-60,2019-03-05 06:39:51.742194,11080,0
UChXOhG9bRDb3vSTg-qkPAZg,Gweilo-60,2019-03-05 06:38:51.898376,11080,0
UChXOhG9bRDb3vSTg-qkPAZg,Gweilo-60,2019-03-05 06:37:51.725194,11080,0
UChXOhG9bRDb3vSTg-qkPAZg,Gweilo-60,2019-03-05 06:36:51.70756,11080,0
UChXOhG9bRDb3vSTg-qkPAZg,Gweilo-60,2019-03-05 06:35:51.280828,11080,0
UChXOhG9bRDb3vSTg-qkPAZg,Gweilo-60,2019-03-05 06:34:50.969861,11080,0
UChXOhG9bRDb3vSTg-qkPAZg,Gweilo-60,2019-03-05 06:33:51.448963,11080,0
UChXOhG9bRDb3vSTg-qkPAZg,Gweilo-60,2019-03-05 06:32:51.650124,11080,0
UChXOhG9bRDb3vSTg-qkPAZg,Gweilo-60,2019-03-05 06:31:51.537267,11080,0
UChXOhG9bRDb3vSTg-qkPAZg,Gweilo-60,2019-03-05 06:30:51.447277,11080,0
UChXOhG9bRDb3vSTg-qkPAZg,Gweilo-60,2019-03-05 06:29:51.224193,11080,0
UChXOhG9bRDb3vSTg-qkPAZg,Gweilo-60,2019-03-05 06:28:51.799296,11080,0
UChXOhG9bRDb3vSTg-qkPAZg,Gweilo-60,2019-03-05 06:27:51.556483,11080,0
UChXOhG9bRDb3vSTg-qkPAZg,Gweilo-60,2019-03-05 06:26:51.783767,11080,0
UChXOhG9bRDb3vSTg-qkPAZg,Gweilo-60,2019-03-05 06:25:51.445898,11080,0
UChXOhG9bRDb3vSTg-qkPAZg,Gweilo-60,2019-03-05 06:24:51.536863,11080,0
UChXOhG9bRDb3vSTg-qkPAZg,Gweilo-60,2019-03-05 06:23:51.393851,11080,0
UChXOhG9bRDb3vSTg-qkPAZg,Gweilo-60,2019-03-05 06:22:52.468989,11080,0
UChXOhG9bRDb3vSTg-qkPAZg,Gweilo-60,2019-03-05 06:21:51.479433,11080,0
UChXOhG9bRDb3vSTg-qkPAZg,Gweilo-60,2019-03-05 06:20:51.86432,11080,0
UChXOhG9bRDb3vSTg-qkPAZg,Gweilo-60,2019-03-05 06:19:51.33328,11080,0
UChXOhG9bRDb3vSTg-qkPAZg,Gweilo-60,2019-03-05 06:18:51.325102,11080,0
UChXOhG9bRDb3vSTg-qkPAZg,Gweilo-60,2019-03-05 06:17:51.214605,11080,0
UChXOhG9bRDb3vSTg-qkPAZg,Gweilo-60,2019-03-05 06:16:51.595612,11080,0
UChXOhG9bRDb3vSTg-qkPAZg,Gweilo-60,2019-03-05 06:15:51.308686,11080,0
UChXOhG9bRDb3vSTg-qkPAZg,Gweilo-60,2019-03-05 06:14:51.462109,11080,0
UChXOhG9bRDb3vSTg-qkPAZg,Gweilo-60,2019-03-05 06:13:50.916674,11080,0
UChXOhG9bRDb3vSTg-qkPAZg,Gweilo-60,2019-03-05 06:12:52.033857,11080,0
UChXOhG9bRDb3vSTg-qkPAZg,Gweilo-60,2019-03-05 06:11:51.6774,11080,0
UChXOhG9bRDb3vSTg-qkPAZg,Gweilo-60,2019-03-05 06:10:51.686314,11080,0
UChXOhG9bRDb3vSTg-qkPAZg,Gweilo-60,2019-03-05 06:09:51.633887,11080,0
UChXOhG9bRDb3vSTg-qkPAZg,Gweilo-60,2019-03-05 06:08:51.868739,11080,0
UChXOhG9bRDb3vSTg-qkPAZg,Gweilo-60,2019-03-05 06:07:51.259654,11080,0
UChXOhG9bRDb3vSTg-qkPAZg,Gweilo-60,2019-03-05 06:06:51.515899,11080,0
UChXOhG9bRDb3vSTg-qkPAZg,Gweilo-60,2019-03-05 06:05:51.549813,11080,0
UChXOhG9bRDb3vSTg-qkPAZg,Gweilo-60,2019-03-05 06:04:51.554677,11080,0
UChXOhG9bRDb3vSTg-qkPAZg,Gweilo-60,2019-03-05 06:03:51.873355,11080,0
UChXOhG9bRDb3vSTg-qkPAZg,Gweilo-60,2019-03-05 06:02:52.196139,11080,0
UChXOhG9bRDb3vSTg-qkPAZg,Gweilo-60,2019-03-05 06:01:52.003878,11080,0
UChXOhG9bRDb3vSTg-qkPAZg,Gweilo-60,2019-03-05 06:00:51.373838,11080,0
UChXOhG9bRDb3vSTg-qkPAZg,Gweilo-60,2019-03-05 05:59:51.487385,11080,0
UChXOhG9bRDb3vSTg-qkPAZg,Gweilo-60,2019-03-05 05:58:51.880888,11080,0
UChXOhG9bRDb3vSTg-qkPAZg,Gweilo-60,2019-03-05 05:57:51.382066,11080,0
UChXOhG9bRDb3vSTg-qkPAZg,Gweilo-60,2019-03-05 05:56:51.594757,11080,0
UChXOhG9bRDb3vSTg-qkPAZg,Gweilo-60,2019-03-05 05:55:51.358426,11080,0
UChXOhG9bRDb3vSTg-qkPAZg,Gweilo-60,2019-03-05 05:54:51.436438,11080,0
UChXOhG9bRDb3vSTg-qkPAZg,Gweilo-60,2019-03-05 05:53:51.58587,11080,0
UChXOhG9bRDb3vSTg-qkPAZg,Gweilo-60,2019-03-05 05:52:51.578859,11080,0
UChXOhG9bRDb3vSTg-qkPAZg,Gweilo-60,2019-03-05 05:51:51.672903,11080,0
UChXOhG9bRDb3vSTg-qkPAZg,Gweilo-60,2019-03-05 05:50:51.783325,11080,0
UChXOhG9bRDb3vSTg-qkPAZg,Gweilo-60,2019-03-05 05:49:51.884734,11080,0
UChXOhG9bRDb3vSTg-qkPAZg,Gweilo-60,2019-03-05 05:48:51.609664,11080,0
UChXOhG9bRDb3vSTg-qkPAZg,Gweilo-60,2019-03-05 05:47:51.359944,11080,0
UChXOhG9bRDb3vSTg-qkPAZg,Gweilo-60,2019-03-05 05:46:51.453163,11080,0
UChXOhG9bRDb3vSTg-qkPAZg,Gweilo-60,2019-03-05 05:45:52.314592,11080,0
UChXOhG9bRDb3vSTg-qkPAZg,Gweilo-60,2019-03-05 05:44:51.796492,11080,0
UChXOhG9bRDb3vSTg-qkPAZg,Gweilo-60,2019-03-05 05:43:51.933258,11080,0
UChXOhG9bRDb3vSTg-qkPAZg,Gweilo-60,2019-03-05 05:42:51.081018,11080,0
UChXOhG9bRDb3vSTg-qkPAZg,Gweilo-60,2019-03-05 05:41:51.459979,11080,0
UChXOhG9bRDb3vSTg-qkPAZg,Gweilo-60,2019-03-05 05:40:51.719119,11080,0
UChXOhG9bRDb3vSTg-qkPAZg,Gweilo-60,2019-03-05 05:39:51.741383,11080,0
UChXOhG9bRDb3vSTg-qkPAZg,Gweilo-60,2019-03-05 05:38:51.29635,11080,0
UChXOhG9bRDb3vSTg-qkPAZg,Gweilo-60,2019-03-05 05:37:51.960198,11080,0
UChXOhG9bRDb3vSTg-qkPAZg,Gweilo-60,2019-03-05 05:36:51.484069,11080,0
UChXOhG9bRDb3vSTg-qkPAZg,Gweilo-60,2019-03-05 05:35:51.688142,11080,0
UChXOhG9bRDb3vSTg-qkPAZg,Gweilo-60,2019-03-05 05:34:51.288545,11080,0
UChXOhG9bRDb3vSTg-qkPAZg,Gweilo-60,2019-03-05 05:33:51.762929,11080,0
UChXOhG9bRDb3vSTg-qkPAZg,Gweilo-60,2019-03-05 05:32:51.674753,11080,0
UChXOhG9bRDb3vSTg-qkPAZg,Gweilo-60,2019-03-05 05:31:51.444535,11080,0
UChXOhG9bRDb3vSTg-qkPAZg,Gweilo-60,2019-03-05 05:30:51.349354,11080,0
UChXOhG9bRDb3vSTg-qkPAZg,Gweilo-60,2019-03-05 05:29:51.375985,11080,0
UChXOhG9bRDb3vSTg-qkPAZg,Gweilo-60,2019-03-05 05:28:51.765292,11080,0
UChXOhG9bRDb3vSTg-qkPAZg,Gweilo-60,2019-03-05 05:27:51.269021,11080,0
UChXOhG9bRDb3vSTg-qkPAZg,Gweilo-60,2019-03-05 05:26:52.079512,11080,0
UChXOhG9bRDb3vSTg-qkPAZg,Gweilo-60,2019-03-05 05:25:51.85842,11080,0
UChXOhG9bRDb3vSTg-qkPAZg,Gweilo-60,2019-03-05 05:24:51.266531,11080,0
UChXOhG9bRDb3vSTg-qkPAZg,Gweilo-60,2019-03-05 05:23:51.3104,11080,0
UChXOhG9bRDb3vSTg-qkPAZg,Gweilo-60,2019-03-05 05:22:51.767117,11080,0
UChXOhG9bRDb3vSTg-qkPAZg,Gweilo-60,2019-03-05 05:21:51.458846,11080,0
UChXOhG9bRDb3vSTg-qkPAZg,Gweilo-60,2019-03-05 05:20:52.768996,11080,0
UChXOhG9bRDb3vSTg-qkPAZg,Gweilo-60,2019-03-05 05:19:51.795266,11080,1
UChXOhG9bRDb3vSTg-qkPAZg,Gweilo-60,2019-03-05 05:18:51.446884,11079,0
UChXOhG9bRDb3vSTg-qkPAZg,Gweilo-60,2019-03-05 05:17:51.25167,11079,0
UChXOhG9bRDb3vSTg-qkPAZg,Gweilo-60,2019-03-05 05:16:51.729808,11079,0
UChXOhG9bRDb3vSTg-qkPAZg,Gweilo-60,2019-03-05 05:15:51.5085,11079,0
UChXOhG9bRDb3vSTg-qkPAZg,Gweilo-60,2019-03-05 05:14:52.248504,11079,0
UChXOhG9bRDb3vSTg-qkPAZg,Gweilo-60,2019-03-05 05:13:51.476035,11079,0
UChXOhG9bRDb3vSTg-qkPAZg,Gweilo-60,2019-03-05 05:12:51.530877,11079,0
UChXOhG9bRDb3vSTg-qkPAZg,Gweilo-60,2019-03-05 05:11:52.035077,11079,0
UChXOhG9bRDb3vSTg-qkPAZg,Gweilo-60,2019-03-05 05:10:51.707904,11079,0
UChXOhG9bRDb3vSTg-qkPAZg,Gweilo-60,2019-03-05 05:09:51.923185,11079,0
UChXOhG9bRDb3vSTg-qkPAZg,Gweilo-60,2019-03-05 05:08:51.357272,11079,0
UChXOhG9bRDb3vSTg-qkPAZg,Gweilo-60,2019-03-05 05:07:51.672479,11079,0
UChXOhG9bRDb3vSTg-qkPAZg,Gweilo-60,2019-03-05 05:06:51.346185,11079,0
UChXOhG9bRDb3vSTg-qkPAZg,Gweilo-60,2019-03-05 05:05:51.36614,11079,0
UChXOhG9bRDb3vSTg-qkPAZg,Gweilo-60,2019-03-05 05:04:51.638053,11079,0
UChXOhG9bRDb3vSTg-qkPAZg,Gweilo-60,2019-03-05 05:03:51.923871,11079,0
UChXOhG9bRDb3vSTg-qkPAZg,Gweilo-60,2019-03-05 05:02:51.500453,11079,0
UChXOhG9bRDb3vSTg-qkPAZg,Gweilo-60,2019-03-05 05:01:51.547099,11079,0
UChXOhG9bRDb3vSTg-qkPAZg,Gweilo-60,2019-03-05 05:00:51.441515,11079,0
UChXOhG9bRDb3vSTg-qkPAZg,Gweilo-60,2019-03-05 04:59:51.624824,11079,0
UChXOhG9bRDb3vSTg-qkPAZg,Gweilo-60,2019-03-05 04:58:51.46427,11079,0
UChXOhG9bRDb3vSTg-qkPAZg,Gweilo-60,2019-03-05 04:57:51.186559,11079,0
UChXOhG9bRDb3vSTg-qkPAZg,Gweilo-60,2019-03-05 04:56:51.986807,11079,0
UChXOhG9bRDb3vSTg-qkPAZg,Gweilo-60,2019-03-05 04:55:52.405257,11079,0
UChXOhG9bRDb3vSTg-qkPAZg,Gweilo-60,2019-03-05 04:54:51.164235,11079,0
UChXOhG9bRDb3vSTg-qkPAZg,Gweilo-60,2019-03-05 04:53:51.272572,11079,0
UChXOhG9bRDb3vSTg-qkPAZg,Gweilo-60,2019-03-05 04:52:51.662277,11079,0
UChXOhG9bRDb3vSTg-qkPAZg,Gweilo-60,2019-03-05 04:51:51.663179,11079,0
UChXOhG9bRDb3vSTg-qkPAZg,Gweilo-60,2019-03-05 04:50:51.711814,11079,0
UChXOhG9bRDb3vSTg-qkPAZg,Gweilo-60,2019-03-05 04:49:51.056531,11079,0
UChXOhG9bRDb3vSTg-qkPAZg,Gweilo-60,2019-03-05 04:48:52.097009,11079,0
UChXOhG9bRDb3vSTg-qkPAZg,Gweilo-60,2019-03-05 04:47:51.180634,11079,0
UChXOhG9bRDb3vSTg-qkPAZg,Gweilo-60,2019-03-05 04:46:52.031328,11079,0
UChXOhG9bRDb3vSTg-qkPAZg,Gweilo-60,2019-03-05 04:45:51.927168,11079,0
UChXOhG9bRDb3vSTg-qkPAZg,Gweilo-60,2019-03-05 04:44:52.189686,11079,0
UChXOhG9bRDb3vSTg-qkPAZg,Gweilo-60,2019-03-05 04:43:51.804205,11079,0
UChXOhG9bRDb3vSTg-qkPAZg,Gweilo-60,2019-03-05 04:42:51.270229,11079,0
UChXOhG9bRDb3vSTg-qkPAZg,Gweilo-60,2019-03-05 04:41:51.899314,11079,0
UChXOhG9bRDb3vSTg-qkPAZg,Gweilo-60,2019-03-05 04:40:51.797134,11079,0
UChXOhG9bRDb3vSTg-qkPAZg,Gweilo-60,2019-03-05 04:39:51.877048,11079,0
UChXOhG9bRDb3vSTg-qkPAZg,Gweilo-60,2019-03-05 04:38:51.488157,11079,0
UChXOhG9bRDb3vSTg-qkPAZg,Gweilo-60,2019-03-05 04:37:51.384326,11079,0
UChXOhG9bRDb3vSTg-qkPAZg,Gweilo-60,2019-03-05 04:36:51.382557,11079,0
UChXOhG9bRDb3vSTg-qkPAZg,Gweilo-60,2019-03-05 04:35:51.155662,11079,0
UChXOhG9bRDb3vSTg-qkPAZg,Gweilo-60,2019-03-05 04:34:51.221377,11079,0
UChXOhG9bRDb3vSTg-qkPAZg,Gweilo-60,2019-03-05 04:33:51.308336,11079,0
UChXOhG9bRDb3vSTg-qkPAZg,Gweilo-60,2019-03-05 04:32:55.147629,11079,0
UChXOhG9bRDb3vSTg-qkPAZg,Gweilo-60,2019-03-05 04:31:52.040494,11079,0
UChXOhG9bRDb3vSTg-qkPAZg,Gweilo-60,2019-03-05 04:30:50.994733,11079,0
UChXOhG9bRDb3vSTg-qkPAZg,Gweilo-60,2019-03-05 04:29:51.255414,11079,0
UChXOhG9bRDb3vSTg-qkPAZg,Gweilo-60,2019-03-05 04:28:51.122174,11079,0
UChXOhG9bRDb3vSTg-qkPAZg,Gweilo-60,2019-03-05 04:27:50.934036,11079,0
UChXOhG9bRDb3vSTg-qkPAZg,Gweilo-60,2019-03-05 04:26:51.676032,11079,0
UChXOhG9bRDb3vSTg-qkPAZg,Gweilo-60,2019-03-05 04:25:51.344488,11079,0
UChXOhG9bRDb3vSTg-qkPAZg,Gweilo-60,2019-03-05 04:24:51.071135,11079,0
UChXOhG9bRDb3vSTg-qkPAZg,Gweilo-60,2019-03-05 04:23:51.268995,11079,0
UChXOhG9bRDb3vSTg-qkPAZg,Gweilo-60,2019-03-05 04:22:51.023453,11079,0
UChXOhG9bRDb3vSTg-qkPAZg,Gweilo-60,2019-03-05 04:21:51.225326,11079,0
UChXOhG9bRDb3vSTg-qkPAZg,Gweilo-60,2019-03-05 04:20:51.483528,11079,0
UChXOhG9bRDb3vSTg-qkPAZg,Gweilo-60,2019-03-05 04:19:51.089897,11079,0
UChXOhG9bRDb3vSTg-qkPAZg,Gweilo-60,2019-03-05 04:18:50.968502,11079,0
UChXOhG9bRDb3vSTg-qkPAZg,Gweilo-60,2019-03-05 04:17:52.391764,11079,0
UChXOhG9bRDb3vSTg-qkPAZg,Gweilo-60,2019-03-05 04:16:51.729056,11079,0
UChXOhG9bRDb3vSTg-qkPAZg,Gweilo-60,2019-03-05 04:15:51.419249,11079,0
UChXOhG9bRDb3vSTg-qkPAZg,Gweilo-60,2019-03-05 04:14:51.572616,11079,0
UChXOhG9bRDb3vSTg-qkPAZg,Gweilo-60,2019-03-05 04:13:51.634284,11079,0
UChXOhG9bRDb3vSTg-qkPAZg,Gweilo-60,2019-03-05 04:12:51.549624,11079,0
UChXOhG9bRDb3vSTg-qkPAZg,Gweilo-60,2019-03-05 04:11:51.462059,11079,0
UChXOhG9bRDb3vSTg-qkPAZg,Gweilo-60,2019-03-05 04:10:51.284604,11079,0
UChXOhG9bRDb3vSTg-qkPAZg,Gweilo-60,2019-03-05 04:09:51.509786,11079,0
UChXOhG9bRDb3vSTg-qkPAZg,Gweilo-60,2019-03-05 04:08:51.579163,11079,0
UChXOhG9bRDb3vSTg-qkPAZg,Gweilo-60,2019-03-05 04:07:51.124417,11079,0
UChXOhG9bRDb3vSTg-qkPAZg,Gweilo-60,2019-03-05 04:06:51.341493,11079,0
UChXOhG9bRDb3vSTg-qkPAZg,Gweilo-60,2019-03-05 04:05:51.686641,11079,0
UChXOhG9bRDb3vSTg-qkPAZg,Gweilo-60,2019-03-05 04:04:51.162758,11079,0
UChXOhG9bRDb3vSTg-qkPAZg,Gweilo-60,2019-03-05 04:03:51.551626,11079,1
UChXOhG9bRDb3vSTg-qkPAZg,Gweilo-60,2019-03-05 04:02:50.862095,11078,0
UChXOhG9bRDb3vSTg-qkPAZg,Gweilo-60,2019-03-05 04:01:51.044237,11078,0
UChXOhG9bRDb3vSTg-qkPAZg,Gweilo-60,2019-03-05 04:00:51.874587,11078,0
UChXOhG9bRDb3vSTg-qkPAZg,Gweilo-60,2019-03-05 03:59:51.049993,11078,0
UChXOhG9bRDb3vSTg-qkPAZg,Gweilo-60,2019-03-05 03:58:51.702277,11078,0
UChXOhG9bRDb3vSTg-qkPAZg,Gweilo-60,2019-03-05 03:57:53.358132,11078,0
UChXOhG9bRDb3vSTg-qkPAZg,Gweilo-60,2019-03-05 03:56:52.391536,11078,0
UChXOhG9bRDb3vSTg-qkPAZg,Gweilo-60,2019-03-05 03:55:51.135651,11078,0
UChXOhG9bRDb3vSTg-qkPAZg,Gweilo-60,2019-03-05 03:54:51.222241,11078,0
UChXOhG9bRDb3vSTg-qkPAZg,Gweilo-60,2019-03-05 03:53:51.084037,11078,0
UChXOhG9bRDb3vSTg-qkPAZg,Gweilo-60,2019-03-05 03:52:52.6364,11078,0
UChXOhG9bRDb3vSTg-qkPAZg,Gweilo-60,2019-03-05 03:51:51.836547,11078,0
UChXOhG9bRDb3vSTg-qkPAZg,Gweilo-60,2019-03-05 03:50:51.112102,11078,0
UChXOhG9bRDb3vSTg-qkPAZg,Gweilo-60,2019-03-05 03:49:51.308474,11078,0
UChXOhG9bRDb3vSTg-qkPAZg,Gweilo-60,2019-03-05 03:48:51.556794,11078,0
UChXOhG9bRDb3vSTg-qkPAZg,Gweilo-60,2019-03-05 03:47:51.47964,11078,1
UChXOhG9bRDb3vSTg-qkPAZg,Gweilo-60,2019-03-05 03:46:51.748689,11077,0
UChXOhG9bRDb3vSTg-qkPAZg,Gweilo-60,2019-03-05 03:45:51.451452,11077,0
UChXOhG9bRDb3vSTg-qkPAZg,Gweilo-60,2019-03-05 03:44:51.434141,11077,0
UChXOhG9bRDb3vSTg-qkPAZg,Gweilo-60,2019-03-05 03:43:51.044998,11077,0
UChXOhG9bRDb3vSTg-qkPAZg,Gweilo-60,2019-03-05 03:42:51.901882,11077,0
UChXOhG9bRDb3vSTg-qkPAZg,Gweilo-60,2019-03-05 03:41:51.44329,11077,0
UChXOhG9bRDb3vSTg-qkPAZg,Gweilo-60,2019-03-05 03:40:51.614428,11077,0
UChXOhG9bRDb3vSTg-qkPAZg,Gweilo-60,2019-03-05 03:39:51.360732,11077,0
UChXOhG9bRDb3vSTg-qkPAZg,Gweilo-60,2019-03-05 03:38:51.43427,11077,0
UChXOhG9bRDb3vSTg-qkPAZg,Gweilo-60,2019-03-05 03:37:51.134255,11077,0
UChXOhG9bRDb3vSTg-qkPAZg,Gweilo-60,2019-03-05 03:36:51.550414,11077,0
UChXOhG9bRDb3vSTg-qkPAZg,Gweilo-60,2019-03-05 03:35:51.158142,11077,0
UChXOhG9bRDb3vSTg-qkPAZg,Gweilo-60,2019-03-05 03:34:51.171261,11077,0
UChXOhG9bRDb3vSTg-qkPAZg,Gweilo-60,2019-03-05 03:33:51.275275,11077,0
UChXOhG9bRDb3vSTg-qkPAZg,Gweilo-60,2019-03-05 03:32:51.400563,11077,0
UChXOhG9bRDb3vSTg-qkPAZg,Gweilo-60,2019-03-05 03:31:51.17564,11077,0
UChXOhG9bRDb3vSTg-qkPAZg,Gweilo-60,2019-03-05 03:30:51.283464,11077,0
UChXOhG9bRDb3vSTg-qkPAZg,Gweilo-60,2019-03-05 03:29:51.362753,11077,0
UChXOhG9bRDb3vSTg-qkPAZg,Gweilo-60,2019-03-05 03:28:51.244554,11077,0
UChXOhG9bRDb3vSTg-qkPAZg,Gweilo-60,2019-03-05 03:27:51.703604,11077,0
UChXOhG9bRDb3vSTg-qkPAZg,Gweilo-60,2019-03-05 03:26:50.813733,11077,0
UChXOhG9bRDb3vSTg-qkPAZg,Gweilo-60,2019-03-05 03:25:51.578629,11077,0
UChXOhG9bRDb3vSTg-qkPAZg,Gweilo-60,2019-03-05 03:24:51.282039,11077,0
UChXOhG9bRDb3vSTg-qkPAZg,Gweilo-60,2019-03-05 03:23:51.205842,11077,0
UChXOhG9bRDb3vSTg-qkPAZg,Gweilo-60,2019-03-05 03:22:51.236907,11077,0
UChXOhG9bRDb3vSTg-qkPAZg,Gweilo-60,2019-03-05 03:21:51.006402,11077,0
UChXOhG9bRDb3vSTg-qkPAZg,Gweilo-60,2019-03-05 03:20:51.27682,11077,0
UChXOhG9bRDb3vSTg-qkPAZg,Gweilo-60,2019-03-05 03:19:51.340033,11077,0
UChXOhG9bRDb3vSTg-qkPAZg,Gweilo-60,2019-03-05 03:18:51.189865,11077,0
UChXOhG9bRDb3vSTg-qkPAZg,Gweilo-60,2019-03-05 03:17:51.400875,11077,0
UChXOhG9bRDb3vSTg-qkPAZg,Gweilo-60,2019-03-05 03:16:51.426723,11077,1
UChXOhG9bRDb3vSTg-qkPAZg,Gweilo-60,2019-03-05 03:15:51.440014,11076,0
UChXOhG9bRDb3vSTg-qkPAZg,Gweilo-60,2019-03-05 03:14:51.448848,11076,0
UChXOhG9bRDb3vSTg-qkPAZg,Gweilo-60,2019-03-05 03:13:51.161192,11076,0
UChXOhG9bRDb3vSTg-qkPAZg,Gweilo-60,2019-03-05 03:12:51.141343,11076,0
UChXOhG9bRDb3vSTg-qkPAZg,Gweilo-60,2019-03-05 03:11:51.154696,11076,0
UChXOhG9bRDb3vSTg-qkPAZg,Gweilo-60,2019-03-05 03:10:51.862744,11076,0
UChXOhG9bRDb3vSTg-qkPAZg,Gweilo-60,2019-03-05 03:09:51.229966,11076,0
UChXOhG9bRDb3vSTg-qkPAZg,Gweilo-60,2019-03-05 03:08:51.451111,11076,0
UChXOhG9bRDb3vSTg-qkPAZg,Gweilo-60,2019-03-05 03:07:51.243451,11076,1
UChXOhG9bRDb3vSTg-qkPAZg,Gweilo-60,2019-03-05 03:06:51.643961,11075,0
UChXOhG9bRDb3vSTg-qkPAZg,Gweilo-60,2019-03-05 03:05:51.38446,11075,0
UChXOhG9bRDb3vSTg-qkPAZg,Gweilo-60,2019-03-05 03:04:51.870335,11075,0
UChXOhG9bRDb3vSTg-qkPAZg,Gweilo-60,2019-03-05 03:03:51.98234,11075,0
UChXOhG9bRDb3vSTg-qkPAZg,Gweilo-60,2019-03-05 03:02:51.50607,11075,0
UChXOhG9bRDb3vSTg-qkPAZg,Gweilo-60,2019-03-05 03:01:53.157678,11075,1
UChXOhG9bRDb3vSTg-qkPAZg,Gweilo-60,2019-03-05 03:00:51.406326,11074,0
UChXOhG9bRDb3vSTg-qkPAZg,Gweilo-60,2019-03-05 02:59:51.927074,11074,1
UChXOhG9bRDb3vSTg-qkPAZg,Gweilo-60,2019-03-05 02:58:50.983355,11073,0
UChXOhG9bRDb3vSTg-qkPAZg,Gweilo-60,2019-03-05 02:57:52.330073,11073,0
UChXOhG9bRDb3vSTg-qkPAZg,Gweilo-60,2019-03-05 02:56:51.619479,11073,0
UChXOhG9bRDb3vSTg-qkPAZg,Gweilo-60,2019-03-05 02:55:51.438256,11073,0
UChXOhG9bRDb3vSTg-qkPAZg,Gweilo-60,2019-03-05 02:54:51.662111,11073,0
UChXOhG9bRDb3vSTg-qkPAZg,Gweilo-60,2019-03-05 02:53:51.2892,11073,0
UChXOhG9bRDb3vSTg-qkPAZg,Gweilo-60,2019-03-05 02:52:51.22509,11073,0
UChXOhG9bRDb3vSTg-qkPAZg,Gweilo-60,2019-03-05 02:51:51.51015,11073,0
UChXOhG9bRDb3vSTg-qkPAZg,Gweilo-60,2019-03-05 02:50:51.284065,11073,0
UChXOhG9bRDb3vSTg-qkPAZg,Gweilo-60,2019-03-05 02:49:50.862996,11073,0
UChXOhG9bRDb3vSTg-qkPAZg,Gweilo-60,2019-03-05 02:48:51.417647,11073,0
UChXOhG9bRDb3vSTg-qkPAZg,Gweilo-60,2019-03-05 02:47:51.319721,11073,0
UChXOhG9bRDb3vSTg-qkPAZg,Gweilo-60,2019-03-05 02:46:51.777418,11073,0
UChXOhG9bRDb3vSTg-qkPAZg,Gweilo-60,2019-03-05 02:45:51.771608,11073,0
UChXOhG9bRDb3vSTg-qkPAZg,Gweilo-60,2019-03-05 02:44:51.344949,11073,0
UChXOhG9bRDb3vSTg-qkPAZg,Gweilo-60,2019-03-05 02:43:51.460379,11073,0
UChXOhG9bRDb3vSTg-qkPAZg,Gweilo-60,2019-03-05 02:42:51.729704,11073,0
UChXOhG9bRDb3vSTg-qkPAZg,Gweilo-60,2019-03-05 02:41:51.456745,11073,0
UChXOhG9bRDb3vSTg-qkPAZg,Gweilo-60,2019-03-05 02:40:51.19022,11073,0
UChXOhG9bRDb3vSTg-qkPAZg,Gweilo-60,2019-03-05 02:39:51.38055,11073,0
UChXOhG9bRDb3vSTg-qkPAZg,Gweilo-60,2019-03-05 02:38:51.53335,11073,0
UChXOhG9bRDb3vSTg-qkPAZg,Gweilo-60,2019-03-05 02:37:51.817274,11073,0
UChXOhG9bRDb3vSTg-qkPAZg,Gweilo-60,2019-03-05 02:36:51.143806,11073,0
UChXOhG9bRDb3vSTg-qkPAZg,Gweilo-60,2019-03-05 02:35:51.56978,11073,0
UChXOhG9bRDb3vSTg-qkPAZg,Gweilo-60,2019-03-05 02:34:51.405693,11073,0
UChXOhG9bRDb3vSTg-qkPAZg,Gweilo-60,2019-03-05 02:33:51.27782,11073,0
UChXOhG9bRDb3vSTg-qkPAZg,Gweilo-60,2019-03-05 02:32:51.406356,11073,0
UChXOhG9bRDb3vSTg-qkPAZg,Gweilo-60,2019-03-05 02:31:51.126172,11073,0
UChXOhG9bRDb3vSTg-qkPAZg,Gweilo-60,2019-03-05 02:30:51.891455,11073,0
UChXOhG9bRDb3vSTg-qkPAZg,Gweilo-60,2019-03-05 02:29:51.527693,11073,0
UChXOhG9bRDb3vSTg-qkPAZg,Gweilo-60,2019-03-05 02:28:52.030199,11073,0
UChXOhG9bRDb3vSTg-qkPAZg,Gweilo-60,2019-03-05 02:27:51.249691,11073,0
UChXOhG9bRDb3vSTg-qkPAZg,Gweilo-60,2019-03-05 02:26:51.57166,11073,0
UChXOhG9bRDb3vSTg-qkPAZg,Gweilo-60,2019-03-05 02:25:52.330286,11073,0
UChXOhG9bRDb3vSTg-qkPAZg,Gweilo-60,2019-03-05 02:24:52.457894,11073,0
UChXOhG9bRDb3vSTg-qkPAZg,Gweilo-60,2019-03-05 02:23:51.850743,11073,0
UChXOhG9bRDb3vSTg-qkPAZg,Gweilo-60,2019-03-05 02:22:51.551075,11073,0
UChXOhG9bRDb3vSTg-qkPAZg,Gweilo-60,2019-03-05 02:21:51.464657,11073,0
UChXOhG9bRDb3vSTg-qkPAZg,Gweilo-60,2019-03-05 02:20:51.417255,11073,0
UChXOhG9bRDb3vSTg-qkPAZg,Gweilo-60,2019-03-05 02:19:51.438264,11073,0
UChXOhG9bRDb3vSTg-qkPAZg,Gweilo-60,2019-03-05 02:18:51.428161,11073,0
UChXOhG9bRDb3vSTg-qkPAZg,Gweilo-60,2019-03-05 02:17:51.222697,11073,0
UChXOhG9bRDb3vSTg-qkPAZg,Gweilo-60,2019-03-05 02:16:51.302392,11073,0
UChXOhG9bRDb3vSTg-qkPAZg,Gweilo-60,2019-03-05 02:15:51.127076,11073,0
UChXOhG9bRDb3vSTg-qkPAZg,Gweilo-60,2019-03-05 02:14:51.721823,11073,0
UChXOhG9bRDb3vSTg-qkPAZg,Gweilo-60,2019-03-05 02:13:51.423895,11073,0
UChXOhG9bRDb3vSTg-qkPAZg,Gweilo-60,2019-03-05 02:12:51.545954,11073,0
UChXOhG9bRDb3vSTg-qkPAZg,Gweilo-60,2019-03-05 02:11:51.926092,11073,0
UChXOhG9bRDb3vSTg-qkPAZg,Gweilo-60,2019-03-05 02:10:51.446296,11073,0
UChXOhG9bRDb3vSTg-qkPAZg,Gweilo-60,2019-03-05 02:09:51.235209,11073,0
UChXOhG9bRDb3vSTg-qkPAZg,Gweilo-60,2019-03-05 02:08:51.281514,11073,0
UChXOhG9bRDb3vSTg-qkPAZg,Gweilo-60,2019-03-05 02:07:51.92557,11073,0
UChXOhG9bRDb3vSTg-qkPAZg,Gweilo-60,2019-03-05 02:06:51.794735,11073,0
UChXOhG9bRDb3vSTg-qkPAZg,Gweilo-60,2019-03-05 02:05:52.661307,11073,0
UChXOhG9bRDb3vSTg-qkPAZg,Gweilo-60,2019-03-05 02:04:51.643994,11073,0
UChXOhG9bRDb3vSTg-qkPAZg,Gweilo-60,2019-03-05 02:03:51.487667,11073,0
UChXOhG9bRDb3vSTg-qkPAZg,Gweilo-60,2019-03-05 02:02:51.823147,11073,0
UChXOhG9bRDb3vSTg-qkPAZg,Gweilo-60,2019-03-05 02:01:51.283398,11073,0
UChXOhG9bRDb3vSTg-qkPAZg,Gweilo-60,2019-03-05 02:00:51.321902,11073,0
UChXOhG9bRDb3vSTg-qkPAZg,Gweilo-60,2019-03-05 01:59:51.647531,11073,0
UChXOhG9bRDb3vSTg-qkPAZg,Gweilo-60,2019-03-05 01:58:51.176852,11073,0
UChXOhG9bRDb3vSTg-qkPAZg,Gweilo-60,2019-03-05 01:57:51.467924,11073,0
UChXOhG9bRDb3vSTg-qkPAZg,Gweilo-60,2019-03-05 01:56:51.031097,11073,0
UChXOhG9bRDb3vSTg-qkPAZg,Gweilo-60,2019-03-05 01:55:51.424243,11073,0
UChXOhG9bRDb3vSTg-qkPAZg,Gweilo-60,2019-03-05 01:54:51.230839,11073,0
UChXOhG9bRDb3vSTg-qkPAZg,Gweilo-60,2019-03-05 01:53:51.138218,11073,0
UChXOhG9bRDb3vSTg-qkPAZg,Gweilo-60,2019-03-05 01:52:51.475251,11073,0
UChXOhG9bRDb3vSTg-qkPAZg,Gweilo-60,2019-03-05 01:51:51.400432,11073,0
UChXOhG9bRDb3vSTg-qkPAZg,Gweilo-60,2019-03-05 01:50:51.621865,11073,0
UChXOhG9bRDb3vSTg-qkPAZg,Gweilo-60,2019-03-05 01:49:52.006954,11073,0
UChXOhG9bRDb3vSTg-qkPAZg,Gweilo-60,2019-03-05 01:48:51.302626,11073,0
UChXOhG9bRDb3vSTg-qkPAZg,Gweilo-60,2019-03-05 01:47:51.545279,11073,0
UChXOhG9bRDb3vSTg-qkPAZg,Gweilo-60,2019-03-05 01:46:51.217978,11073,0
UChXOhG9bRDb3vSTg-qkPAZg,Gweilo-60,2019-03-05 01:45:51.213025,11073,0
UChXOhG9bRDb3vSTg-qkPAZg,Gweilo-60,2019-03-05 01:44:51.015595,11073,0
UChXOhG9bRDb3vSTg-qkPAZg,Gweilo-60,2019-03-05 01:43:51.056832,11073,0
UChXOhG9bRDb3vSTg-qkPAZg,Gweilo-60,2019-03-05 01:42:51.727432,11073,0
UChXOhG9bRDb3vSTg-qkPAZg,Gweilo-60,2019-03-05 01:41:51.661639,11073,0
UChXOhG9bRDb3vSTg-qkPAZg,Gweilo-60,2019-03-05 01:40:51.727492,11073,0
UChXOhG9bRDb3vSTg-qkPAZg,Gweilo-60,2019-03-05 01:39:51.278972,11073,0
UChXOhG9bRDb3vSTg-qkPAZg,Gweilo-60,2019-03-05 01:38:51.035075,11073,0
UChXOhG9bRDb3vSTg-qkPAZg,Gweilo-60,2019-03-05 01:37:51.456035,11073,0
UChXOhG9bRDb3vSTg-qkPAZg,Gweilo-60,2019-03-05 01:36:51.087733,11073,0
UChXOhG9bRDb3vSTg-qkPAZg,Gweilo-60,2019-03-05 01:35:51.112655,11073,0
UChXOhG9bRDb3vSTg-qkPAZg,Gweilo-60,2019-03-05 01:34:51.169904,11073,0
UChXOhG9bRDb3vSTg-qkPAZg,Gweilo-60,2019-03-05 01:33:51.170468,11073,0
UChXOhG9bRDb3vSTg-qkPAZg,Gweilo-60,2019-03-05 01:32:50.959101,11073,0
UChXOhG9bRDb3vSTg-qkPAZg,Gweilo-60,2019-03-05 01:31:51.866247,11073,0
UChXOhG9bRDb3vSTg-qkPAZg,Gweilo-60,2019-03-05 01:30:51.430273,11073,0
UChXOhG9bRDb3vSTg-qkPAZg,Gweilo-60,2019-03-05 01:29:52.623494,11073,0
UChXOhG9bRDb3vSTg-qkPAZg,Gweilo-60,2019-03-05 01:28:51.011966,11073,0
UChXOhG9bRDb3vSTg-qkPAZg,Gweilo-60,2019-03-05 01:27:51.671464,11073,0
UChXOhG9bRDb3vSTg-qkPAZg,Gweilo-60,2019-03-05 01:26:51.168976,11073,0
UChXOhG9bRDb3vSTg-qkPAZg,Gweilo-60,2019-03-05 01:25:51.425177,11073,0
UChXOhG9bRDb3vSTg-qkPAZg,Gweilo-60,2019-03-05 01:24:51.100827,11073,0
UChXOhG9bRDb3vSTg-qkPAZg,Gweilo-60,2019-03-05 01:23:52.573228,11073,0
UChXOhG9bRDb3vSTg-qkPAZg,Gweilo-60,2019-03-05 01:22:51.41116,11073,0
UChXOhG9bRDb3vSTg-qkPAZg,Gweilo-60,2019-03-05 01:21:51.079131,11073,1
UChXOhG9bRDb3vSTg-qkPAZg,Gweilo-60,2019-03-05 01:20:51.019368,11072,0
UChXOhG9bRDb3vSTg-qkPAZg,Gweilo-60,2019-03-05 01:19:51.778211,11072,0
UChXOhG9bRDb3vSTg-qkPAZg,Gweilo-60,2019-03-05 01:18:51.054517,11072,0
UChXOhG9bRDb3vSTg-qkPAZg,Gweilo-60,2019-03-05 01:17:50.972214,11072,0
UChXOhG9bRDb3vSTg-qkPAZg,Gweilo-60,2019-03-05 01:16:51.286953,11072,0
UChXOhG9bRDb3vSTg-qkPAZg,Gweilo-60,2019-03-05 01:15:50.747936,11072,0
UChXOhG9bRDb3vSTg-qkPAZg,Gweilo-60,2019-03-05 01:14:50.908694,11072,0
UChXOhG9bRDb3vSTg-qkPAZg,Gweilo-60,2019-03-05 01:13:51.570815,11072,0
UChXOhG9bRDb3vSTg-qkPAZg,Gweilo-60,2019-03-05 01:12:51.095358,11072,0
UChXOhG9bRDb3vSTg-qkPAZg,Gweilo-60,2019-03-05 01:11:51.177728,11072,0
UChXOhG9bRDb3vSTg-qkPAZg,Gweilo-60,2019-03-05 01:10:51.562358,11072,0
UChXOhG9bRDb3vSTg-qkPAZg,Gweilo-60,2019-03-05 01:09:52.04442,11072,0
UChXOhG9bRDb3vSTg-qkPAZg,Gweilo-60,2019-03-05 01:08:51.533825,11072,0
UChXOhG9bRDb3vSTg-qkPAZg,Gweilo-60,2019-03-05 01:07:50.748248,11072,0
UChXOhG9bRDb3vSTg-qkPAZg,Gweilo-60,2019-03-05 01:06:51.550047,11072,0
UChXOhG9bRDb3vSTg-qkPAZg,Gweilo-60,2019-03-05 01:05:51.927218,11072,0
UChXOhG9bRDb3vSTg-qkPAZg,Gweilo-60,2019-03-05 01:04:51.24548,11072,0
UChXOhG9bRDb3vSTg-qkPAZg,Gweilo-60,2019-03-05 01:03:51.705464,11072,0
UChXOhG9bRDb3vSTg-qkPAZg,Gweilo-60,2019-03-05 01:02:51.140584,11072,0
UChXOhG9bRDb3vSTg-qkPAZg,Gweilo-60,2019-03-05 01:01:51.032175,11072,0
UChXOhG9bRDb3vSTg-qkPAZg,Gweilo-60,2019-03-05 01:00:51.640238,11072,0
UChXOhG9bRDb3vSTg-qkPAZg,Gweilo-60,2019-03-05 00:59:51.005922,11072,0
UChXOhG9bRDb3vSTg-qkPAZg,Gweilo-60,2019-03-05 00:58:51.397464,11072,0
UChXOhG9bRDb3vSTg-qkPAZg,Gweilo-60,2019-03-05 00:57:51.648545,11072,0
UChXOhG9bRDb3vSTg-qkPAZg,Gweilo-60,2019-03-05 00:56:51.311452,11072,0
UChXOhG9bRDb3vSTg-qkPAZg,Gweilo-60,2019-03-05 00:55:51.432125,11072,0
UChXOhG9bRDb3vSTg-qkPAZg,Gweilo-60,2019-03-05 00:54:51.330157,11072,0
UChXOhG9bRDb3vSTg-qkPAZg,Gweilo-60,2019-03-05 00:53:51.151315,11072,0
UChXOhG9bRDb3vSTg-qkPAZg,Gweilo-60,2019-03-05 00:52:51.667373,11072,0
UChXOhG9bRDb3vSTg-qkPAZg,Gweilo-60,2019-03-05 00:51:51.269676,11072,0
UChXOhG9bRDb3vSTg-qkPAZg,Gweilo-60,2019-03-05 00:50:51.389234,11072,0
UChXOhG9bRDb3vSTg-qkPAZg,Gweilo-60,2019-03-05 00:49:51.520003,11072,0
UChXOhG9bRDb3vSTg-qkPAZg,Gweilo-60,2019-03-05 00:48:51.314305,11072,0
UChXOhG9bRDb3vSTg-qkPAZg,Gweilo-60,2019-03-05 00:47:51.922889,11072,0
UChXOhG9bRDb3vSTg-qkPAZg,Gweilo-60,2019-03-05 00:46:51.226806,11072,0
UChXOhG9bRDb3vSTg-qkPAZg,Gweilo-60,2019-03-05 00:45:51.364454,11072,0
UChXOhG9bRDb3vSTg-qkPAZg,Gweilo-60,2019-03-05 00:44:51.164429,11072,0
UChXOhG9bRDb3vSTg-qkPAZg,Gweilo-60,2019-03-05 00:43:51.051601,11072,0
UChXOhG9bRDb3vSTg-qkPAZg,Gweilo-60,2019-03-05 00:42:51.232857,11072,0
UChXOhG9bRDb3vSTg-qkPAZg,Gweilo-60,2019-03-05 00:41:51.077375,11072,0
UChXOhG9bRDb3vSTg-qkPAZg,Gweilo-60,2019-03-05 00:40:51.269334,11072,0
UChXOhG9bRDb3vSTg-qkPAZg,Gweilo-60,2019-03-05 00:39:50.985622,11072,0
UChXOhG9bRDb3vSTg-qkPAZg,Gweilo-60,2019-03-05 00:38:50.851089,11072,0
UChXOhG9bRDb3vSTg-qkPAZg,Gweilo-60,2019-03-05 00:37:51.629344,11072,0
UChXOhG9bRDb3vSTg-qkPAZg,Gweilo-60,2019-03-05 00:36:51.147665,11072,0
UChXOhG9bRDb3vSTg-qkPAZg,Gweilo-60,2019-03-05 00:35:50.703891,11072,0
UChXOhG9bRDb3vSTg-qkPAZg,Gweilo-60,2019-03-05 00:34:51.528554,11072,0
UChXOhG9bRDb3vSTg-qkPAZg,Gweilo-60,2019-03-05 00:33:51.066771,11072,0
UChXOhG9bRDb3vSTg-qkPAZg,Gweilo-60,2019-03-05 00:32:50.760492,11072,0
UChXOhG9bRDb3vSTg-qkPAZg,Gweilo-60,2019-03-05 00:31:51.293526,11072,0
UChXOhG9bRDb3vSTg-qkPAZg,Gweilo-60,2019-03-05 00:30:51.644507,11072,0
UChXOhG9bRDb3vSTg-qkPAZg,Gweilo-60,2019-03-05 00:29:51.752051,11072,0
UChXOhG9bRDb3vSTg-qkPAZg,Gweilo-60,2019-03-05 00:28:51.561861,11072,0
UChXOhG9bRDb3vSTg-qkPAZg,Gweilo-60,2019-03-05 00:27:51.795788,11072,0
UChXOhG9bRDb3vSTg-qkPAZg,Gweilo-60,2019-03-05 00:26:51.815571,11072,0
UChXOhG9bRDb3vSTg-qkPAZg,Gweilo-60,2019-03-05 00:25:52.376523,11072,0
UChXOhG9bRDb3vSTg-qkPAZg,Gweilo-60,2019-03-05 00:24:51.933051,11072,0
UChXOhG9bRDb3vSTg-qkPAZg,Gweilo-60,2019-03-05 00:23:51.491452,11072,0
UChXOhG9bRDb3vSTg-qkPAZg,Gweilo-60,2019-03-05 00:22:51.720703,11072,0
UChXOhG9bRDb3vSTg-qkPAZg,Gweilo-60,2019-03-05 00:21:51.374063,11072,0
UChXOhG9bRDb3vSTg-qkPAZg,Gweilo-60,2019-03-05 00:20:51.655039,11072,0
UChXOhG9bRDb3vSTg-qkPAZg,Gweilo-60,2019-03-05 00:19:51.800185,11072,0
UChXOhG9bRDb3vSTg-qkPAZg,Gweilo-60,2019-03-05 00:18:51.989947,11072,0
UChXOhG9bRDb3vSTg-qkPAZg,Gweilo-60,2019-03-05 00:17:51.945185,11072,0
UChXOhG9bRDb3vSTg-qkPAZg,Gweilo-60,2019-03-05 00:16:51.902944,11072,0
UChXOhG9bRDb3vSTg-qkPAZg,Gweilo-60,2019-03-05 00:15:51.613168,11072,0
UChXOhG9bRDb3vSTg-qkPAZg,Gweilo-60,2019-03-05 00:14:51.538357,11072,0
UChXOhG9bRDb3vSTg-qkPAZg,Gweilo-60,2019-03-05 00:13:51.677919,11072,0
UChXOhG9bRDb3vSTg-qkPAZg,Gweilo-60,2019-03-05 00:12:51.948832,11072,0
UChXOhG9bRDb3vSTg-qkPAZg,Gweilo-60,2019-03-05 00:11:51.559381,11072,0
UChXOhG9bRDb3vSTg-qkPAZg,Gweilo-60,2019-03-05 00:10:51.497201,11072,0
UChXOhG9bRDb3vSTg-qkPAZg,Gweilo-60,2019-03-05 00:09:51.272293,11072,0
UChXOhG9bRDb3vSTg-qkPAZg,Gweilo-60,2019-03-05 00:08:51.494723,11072,0
UChXOhG9bRDb3vSTg-qkPAZg,Gweilo-60,2019-03-05 00:07:51.630205,11072,0
UChXOhG9bRDb3vSTg-qkPAZg,Gweilo-60,2019-03-05 00:06:51.121394,11072,0
UChXOhG9bRDb3vSTg-qkPAZg,Gweilo-60,2019-03-05 00:05:50.974792,11072,0
UChXOhG9bRDb3vSTg-qkPAZg,Gweilo-60,2019-03-05 00:04:51.315383,11072,0
UChXOhG9bRDb3vSTg-qkPAZg,Gweilo-60,2019-03-05 00:03:52.192379,11072,0
UChXOhG9bRDb3vSTg-qkPAZg,Gweilo-60,2019-03-05 00:02:50.974591,11072,0
UChXOhG9bRDb3vSTg-qkPAZg,Gweilo-60,2019-03-05 00:01:51.386275,11072,0
UChXOhG9bRDb3vSTg-qkPAZg,Gweilo-60,2019-03-05 00:00:51.092449,11072,0
UChXOhG9bRDb3vSTg-qkPAZg,Gweilo-60,2019-03-04 23:59:50.865806,11072,0
UChXOhG9bRDb3vSTg-qkPAZg,Gweilo-60,2019-03-04 23:58:51.24605,11072,0
UChXOhG9bRDb3vSTg-qkPAZg,Gweilo-60,2019-03-04 23:57:51.490434,11072,0
UChXOhG9bRDb3vSTg-qkPAZg,Gweilo-60,2019-03-04 23:56:51.287937,11072,0
UChXOhG9bRDb3vSTg-qkPAZg,Gweilo-60,2019-03-04 23:55:51.045965,11072,0
UChXOhG9bRDb3vSTg-qkPAZg,Gweilo-60,2019-03-04 23:54:50.902038,11072,0
UChXOhG9bRDb3vSTg-qkPAZg,Gweilo-60,2019-03-04 23:53:51.014195,11072,0
UChXOhG9bRDb3vSTg-qkPAZg,Gweilo-60,2019-03-04 23:52:51.138238,11072,0
UChXOhG9bRDb3vSTg-qkPAZg,Gweilo-60,2019-03-04 23:51:51.255919,11072,0
UChXOhG9bRDb3vSTg-qkPAZg,Gweilo-60,2019-03-04 23:50:51.08827,11072,0
UChXOhG9bRDb3vSTg-qkPAZg,Gweilo-60,2019-03-04 23:49:51.02321,11072,0
UChXOhG9bRDb3vSTg-qkPAZg,Gweilo-60,2019-03-04 23:48:50.70773,11072,0
UChXOhG9bRDb3vSTg-qkPAZg,Gweilo-60,2019-03-04 23:47:51.497378,11072,0
UChXOhG9bRDb3vSTg-qkPAZg,Gweilo-60,2019-03-04 23:46:51.268326,11072,0
UChXOhG9bRDb3vSTg-qkPAZg,Gweilo-60,2019-03-04 23:45:51.717233,11072,0
UChXOhG9bRDb3vSTg-qkPAZg,Gweilo-60,2019-03-04 23:44:51.302767,11072,0
UChXOhG9bRDb3vSTg-qkPAZg,Gweilo-60,2019-03-04 23:43:51.4441,11072,0
UChXOhG9bRDb3vSTg-qkPAZg,Gweilo-60,2019-03-04 23:42:51.411511,11072,0
UChXOhG9bRDb3vSTg-qkPAZg,Gweilo-60,2019-03-04 23:41:52.797925,11072,0
UChXOhG9bRDb3vSTg-qkPAZg,Gweilo-60,2019-03-04 23:40:51.605349,11072,0
UChXOhG9bRDb3vSTg-qkPAZg,Gweilo-60,2019-03-04 23:39:51.124326,11072,0
UChXOhG9bRDb3vSTg-qkPAZg,Gweilo-60,2019-03-04 23:38:51.804289,11072,0
UChXOhG9bRDb3vSTg-qkPAZg,Gweilo-60,2019-03-04 23:37:51.674016,11072,0
UChXOhG9bRDb3vSTg-qkPAZg,Gweilo-60,2019-03-04 23:36:51.304718,11072,0
UChXOhG9bRDb3vSTg-qkPAZg,Gweilo-60,2019-03-04 23:35:51.403089,11072,0
UChXOhG9bRDb3vSTg-qkPAZg,Gweilo-60,2019-03-04 23:34:51.219035,11072,0
UChXOhG9bRDb3vSTg-qkPAZg,Gweilo-60,2019-03-04 23:33:51.410112,11072,0
UChXOhG9bRDb3vSTg-qkPAZg,Gweilo-60,2019-03-04 23:32:51.403327,11072,0
UChXOhG9bRDb3vSTg-qkPAZg,Gweilo-60,2019-03-04 23:31:51.633053,11072,0
UChXOhG9bRDb3vSTg-qkPAZg,Gweilo-60,2019-03-04 23:30:51.039094,11072,0
UChXOhG9bRDb3vSTg-qkPAZg,Gweilo-60,2019-03-04 23:29:51.206201,11072,0
UChXOhG9bRDb3vSTg-qkPAZg,Gweilo-60,2019-03-04 23:28:51.08049,11072,0
UChXOhG9bRDb3vSTg-qkPAZg,Gweilo-60,2019-03-04 23:27:51.072558,11072,0
UChXOhG9bRDb3vSTg-qkPAZg,Gweilo-60,2019-03-04 23:26:51.265462,11072,0
UChXOhG9bRDb3vSTg-qkPAZg,Gweilo-60,2019-03-04 23:25:51.353594,11072,0
UChXOhG9bRDb3vSTg-qkPAZg,Gweilo-60,2019-03-04 23:24:51.681974,11072,0
UChXOhG9bRDb3vSTg-qkPAZg,Gweilo-60,2019-03-04 23:23:51.379681,11072,0
UChXOhG9bRDb3vSTg-qkPAZg,Gweilo-60,2019-03-04 23:22:51.503258,11072,0
UChXOhG9bRDb3vSTg-qkPAZg,Gweilo-60,2019-03-04 23:21:51.33428,11072,0
UChXOhG9bRDb3vSTg-qkPAZg,Gweilo-60,2019-03-04 23:20:51.470338,11072,0
UChXOhG9bRDb3vSTg-qkPAZg,Gweilo-60,2019-03-04 23:19:50.804694,11072,0
UChXOhG9bRDb3vSTg-qkPAZg,Gweilo-60,2019-03-04 23:18:51.620006,11072,0
UChXOhG9bRDb3vSTg-qkPAZg,Gweilo-60,2019-03-04 23:17:50.802596,11072,0
UChXOhG9bRDb3vSTg-qkPAZg,Gweilo-60,2019-03-04 23:16:51.208466,11072,0
UChXOhG9bRDb3vSTg-qkPAZg,Gweilo-60,2019-03-04 23:15:51.261849,11072,0
UChXOhG9bRDb3vSTg-qkPAZg,Gweilo-60,2019-03-04 23:14:51.318269,11072,0
UChXOhG9bRDb3vSTg-qkPAZg,Gweilo-60,2019-03-04 23:13:51.044986,11072,0
UChXOhG9bRDb3vSTg-qkPAZg,Gweilo-60,2019-03-04 23:12:51.714131,11072,0
UChXOhG9bRDb3vSTg-qkPAZg,Gweilo-60,2019-03-04 23:11:52.109855,11072,0
UChXOhG9bRDb3vSTg-qkPAZg,Gweilo-60,2019-03-04 23:10:52.554214,11072,0
UChXOhG9bRDb3vSTg-qkPAZg,Gweilo-60,2019-03-04 23:09:50.824134,11072,0
UChXOhG9bRDb3vSTg-qkPAZg,Gweilo-60,2019-03-04 23:08:51.295325,11072,0
UChXOhG9bRDb3vSTg-qkPAZg,Gweilo-60,2019-03-04 23:07:51.107416,11072,0
UChXOhG9bRDb3vSTg-qkPAZg,Gweilo-60,2019-03-04 23:06:50.997348,11072,0
UChXOhG9bRDb3vSTg-qkPAZg,Gweilo-60,2019-03-04 23:05:51.030671,11072,0
UChXOhG9bRDb3vSTg-qkPAZg,Gweilo-60,2019-03-04 23:04:51.484418,11072,0
UChXOhG9bRDb3vSTg-qkPAZg,Gweilo-60,2019-03-04 23:03:51.024038,11072,0
UChXOhG9bRDb3vSTg-qkPAZg,Gweilo-60,2019-03-04 23:02:51.50527,11072,0
UChXOhG9bRDb3vSTg-qkPAZg,Gweilo-60,2019-03-04 23:01:51.468493,11072,0
UChXOhG9bRDb3vSTg-qkPAZg,Gweilo-60,2019-03-04 23:00:51.350182,11072,0
UChXOhG9bRDb3vSTg-qkPAZg,Gweilo-60,2019-03-04 22:59:51.539072,11072,0
UChXOhG9bRDb3vSTg-qkPAZg,Gweilo-60,2019-03-04 22:58:51.25686,11072,0
UChXOhG9bRDb3vSTg-qkPAZg,Gweilo-60,2019-03-04 22:57:51.073301,11072,0
UChXOhG9bRDb3vSTg-qkPAZg,Gweilo-60,2019-03-04 22:56:51.136953,11072,0
UChXOhG9bRDb3vSTg-qkPAZg,Gweilo-60,2019-03-04 22:55:51.54286,11072,0
UChXOhG9bRDb3vSTg-qkPAZg,Gweilo-60,2019-03-04 22:54:52.970867,11072,0
UChXOhG9bRDb3vSTg-qkPAZg,Gweilo-60,2019-03-04 22:53:52.025417,11072,0
UChXOhG9bRDb3vSTg-qkPAZg,Gweilo-60,2019-03-04 22:52:51.229601,11072,0
UChXOhG9bRDb3vSTg-qkPAZg,Gweilo-60,2019-03-04 22:51:51.477758,11072,0
UChXOhG9bRDb3vSTg-qkPAZg,Gweilo-60,2019-03-04 22:50:51.283323,11072,0
UChXOhG9bRDb3vSTg-qkPAZg,Gweilo-60,2019-03-04 22:49:51.206172,11072,0
UChXOhG9bRDb3vSTg-qkPAZg,Gweilo-60,2019-03-04 22:48:51.18398,11072,0
UChXOhG9bRDb3vSTg-qkPAZg,Gweilo-60,2019-03-04 22:47:52.024864,11072,0
UChXOhG9bRDb3vSTg-qkPAZg,Gweilo-60,2019-03-04 22:46:51.15632,11072,0
UChXOhG9bRDb3vSTg-qkPAZg,Gweilo-60,2019-03-04 22:45:55.187111,11072,0
UChXOhG9bRDb3vSTg-qkPAZg,Gweilo-60,2019-03-04 22:44:51.298333,11072,0
UChXOhG9bRDb3vSTg-qkPAZg,Gweilo-60,2019-03-04 22:43:51.538783,11072,0
UChXOhG9bRDb3vSTg-qkPAZg,Gweilo-60,2019-03-04 22:42:51.282356,11072,0
UChXOhG9bRDb3vSTg-qkPAZg,Gweilo-60,2019-03-04 22:41:51.573604,11072,0
UChXOhG9bRDb3vSTg-qkPAZg,Gweilo-60,2019-03-04 22:40:52.195951,11072,0
UChXOhG9bRDb3vSTg-qkPAZg,Gweilo-60,2019-03-04 22:39:51.272832,11072,0
UChXOhG9bRDb3vSTg-qkPAZg,Gweilo-60,2019-03-04 22:38:51.245503,11072,0
UChXOhG9bRDb3vSTg-qkPAZg,Gweilo-60,2019-03-04 22:37:51.569377,11072,0
UChXOhG9bRDb3vSTg-qkPAZg,Gweilo-60,2019-03-04 22:36:51.472737,11072,0
UChXOhG9bRDb3vSTg-qkPAZg,Gweilo-60,2019-03-04 22:35:51.64673,11072,0
UChXOhG9bRDb3vSTg-qkPAZg,Gweilo-60,2019-03-04 22:34:51.600613,11072,0
UChXOhG9bRDb3vSTg-qkPAZg,Gweilo-60,2019-03-04 22:33:51.267934,11072,0
UChXOhG9bRDb3vSTg-qkPAZg,Gweilo-60,2019-03-04 22:32:51.607385,11072,0
UChXOhG9bRDb3vSTg-qkPAZg,Gweilo-60,2019-03-04 22:31:51.533159,11072,0
UChXOhG9bRDb3vSTg-qkPAZg,Gweilo-60,2019-03-04 22:30:51.360945,11072,0
UChXOhG9bRDb3vSTg-qkPAZg,Gweilo-60,2019-03-04 22:29:51.450526,11072,0
UChXOhG9bRDb3vSTg-qkPAZg,Gweilo-60,2019-03-04 22:28:51.968458,11072,0
UChXOhG9bRDb3vSTg-qkPAZg,Gweilo-60,2019-03-04 22:27:51.747646,11072,0
UChXOhG9bRDb3vSTg-qkPAZg,Gweilo-60,2019-03-04 22:26:51.750293,11072,0
UChXOhG9bRDb3vSTg-qkPAZg,Gweilo-60,2019-03-04 22:25:51.434201,11072,0
UChXOhG9bRDb3vSTg-qkPAZg,Gweilo-60,2019-03-04 22:24:52.068495,11072,0
UChXOhG9bRDb3vSTg-qkPAZg,Gweilo-60,2019-03-04 22:23:51.823236,11072,0
UChXOhG9bRDb3vSTg-qkPAZg,Gweilo-60,2019-03-04 22:22:51.587671,11072,0
UChXOhG9bRDb3vSTg-qkPAZg,Gweilo-60,2019-03-04 22:21:52.065344,11072,0
UChXOhG9bRDb3vSTg-qkPAZg,Gweilo-60,2019-03-04 22:20:51.807177,11072,0
UChXOhG9bRDb3vSTg-qkPAZg,Gweilo-60,2019-03-04 22:19:52.410837,11072,0
UChXOhG9bRDb3vSTg-qkPAZg,Gweilo-60,2019-03-04 22:18:51.684771,11072,0
UChXOhG9bRDb3vSTg-qkPAZg,Gweilo-60,2019-03-04 22:17:52.00753,11072,0
UChXOhG9bRDb3vSTg-qkPAZg,Gweilo-60,2019-03-04 22:16:51.575435,11072,0
UChXOhG9bRDb3vSTg-qkPAZg,Gweilo-60,2019-03-04 22:15:51.599627,11072,0
UChXOhG9bRDb3vSTg-qkPAZg,Gweilo-60,2019-03-04 22:14:52.438314,11072,0
UChXOhG9bRDb3vSTg-qkPAZg,Gweilo-60,2019-03-04 22:13:52.127077,11072,0
UChXOhG9bRDb3vSTg-qkPAZg,Gweilo-60,2019-03-04 22:12:51.304744,11072,0
UChXOhG9bRDb3vSTg-qkPAZg,Gweilo-60,2019-03-04 22:11:51.927555,11072,0
UChXOhG9bRDb3vSTg-qkPAZg,Gweilo-60,2019-03-04 22:10:51.626061,11072,0
UChXOhG9bRDb3vSTg-qkPAZg,Gweilo-60,2019-03-04 22:09:52.148815,11072,0
UChXOhG9bRDb3vSTg-qkPAZg,Gweilo-60,2019-03-04 22:08:52.476135,11072,0
UChXOhG9bRDb3vSTg-qkPAZg,Gweilo-60,2019-03-04 22:07:51.616902,11072,0
UChXOhG9bRDb3vSTg-qkPAZg,Gweilo-60,2019-03-04 22:06:51.775784,11072,1
UChXOhG9bRDb3vSTg-qkPAZg,Gweilo-60,2019-03-04 22:05:51.49636,11071,0
UChXOhG9bRDb3vSTg-qkPAZg,Gweilo-60,2019-03-04 22:04:51.833223,11071,0
UChXOhG9bRDb3vSTg-qkPAZg,Gweilo-60,2019-03-04 22:03:51.21075,11071,0
UChXOhG9bRDb3vSTg-qkPAZg,Gweilo-60,2019-03-04 22:02:51.433477,11071,0
UChXOhG9bRDb3vSTg-qkPAZg,Gweilo-60,2019-03-04 22:01:51.363029,11071,0
UChXOhG9bRDb3vSTg-qkPAZg,Gweilo-60,2019-03-04 22:00:52.449171,11071,0
UChXOhG9bRDb3vSTg-qkPAZg,Gweilo-60,2019-03-04 21:59:51.454778,11071,0
UChXOhG9bRDb3vSTg-qkPAZg,Gweilo-60,2019-03-04 21:58:52.137215,11071,0
UChXOhG9bRDb3vSTg-qkPAZg,Gweilo-60,2019-03-04 21:57:51.621957,11071,0
UChXOhG9bRDb3vSTg-qkPAZg,Gweilo-60,2019-03-04 21:56:51.407628,11071,0
UChXOhG9bRDb3vSTg-qkPAZg,Gweilo-60,2019-03-04 21:55:51.633825,11071,0
UChXOhG9bRDb3vSTg-qkPAZg,Gweilo-60,2019-03-04 21:54:51.570736,11071,0
UChXOhG9bRDb3vSTg-qkPAZg,Gweilo-60,2019-03-04 21:53:51.9834,11071,0
UChXOhG9bRDb3vSTg-qkPAZg,Gweilo-60,2019-03-04 21:52:51.196605,11071,0
UChXOhG9bRDb3vSTg-qkPAZg,Gweilo-60,2019-03-04 21:51:51.878789,11071,0
UChXOhG9bRDb3vSTg-qkPAZg,Gweilo-60,2019-03-04 21:50:51.36697,11071,0
UChXOhG9bRDb3vSTg-qkPAZg,Gweilo-60,2019-03-04 21:49:51.662816,11071,0
UChXOhG9bRDb3vSTg-qkPAZg,Gweilo-60,2019-03-04 21:48:51.939317,11071,0
UChXOhG9bRDb3vSTg-qkPAZg,Gweilo-60,2019-03-04 21:47:51.894544,11071,0
UChXOhG9bRDb3vSTg-qkPAZg,Gweilo-60,2019-03-04 21:46:51.595066,11071,0
UChXOhG9bRDb3vSTg-qkPAZg,Gweilo-60,2019-03-04 21:45:52.571226,11071,0
UChXOhG9bRDb3vSTg-qkPAZg,Gweilo-60,2019-03-04 21:44:51.735406,11071,0
UChXOhG9bRDb3vSTg-qkPAZg,Gweilo-60,2019-03-04 21:43:51.21484,11071,0
UChXOhG9bRDb3vSTg-qkPAZg,Gweilo-60,2019-03-04 21:42:51.697919,11071,0
UChXOhG9bRDb3vSTg-qkPAZg,Gweilo-60,2019-03-04 21:41:51.572249,11071,0
UChXOhG9bRDb3vSTg-qkPAZg,Gweilo-60,2019-03-04 21:40:51.694216,11071,0
UChXOhG9bRDb3vSTg-qkPAZg,Gweilo-60,2019-03-04 21:39:51.613595,11071,0
UChXOhG9bRDb3vSTg-qkPAZg,Gweilo-60,2019-03-04 21:38:52.374406,11071,0
UChXOhG9bRDb3vSTg-qkPAZg,Gweilo-60,2019-03-04 21:37:51.723786,11071,0
UChXOhG9bRDb3vSTg-qkPAZg,Gweilo-60,2019-03-04 21:36:51.33027,11071,0
UChXOhG9bRDb3vSTg-qkPAZg,Gweilo-60,2019-03-04 21:35:51.437605,11071,0
UChXOhG9bRDb3vSTg-qkPAZg,Gweilo-60,2019-03-04 21:34:51.646107,11071,0
UChXOhG9bRDb3vSTg-qkPAZg,Gweilo-60,2019-03-04 21:33:52.076066,11071,0
UChXOhG9bRDb3vSTg-qkPAZg,Gweilo-60,2019-03-04 21:32:51.49698,11071,0
UChXOhG9bRDb3vSTg-qkPAZg,Gweilo-60,2019-03-04 21:31:51.589401,11071,0
UChXOhG9bRDb3vSTg-qkPAZg,Gweilo-60,2019-03-04 21:30:51.460844,11071,0
UChXOhG9bRDb3vSTg-qkPAZg,Gweilo-60,2019-03-04 21:29:51.62695,11071,0
UChXOhG9bRDb3vSTg-qkPAZg,Gweilo-60,2019-03-04 21:28:51.968257,11071,0
UChXOhG9bRDb3vSTg-qkPAZg,Gweilo-60,2019-03-04 21:27:51.416447,11071,0
UChXOhG9bRDb3vSTg-qkPAZg,Gweilo-60,2019-03-04 21:26:52.032617,11071,0
UChXOhG9bRDb3vSTg-qkPAZg,Gweilo-60,2019-03-04 21:25:51.410212,11071,0
UChXOhG9bRDb3vSTg-qkPAZg,Gweilo-60,2019-03-04 21:24:51.405077,11071,0
UChXOhG9bRDb3vSTg-qkPAZg,Gweilo-60,2019-03-04 21:23:51.77338,11071,-1
UChXOhG9bRDb3vSTg-qkPAZg,Gweilo-60,2019-03-04 21:22:51.415465,11072,0
UChXOhG9bRDb3vSTg-qkPAZg,Gweilo-60,2019-03-04 21:21:51.407546,11072,0
UChXOhG9bRDb3vSTg-qkPAZg,Gweilo-60,2019-03-04 21:20:51.862217,11072,0
UChXOhG9bRDb3vSTg-qkPAZg,Gweilo-60,2019-03-04 21:19:51.375658,11072,0
UChXOhG9bRDb3vSTg-qkPAZg,Gweilo-60,2019-03-04 21:18:51.757324,11072,0
UChXOhG9bRDb3vSTg-qkPAZg,Gweilo-60,2019-03-04 21:17:52.105662,11072,0
UChXOhG9bRDb3vSTg-qkPAZg,Gweilo-60,2019-03-04 21:16:51.392467,11072,0
UChXOhG9bRDb3vSTg-qkPAZg,Gweilo-60,2019-03-04 21:15:51.435035,11072,0
UChXOhG9bRDb3vSTg-qkPAZg,Gweilo-60,2019-03-04 21:14:51.942817,11072,0
UChXOhG9bRDb3vSTg-qkPAZg,Gweilo-60,2019-03-04 21:13:51.569311,11072,0
UChXOhG9bRDb3vSTg-qkPAZg,Gweilo-60,2019-03-04 21:12:51.743434,11072,0
UChXOhG9bRDb3vSTg-qkPAZg,Gweilo-60,2019-03-04 21:11:51.464737,11072,0
UChXOhG9bRDb3vSTg-qkPAZg,Gweilo-60,2019-03-04 21:10:51.663049,11072,0
UChXOhG9bRDb3vSTg-qkPAZg,Gweilo-60,2019-03-04 21:09:51.852696,11072,0
UChXOhG9bRDb3vSTg-qkPAZg,Gweilo-60,2019-03-04 21:08:51.190196,11072,0
UChXOhG9bRDb3vSTg-qkPAZg,Gweilo-60,2019-03-04 21:07:52.364252,11072,0
UChXOhG9bRDb3vSTg-qkPAZg,Gweilo-60,2019-03-04 21:06:51.898674,11072,0
UChXOhG9bRDb3vSTg-qkPAZg,Gweilo-60,2019-03-04 21:05:52.646773,11072,0
UChXOhG9bRDb3vSTg-qkPAZg,Gweilo-60,2019-03-04 21:04:51.55313,11072,0
UChXOhG9bRDb3vSTg-qkPAZg,Gweilo-60,2019-03-04 21:03:51.822674,11072,0
UChXOhG9bRDb3vSTg-qkPAZg,Gweilo-60,2019-03-04 21:02:51.701719,11072,0
UChXOhG9bRDb3vSTg-qkPAZg,Gweilo-60,2019-03-04 21:01:52.208381,11072,0
UChXOhG9bRDb3vSTg-qkPAZg,Gweilo-60,2019-03-04 21:00:51.342967,11072,0
UChXOhG9bRDb3vSTg-qkPAZg,Gweilo-60,2019-03-04 20:59:51.37544,11072,0
UChXOhG9bRDb3vSTg-qkPAZg,Gweilo-60,2019-03-04 20:58:52.090782,11072,0
UChXOhG9bRDb3vSTg-qkPAZg,Gweilo-60,2019-03-04 20:57:51.500741,11072,0
UChXOhG9bRDb3vSTg-qkPAZg,Gweilo-60,2019-03-04 20:56:51.606841,11072,0
UChXOhG9bRDb3vSTg-qkPAZg,Gweilo-60,2019-03-04 20:55:51.428239,11072,0
UChXOhG9bRDb3vSTg-qkPAZg,Gweilo-60,2019-03-04 20:54:51.864071,11072,0
UChXOhG9bRDb3vSTg-qkPAZg,Gweilo-60,2019-03-04 20:53:51.554225,11072,0
UChXOhG9bRDb3vSTg-qkPAZg,Gweilo-60,2019-03-04 20:52:51.487889,11072,0
UChXOhG9bRDb3vSTg-qkPAZg,Gweilo-60,2019-03-04 20:51:51.808271,11072,0
UChXOhG9bRDb3vSTg-qkPAZg,Gweilo-60,2019-03-04 20:50:51.54806,11072,0
UChXOhG9bRDb3vSTg-qkPAZg,Gweilo-60,2019-03-04 20:49:51.463898,11072,0
UChXOhG9bRDb3vSTg-qkPAZg,Gweilo-60,2019-03-04 20:48:51.496717,11072,0
UChXOhG9bRDb3vSTg-qkPAZg,Gweilo-60,2019-03-04 20:47:51.748246,11072,0
UChXOhG9bRDb3vSTg-qkPAZg,Gweilo-60,2019-03-04 20:46:51.170492,11072,0
UChXOhG9bRDb3vSTg-qkPAZg,Gweilo-60,2019-03-04 20:45:51.704857,11072,0
UChXOhG9bRDb3vSTg-qkPAZg,Gweilo-60,2019-03-04 20:44:51.469425,11072,0
UChXOhG9bRDb3vSTg-qkPAZg,Gweilo-60,2019-03-04 20:43:51.649747,11072,0
UChXOhG9bRDb3vSTg-qkPAZg,Gweilo-60,2019-03-04 20:42:51.409053,11072,0
UChXOhG9bRDb3vSTg-qkPAZg,Gweilo-60,2019-03-04 20:41:51.683143,11072,0
UChXOhG9bRDb3vSTg-qkPAZg,Gweilo-60,2019-03-04 20:40:51.816519,11072,0
UChXOhG9bRDb3vSTg-qkPAZg,Gweilo-60,2019-03-04 20:39:51.701764,11072,0
UChXOhG9bRDb3vSTg-qkPAZg,Gweilo-60,2019-03-04 20:38:51.5664,11072,0
UChXOhG9bRDb3vSTg-qkPAZg,Gweilo-60,2019-03-04 20:37:51.431773,11072,0
UChXOhG9bRDb3vSTg-qkPAZg,Gweilo-60,2019-03-04 20:36:51.08802,11072,0
UChXOhG9bRDb3vSTg-qkPAZg,Gweilo-60,2019-03-04 20:35:51.401895,11072,0
UChXOhG9bRDb3vSTg-qkPAZg,Gweilo-60,2019-03-04 20:34:51.988113,11072,0
UChXOhG9bRDb3vSTg-qkPAZg,Gweilo-60,2019-03-04 20:33:51.230993,11072,0
UChXOhG9bRDb3vSTg-qkPAZg,Gweilo-60,2019-03-04 20:32:52.118037,11072,0
UChXOhG9bRDb3vSTg-qkPAZg,Gweilo-60,2019-03-04 20:31:51.308401,11072,0
UChXOhG9bRDb3vSTg-qkPAZg,Gweilo-60,2019-03-04 20:30:51.440047,11072,0
UChXOhG9bRDb3vSTg-qkPAZg,Gweilo-60,2019-03-04 20:29:51.86823,11072,0
UChXOhG9bRDb3vSTg-qkPAZg,Gweilo-60,2019-03-04 20:28:51.377719,11072,0
UChXOhG9bRDb3vSTg-qkPAZg,Gweilo-60,2019-03-04 20:27:51.101305,11072,0
UChXOhG9bRDb3vSTg-qkPAZg,Gweilo-60,2019-03-04 20:26:51.280735,11072,0
UChXOhG9bRDb3vSTg-qkPAZg,Gweilo-60,2019-03-04 20:25:51.852522,11072,0
UChXOhG9bRDb3vSTg-qkPAZg,Gweilo-60,2019-03-04 20:24:51.587221,11072,0
UChXOhG9bRDb3vSTg-qkPAZg,Gweilo-60,2019-03-04 20:23:51.112582,11072,0
UChXOhG9bRDb3vSTg-qkPAZg,Gweilo-60,2019-03-04 20:22:51.479157,11072,0
UChXOhG9bRDb3vSTg-qkPAZg,Gweilo-60,2019-03-04 20:21:51.503138,11072,0
UChXOhG9bRDb3vSTg-qkPAZg,Gweilo-60,2019-03-04 20:20:51.549208,11072,0
UChXOhG9bRDb3vSTg-qkPAZg,Gweilo-60,2019-03-04 20:19:52.205254,11072,0
UChXOhG9bRDb3vSTg-qkPAZg,Gweilo-60,2019-03-04 20:18:51.737052,11072,0
UChXOhG9bRDb3vSTg-qkPAZg,Gweilo-60,2019-03-04 20:17:51.671019,11072,0
UChXOhG9bRDb3vSTg-qkPAZg,Gweilo-60,2019-03-04 20:16:51.688289,11072,0
UChXOhG9bRDb3vSTg-qkPAZg,Gweilo-60,2019-03-04 20:15:51.372869,11072,0
UChXOhG9bRDb3vSTg-qkPAZg,Gweilo-60,2019-03-04 20:14:51.519405,11072,0
UChXOhG9bRDb3vSTg-qkPAZg,Gweilo-60,2019-03-04 20:13:51.763099,11072,0
UChXOhG9bRDb3vSTg-qkPAZg,Gweilo-60,2019-03-04 20:12:51.705708,11072,0
UChXOhG9bRDb3vSTg-qkPAZg,Gweilo-60,2019-03-04 20:11:52.012884,11072,0
UChXOhG9bRDb3vSTg-qkPAZg,Gweilo-60,2019-03-04 20:10:51.632379,11072,0
UChXOhG9bRDb3vSTg-qkPAZg,Gweilo-60,2019-03-04 20:09:51.812137,11072,0
UChXOhG9bRDb3vSTg-qkPAZg,Gweilo-60,2019-03-04 20:08:51.961463,11072,0
UChXOhG9bRDb3vSTg-qkPAZg,Gweilo-60,2019-03-04 20:07:51.531795,11072,0
UChXOhG9bRDb3vSTg-qkPAZg,Gweilo-60,2019-03-04 20:06:51.799358,11072,0
UChXOhG9bRDb3vSTg-qkPAZg,Gweilo-60,2019-03-04 20:05:51.69489,11072,0
UChXOhG9bRDb3vSTg-qkPAZg,Gweilo-60,2019-03-04 20:04:52.061116,11072,0
UChXOhG9bRDb3vSTg-qkPAZg,Gweilo-60,2019-03-04 20:03:51.163433,11072,0
UChXOhG9bRDb3vSTg-qkPAZg,Gweilo-60,2019-03-04 20:02:51.883046,11072,0
UChXOhG9bRDb3vSTg-qkPAZg,Gweilo-60,2019-03-04 20:01:51.804718,11072,0
UChXOhG9bRDb3vSTg-qkPAZg,Gweilo-60,2019-03-04 20:00:51.870897,11072,0
UChXOhG9bRDb3vSTg-qkPAZg,Gweilo-60,2019-03-04 19:59:51.660049,11072,0
UChXOhG9bRDb3vSTg-qkPAZg,Gweilo-60,2019-03-04 19:58:52.25709,11072,0
UChXOhG9bRDb3vSTg-qkPAZg,Gweilo-60,2019-03-04 19:57:51.419756,11072,0
UChXOhG9bRDb3vSTg-qkPAZg,Gweilo-60,2019-03-04 19:56:51.618378,11072,0
UChXOhG9bRDb3vSTg-qkPAZg,Gweilo-60,2019-03-04 19:55:51.742732,11072,0
UChXOhG9bRDb3vSTg-qkPAZg,Gweilo-60,2019-03-04 19:54:52.47897,11072,0
UChXOhG9bRDb3vSTg-qkPAZg,Gweilo-60,2019-03-04 19:53:52.287077,11072,0
UChXOhG9bRDb3vSTg-qkPAZg,Gweilo-60,2019-03-04 19:52:51.365066,11072,0
UChXOhG9bRDb3vSTg-qkPAZg,Gweilo-60,2019-03-04 19:51:51.372899,11072,0
UChXOhG9bRDb3vSTg-qkPAZg,Gweilo-60,2019-03-04 19:50:51.45959,11072,0
UChXOhG9bRDb3vSTg-qkPAZg,Gweilo-60,2019-03-04 19:49:51.655281,11072,0
UChXOhG9bRDb3vSTg-qkPAZg,Gweilo-60,2019-03-04 19:48:51.696271,11072,0
UChXOhG9bRDb3vSTg-qkPAZg,Gweilo-60,2019-03-04 19:47:51.362921,11072,0
UChXOhG9bRDb3vSTg-qkPAZg,Gweilo-60,2019-03-04 19:46:51.680212,11072,0
UChXOhG9bRDb3vSTg-qkPAZg,Gweilo-60,2019-03-04 19:45:51.648711,11072,0
UChXOhG9bRDb3vSTg-qkPAZg,Gweilo-60,2019-03-04 19:44:51.602062,11072,0
UChXOhG9bRDb3vSTg-qkPAZg,Gweilo-60,2019-03-04 19:43:51.501766,11072,0
UChXOhG9bRDb3vSTg-qkPAZg,Gweilo-60,2019-03-04 19:42:55.208734,11072,0
UChXOhG9bRDb3vSTg-qkPAZg,Gweilo-60,2019-03-04 19:41:52.08922,11072,0
UChXOhG9bRDb3vSTg-qkPAZg,Gweilo-60,2019-03-04 19:40:54.728591,11072,0
UChXOhG9bRDb3vSTg-qkPAZg,Gweilo-60,2019-03-04 19:39:51.701725,11072,0
UChXOhG9bRDb3vSTg-qkPAZg,Gweilo-60,2019-03-04 19:38:51.385411,11072,0
UChXOhG9bRDb3vSTg-qkPAZg,Gweilo-60,2019-03-04 19:37:55.811188,11072,0
UChXOhG9bRDb3vSTg-qkPAZg,Gweilo-60,2019-03-04 19:36:51.178947,11072,0
UChXOhG9bRDb3vSTg-qkPAZg,Gweilo-60,2019-03-04 19:35:51.375688,11072,0
UChXOhG9bRDb3vSTg-qkPAZg,Gweilo-60,2019-03-04 19:34:51.553425,11072,0
UChXOhG9bRDb3vSTg-qkPAZg,Gweilo-60,2019-03-04 19:33:51.39748,11072,0
UChXOhG9bRDb3vSTg-qkPAZg,Gweilo-60,2019-03-04 19:32:52.505518,11072,0
UChXOhG9bRDb3vSTg-qkPAZg,Gweilo-60,2019-03-04 19:31:51.837156,11072,0
UChXOhG9bRDb3vSTg-qkPAZg,Gweilo-60,2019-03-04 19:30:51.177087,11072,0
UChXOhG9bRDb3vSTg-qkPAZg,Gweilo-60,2019-03-04 19:29:51.648981,11072,0
UChXOhG9bRDb3vSTg-qkPAZg,Gweilo-60,2019-03-04 19:28:51.936491,11072,0
UChXOhG9bRDb3vSTg-qkPAZg,Gweilo-60,2019-03-04 19:27:51.651033,11072,0
UChXOhG9bRDb3vSTg-qkPAZg,Gweilo-60,2019-03-04 19:26:51.426247,11072,0
UChXOhG9bRDb3vSTg-qkPAZg,Gweilo-60,2019-03-04 19:25:51.683262,11072,0
UChXOhG9bRDb3vSTg-qkPAZg,Gweilo-60,2019-03-04 19:24:51.44115,11072,0
UChXOhG9bRDb3vSTg-qkPAZg,Gweilo-60,2019-03-04 19:23:52.298873,11072,0
UChXOhG9bRDb3vSTg-qkPAZg,Gweilo-60,2019-03-04 19:22:51.743923,11072,0
UChXOhG9bRDb3vSTg-qkPAZg,Gweilo-60,2019-03-04 19:21:51.811698,11072,-1
UChXOhG9bRDb3vSTg-qkPAZg,Gweilo-60,2019-03-04 19:20:51.942722,11073,0
UChXOhG9bRDb3vSTg-qkPAZg,Gweilo-60,2019-03-04 19:19:51.80224,11073,0
UChXOhG9bRDb3vSTg-qkPAZg,Gweilo-60,2019-03-04 19:18:51.606395,11073,0
UChXOhG9bRDb3vSTg-qkPAZg,Gweilo-60,2019-03-04 19:17:51.659252,11073,0
UChXOhG9bRDb3vSTg-qkPAZg,Gweilo-60,2019-03-04 19:16:51.62045,11073,0
UChXOhG9bRDb3vSTg-qkPAZg,Gweilo-60,2019-03-04 19:15:51.601818,11073,0
UChXOhG9bRDb3vSTg-qkPAZg,Gweilo-60,2019-03-04 19:14:51.671965,11073,0
UChXOhG9bRDb3vSTg-qkPAZg,Gweilo-60,2019-03-04 19:13:51.525953,11073,0
UChXOhG9bRDb3vSTg-qkPAZg,Gweilo-60,2019-03-04 19:12:51.696999,11073,0
UChXOhG9bRDb3vSTg-qkPAZg,Gweilo-60,2019-03-04 19:11:52.064231,11073,0
UChXOhG9bRDb3vSTg-qkPAZg,Gweilo-60,2019-03-04 19:10:51.686833,11073,0
UChXOhG9bRDb3vSTg-qkPAZg,Gweilo-60,2019-03-04 19:09:52.208287,11073,0
UChXOhG9bRDb3vSTg-qkPAZg,Gweilo-60,2019-03-04 19:08:52.125437,11073,0
UChXOhG9bRDb3vSTg-qkPAZg,Gweilo-60,2019-03-04 19:07:51.859038,11073,0
UChXOhG9bRDb3vSTg-qkPAZg,Gweilo-60,2019-03-04 19:06:51.646167,11073,0
UChXOhG9bRDb3vSTg-qkPAZg,Gweilo-60,2019-03-04 19:05:51.668073,11073,0
UChXOhG9bRDb3vSTg-qkPAZg,Gweilo-60,2019-03-04 19:04:51.570077,11073,0
UChXOhG9bRDb3vSTg-qkPAZg,Gweilo-60,2019-03-04 19:03:51.734652,11073,0
UChXOhG9bRDb3vSTg-qkPAZg,Gweilo-60,2019-03-04 19:02:51.60922,11073,0
UChXOhG9bRDb3vSTg-qkPAZg,Gweilo-60,2019-03-04 19:01:51.703394,11073,0
UChXOhG9bRDb3vSTg-qkPAZg,Gweilo-60,2019-03-04 19:00:51.521674,11073,0
UChXOhG9bRDb3vSTg-qkPAZg,Gweilo-60,2019-03-04 18:59:52.001679,11073,0
UChXOhG9bRDb3vSTg-qkPAZg,Gweilo-60,2019-03-04 18:58:51.766571,11073,0
UChXOhG9bRDb3vSTg-qkPAZg,Gweilo-60,2019-03-04 18:57:52.429859,11073,0
UChXOhG9bRDb3vSTg-qkPAZg,Gweilo-60,2019-03-04 18:56:51.875004,11073,0
UChXOhG9bRDb3vSTg-qkPAZg,Gweilo-60,2019-03-04 18:55:51.378026,11073,0
UChXOhG9bRDb3vSTg-qkPAZg,Gweilo-60,2019-03-04 18:54:52.186278,11073,0
UChXOhG9bRDb3vSTg-qkPAZg,Gweilo-60,2019-03-04 18:53:51.692733,11073,0
UChXOhG9bRDb3vSTg-qkPAZg,Gweilo-60,2019-03-04 18:52:51.884306,11073,0
UChXOhG9bRDb3vSTg-qkPAZg,Gweilo-60,2019-03-04 18:51:51.80437,11073,0
UChXOhG9bRDb3vSTg-qkPAZg,Gweilo-60,2019-03-04 18:50:51.443044,11073,0
UChXOhG9bRDb3vSTg-qkPAZg,Gweilo-60,2019-03-04 18:49:51.335495,11073,0
UChXOhG9bRDb3vSTg-qkPAZg,Gweilo-60,2019-03-04 18:48:51.979687,11073,0
UChXOhG9bRDb3vSTg-qkPAZg,Gweilo-60,2019-03-04 18:47:51.94618,11073,0
UChXOhG9bRDb3vSTg-qkPAZg,Gweilo-60,2019-03-04 18:46:51.691784,11073,0
UChXOhG9bRDb3vSTg-qkPAZg,Gweilo-60,2019-03-04 18:45:51.234377,11073,0
UChXOhG9bRDb3vSTg-qkPAZg,Gweilo-60,2019-03-04 18:44:51.64653,11073,0
UChXOhG9bRDb3vSTg-qkPAZg,Gweilo-60,2019-03-04 18:43:51.214552,11073,0
UChXOhG9bRDb3vSTg-qkPAZg,Gweilo-60,2019-03-04 18:42:51.585911,11073,0
UChXOhG9bRDb3vSTg-qkPAZg,Gweilo-60,2019-03-04 18:41:52.100564,11073,0
UChXOhG9bRDb3vSTg-qkPAZg,Gweilo-60,2019-03-04 18:40:51.752433,11073,0
UChXOhG9bRDb3vSTg-qkPAZg,Gweilo-60,2019-03-04 18:39:51.604947,11073,0
UChXOhG9bRDb3vSTg-qkPAZg,Gweilo-60,2019-03-04 18:38:51.739701,11073,0
UChXOhG9bRDb3vSTg-qkPAZg,Gweilo-60,2019-03-04 18:37:51.950023,11073,0
UChXOhG9bRDb3vSTg-qkPAZg,Gweilo-60,2019-03-04 18:36:51.356649,11073,1
UChXOhG9bRDb3vSTg-qkPAZg,Gweilo-60,2019-03-04 18:35:51.918116,11072,0
UChXOhG9bRDb3vSTg-qkPAZg,Gweilo-60,2019-03-04 18:34:51.897687,11072,0
UChXOhG9bRDb3vSTg-qkPAZg,Gweilo-60,2019-03-04 18:33:51.833887,11072,0
UChXOhG9bRDb3vSTg-qkPAZg,Gweilo-60,2019-03-04 18:32:51.745421,11072,0
UChXOhG9bRDb3vSTg-qkPAZg,Gweilo-60,2019-03-04 18:31:52.180716,11072,0
UChXOhG9bRDb3vSTg-qkPAZg,Gweilo-60,2019-03-04 18:30:51.413865,11072,0
UChXOhG9bRDb3vSTg-qkPAZg,Gweilo-60,2019-03-04 18:29:51.747956,11072,0
UChXOhG9bRDb3vSTg-qkPAZg,Gweilo-60,2019-03-04 18:28:51.971992,11072,0
UChXOhG9bRDb3vSTg-qkPAZg,Gweilo-60,2019-03-04 18:27:51.77912,11072,0
UChXOhG9bRDb3vSTg-qkPAZg,Gweilo-60,2019-03-04 18:26:52.333248,11072,0
UChXOhG9bRDb3vSTg-qkPAZg,Gweilo-60,2019-03-04 18:25:51.673963,11072,0
UChXOhG9bRDb3vSTg-qkPAZg,Gweilo-60,2019-03-04 18:24:51.563499,11072,0
UChXOhG9bRDb3vSTg-qkPAZg,Gweilo-60,2019-03-04 18:23:51.83896,11072,0
UChXOhG9bRDb3vSTg-qkPAZg,Gweilo-60,2019-03-04 18:22:52.368441,11072,0
UChXOhG9bRDb3vSTg-qkPAZg,Gweilo-60,2019-03-04 18:21:52.063176,11072,0
UChXOhG9bRDb3vSTg-qkPAZg,Gweilo-60,2019-03-04 18:20:51.913798,11072,0
UChXOhG9bRDb3vSTg-qkPAZg,Gweilo-60,2019-03-04 18:19:51.440499,11072,0
UChXOhG9bRDb3vSTg-qkPAZg,Gweilo-60,2019-03-04 18:18:51.471882,11072,0
UChXOhG9bRDb3vSTg-qkPAZg,Gweilo-60,2019-03-04 18:17:52.053199,11072,0
UChXOhG9bRDb3vSTg-qkPAZg,Gweilo-60,2019-03-04 18:16:51.807398,11072,0
UChXOhG9bRDb3vSTg-qkPAZg,Gweilo-60,2019-03-04 18:15:51.345654,11072,0
UChXOhG9bRDb3vSTg-qkPAZg,Gweilo-60,2019-03-04 18:14:51.36042,11072,0
UChXOhG9bRDb3vSTg-qkPAZg,Gweilo-60,2019-03-04 18:13:52.175335,11072,0
UChXOhG9bRDb3vSTg-qkPAZg,Gweilo-60,2019-03-04 18:12:51.721369,11072,0
UChXOhG9bRDb3vSTg-qkPAZg,Gweilo-60,2019-03-04 18:11:51.730194,11072,0
UChXOhG9bRDb3vSTg-qkPAZg,Gweilo-60,2019-03-04 18:10:51.920254,11072,0
UChXOhG9bRDb3vSTg-qkPAZg,Gweilo-60,2019-03-04 18:09:51.356444,11072,0
UChXOhG9bRDb3vSTg-qkPAZg,Gweilo-60,2019-03-04 18:08:51.591448,11072,0
UChXOhG9bRDb3vSTg-qkPAZg,Gweilo-60,2019-03-04 18:07:51.416251,11072,0
UChXOhG9bRDb3vSTg-qkPAZg,Gweilo-60,2019-03-04 18:06:51.435563,11072,0
UChXOhG9bRDb3vSTg-qkPAZg,Gweilo-60,2019-03-04 18:05:51.734453,11072,0
UChXOhG9bRDb3vSTg-qkPAZg,Gweilo-60,2019-03-04 18:04:51.807024,11072,0
UChXOhG9bRDb3vSTg-qkPAZg,Gweilo-60,2019-03-04 18:03:51.446678,11072,0
UChXOhG9bRDb3vSTg-qkPAZg,Gweilo-60,2019-03-04 18:02:51.656009,11072,0
UChXOhG9bRDb3vSTg-qkPAZg,Gweilo-60,2019-03-04 18:01:51.578931,11072,0
UChXOhG9bRDb3vSTg-qkPAZg,Gweilo-60,2019-03-04 18:00:51.899465,11072,0
UChXOhG9bRDb3vSTg-qkPAZg,Gweilo-60,2019-03-04 17:59:51.777366,11072,0
UChXOhG9bRDb3vSTg-qkPAZg,Gweilo-60,2019-03-04 17:58:51.538247,11072,0
UChXOhG9bRDb3vSTg-qkPAZg,Gweilo-60,2019-03-04 17:57:52.134732,11072,0
UChXOhG9bRDb3vSTg-qkPAZg,Gweilo-60,2019-03-04 17:56:51.87023,11072,0
UChXOhG9bRDb3vSTg-qkPAZg,Gweilo-60,2019-03-04 17:55:52.289202,11072,0
UChXOhG9bRDb3vSTg-qkPAZg,Gweilo-60,2019-03-04 17:54:52.186527,11072,0
UChXOhG9bRDb3vSTg-qkPAZg,Gweilo-60,2019-03-04 17:53:52.083345,11072,0
UChXOhG9bRDb3vSTg-qkPAZg,Gweilo-60,2019-03-04 17:52:51.927843,11072,0
UChXOhG9bRDb3vSTg-qkPAZg,Gweilo-60,2019-03-04 17:51:52.021908,11072,0
UChXOhG9bRDb3vSTg-qkPAZg,Gweilo-60,2019-03-04 17:50:51.924047,11072,0
UChXOhG9bRDb3vSTg-qkPAZg,Gweilo-60,2019-03-04 17:49:51.80744,11072,0
UChXOhG9bRDb3vSTg-qkPAZg,Gweilo-60,2019-03-04 17:48:51.997853,11072,0
UChXOhG9bRDb3vSTg-qkPAZg,Gweilo-60,2019-03-04 17:47:51.722544,11072,0
UChXOhG9bRDb3vSTg-qkPAZg,Gweilo-60,2019-03-04 17:46:51.672602,11072,0
UChXOhG9bRDb3vSTg-qkPAZg,Gweilo-60,2019-03-04 17:45:52.274834,11072,0
UChXOhG9bRDb3vSTg-qkPAZg,Gweilo-60,2019-03-04 17:44:52.197134,11072,0
UChXOhG9bRDb3vSTg-qkPAZg,Gweilo-60,2019-03-04 17:43:52.859274,11072,0
UChXOhG9bRDb3vSTg-qkPAZg,Gweilo-60,2019-03-04 17:42:51.913722,11072,0
UChXOhG9bRDb3vSTg-qkPAZg,Gweilo-60,2019-03-04 17:41:51.97074,11072,0
UChXOhG9bRDb3vSTg-qkPAZg,Gweilo-60,2019-03-04 17:40:52.07961,11072,0
UChXOhG9bRDb3vSTg-qkPAZg,Gweilo-60,2019-03-04 17:39:51.874173,11072,0
UChXOhG9bRDb3vSTg-qkPAZg,Gweilo-60,2019-03-04 17:38:51.591576,11072,0
UChXOhG9bRDb3vSTg-qkPAZg,Gweilo-60,2019-03-04 17:37:51.980053,11072,0
UChXOhG9bRDb3vSTg-qkPAZg,Gweilo-60,2019-03-04 17:36:51.651236,11072,0
UChXOhG9bRDb3vSTg-qkPAZg,Gweilo-60,2019-03-04 17:35:51.912639,11072,0
UChXOhG9bRDb3vSTg-qkPAZg,Gweilo-60,2019-03-04 17:34:51.838345,11072,0
UChXOhG9bRDb3vSTg-qkPAZg,Gweilo-60,2019-03-04 17:33:51.890314,11072,0
UChXOhG9bRDb3vSTg-qkPAZg,Gweilo-60,2019-03-04 17:32:51.998563,11072,0
UChXOhG9bRDb3vSTg-qkPAZg,Gweilo-60,2019-03-04 17:31:51.749776,11072,0
UChXOhG9bRDb3vSTg-qkPAZg,Gweilo-60,2019-03-04 17:30:51.696688,11072,0
UChXOhG9bRDb3vSTg-qkPAZg,Gweilo-60,2019-03-04 17:29:52.307489,11072,0
UChXOhG9bRDb3vSTg-qkPAZg,Gweilo-60,2019-03-04 17:28:51.728532,11072,0
UChXOhG9bRDb3vSTg-qkPAZg,Gweilo-60,2019-03-04 17:27:52.24864,11072,0
UChXOhG9bRDb3vSTg-qkPAZg,Gweilo-60,2019-03-04 17:26:52.304655,11072,0
UChXOhG9bRDb3vSTg-qkPAZg,Gweilo-60,2019-03-04 17:25:51.817813,11072,0
UChXOhG9bRDb3vSTg-qkPAZg,Gweilo-60,2019-03-04 17:24:51.925421,11072,0
UChXOhG9bRDb3vSTg-qkPAZg,Gweilo-60,2019-03-04 17:23:51.564582,11072,0
UChXOhG9bRDb3vSTg-qkPAZg,Gweilo-60,2019-03-04 17:22:51.436854,11072,0
UChXOhG9bRDb3vSTg-qkPAZg,Gweilo-60,2019-03-04 17:21:51.7038,11072,0
UChXOhG9bRDb3vSTg-qkPAZg,Gweilo-60,2019-03-04 17:20:51.759996,11072,0
UChXOhG9bRDb3vSTg-qkPAZg,Gweilo-60,2019-03-04 17:19:52.307334,11072,0
UChXOhG9bRDb3vSTg-qkPAZg,Gweilo-60,2019-03-04 17:18:51.679635,11072,0
UChXOhG9bRDb3vSTg-qkPAZg,Gweilo-60,2019-03-04 17:17:52.284419,11072,0
UChXOhG9bRDb3vSTg-qkPAZg,Gweilo-60,2019-03-04 17:16:51.719217,11072,0
UChXOhG9bRDb3vSTg-qkPAZg,Gweilo-60,2019-03-04 17:15:51.462538,11072,0
UChXOhG9bRDb3vSTg-qkPAZg,Gweilo-60,2019-03-04 17:14:51.729601,11072,0
UChXOhG9bRDb3vSTg-qkPAZg,Gweilo-60,2019-03-04 17:13:51.848559,11072,0
UChXOhG9bRDb3vSTg-qkPAZg,Gweilo-60,2019-03-04 17:12:51.825763,11072,0
UChXOhG9bRDb3vSTg-qkPAZg,Gweilo-60,2019-03-04 17:11:52.005952,11072,0
UChXOhG9bRDb3vSTg-qkPAZg,Gweilo-60,2019-03-04 17:10:51.684908,11072,0
UChXOhG9bRDb3vSTg-qkPAZg,Gweilo-60,2019-03-04 17:09:51.717934,11072,0
UChXOhG9bRDb3vSTg-qkPAZg,Gweilo-60,2019-03-04 17:08:51.888671,11072,0
UChXOhG9bRDb3vSTg-qkPAZg,Gweilo-60,2019-03-04 17:07:51.40783,11072,0
UChXOhG9bRDb3vSTg-qkPAZg,Gweilo-60,2019-03-04 17:06:51.472312,11072,0
UChXOhG9bRDb3vSTg-qkPAZg,Gweilo-60,2019-03-04 17:05:51.670467,11072,0
UChXOhG9bRDb3vSTg-qkPAZg,Gweilo-60,2019-03-04 17:04:51.575159,11072,0
UChXOhG9bRDb3vSTg-qkPAZg,Gweilo-60,2019-03-04 17:03:52.045382,11072,0
UChXOhG9bRDb3vSTg-qkPAZg,Gweilo-60,2019-03-04 17:02:51.869111,11072,0
UChXOhG9bRDb3vSTg-qkPAZg,Gweilo-60,2019-03-04 17:01:51.754423,11072,0
UChXOhG9bRDb3vSTg-qkPAZg,Gweilo-60,2019-03-04 17:00:51.528916,11072,0
UChXOhG9bRDb3vSTg-qkPAZg,Gweilo-60,2019-03-04 16:59:51.941884,11072,0
UChXOhG9bRDb3vSTg-qkPAZg,Gweilo-60,2019-03-04 16:58:51.662351,11072,0
UChXOhG9bRDb3vSTg-qkPAZg,Gweilo-60,2019-03-04 16:57:53.015043,11072,0
UChXOhG9bRDb3vSTg-qkPAZg,Gweilo-60,2019-03-04 16:56:51.69403,11072,0
UChXOhG9bRDb3vSTg-qkPAZg,Gweilo-60,2019-03-04 16:55:52.569031,11072,0
UChXOhG9bRDb3vSTg-qkPAZg,Gweilo-60,2019-03-04 16:54:51.775616,11072,0
UChXOhG9bRDb3vSTg-qkPAZg,Gweilo-60,2019-03-04 16:53:51.49508,11072,0
UChXOhG9bRDb3vSTg-qkPAZg,Gweilo-60,2019-03-04 16:52:51.534576,11072,0
UChXOhG9bRDb3vSTg-qkPAZg,Gweilo-60,2019-03-04 16:51:51.737244,11072,0
UChXOhG9bRDb3vSTg-qkPAZg,Gweilo-60,2019-03-04 16:50:51.963101,11072,0
UChXOhG9bRDb3vSTg-qkPAZg,Gweilo-60,2019-03-04 16:49:51.578247,11072,0
UChXOhG9bRDb3vSTg-qkPAZg,Gweilo-60,2019-03-04 16:48:51.766744,11072,0
UChXOhG9bRDb3vSTg-qkPAZg,Gweilo-60,2019-03-04 16:47:52.170666,11072,0
UChXOhG9bRDb3vSTg-qkPAZg,Gweilo-60,2019-03-04 16:46:51.586363,11072,0
UChXOhG9bRDb3vSTg-qkPAZg,Gweilo-60,2019-03-04 16:45:51.273608,11072,0
UChXOhG9bRDb3vSTg-qkPAZg,Gweilo-60,2019-03-04 16:44:51.742948,11072,0
UChXOhG9bRDb3vSTg-qkPAZg,Gweilo-60,2019-03-04 16:43:51.373106,11072,0
UChXOhG9bRDb3vSTg-qkPAZg,Gweilo-60,2019-03-04 16:42:51.666238,11072,0
UChXOhG9bRDb3vSTg-qkPAZg,Gweilo-60,2019-03-04 16:41:52.135628,11072,0
UChXOhG9bRDb3vSTg-qkPAZg,Gweilo-60,2019-03-04 16:40:51.964973,11072,0
UChXOhG9bRDb3vSTg-qkPAZg,Gweilo-60,2019-03-04 16:39:51.909475,11072,0
UChXOhG9bRDb3vSTg-qkPAZg,Gweilo-60,2019-03-04 16:38:51.555595,11072,0
UChXOhG9bRDb3vSTg-qkPAZg,Gweilo-60,2019-03-04 16:37:51.662044,11072,0
UChXOhG9bRDb3vSTg-qkPAZg,Gweilo-60,2019-03-04 16:36:51.786349,11072,0
UChXOhG9bRDb3vSTg-qkPAZg,Gweilo-60,2019-03-04 16:35:52.056744,11072,0
UChXOhG9bRDb3vSTg-qkPAZg,Gweilo-60,2019-03-04 16:34:51.50023,11072,0
UChXOhG9bRDb3vSTg-qkPAZg,Gweilo-60,2019-03-04 16:33:51.500872,11072,0
UChXOhG9bRDb3vSTg-qkPAZg,Gweilo-60,2019-03-04 16:32:51.571553,11072,0
UChXOhG9bRDb3vSTg-qkPAZg,Gweilo-60,2019-03-04 16:31:51.304113,11072,0
UChXOhG9bRDb3vSTg-qkPAZg,Gweilo-60,2019-03-04 16:30:51.864631,11072,0
UChXOhG9bRDb3vSTg-qkPAZg,Gweilo-60,2019-03-04 16:29:52.101777,11072,0
UChXOhG9bRDb3vSTg-qkPAZg,Gweilo-60,2019-03-04 16:28:51.992871,11072,0
UChXOhG9bRDb3vSTg-qkPAZg,Gweilo-60,2019-03-04 16:27:51.619874,11072,0
UChXOhG9bRDb3vSTg-qkPAZg,Gweilo-60,2019-03-04 16:26:51.564523,11072,0
UChXOhG9bRDb3vSTg-qkPAZg,Gweilo-60,2019-03-04 16:25:51.671687,11072,0
UChXOhG9bRDb3vSTg-qkPAZg,Gweilo-60,2019-03-04 16:24:51.343021,11072,0
UChXOhG9bRDb3vSTg-qkPAZg,Gweilo-60,2019-03-04 16:23:51.359213,11072,0
UChXOhG9bRDb3vSTg-qkPAZg,Gweilo-60,2019-03-04 16:22:51.789641,11072,0
UChXOhG9bRDb3vSTg-qkPAZg,Gweilo-60,2019-03-04 16:21:52.028117,11072,0
UChXOhG9bRDb3vSTg-qkPAZg,Gweilo-60,2019-03-04 16:20:51.837171,11072,0
UChXOhG9bRDb3vSTg-qkPAZg,Gweilo-60,2019-03-04 16:19:51.83151,11072,0
UChXOhG9bRDb3vSTg-qkPAZg,Gweilo-60,2019-03-04 16:18:52.118072,11072,0
UChXOhG9bRDb3vSTg-qkPAZg,Gweilo-60,2019-03-04 16:17:51.876225,11072,0
UChXOhG9bRDb3vSTg-qkPAZg,Gweilo-60,2019-03-04 16:16:51.884515,11072,0
UChXOhG9bRDb3vSTg-qkPAZg,Gweilo-60,2019-03-04 16:15:51.689003,11072,0
UChXOhG9bRDb3vSTg-qkPAZg,Gweilo-60,2019-03-04 16:14:52.004622,11072,0
UChXOhG9bRDb3vSTg-qkPAZg,Gweilo-60,2019-03-04 16:13:51.608491,11072,0
UChXOhG9bRDb3vSTg-qkPAZg,Gweilo-60,2019-03-04 16:12:51.917573,11072,0
UChXOhG9bRDb3vSTg-qkPAZg,Gweilo-60,2019-03-04 16:11:51.619824,11072,0
UChXOhG9bRDb3vSTg-qkPAZg,Gweilo-60,2019-03-04 16:10:51.471769,11072,0
UChXOhG9bRDb3vSTg-qkPAZg,Gweilo-60,2019-03-04 16:09:52.0429,11072,0
UChXOhG9bRDb3vSTg-qkPAZg,Gweilo-60,2019-03-04 16:08:51.791481,11072,0
UChXOhG9bRDb3vSTg-qkPAZg,Gweilo-60,2019-03-04 16:07:52.069767,11072,0
UChXOhG9bRDb3vSTg-qkPAZg,Gweilo-60,2019-03-04 16:06:52.895998,11072,0
UChXOhG9bRDb3vSTg-qkPAZg,Gweilo-60,2019-03-04 16:05:51.68918,11072,0
UChXOhG9bRDb3vSTg-qkPAZg,Gweilo-60,2019-03-04 16:04:51.894693,11072,0
UChXOhG9bRDb3vSTg-qkPAZg,Gweilo-60,2019-03-04 16:03:51.519146,11072,0
UChXOhG9bRDb3vSTg-qkPAZg,Gweilo-60,2019-03-04 16:02:51.607377,11072,0
UChXOhG9bRDb3vSTg-qkPAZg,Gweilo-60,2019-03-04 16:01:51.812929,11072,0
UChXOhG9bRDb3vSTg-qkPAZg,Gweilo-60,2019-03-04 16:00:51.604686,11072,0
UChXOhG9bRDb3vSTg-qkPAZg,Gweilo-60,2019-03-04 15:59:51.638139,11072,0
UChXOhG9bRDb3vSTg-qkPAZg,Gweilo-60,2019-03-04 15:58:51.965073,11072,0
UChXOhG9bRDb3vSTg-qkPAZg,Gweilo-60,2019-03-04 15:57:51.619943,11072,0
UChXOhG9bRDb3vSTg-qkPAZg,Gweilo-60,2019-03-04 15:56:52.222701,11072,0
UChXOhG9bRDb3vSTg-qkPAZg,Gweilo-60,2019-03-04 15:55:51.687507,11072,0
UChXOhG9bRDb3vSTg-qkPAZg,Gweilo-60,2019-03-04 15:54:52.423939,11072,0
UChXOhG9bRDb3vSTg-qkPAZg,Gweilo-60,2019-03-04 15:53:51.653296,11072,0
UChXOhG9bRDb3vSTg-qkPAZg,Gweilo-60,2019-03-04 15:52:51.56996,11072,0
UChXOhG9bRDb3vSTg-qkPAZg,Gweilo-60,2019-03-04 15:51:51.707936,11072,0
UChXOhG9bRDb3vSTg-qkPAZg,Gweilo-60,2019-03-04 15:50:51.732941,11072,0
UChXOhG9bRDb3vSTg-qkPAZg,Gweilo-60,2019-03-04 15:49:51.823771,11072,0
UChXOhG9bRDb3vSTg-qkPAZg,Gweilo-60,2019-03-04 15:48:51.665415,11072,0
UChXOhG9bRDb3vSTg-qkPAZg,Gweilo-60,2019-03-04 15:47:51.516926,11072,0
UChXOhG9bRDb3vSTg-qkPAZg,Gweilo-60,2019-03-04 15:46:51.82037,11072,0
UChXOhG9bRDb3vSTg-qkPAZg,Gweilo-60,2019-03-04 15:45:51.305758,11072,0
UChXOhG9bRDb3vSTg-qkPAZg,Gweilo-60,2019-03-04 15:44:51.808809,11072,0
UChXOhG9bRDb3vSTg-qkPAZg,Gweilo-60,2019-03-04 15:43:51.900305,11072,0
UChXOhG9bRDb3vSTg-qkPAZg,Gweilo-60,2019-03-04 15:42:51.385149,11072,0
UChXOhG9bRDb3vSTg-qkPAZg,Gweilo-60,2019-03-04 15:41:51.802863,11072,0
UChXOhG9bRDb3vSTg-qkPAZg,Gweilo-60,2019-03-04 15:40:52.78915,11072,0
UChXOhG9bRDb3vSTg-qkPAZg,Gweilo-60,2019-03-04 15:39:51.794363,11072,0
UChXOhG9bRDb3vSTg-qkPAZg,Gweilo-60,2019-03-04 15:38:52.220115,11072,0
UChXOhG9bRDb3vSTg-qkPAZg,Gweilo-60,2019-03-04 15:37:52.494454,11072,0
UChXOhG9bRDb3vSTg-qkPAZg,Gweilo-60,2019-03-04 15:36:52.136908,11072,0
UChXOhG9bRDb3vSTg-qkPAZg,Gweilo-60,2019-03-04 15:35:51.875569,11072,0
UChXOhG9bRDb3vSTg-qkPAZg,Gweilo-60,2019-03-04 15:34:51.536154,11072,0
UChXOhG9bRDb3vSTg-qkPAZg,Gweilo-60,2019-03-04 15:33:51.75811,11072,0
UChXOhG9bRDb3vSTg-qkPAZg,Gweilo-60,2019-03-04 15:32:51.77249,11072,0
UChXOhG9bRDb3vSTg-qkPAZg,Gweilo-60,2019-03-04 15:31:51.775629,11072,0
UChXOhG9bRDb3vSTg-qkPAZg,Gweilo-60,2019-03-04 15:30:51.486555,11072,0
UChXOhG9bRDb3vSTg-qkPAZg,Gweilo-60,2019-03-04 15:29:51.835995,11072,0
UChXOhG9bRDb3vSTg-qkPAZg,Gweilo-60,2019-03-04 15:28:51.620075,11072,0
UChXOhG9bRDb3vSTg-qkPAZg,Gweilo-60,2019-03-04 15:27:51.478835,11072,0
UChXOhG9bRDb3vSTg-qkPAZg,Gweilo-60,2019-03-04 15:26:51.498409,11072,0
UChXOhG9bRDb3vSTg-qkPAZg,Gweilo-60,2019-03-04 15:25:51.569426,11072,0
UChXOhG9bRDb3vSTg-qkPAZg,Gweilo-60,2019-03-04 15:24:51.750807,11072,0
UChXOhG9bRDb3vSTg-qkPAZg,Gweilo-60,2019-03-04 15:23:51.733823,11072,0
UChXOhG9bRDb3vSTg-qkPAZg,Gweilo-60,2019-03-04 15:22:51.590399,11072,0
UChXOhG9bRDb3vSTg-qkPAZg,Gweilo-60,2019-03-04 15:21:51.950833,11072,0
UChXOhG9bRDb3vSTg-qkPAZg,Gweilo-60,2019-03-04 15:20:51.488052,11072,0
UChXOhG9bRDb3vSTg-qkPAZg,Gweilo-60,2019-03-04 15:19:51.619083,11072,0
UChXOhG9bRDb3vSTg-qkPAZg,Gweilo-60,2019-03-04 15:18:51.85809,11072,0
UChXOhG9bRDb3vSTg-qkPAZg,Gweilo-60,2019-03-04 15:17:52.252006,11072,0
UChXOhG9bRDb3vSTg-qkPAZg,Gweilo-60,2019-03-04 15:16:51.811025,11072,0
UChXOhG9bRDb3vSTg-qkPAZg,Gweilo-60,2019-03-04 15:15:51.661653,11072,0
UChXOhG9bRDb3vSTg-qkPAZg,Gweilo-60,2019-03-04 15:14:52.220377,11072,0
UChXOhG9bRDb3vSTg-qkPAZg,Gweilo-60,2019-03-04 15:13:51.437081,11072,0
UChXOhG9bRDb3vSTg-qkPAZg,Gweilo-60,2019-03-04 15:12:51.79026,11072,0
UChXOhG9bRDb3vSTg-qkPAZg,Gweilo-60,2019-03-04 15:11:51.699692,11072,0
UChXOhG9bRDb3vSTg-qkPAZg,Gweilo-60,2019-03-04 15:10:51.576374,11072,0
UChXOhG9bRDb3vSTg-qkPAZg,Gweilo-60,2019-03-04 15:09:51.910256,11072,0
UChXOhG9bRDb3vSTg-qkPAZg,Gweilo-60,2019-03-04 15:08:51.796665,11072,0
UChXOhG9bRDb3vSTg-qkPAZg,Gweilo-60,2019-03-04 15:07:51.861922,11072,0
UChXOhG9bRDb3vSTg-qkPAZg,Gweilo-60,2019-03-04 15:06:51.824923,11072,0
UChXOhG9bRDb3vSTg-qkPAZg,Gweilo-60,2019-03-04 15:05:51.88483,11072,0
UChXOhG9bRDb3vSTg-qkPAZg,Gweilo-60,2019-03-04 15:04:52.313271,11072,-1
UChXOhG9bRDb3vSTg-qkPAZg,Gweilo-60,2019-03-04 15:03:51.737758,11073,0
UChXOhG9bRDb3vSTg-qkPAZg,Gweilo-60,2019-03-04 15:02:51.504811,11073,0
UChXOhG9bRDb3vSTg-qkPAZg,Gweilo-60,2019-03-04 15:01:52.226025,11073,0
UChXOhG9bRDb3vSTg-qkPAZg,Gweilo-60,2019-03-04 15:00:52.049016,11073,0
UChXOhG9bRDb3vSTg-qkPAZg,Gweilo-60,2019-03-04 14:59:51.595308,11073,0
UChXOhG9bRDb3vSTg-qkPAZg,Gweilo-60,2019-03-04 14:58:51.827984,11073,0
UChXOhG9bRDb3vSTg-qkPAZg,Gweilo-60,2019-03-04 14:57:52.430422,11073,0
UChXOhG9bRDb3vSTg-qkPAZg,Gweilo-60,2019-03-04 14:56:51.95864,11073,0
UChXOhG9bRDb3vSTg-qkPAZg,Gweilo-60,2019-03-04 14:55:52.373961,11073,0
UChXOhG9bRDb3vSTg-qkPAZg,Gweilo-60,2019-03-04 14:54:51.991976,11073,0
UChXOhG9bRDb3vSTg-qkPAZg,Gweilo-60,2019-03-04 14:53:51.787319,11073,0
UChXOhG9bRDb3vSTg-qkPAZg,Gweilo-60,2019-03-04 14:52:51.895047,11073,0
UChXOhG9bRDb3vSTg-qkPAZg,Gweilo-60,2019-03-04 14:51:51.647747,11073,0
UChXOhG9bRDb3vSTg-qkPAZg,Gweilo-60,2019-03-04 14:50:51.432636,11073,0
UChXOhG9bRDb3vSTg-qkPAZg,Gweilo-60,2019-03-04 14:49:51.51731,11073,0
UChXOhG9bRDb3vSTg-qkPAZg,Gweilo-60,2019-03-04 14:48:51.988783,11073,0
UChXOhG9bRDb3vSTg-qkPAZg,Gweilo-60,2019-03-04 14:47:52.254804,11073,0
UChXOhG9bRDb3vSTg-qkPAZg,Gweilo-60,2019-03-04 14:46:52.423533,11073,0
UChXOhG9bRDb3vSTg-qkPAZg,Gweilo-60,2019-03-04 14:45:51.83117,11073,0
UChXOhG9bRDb3vSTg-qkPAZg,Gweilo-60,2019-03-04 14:44:51.819687,11073,0
UChXOhG9bRDb3vSTg-qkPAZg,Gweilo-60,2019-03-04 14:43:51.756687,11073,0
UChXOhG9bRDb3vSTg-qkPAZg,Gweilo-60,2019-03-04 14:42:51.266327,11073,0
UChXOhG9bRDb3vSTg-qkPAZg,Gweilo-60,2019-03-04 14:41:52.082903,11073,0
UChXOhG9bRDb3vSTg-qkPAZg,Gweilo-60,2019-03-04 14:40:52.032175,11073,0
UChXOhG9bRDb3vSTg-qkPAZg,Gweilo-60,2019-03-04 14:39:51.692645,11073,0
UChXOhG9bRDb3vSTg-qkPAZg,Gweilo-60,2019-03-04 14:38:51.988055,11073,0
UChXOhG9bRDb3vSTg-qkPAZg,Gweilo-60,2019-03-04 14:37:51.52112,11073,0
UChXOhG9bRDb3vSTg-qkPAZg,Gweilo-60,2019-03-04 14:36:52.200648,11073,0
UChXOhG9bRDb3vSTg-qkPAZg,Gweilo-60,2019-03-04 14:35:51.35508,11073,0
UChXOhG9bRDb3vSTg-qkPAZg,Gweilo-60,2019-03-04 14:34:52.216896,11073,0
UChXOhG9bRDb3vSTg-qkPAZg,Gweilo-60,2019-03-04 14:33:51.946546,11073,0
UChXOhG9bRDb3vSTg-qkPAZg,Gweilo-60,2019-03-04 14:32:51.591973,11073,0
UChXOhG9bRDb3vSTg-qkPAZg,Gweilo-60,2019-03-04 14:31:51.801242,11073,0
UChXOhG9bRDb3vSTg-qkPAZg,Gweilo-60,2019-03-04 14:30:51.437116,11073,0
UChXOhG9bRDb3vSTg-qkPAZg,Gweilo-60,2019-03-04 14:29:51.670637,11073,0
UChXOhG9bRDb3vSTg-qkPAZg,Gweilo-60,2019-03-04 14:28:51.635824,11073,0
UChXOhG9bRDb3vSTg-qkPAZg,Gweilo-60,2019-03-04 14:27:52.201442,11073,0
UChXOhG9bRDb3vSTg-qkPAZg,Gweilo-60,2019-03-04 14:26:51.439412,11073,0
UChXOhG9bRDb3vSTg-qkPAZg,Gweilo-60,2019-03-04 14:25:51.532156,11073,0
UChXOhG9bRDb3vSTg-qkPAZg,Gweilo-60,2019-03-04 14:24:51.649701,11073,0
UChXOhG9bRDb3vSTg-qkPAZg,Gweilo-60,2019-03-04 14:23:51.781765,11073,0
UChXOhG9bRDb3vSTg-qkPAZg,Gweilo-60,2019-03-04 14:22:51.525932,11073,0
UChXOhG9bRDb3vSTg-qkPAZg,Gweilo-60,2019-03-04 14:21:51.702536,11073,0
UChXOhG9bRDb3vSTg-qkPAZg,Gweilo-60,2019-03-04 14:20:51.861885,11073,0
UChXOhG9bRDb3vSTg-qkPAZg,Gweilo-60,2019-03-04 14:19:51.908272,11073,0
UChXOhG9bRDb3vSTg-qkPAZg,Gweilo-60,2019-03-04 14:18:51.996225,11073,0
UChXOhG9bRDb3vSTg-qkPAZg,Gweilo-60,2019-03-04 14:17:51.465511,11073,0
UChXOhG9bRDb3vSTg-qkPAZg,Gweilo-60,2019-03-04 14:16:51.914659,11073,0
UChXOhG9bRDb3vSTg-qkPAZg,Gweilo-60,2019-03-04 14:15:52.350608,11073,0
UChXOhG9bRDb3vSTg-qkPAZg,Gweilo-60,2019-03-04 14:14:51.367714,11073,0
UChXOhG9bRDb3vSTg-qkPAZg,Gweilo-60,2019-03-04 14:13:51.755096,11073,0
UChXOhG9bRDb3vSTg-qkPAZg,Gweilo-60,2019-03-04 14:12:52.532617,11073,0
UChXOhG9bRDb3vSTg-qkPAZg,Gweilo-60,2019-03-04 14:11:51.133718,11073,0
UChXOhG9bRDb3vSTg-qkPAZg,Gweilo-60,2019-03-04 14:10:51.901979,11073,0
UChXOhG9bRDb3vSTg-qkPAZg,Gweilo-60,2019-03-04 14:09:51.52427,11073,0
UChXOhG9bRDb3vSTg-qkPAZg,Gweilo-60,2019-03-04 14:08:51.823181,11073,0
UChXOhG9bRDb3vSTg-qkPAZg,Gweilo-60,2019-03-04 14:07:51.741664,11073,0
UChXOhG9bRDb3vSTg-qkPAZg,Gweilo-60,2019-03-04 14:06:51.60535,11073,0
UChXOhG9bRDb3vSTg-qkPAZg,Gweilo-60,2019-03-04 14:05:51.684079,11073,0
UChXOhG9bRDb3vSTg-qkPAZg,Gweilo-60,2019-03-04 14:04:51.601078,11073,0
UChXOhG9bRDb3vSTg-qkPAZg,Gweilo-60,2019-03-04 14:03:51.51416,11073,0
UChXOhG9bRDb3vSTg-qkPAZg,Gweilo-60,2019-03-04 14:02:51.91975,11073,0
UChXOhG9bRDb3vSTg-qkPAZg,Gweilo-60,2019-03-04 14:01:51.436121,11073,0
UChXOhG9bRDb3vSTg-qkPAZg,Gweilo-60,2019-03-04 14:00:51.9928,11073,0
UChXOhG9bRDb3vSTg-qkPAZg,Gweilo-60,2019-03-04 13:59:51.583378,11073,0
UChXOhG9bRDb3vSTg-qkPAZg,Gweilo-60,2019-03-04 13:58:51.488581,11073,0
UChXOhG9bRDb3vSTg-qkPAZg,Gweilo-60,2019-03-04 13:57:51.541996,11073,-1
UChXOhG9bRDb3vSTg-qkPAZg,Gweilo-60,2019-03-04 13:56:52.266749,11074,0
UChXOhG9bRDb3vSTg-qkPAZg,Gweilo-60,2019-03-04 13:55:51.818006,11074,0
UChXOhG9bRDb3vSTg-qkPAZg,Gweilo-60,2019-03-04 13:54:51.678346,11074,0
UChXOhG9bRDb3vSTg-qkPAZg,Gweilo-60,2019-03-04 13:53:51.416357,11074,0
UChXOhG9bRDb3vSTg-qkPAZg,Gweilo-60,2019-03-04 13:52:51.818339,11074,0
UChXOhG9bRDb3vSTg-qkPAZg,Gweilo-60,2019-03-04 13:51:52.057718,11074,0
UChXOhG9bRDb3vSTg-qkPAZg,Gweilo-60,2019-03-04 13:50:51.525022,11074,0
UChXOhG9bRDb3vSTg-qkPAZg,Gweilo-60,2019-03-04 13:49:51.390179,11074,0
UChXOhG9bRDb3vSTg-qkPAZg,Gweilo-60,2019-03-04 13:48:51.728412,11074,0
UChXOhG9bRDb3vSTg-qkPAZg,Gweilo-60,2019-03-04 13:47:51.493264,11074,0
UChXOhG9bRDb3vSTg-qkPAZg,Gweilo-60,2019-03-04 13:46:51.465217,11074,0
UChXOhG9bRDb3vSTg-qkPAZg,Gweilo-60,2019-03-04 13:45:51.329689,11074,0
UChXOhG9bRDb3vSTg-qkPAZg,Gweilo-60,2019-03-04 13:44:51.805678,11074,0
UChXOhG9bRDb3vSTg-qkPAZg,Gweilo-60,2019-03-04 13:43:51.555539,11074,0
UChXOhG9bRDb3vSTg-qkPAZg,Gweilo-60,2019-03-04 13:42:51.800489,11074,0
UChXOhG9bRDb3vSTg-qkPAZg,Gweilo-60,2019-03-04 13:41:52.413083,11074,0
UChXOhG9bRDb3vSTg-qkPAZg,Gweilo-60,2019-03-04 13:40:51.554408,11074,0
UChXOhG9bRDb3vSTg-qkPAZg,Gweilo-60,2019-03-04 13:39:51.730956,11074,0
UChXOhG9bRDb3vSTg-qkPAZg,Gweilo-60,2019-03-04 13:38:51.646343,11074,0
UChXOhG9bRDb3vSTg-qkPAZg,Gweilo-60,2019-03-04 13:37:51.74334,11074,0
UChXOhG9bRDb3vSTg-qkPAZg,Gweilo-60,2019-03-04 13:36:52.126217,11074,0
UChXOhG9bRDb3vSTg-qkPAZg,Gweilo-60,2019-03-04 13:35:51.526728,11074,0
UChXOhG9bRDb3vSTg-qkPAZg,Gweilo-60,2019-03-04 13:34:52.083697,11074,0
UChXOhG9bRDb3vSTg-qkPAZg,Gweilo-60,2019-03-04 13:33:52.25687,11074,0
UChXOhG9bRDb3vSTg-qkPAZg,Gweilo-60,2019-03-04 13:32:51.698432,11074,0
UChXOhG9bRDb3vSTg-qkPAZg,Gweilo-60,2019-03-04 13:31:51.571154,11074,0
UChXOhG9bRDb3vSTg-qkPAZg,Gweilo-60,2019-03-04 13:30:51.636099,11074,0
UChXOhG9bRDb3vSTg-qkPAZg,Gweilo-60,2019-03-04 13:29:51.701223,11074,0
UChXOhG9bRDb3vSTg-qkPAZg,Gweilo-60,2019-03-04 13:28:51.880475,11074,0
UChXOhG9bRDb3vSTg-qkPAZg,Gweilo-60,2019-03-04 13:27:52.134933,11074,0
UChXOhG9bRDb3vSTg-qkPAZg,Gweilo-60,2019-03-04 13:26:51.718538,11074,0
UChXOhG9bRDb3vSTg-qkPAZg,Gweilo-60,2019-03-04 13:25:52.026196,11074,0
UChXOhG9bRDb3vSTg-qkPAZg,Gweilo-60,2019-03-04 13:24:51.4466,11074,0
UChXOhG9bRDb3vSTg-qkPAZg,Gweilo-60,2019-03-04 13:23:51.740633,11074,0
UChXOhG9bRDb3vSTg-qkPAZg,Gweilo-60,2019-03-04 13:22:51.701057,11074,0
UChXOhG9bRDb3vSTg-qkPAZg,Gweilo-60,2019-03-04 13:21:51.674279,11074,0
UChXOhG9bRDb3vSTg-qkPAZg,Gweilo-60,2019-03-04 13:20:51.393873,11074,0
UChXOhG9bRDb3vSTg-qkPAZg,Gweilo-60,2019-03-04 13:19:51.895247,11074,0
UChXOhG9bRDb3vSTg-qkPAZg,Gweilo-60,2019-03-04 13:18:52.031128,11074,0
UChXOhG9bRDb3vSTg-qkPAZg,Gweilo-60,2019-03-04 13:17:51.631329,11074,0
UChXOhG9bRDb3vSTg-qkPAZg,Gweilo-60,2019-03-04 13:16:51.641516,11074,0
UChXOhG9bRDb3vSTg-qkPAZg,Gweilo-60,2019-03-04 13:15:52.981198,11074,0
UChXOhG9bRDb3vSTg-qkPAZg,Gweilo-60,2019-03-04 13:14:51.785137,11074,0
UChXOhG9bRDb3vSTg-qkPAZg,Gweilo-60,2019-03-04 13:13:51.534675,11074,0
UChXOhG9bRDb3vSTg-qkPAZg,Gweilo-60,2019-03-04 13:12:52.080236,11074,0
UChXOhG9bRDb3vSTg-qkPAZg,Gweilo-60,2019-03-04 13:11:51.557145,11074,0
UChXOhG9bRDb3vSTg-qkPAZg,Gweilo-60,2019-03-04 13:10:52.315761,11074,0
UChXOhG9bRDb3vSTg-qkPAZg,Gweilo-60,2019-03-04 13:09:51.500929,11074,0
UChXOhG9bRDb3vSTg-qkPAZg,Gweilo-60,2019-03-04 13:08:51.490438,11074,0
UChXOhG9bRDb3vSTg-qkPAZg,Gweilo-60,2019-03-04 13:07:51.628703,11074,0
UChXOhG9bRDb3vSTg-qkPAZg,Gweilo-60,2019-03-04 13:06:51.882047,11074,0
UChXOhG9bRDb3vSTg-qkPAZg,Gweilo-60,2019-03-04 13:05:51.863572,11074,0
UChXOhG9bRDb3vSTg-qkPAZg,Gweilo-60,2019-03-04 13:04:51.476978,11074,0
UChXOhG9bRDb3vSTg-qkPAZg,Gweilo-60,2019-03-04 13:03:51.462654,11074,0
UChXOhG9bRDb3vSTg-qkPAZg,Gweilo-60,2019-03-04 13:02:51.611133,11074,0
UChXOhG9bRDb3vSTg-qkPAZg,Gweilo-60,2019-03-04 13:01:51.808297,11074,0
UChXOhG9bRDb3vSTg-qkPAZg,Gweilo-60,2019-03-04 13:00:51.627694,11074,0
UChXOhG9bRDb3vSTg-qkPAZg,Gweilo-60,2019-03-04 12:59:51.79449,11074,0
UChXOhG9bRDb3vSTg-qkPAZg,Gweilo-60,2019-03-04 12:58:52.82082,11074,0
UChXOhG9bRDb3vSTg-qkPAZg,Gweilo-60,2019-03-04 12:57:51.213756,11074,0
UChXOhG9bRDb3vSTg-qkPAZg,Gweilo-60,2019-03-04 12:56:51.922735,11074,0
UChXOhG9bRDb3vSTg-qkPAZg,Gweilo-60,2019-03-04 12:55:51.405281,11074,0
UChXOhG9bRDb3vSTg-qkPAZg,Gweilo-60,2019-03-04 12:54:51.302885,11074,0
UChXOhG9bRDb3vSTg-qkPAZg,Gweilo-60,2019-03-04 12:53:51.281727,11074,0
UChXOhG9bRDb3vSTg-qkPAZg,Gweilo-60,2019-03-04 12:52:51.545067,11074,0
UChXOhG9bRDb3vSTg-qkPAZg,Gweilo-60,2019-03-04 12:51:51.711079,11074,0
UChXOhG9bRDb3vSTg-qkPAZg,Gweilo-60,2019-03-04 12:50:51.843891,11074,0
UChXOhG9bRDb3vSTg-qkPAZg,Gweilo-60,2019-03-04 12:49:52.426567,11074,0
UChXOhG9bRDb3vSTg-qkPAZg,Gweilo-60,2019-03-04 12:48:51.778432,11074,0
UChXOhG9bRDb3vSTg-qkPAZg,Gweilo-60,2019-03-04 12:47:51.373445,11074,0
UChXOhG9bRDb3vSTg-qkPAZg,Gweilo-60,2019-03-04 12:46:51.266287,11074,0
UChXOhG9bRDb3vSTg-qkPAZg,Gweilo-60,2019-03-04 12:45:51.72602,11074,0
UChXOhG9bRDb3vSTg-qkPAZg,Gweilo-60,2019-03-04 12:44:52.178051,11074,0
UChXOhG9bRDb3vSTg-qkPAZg,Gweilo-60,2019-03-04 12:43:51.611286,11074,0
UChXOhG9bRDb3vSTg-qkPAZg,Gweilo-60,2019-03-04 12:42:51.353127,11074,0
UChXOhG9bRDb3vSTg-qkPAZg,Gweilo-60,2019-03-04 12:41:51.389866,11074,0
UChXOhG9bRDb3vSTg-qkPAZg,Gweilo-60,2019-03-04 12:40:51.682527,11074,0
UChXOhG9bRDb3vSTg-qkPAZg,Gweilo-60,2019-03-04 12:39:52.233154,11074,0
UChXOhG9bRDb3vSTg-qkPAZg,Gweilo-60,2019-03-04 12:38:51.239995,11074,0
UChXOhG9bRDb3vSTg-qkPAZg,Gweilo-60,2019-03-04 12:37:51.348037,11074,0
UChXOhG9bRDb3vSTg-qkPAZg,Gweilo-60,2019-03-04 12:36:51.416423,11074,0
UChXOhG9bRDb3vSTg-qkPAZg,Gweilo-60,2019-03-04 12:35:52.089306,11074,0
UChXOhG9bRDb3vSTg-qkPAZg,Gweilo-60,2019-03-04 12:34:51.522211,11074,0
UChXOhG9bRDb3vSTg-qkPAZg,Gweilo-60,2019-03-04 12:33:51.450224,11074,0
UChXOhG9bRDb3vSTg-qkPAZg,Gweilo-60,2019-03-04 12:32:52.557283,11074,0
UChXOhG9bRDb3vSTg-qkPAZg,Gweilo-60,2019-03-04 12:31:51.660906,11074,0
UChXOhG9bRDb3vSTg-qkPAZg,Gweilo-60,2019-03-04 12:30:51.576509,11074,0
UChXOhG9bRDb3vSTg-qkPAZg,Gweilo-60,2019-03-04 12:29:51.696462,11074,0
UChXOhG9bRDb3vSTg-qkPAZg,Gweilo-60,2019-03-04 12:28:51.258655,11074,0
UChXOhG9bRDb3vSTg-qkPAZg,Gweilo-60,2019-03-04 12:27:51.276054,11074,0
UChXOhG9bRDb3vSTg-qkPAZg,Gweilo-60,2019-03-04 12:26:51.619998,11074,0
UChXOhG9bRDb3vSTg-qkPAZg,Gweilo-60,2019-03-04 12:25:51.727264,11074,0
UChXOhG9bRDb3vSTg-qkPAZg,Gweilo-60,2019-03-04 12:24:51.895326,11074,0
UChXOhG9bRDb3vSTg-qkPAZg,Gweilo-60,2019-03-04 12:23:51.443116,11074,0
UChXOhG9bRDb3vSTg-qkPAZg,Gweilo-60,2019-03-04 12:22:51.734627,11074,0
UChXOhG9bRDb3vSTg-qkPAZg,Gweilo-60,2019-03-04 12:21:51.573283,11074,0
UChXOhG9bRDb3vSTg-qkPAZg,Gweilo-60,2019-03-04 12:20:51.564012,11074,0
UChXOhG9bRDb3vSTg-qkPAZg,Gweilo-60,2019-03-04 12:19:51.377774,11074,0
UChXOhG9bRDb3vSTg-qkPAZg,Gweilo-60,2019-03-04 12:18:51.425729,11074,0
UChXOhG9bRDb3vSTg-qkPAZg,Gweilo-60,2019-03-04 12:17:51.615885,11074,0
UChXOhG9bRDb3vSTg-qkPAZg,Gweilo-60,2019-03-04 12:16:51.236994,11074,0
UChXOhG9bRDb3vSTg-qkPAZg,Gweilo-60,2019-03-04 12:15:51.394129,11074,0
UChXOhG9bRDb3vSTg-qkPAZg,Gweilo-60,2019-03-04 12:14:51.896725,11074,0
UChXOhG9bRDb3vSTg-qkPAZg,Gweilo-60,2019-03-04 12:13:52.833908,11074,0
UChXOhG9bRDb3vSTg-qkPAZg,Gweilo-60,2019-03-04 12:12:51.460673,11074,0
UChXOhG9bRDb3vSTg-qkPAZg,Gweilo-60,2019-03-04 12:11:51.16371,11074,0
UChXOhG9bRDb3vSTg-qkPAZg,Gweilo-60,2019-03-04 12:10:51.359148,11074,0
UChXOhG9bRDb3vSTg-qkPAZg,Gweilo-60,2019-03-04 12:09:51.728934,11074,0
UChXOhG9bRDb3vSTg-qkPAZg,Gweilo-60,2019-03-04 12:08:51.964381,11074,0
UChXOhG9bRDb3vSTg-qkPAZg,Gweilo-60,2019-03-04 12:07:51.349733,11074,0
UChXOhG9bRDb3vSTg-qkPAZg,Gweilo-60,2019-03-04 12:06:51.444417,11074,0
UChXOhG9bRDb3vSTg-qkPAZg,Gweilo-60,2019-03-04 12:05:51.229036,11074,0
UChXOhG9bRDb3vSTg-qkPAZg,Gweilo-60,2019-03-04 12:04:51.955742,11074,0
UChXOhG9bRDb3vSTg-qkPAZg,Gweilo-60,2019-03-04 12:03:51.533788,11074,0
UChXOhG9bRDb3vSTg-qkPAZg,Gweilo-60,2019-03-04 12:02:51.429055,11074,0
UChXOhG9bRDb3vSTg-qkPAZg,Gweilo-60,2019-03-04 12:01:51.942498,11074,0
UChXOhG9bRDb3vSTg-qkPAZg,Gweilo-60,2019-03-04 12:00:51.754904,11074,0
UChXOhG9bRDb3vSTg-qkPAZg,Gweilo-60,2019-03-04 11:59:51.49576,11074,0
UChXOhG9bRDb3vSTg-qkPAZg,Gweilo-60,2019-03-04 11:58:51.773616,11074,0
UChXOhG9bRDb3vSTg-qkPAZg,Gweilo-60,2019-03-04 11:57:51.463274,11074,0
UChXOhG9bRDb3vSTg-qkPAZg,Gweilo-60,2019-03-04 11:56:51.474196,11074,0
UChXOhG9bRDb3vSTg-qkPAZg,Gweilo-60,2019-03-04 11:55:51.444944,11074,0
UChXOhG9bRDb3vSTg-qkPAZg,Gweilo-60,2019-03-04 11:54:51.515449,11074,0
UChXOhG9bRDb3vSTg-qkPAZg,Gweilo-60,2019-03-04 11:53:51.713441,11074,0
UChXOhG9bRDb3vSTg-qkPAZg,Gweilo-60,2019-03-04 11:52:51.348381,11074,0
UChXOhG9bRDb3vSTg-qkPAZg,Gweilo-60,2019-03-04 11:51:51.422079,11074,0
UChXOhG9bRDb3vSTg-qkPAZg,Gweilo-60,2019-03-04 11:50:51.392703,11074,0
UChXOhG9bRDb3vSTg-qkPAZg,Gweilo-60,2019-03-04 11:49:51.231774,11074,0
UChXOhG9bRDb3vSTg-qkPAZg,Gweilo-60,2019-03-04 11:48:51.544689,11074,0
UChXOhG9bRDb3vSTg-qkPAZg,Gweilo-60,2019-03-04 11:47:52.278479,11074,0
UChXOhG9bRDb3vSTg-qkPAZg,Gweilo-60,2019-03-04 11:46:51.344597,11074,0
UChXOhG9bRDb3vSTg-qkPAZg,Gweilo-60,2019-03-04 11:45:51.406955,11074,0
UChXOhG9bRDb3vSTg-qkPAZg,Gweilo-60,2019-03-04 11:44:51.683802,11074,0
UChXOhG9bRDb3vSTg-qkPAZg,Gweilo-60,2019-03-04 11:43:51.625294,11074,0
UChXOhG9bRDb3vSTg-qkPAZg,Gweilo-60,2019-03-04 11:42:52.040757,11074,0
UChXOhG9bRDb3vSTg-qkPAZg,Gweilo-60,2019-03-04 11:41:51.503571,11074,0
UChXOhG9bRDb3vSTg-qkPAZg,Gweilo-60,2019-03-04 11:40:51.691043,11074,0
UChXOhG9bRDb3vSTg-qkPAZg,Gweilo-60,2019-03-04 11:39:51.857959,11074,0
UChXOhG9bRDb3vSTg-qkPAZg,Gweilo-60,2019-03-04 11:38:51.506243,11074,0
UChXOhG9bRDb3vSTg-qkPAZg,Gweilo-60,2019-03-04 11:37:51.521576,11074,0
UChXOhG9bRDb3vSTg-qkPAZg,Gweilo-60,2019-03-04 11:36:51.724527,11074,0
UChXOhG9bRDb3vSTg-qkPAZg,Gweilo-60,2019-03-04 11:35:51.725098,11074,0
UChXOhG9bRDb3vSTg-qkPAZg,Gweilo-60,2019-03-04 11:34:51.434438,11074,0
UChXOhG9bRDb3vSTg-qkPAZg,Gweilo-60,2019-03-04 11:33:51.634038,11074,0
UChXOhG9bRDb3vSTg-qkPAZg,Gweilo-60,2019-03-04 11:32:51.646549,11074,0
UChXOhG9bRDb3vSTg-qkPAZg,Gweilo-60,2019-03-04 11:31:51.422148,11074,0
UChXOhG9bRDb3vSTg-qkPAZg,Gweilo-60,2019-03-04 11:30:52.091149,11074,0
UChXOhG9bRDb3vSTg-qkPAZg,Gweilo-60,2019-03-04 11:29:51.561695,11074,0
UChXOhG9bRDb3vSTg-qkPAZg,Gweilo-60,2019-03-04 11:28:51.639901,11074,0
UChXOhG9bRDb3vSTg-qkPAZg,Gweilo-60,2019-03-04 11:27:51.689217,11074,0
UChXOhG9bRDb3vSTg-qkPAZg,Gweilo-60,2019-03-04 11:26:51.370296,11074,0
UChXOhG9bRDb3vSTg-qkPAZg,Gweilo-60,2019-03-04 11:25:51.595223,11074,0
UChXOhG9bRDb3vSTg-qkPAZg,Gweilo-60,2019-03-04 11:24:51.713145,11074,0
UChXOhG9bRDb3vSTg-qkPAZg,Gweilo-60,2019-03-04 11:23:51.413073,11074,0
UChXOhG9bRDb3vSTg-qkPAZg,Gweilo-60,2019-03-04 11:22:51.905246,11074,0
UChXOhG9bRDb3vSTg-qkPAZg,Gweilo-60,2019-03-04 11:21:51.693371,11074,0
UChXOhG9bRDb3vSTg-qkPAZg,Gweilo-60,2019-03-04 11:20:51.330898,11074,0
UChXOhG9bRDb3vSTg-qkPAZg,Gweilo-60,2019-03-04 11:19:51.594665,11074,0
UChXOhG9bRDb3vSTg-qkPAZg,Gweilo-60,2019-03-04 11:18:51.756373,11074,0
UChXOhG9bRDb3vSTg-qkPAZg,Gweilo-60,2019-03-04 11:17:51.799163,11074,0
UChXOhG9bRDb3vSTg-qkPAZg,Gweilo-60,2019-03-04 11:16:51.300537,11074,0
UChXOhG9bRDb3vSTg-qkPAZg,Gweilo-60,2019-03-04 11:15:51.610347,11074,0
UChXOhG9bRDb3vSTg-qkPAZg,Gweilo-60,2019-03-04 11:14:51.357789,11074,0
UChXOhG9bRDb3vSTg-qkPAZg,Gweilo-60,2019-03-04 11:13:51.847544,11074,0
UChXOhG9bRDb3vSTg-qkPAZg,Gweilo-60,2019-03-04 11:12:51.811094,11074,0
UChXOhG9bRDb3vSTg-qkPAZg,Gweilo-60,2019-03-04 11:11:51.872433,11074,0
UChXOhG9bRDb3vSTg-qkPAZg,Gweilo-60,2019-03-04 11:10:51.644518,11074,0
UChXOhG9bRDb3vSTg-qkPAZg,Gweilo-60,2019-03-04 11:09:51.212943,11074,0
UChXOhG9bRDb3vSTg-qkPAZg,Gweilo-60,2019-03-04 11:08:51.143429,11074,0
UChXOhG9bRDb3vSTg-qkPAZg,Gweilo-60,2019-03-04 11:07:51.496179,11074,0
UChXOhG9bRDb3vSTg-qkPAZg,Gweilo-60,2019-03-04 11:06:51.368769,11074,0
UChXOhG9bRDb3vSTg-qkPAZg,Gweilo-60,2019-03-04 11:05:51.437221,11074,0
UChXOhG9bRDb3vSTg-qkPAZg,Gweilo-60,2019-03-04 11:04:51.577984,11074,0
UChXOhG9bRDb3vSTg-qkPAZg,Gweilo-60,2019-03-04 11:03:51.474568,11074,0
UChXOhG9bRDb3vSTg-qkPAZg,Gweilo-60,2019-03-04 11:02:51.769371,11074,0
UChXOhG9bRDb3vSTg-qkPAZg,Gweilo-60,2019-03-04 11:01:51.646427,11074,0
UChXOhG9bRDb3vSTg-qkPAZg,Gweilo-60,2019-03-04 11:00:51.072524,11074,0
UChXOhG9bRDb3vSTg-qkPAZg,Gweilo-60,2019-03-04 10:59:51.961186,11074,0
UChXOhG9bRDb3vSTg-qkPAZg,Gweilo-60,2019-03-04 10:58:51.536025,11074,0
UChXOhG9bRDb3vSTg-qkPAZg,Gweilo-60,2019-03-04 10:57:51.672522,11074,0
UChXOhG9bRDb3vSTg-qkPAZg,Gweilo-60,2019-03-04 10:56:51.407577,11074,0
UChXOhG9bRDb3vSTg-qkPAZg,Gweilo-60,2019-03-04 10:55:51.305973,11074,0
UChXOhG9bRDb3vSTg-qkPAZg,Gweilo-60,2019-03-04 10:54:53.616727,11074,0
UChXOhG9bRDb3vSTg-qkPAZg,Gweilo-60,2019-03-04 10:53:51.930273,11074,0
UChXOhG9bRDb3vSTg-qkPAZg,Gweilo-60,2019-03-04 10:52:51.408024,11074,0
UChXOhG9bRDb3vSTg-qkPAZg,Gweilo-60,2019-03-04 10:51:51.797849,11074,0
UChXOhG9bRDb3vSTg-qkPAZg,Gweilo-60,2019-03-04 10:50:51.793572,11074,0
UChXOhG9bRDb3vSTg-qkPAZg,Gweilo-60,2019-03-04 10:49:51.043381,11074,0
UChXOhG9bRDb3vSTg-qkPAZg,Gweilo-60,2019-03-04 10:48:51.401124,11074,0
UChXOhG9bRDb3vSTg-qkPAZg,Gweilo-60,2019-03-04 10:47:51.498273,11074,0
UChXOhG9bRDb3vSTg-qkPAZg,Gweilo-60,2019-03-04 10:46:51.393121,11074,0
UChXOhG9bRDb3vSTg-qkPAZg,Gweilo-60,2019-03-04 10:45:51.163196,11074,0
UChXOhG9bRDb3vSTg-qkPAZg,Gweilo-60,2019-03-04 10:44:51.548884,11074,0
UChXOhG9bRDb3vSTg-qkPAZg,Gweilo-60,2019-03-04 10:43:51.890566,11074,0
UChXOhG9bRDb3vSTg-qkPAZg,Gweilo-60,2019-03-04 10:42:51.819576,11074,0
UChXOhG9bRDb3vSTg-qkPAZg,Gweilo-60,2019-03-04 10:41:52.110387,11074,0
UChXOhG9bRDb3vSTg-qkPAZg,Gweilo-60,2019-03-04 10:40:51.949047,11074,0
UChXOhG9bRDb3vSTg-qkPAZg,Gweilo-60,2019-03-04 10:39:51.765729,11074,0
UChXOhG9bRDb3vSTg-qkPAZg,Gweilo-60,2019-03-04 10:38:51.63491,11074,0
UChXOhG9bRDb3vSTg-qkPAZg,Gweilo-60,2019-03-04 10:37:51.651793,11074,0
UChXOhG9bRDb3vSTg-qkPAZg,Gweilo-60,2019-03-04 10:36:51.510849,11074,0
UChXOhG9bRDb3vSTg-qkPAZg,Gweilo-60,2019-03-04 10:35:51.952966,11074,0
UChXOhG9bRDb3vSTg-qkPAZg,Gweilo-60,2019-03-04 10:34:51.43008,11074,0
UChXOhG9bRDb3vSTg-qkPAZg,Gweilo-60,2019-03-04 10:33:51.817041,11074,0
UChXOhG9bRDb3vSTg-qkPAZg,Gweilo-60,2019-03-04 10:32:51.478215,11074,0
UChXOhG9bRDb3vSTg-qkPAZg,Gweilo-60,2019-03-04 10:31:51.948737,11074,1
UChXOhG9bRDb3vSTg-qkPAZg,Gweilo-60,2019-03-04 10:30:51.806739,11073,0
UChXOhG9bRDb3vSTg-qkPAZg,Gweilo-60,2019-03-04 10:29:51.712245,11073,0
UChXOhG9bRDb3vSTg-qkPAZg,Gweilo-60,2019-03-04 10:28:51.365117,11073,0
UChXOhG9bRDb3vSTg-qkPAZg,Gweilo-60,2019-03-04 10:27:51.258291,11073,0
UChXOhG9bRDb3vSTg-qkPAZg,Gweilo-60,2019-03-04 10:26:51.341917,11073,0
UChXOhG9bRDb3vSTg-qkPAZg,Gweilo-60,2019-03-04 10:25:51.324812,11073,0
UChXOhG9bRDb3vSTg-qkPAZg,Gweilo-60,2019-03-04 10:24:51.610103,11073,0
UChXOhG9bRDb3vSTg-qkPAZg,Gweilo-60,2019-03-04 10:23:51.648343,11073,0
UChXOhG9bRDb3vSTg-qkPAZg,Gweilo-60,2019-03-04 10:22:51.429158,11073,0
UChXOhG9bRDb3vSTg-qkPAZg,Gweilo-60,2019-03-04 10:21:51.35876,11073,0
UChXOhG9bRDb3vSTg-qkPAZg,Gweilo-60,2019-03-04 10:20:51.858928,11073,0
UChXOhG9bRDb3vSTg-qkPAZg,Gweilo-60,2019-03-04 10:19:52.155996,11073,0
UChXOhG9bRDb3vSTg-qkPAZg,Gweilo-60,2019-03-04 10:18:51.49673,11073,0
UChXOhG9bRDb3vSTg-qkPAZg,Gweilo-60,2019-03-04 10:17:51.273614,11073,0
UChXOhG9bRDb3vSTg-qkPAZg,Gweilo-60,2019-03-04 10:16:52.179704,11073,0
UChXOhG9bRDb3vSTg-qkPAZg,Gweilo-60,2019-03-04 10:15:51.785193,11073,0
UChXOhG9bRDb3vSTg-qkPAZg,Gweilo-60,2019-03-04 10:14:51.452604,11073,0
UChXOhG9bRDb3vSTg-qkPAZg,Gweilo-60,2019-03-04 10:13:51.225954,11073,0
UChXOhG9bRDb3vSTg-qkPAZg,Gweilo-60,2019-03-04 10:12:51.600884,11073,0
UChXOhG9bRDb3vSTg-qkPAZg,Gweilo-60,2019-03-04 10:11:51.332001,11073,0
UChXOhG9bRDb3vSTg-qkPAZg,Gweilo-60,2019-03-04 10:10:51.41607,11073,0
UChXOhG9bRDb3vSTg-qkPAZg,Gweilo-60,2019-03-04 10:09:51.166723,11073,0
UChXOhG9bRDb3vSTg-qkPAZg,Gweilo-60,2019-03-04 10:08:51.43207,11073,0
UChXOhG9bRDb3vSTg-qkPAZg,Gweilo-60,2019-03-04 10:07:51.524751,11073,0
UChXOhG9bRDb3vSTg-qkPAZg,Gweilo-60,2019-03-04 10:06:51.317168,11073,0
UChXOhG9bRDb3vSTg-qkPAZg,Gweilo-60,2019-03-04 10:05:51.623949,11073,0
UChXOhG9bRDb3vSTg-qkPAZg,Gweilo-60,2019-03-04 10:04:51.29788,11073,0
UChXOhG9bRDb3vSTg-qkPAZg,Gweilo-60,2019-03-04 10:03:51.314702,11073,0
UChXOhG9bRDb3vSTg-qkPAZg,Gweilo-60,2019-03-04 10:02:51.212586,11073,0
UChXOhG9bRDb3vSTg-qkPAZg,Gweilo-60,2019-03-04 10:01:51.730937,11073,0
UChXOhG9bRDb3vSTg-qkPAZg,Gweilo-60,2019-03-04 10:00:51.605212,11073,0
UChXOhG9bRDb3vSTg-qkPAZg,Gweilo-60,2019-03-04 09:59:51.669185,11073,0
UChXOhG9bRDb3vSTg-qkPAZg,Gweilo-60,2019-03-04 09:58:51.62043,11073,0
UChXOhG9bRDb3vSTg-qkPAZg,Gweilo-60,2019-03-04 09:57:51.651133,11073,0
UChXOhG9bRDb3vSTg-qkPAZg,Gweilo-60,2019-03-04 09:56:52.032219,11073,0
UChXOhG9bRDb3vSTg-qkPAZg,Gweilo-60,2019-03-04 09:55:52.011716,11073,0
UChXOhG9bRDb3vSTg-qkPAZg,Gweilo-60,2019-03-04 09:54:51.643968,11073,0
UChXOhG9bRDb3vSTg-qkPAZg,Gweilo-60,2019-03-04 09:53:52.328616,11073,0
UChXOhG9bRDb3vSTg-qkPAZg,Gweilo-60,2019-03-04 09:52:51.534515,11073,0
UChXOhG9bRDb3vSTg-qkPAZg,Gweilo-60,2019-03-04 09:51:51.562159,11073,0
UChXOhG9bRDb3vSTg-qkPAZg,Gweilo-60,2019-03-04 09:50:51.726001,11073,0
UChXOhG9bRDb3vSTg-qkPAZg,Gweilo-60,2019-03-04 09:49:51.388137,11073,0
UChXOhG9bRDb3vSTg-qkPAZg,Gweilo-60,2019-03-04 09:48:51.755008,11073,0
UChXOhG9bRDb3vSTg-qkPAZg,Gweilo-60,2019-03-04 09:47:51.678512,11073,0
UChXOhG9bRDb3vSTg-qkPAZg,Gweilo-60,2019-03-04 09:46:51.307231,11073,0
UChXOhG9bRDb3vSTg-qkPAZg,Gweilo-60,2019-03-04 09:45:51.285061,11073,0
UChXOhG9bRDb3vSTg-qkPAZg,Gweilo-60,2019-03-04 09:44:51.76929,11073,0
UChXOhG9bRDb3vSTg-qkPAZg,Gweilo-60,2019-03-04 09:43:51.338121,11073,0
UChXOhG9bRDb3vSTg-qkPAZg,Gweilo-60,2019-03-04 09:42:51.574855,11073,0
UChXOhG9bRDb3vSTg-qkPAZg,Gweilo-60,2019-03-04 09:41:51.323587,11073,0
UChXOhG9bRDb3vSTg-qkPAZg,Gweilo-60,2019-03-04 09:40:51.817267,11073,0
UChXOhG9bRDb3vSTg-qkPAZg,Gweilo-60,2019-03-04 09:39:51.068341,11073,0
UChXOhG9bRDb3vSTg-qkPAZg,Gweilo-60,2019-03-04 09:38:51.867689,11073,0
UChXOhG9bRDb3vSTg-qkPAZg,Gweilo-60,2019-03-04 09:37:51.139705,11073,0
UChXOhG9bRDb3vSTg-qkPAZg,Gweilo-60,2019-03-04 09:36:51.561766,11073,0
UChXOhG9bRDb3vSTg-qkPAZg,Gweilo-60,2019-03-04 09:35:51.356061,11073,0
UChXOhG9bRDb3vSTg-qkPAZg,Gweilo-60,2019-03-04 09:34:51.498555,11073,0
UChXOhG9bRDb3vSTg-qkPAZg,Gweilo-60,2019-03-04 09:33:51.440398,11073,0
UChXOhG9bRDb3vSTg-qkPAZg,Gweilo-60,2019-03-04 09:32:51.385619,11073,0
UChXOhG9bRDb3vSTg-qkPAZg,Gweilo-60,2019-03-04 09:31:51.494783,11073,0
UChXOhG9bRDb3vSTg-qkPAZg,Gweilo-60,2019-03-04 09:30:51.182702,11073,0
UChXOhG9bRDb3vSTg-qkPAZg,Gweilo-60,2019-03-04 09:29:51.130863,11073,0
UChXOhG9bRDb3vSTg-qkPAZg,Gweilo-60,2019-03-04 09:28:51.864754,11073,0
UChXOhG9bRDb3vSTg-qkPAZg,Gweilo-60,2019-03-04 09:27:51.603072,11073,0
UChXOhG9bRDb3vSTg-qkPAZg,Gweilo-60,2019-03-04 09:26:51.459468,11073,0
UChXOhG9bRDb3vSTg-qkPAZg,Gweilo-60,2019-03-04 09:25:51.636774,11073,0
UChXOhG9bRDb3vSTg-qkPAZg,Gweilo-60,2019-03-04 09:24:52.0361,11073,0
UChXOhG9bRDb3vSTg-qkPAZg,Gweilo-60,2019-03-04 09:23:51.640995,11073,0
UChXOhG9bRDb3vSTg-qkPAZg,Gweilo-60,2019-03-04 09:22:52.750315,11073,0
UChXOhG9bRDb3vSTg-qkPAZg,Gweilo-60,2019-03-04 09:21:51.651316,11073,0
UChXOhG9bRDb3vSTg-qkPAZg,Gweilo-60,2019-03-04 09:20:51.531406,11073,0
UChXOhG9bRDb3vSTg-qkPAZg,Gweilo-60,2019-03-04 09:19:51.470787,11073,0
UChXOhG9bRDb3vSTg-qkPAZg,Gweilo-60,2019-03-04 09:18:51.553481,11073,0
UChXOhG9bRDb3vSTg-qkPAZg,Gweilo-60,2019-03-04 09:17:52.083567,11073,0
UChXOhG9bRDb3vSTg-qkPAZg,Gweilo-60,2019-03-04 09:16:51.202841,11073,0
UChXOhG9bRDb3vSTg-qkPAZg,Gweilo-60,2019-03-04 09:15:51.203735,11073,0
UChXOhG9bRDb3vSTg-qkPAZg,Gweilo-60,2019-03-04 09:14:51.645643,11073,0
UChXOhG9bRDb3vSTg-qkPAZg,Gweilo-60,2019-03-04 09:13:51.260396,11073,0
UChXOhG9bRDb3vSTg-qkPAZg,Gweilo-60,2019-03-04 09:12:51.383992,11073,0
UChXOhG9bRDb3vSTg-qkPAZg,Gweilo-60,2019-03-04 09:11:51.64363,11073,0
UChXOhG9bRDb3vSTg-qkPAZg,Gweilo-60,2019-03-04 09:10:51.213331,11073,0
UChXOhG9bRDb3vSTg-qkPAZg,Gweilo-60,2019-03-04 09:09:51.546492,11073,0
UChXOhG9bRDb3vSTg-qkPAZg,Gweilo-60,2019-03-04 09:08:51.642889,11073,0
UChXOhG9bRDb3vSTg-qkPAZg,Gweilo-60,2019-03-04 09:07:51.078617,11073,0
UChXOhG9bRDb3vSTg-qkPAZg,Gweilo-60,2019-03-04 09:06:51.526518,11073,0
UChXOhG9bRDb3vSTg-qkPAZg,Gweilo-60,2019-03-04 09:05:51.680965,11073,0
UChXOhG9bRDb3vSTg-qkPAZg,Gweilo-60,2019-03-04 09:04:51.469423,11073,1
UChXOhG9bRDb3vSTg-qkPAZg,Gweilo-60,2019-03-04 09:03:51.744329,11072,0
UChXOhG9bRDb3vSTg-qkPAZg,Gweilo-60,2019-03-04 09:02:51.421703,11072,0
UChXOhG9bRDb3vSTg-qkPAZg,Gweilo-60,2019-03-04 09:01:51.307671,11072,0
UChXOhG9bRDb3vSTg-qkPAZg,Gweilo-60,2019-03-04 09:00:51.226804,11072,0
UChXOhG9bRDb3vSTg-qkPAZg,Gweilo-60,2019-03-04 08:59:51.295319,11072,0
UChXOhG9bRDb3vSTg-qkPAZg,Gweilo-60,2019-03-04 08:58:51.123636,11072,0
UChXOhG9bRDb3vSTg-qkPAZg,Gweilo-60,2019-03-04 08:57:51.43824,11072,0
UChXOhG9bRDb3vSTg-qkPAZg,Gweilo-60,2019-03-04 08:56:51.810576,11072,0
UChXOhG9bRDb3vSTg-qkPAZg,Gweilo-60,2019-03-04 08:55:51.56845,11072,0
UChXOhG9bRDb3vSTg-qkPAZg,Gweilo-60,2019-03-04 08:54:51.707945,11072,0
UChXOhG9bRDb3vSTg-qkPAZg,Gweilo-60,2019-03-04 08:53:51.362965,11072,0
UChXOhG9bRDb3vSTg-qkPAZg,Gweilo-60,2019-03-04 08:52:51.708568,11072,0
UChXOhG9bRDb3vSTg-qkPAZg,Gweilo-60,2019-03-04 08:51:52.473248,11072,0
UChXOhG9bRDb3vSTg-qkPAZg,Gweilo-60,2019-03-04 08:50:51.413148,11072,0
UChXOhG9bRDb3vSTg-qkPAZg,Gweilo-60,2019-03-04 08:49:51.500369,11072,0
UChXOhG9bRDb3vSTg-qkPAZg,Gweilo-60,2019-03-04 08:48:51.37646,11072,0
UChXOhG9bRDb3vSTg-qkPAZg,Gweilo-60,2019-03-04 08:47:51.380736,11072,0
UChXOhG9bRDb3vSTg-qkPAZg,Gweilo-60,2019-03-04 08:46:51.409604,11072,0
UChXOhG9bRDb3vSTg-qkPAZg,Gweilo-60,2019-03-04 08:45:51.826076,11072,0
UChXOhG9bRDb3vSTg-qkPAZg,Gweilo-60,2019-03-04 08:44:51.672281,11072,-1
UChXOhG9bRDb3vSTg-qkPAZg,Gweilo-60,2019-03-04 08:43:51.404241,11073,0
UChXOhG9bRDb3vSTg-qkPAZg,Gweilo-60,2019-03-04 08:42:51.228894,11073,0
UChXOhG9bRDb3vSTg-qkPAZg,Gweilo-60,2019-03-04 08:41:51.415016,11073,0
UChXOhG9bRDb3vSTg-qkPAZg,Gweilo-60,2019-03-04 08:40:51.255494,11073,0
UChXOhG9bRDb3vSTg-qkPAZg,Gweilo-60,2019-03-04 08:39:52.039496,11073,0
UChXOhG9bRDb3vSTg-qkPAZg,Gweilo-60,2019-03-04 08:38:51.575257,11073,0
UChXOhG9bRDb3vSTg-qkPAZg,Gweilo-60,2019-03-04 08:37:52.747453,11073,0
UChXOhG9bRDb3vSTg-qkPAZg,Gweilo-60,2019-03-04 08:36:51.454211,11073,0
UChXOhG9bRDb3vSTg-qkPAZg,Gweilo-60,2019-03-04 08:35:51.323292,11073,0
UChXOhG9bRDb3vSTg-qkPAZg,Gweilo-60,2019-03-04 08:34:51.69381,11073,0
UChXOhG9bRDb3vSTg-qkPAZg,Gweilo-60,2019-03-04 08:33:51.610081,11073,0
UChXOhG9bRDb3vSTg-qkPAZg,Gweilo-60,2019-03-04 08:32:51.926036,11073,0
UChXOhG9bRDb3vSTg-qkPAZg,Gweilo-60,2019-03-04 08:31:51.156676,11073,0
UChXOhG9bRDb3vSTg-qkPAZg,Gweilo-60,2019-03-04 08:30:51.645749,11073,0
UChXOhG9bRDb3vSTg-qkPAZg,Gweilo-60,2019-03-04 08:29:51.536699,11073,0
UChXOhG9bRDb3vSTg-qkPAZg,Gweilo-60,2019-03-04 08:28:51.608887,11073,0
UChXOhG9bRDb3vSTg-qkPAZg,Gweilo-60,2019-03-04 08:27:51.416017,11073,1
UChXOhG9bRDb3vSTg-qkPAZg,Gweilo-60,2019-03-04 08:26:51.967448,11072,0
UChXOhG9bRDb3vSTg-qkPAZg,Gweilo-60,2019-03-04 08:25:51.683311,11072,0
UChXOhG9bRDb3vSTg-qkPAZg,Gweilo-60,2019-03-04 08:24:51.807666,11072,0
UChXOhG9bRDb3vSTg-qkPAZg,Gweilo-60,2019-03-04 08:23:51.070269,11072,0
UChXOhG9bRDb3vSTg-qkPAZg,Gweilo-60,2019-03-04 08:22:51.638186,11072,0
UChXOhG9bRDb3vSTg-qkPAZg,Gweilo-60,2019-03-04 08:21:51.610902,11072,0
UChXOhG9bRDb3vSTg-qkPAZg,Gweilo-60,2019-03-04 08:20:51.833106,11072,0
UChXOhG9bRDb3vSTg-qkPAZg,Gweilo-60,2019-03-04 08:19:51.438207,11072,0
UChXOhG9bRDb3vSTg-qkPAZg,Gweilo-60,2019-03-04 08:18:52.456882,11072,0
UChXOhG9bRDb3vSTg-qkPAZg,Gweilo-60,2019-03-04 08:17:51.450179,11072,1
UChXOhG9bRDb3vSTg-qkPAZg,Gweilo-60,2019-03-04 08:16:51.627335,11071,0
UChXOhG9bRDb3vSTg-qkPAZg,Gweilo-60,2019-03-04 08:15:51.548976,11071,0
UChXOhG9bRDb3vSTg-qkPAZg,Gweilo-60,2019-03-04 08:14:51.302385,11071,0
UChXOhG9bRDb3vSTg-qkPAZg,Gweilo-60,2019-03-04 08:13:51.218593,11071,0
UChXOhG9bRDb3vSTg-qkPAZg,Gweilo-60,2019-03-04 08:12:51.803546,11071,0
UChXOhG9bRDb3vSTg-qkPAZg,Gweilo-60,2019-03-04 08:11:51.591194,11071,0
UChXOhG9bRDb3vSTg-qkPAZg,Gweilo-60,2019-03-04 08:10:51.896492,11071,0
UChXOhG9bRDb3vSTg-qkPAZg,Gweilo-60,2019-03-04 08:09:51.476171,11071,0
UChXOhG9bRDb3vSTg-qkPAZg,Gweilo-60,2019-03-04 08:08:51.572835,11071,0
UChXOhG9bRDb3vSTg-qkPAZg,Gweilo-60,2019-03-04 08:07:51.588208,11071,0
UChXOhG9bRDb3vSTg-qkPAZg,Gweilo-60,2019-03-04 08:06:51.434781,11071,0
UChXOhG9bRDb3vSTg-qkPAZg,Gweilo-60,2019-03-04 08:05:51.534243,11071,0
UChXOhG9bRDb3vSTg-qkPAZg,Gweilo-60,2019-03-04 08:04:51.16039,11071,0
UChXOhG9bRDb3vSTg-qkPAZg,Gweilo-60,2019-03-04 08:03:51.407158,11071,0
UChXOhG9bRDb3vSTg-qkPAZg,Gweilo-60,2019-03-04 08:02:52.10237,11071,1
UChXOhG9bRDb3vSTg-qkPAZg,Gweilo-60,2019-03-04 08:01:51.059336,11070,0
UChXOhG9bRDb3vSTg-qkPAZg,Gweilo-60,2019-03-04 08:00:51.418729,11070,0
UChXOhG9bRDb3vSTg-qkPAZg,Gweilo-60,2019-03-04 07:59:51.257251,11070,0
UChXOhG9bRDb3vSTg-qkPAZg,Gweilo-60,2019-03-04 07:58:51.318053,11070,0
UChXOhG9bRDb3vSTg-qkPAZg,Gweilo-60,2019-03-04 07:57:51.317413,11070,0
UChXOhG9bRDb3vSTg-qkPAZg,Gweilo-60,2019-03-04 07:56:51.487159,11070,-1
UChXOhG9bRDb3vSTg-qkPAZg,Gweilo-60,2019-03-04 07:55:51.806177,11071,0
UChXOhG9bRDb3vSTg-qkPAZg,Gweilo-60,2019-03-04 07:54:52.237155,11071,0
UChXOhG9bRDb3vSTg-qkPAZg,Gweilo-60,2019-03-04 07:53:51.684163,11071,0
UChXOhG9bRDb3vSTg-qkPAZg,Gweilo-60,2019-03-04 07:52:51.270607,11071,0
UChXOhG9bRDb3vSTg-qkPAZg,Gweilo-60,2019-03-04 07:51:51.184102,11071,0
UChXOhG9bRDb3vSTg-qkPAZg,Gweilo-60,2019-03-04 07:50:51.300754,11071,0
UChXOhG9bRDb3vSTg-qkPAZg,Gweilo-60,2019-03-04 07:49:51.701989,11071,0
UChXOhG9bRDb3vSTg-qkPAZg,Gweilo-60,2019-03-04 07:48:51.734569,11071,0
UChXOhG9bRDb3vSTg-qkPAZg,Gweilo-60,2019-03-04 07:47:51.161148,11071,0
UChXOhG9bRDb3vSTg-qkPAZg,Gweilo-60,2019-03-04 07:46:51.646173,11071,0
UChXOhG9bRDb3vSTg-qkPAZg,Gweilo-60,2019-03-04 07:45:51.704339,11071,0
UChXOhG9bRDb3vSTg-qkPAZg,Gweilo-60,2019-03-04 07:44:51.651066,11071,0
UChXOhG9bRDb3vSTg-qkPAZg,Gweilo-60,2019-03-04 07:43:51.371531,11071,0
UChXOhG9bRDb3vSTg-qkPAZg,Gweilo-60,2019-03-04 07:42:51.556115,11071,0
UChXOhG9bRDb3vSTg-qkPAZg,Gweilo-60,2019-03-04 07:41:51.639343,11071,0
UChXOhG9bRDb3vSTg-qkPAZg,Gweilo-60,2019-03-04 07:40:51.276505,11071,-1
UChXOhG9bRDb3vSTg-qkPAZg,Gweilo-60,2019-03-04 07:39:51.484818,11072,0
UChXOhG9bRDb3vSTg-qkPAZg,Gweilo-60,2019-03-04 07:38:51.586013,11072,0
UChXOhG9bRDb3vSTg-qkPAZg,Gweilo-60,2019-03-04 07:37:51.273126,11072,0
UChXOhG9bRDb3vSTg-qkPAZg,Gweilo-60,2019-03-04 07:36:51.494356,11072,0
UChXOhG9bRDb3vSTg-qkPAZg,Gweilo-60,2019-03-04 07:35:51.632903,11072,0
UChXOhG9bRDb3vSTg-qkPAZg,Gweilo-60,2019-03-04 07:34:51.165326,11072,0
UChXOhG9bRDb3vSTg-qkPAZg,Gweilo-60,2019-03-04 07:33:51.42387,11072,0
UChXOhG9bRDb3vSTg-qkPAZg,Gweilo-60,2019-03-04 07:32:51.116591,11072,0
UChXOhG9bRDb3vSTg-qkPAZg,Gweilo-60,2019-03-04 07:31:51.814391,11072,0
UChXOhG9bRDb3vSTg-qkPAZg,Gweilo-60,2019-03-04 07:30:51.626053,11072,0
UChXOhG9bRDb3vSTg-qkPAZg,Gweilo-60,2019-03-04 07:29:51.415555,11072,0
UChXOhG9bRDb3vSTg-qkPAZg,Gweilo-60,2019-03-04 07:28:52.21441,11072,0
UChXOhG9bRDb3vSTg-qkPAZg,Gweilo-60,2019-03-04 07:27:51.479836,11072,0
UChXOhG9bRDb3vSTg-qkPAZg,Gweilo-60,2019-03-04 07:26:51.120907,11072,0
UChXOhG9bRDb3vSTg-qkPAZg,Gweilo-60,2019-03-04 07:25:51.908877,11072,0
UChXOhG9bRDb3vSTg-qkPAZg,Gweilo-60,2019-03-04 07:24:51.628589,11072,0
UChXOhG9bRDb3vSTg-qkPAZg,Gweilo-60,2019-03-04 07:23:51.875529,11072,0
UChXOhG9bRDb3vSTg-qkPAZg,Gweilo-60,2019-03-04 07:22:51.544776,11072,0
UChXOhG9bRDb3vSTg-qkPAZg,Gweilo-60,2019-03-04 07:21:51.147307,11072,0
UChXOhG9bRDb3vSTg-qkPAZg,Gweilo-60,2019-03-04 07:20:51.055334,11072,0
UChXOhG9bRDb3vSTg-qkPAZg,Gweilo-60,2019-03-04 07:19:51.758349,11072,0
UChXOhG9bRDb3vSTg-qkPAZg,Gweilo-60,2019-03-04 07:18:51.638349,11072,0
UChXOhG9bRDb3vSTg-qkPAZg,Gweilo-60,2019-03-04 07:17:51.175906,11072,0
UChXOhG9bRDb3vSTg-qkPAZg,Gweilo-60,2019-03-04 07:16:51.791251,11072,0
UChXOhG9bRDb3vSTg-qkPAZg,Gweilo-60,2019-03-04 07:15:51.348242,11072,0
UChXOhG9bRDb3vSTg-qkPAZg,Gweilo-60,2019-03-04 07:14:51.720847,11072,0
UChXOhG9bRDb3vSTg-qkPAZg,Gweilo-60,2019-03-04 07:13:51.576908,11072,0
UChXOhG9bRDb3vSTg-qkPAZg,Gweilo-60,2019-03-04 07:12:51.951409,11072,0
UChXOhG9bRDb3vSTg-qkPAZg,Gweilo-60,2019-03-04 07:11:51.932252,11072,0
UChXOhG9bRDb3vSTg-qkPAZg,Gweilo-60,2019-03-04 07:10:51.816305,11072,0
UChXOhG9bRDb3vSTg-qkPAZg,Gweilo-60,2019-03-04 07:09:52.070721,11072,0
UChXOhG9bRDb3vSTg-qkPAZg,Gweilo-60,2019-03-04 07:08:51.631078,11072,0
UChXOhG9bRDb3vSTg-qkPAZg,Gweilo-60,2019-03-04 07:07:51.734689,11072,0
UChXOhG9bRDb3vSTg-qkPAZg,Gweilo-60,2019-03-04 07:06:51.880836,11072,0
UChXOhG9bRDb3vSTg-qkPAZg,Gweilo-60,2019-03-04 07:05:51.429683,11072,0
UChXOhG9bRDb3vSTg-qkPAZg,Gweilo-60,2019-03-04 07:04:51.614954,11072,0
UChXOhG9bRDb3vSTg-qkPAZg,Gweilo-60,2019-03-04 07:03:51.591933,11072,0
UChXOhG9bRDb3vSTg-qkPAZg,Gweilo-60,2019-03-04 07:02:51.770969,11072,0
UChXOhG9bRDb3vSTg-qkPAZg,Gweilo-60,2019-03-04 07:01:51.701044,11072,0
UChXOhG9bRDb3vSTg-qkPAZg,Gweilo-60,2019-03-04 07:00:51.965341,11072,0
UChXOhG9bRDb3vSTg-qkPAZg,Gweilo-60,2019-03-04 06:59:51.403636,11072,0
UChXOhG9bRDb3vSTg-qkPAZg,Gweilo-60,2019-03-04 06:58:51.225285,11072,0
UChXOhG9bRDb3vSTg-qkPAZg,Gweilo-60,2019-03-04 06:57:52.20396,11072,0
UChXOhG9bRDb3vSTg-qkPAZg,Gweilo-60,2019-03-04 06:56:51.394961,11072,0
UChXOhG9bRDb3vSTg-qkPAZg,Gweilo-60,2019-03-04 06:55:51.608852,11072,0
UChXOhG9bRDb3vSTg-qkPAZg,Gweilo-60,2019-03-04 06:54:51.514823,11072,0
UChXOhG9bRDb3vSTg-qkPAZg,Gweilo-60,2019-03-04 06:53:51.398088,11072,0
UChXOhG9bRDb3vSTg-qkPAZg,Gweilo-60,2019-03-04 06:52:52.241323,11072,0
UChXOhG9bRDb3vSTg-qkPAZg,Gweilo-60,2019-03-04 06:51:51.616278,11072,0
UChXOhG9bRDb3vSTg-qkPAZg,Gweilo-60,2019-03-04 06:50:51.497811,11072,0
UChXOhG9bRDb3vSTg-qkPAZg,Gweilo-60,2019-03-04 06:49:51.506036,11072,0
UChXOhG9bRDb3vSTg-qkPAZg,Gweilo-60,2019-03-04 06:48:51.682058,11072,1
UChXOhG9bRDb3vSTg-qkPAZg,Gweilo-60,2019-03-04 06:47:51.949212,11071,0
UChXOhG9bRDb3vSTg-qkPAZg,Gweilo-60,2019-03-04 06:46:51.287394,11071,1
UChXOhG9bRDb3vSTg-qkPAZg,Gweilo-60,2019-03-04 06:45:51.135442,11070,0
UChXOhG9bRDb3vSTg-qkPAZg,Gweilo-60,2019-03-04 06:44:51.723222,11070,0
UChXOhG9bRDb3vSTg-qkPAZg,Gweilo-60,2019-03-04 06:43:51.990959,11070,0
UChXOhG9bRDb3vSTg-qkPAZg,Gweilo-60,2019-03-04 06:42:52.182625,11070,0
UChXOhG9bRDb3vSTg-qkPAZg,Gweilo-60,2019-03-04 06:41:51.921216,11070,0
UChXOhG9bRDb3vSTg-qkPAZg,Gweilo-60,2019-03-04 06:40:51.398499,11070,0
UChXOhG9bRDb3vSTg-qkPAZg,Gweilo-60,2019-03-04 06:39:51.725288,11070,0
UChXOhG9bRDb3vSTg-qkPAZg,Gweilo-60,2019-03-04 06:38:51.834335,11070,0
UChXOhG9bRDb3vSTg-qkPAZg,Gweilo-60,2019-03-04 06:37:51.325626,11070,0
UChXOhG9bRDb3vSTg-qkPAZg,Gweilo-60,2019-03-04 06:36:51.741219,11070,0
UChXOhG9bRDb3vSTg-qkPAZg,Gweilo-60,2019-03-04 06:35:52.015226,11070,0
UChXOhG9bRDb3vSTg-qkPAZg,Gweilo-60,2019-03-04 06:34:51.816359,11070,0
UChXOhG9bRDb3vSTg-qkPAZg,Gweilo-60,2019-03-04 06:33:51.226244,11070,0
UChXOhG9bRDb3vSTg-qkPAZg,Gweilo-60,2019-03-04 06:32:51.927879,11070,0
UChXOhG9bRDb3vSTg-qkPAZg,Gweilo-60,2019-03-04 06:31:51.91434,11070,0
UChXOhG9bRDb3vSTg-qkPAZg,Gweilo-60,2019-03-04 06:30:51.486302,11070,0
UChXOhG9bRDb3vSTg-qkPAZg,Gweilo-60,2019-03-04 06:29:51.459691,11070,0
UChXOhG9bRDb3vSTg-qkPAZg,Gweilo-60,2019-03-04 06:28:51.183861,11070,0
UChXOhG9bRDb3vSTg-qkPAZg,Gweilo-60,2019-03-04 06:27:51.760659,11070,0
UChXOhG9bRDb3vSTg-qkPAZg,Gweilo-60,2019-03-04 06:26:51.601092,11070,0
UChXOhG9bRDb3vSTg-qkPAZg,Gweilo-60,2019-03-04 06:25:51.860657,11070,0
UChXOhG9bRDb3vSTg-qkPAZg,Gweilo-60,2019-03-04 06:24:51.388056,11070,0
UChXOhG9bRDb3vSTg-qkPAZg,Gweilo-60,2019-03-04 06:23:53.052684,11070,0
UChXOhG9bRDb3vSTg-qkPAZg,Gweilo-60,2019-03-04 06:22:51.131098,11070,0
UChXOhG9bRDb3vSTg-qkPAZg,Gweilo-60,2019-03-04 06:21:51.813503,11070,0
UChXOhG9bRDb3vSTg-qkPAZg,Gweilo-60,2019-03-04 06:20:51.281309,11070,0
UChXOhG9bRDb3vSTg-qkPAZg,Gweilo-60,2019-03-04 06:19:51.770674,11070,0
UChXOhG9bRDb3vSTg-qkPAZg,Gweilo-60,2019-03-04 06:18:51.888758,11070,0
UChXOhG9bRDb3vSTg-qkPAZg,Gweilo-60,2019-03-04 06:17:51.276862,11070,0
UChXOhG9bRDb3vSTg-qkPAZg,Gweilo-60,2019-03-04 06:16:51.796058,11070,0
UChXOhG9bRDb3vSTg-qkPAZg,Gweilo-60,2019-03-04 06:15:51.332471,11070,0
UChXOhG9bRDb3vSTg-qkPAZg,Gweilo-60,2019-03-04 06:14:51.292174,11070,0
UChXOhG9bRDb3vSTg-qkPAZg,Gweilo-60,2019-03-04 06:13:51.764475,11070,0
UChXOhG9bRDb3vSTg-qkPAZg,Gweilo-60,2019-03-04 06:12:51.206963,11070,0
UChXOhG9bRDb3vSTg-qkPAZg,Gweilo-60,2019-03-04 06:11:51.059659,11070,0
UChXOhG9bRDb3vSTg-qkPAZg,Gweilo-60,2019-03-04 06:10:51.630948,11070,0
UChXOhG9bRDb3vSTg-qkPAZg,Gweilo-60,2019-03-04 06:09:51.661173,11070,0
UChXOhG9bRDb3vSTg-qkPAZg,Gweilo-60,2019-03-04 06:08:51.897939,11070,0
UChXOhG9bRDb3vSTg-qkPAZg,Gweilo-60,2019-03-04 06:07:51.256275,11070,0
UChXOhG9bRDb3vSTg-qkPAZg,Gweilo-60,2019-03-04 06:06:51.559567,11070,0
UChXOhG9bRDb3vSTg-qkPAZg,Gweilo-60,2019-03-04 06:05:51.810786,11070,0
UChXOhG9bRDb3vSTg-qkPAZg,Gweilo-60,2019-03-04 06:04:51.790425,11070,0
UChXOhG9bRDb3vSTg-qkPAZg,Gweilo-60,2019-03-04 06:03:51.584825,11070,0
UChXOhG9bRDb3vSTg-qkPAZg,Gweilo-60,2019-03-04 06:02:52.368991,11070,0
UChXOhG9bRDb3vSTg-qkPAZg,Gweilo-60,2019-03-04 06:01:51.644073,11070,0
UChXOhG9bRDb3vSTg-qkPAZg,Gweilo-60,2019-03-04 06:00:51.596754,11070,0
UChXOhG9bRDb3vSTg-qkPAZg,Gweilo-60,2019-03-04 05:59:51.726282,11070,0
UChXOhG9bRDb3vSTg-qkPAZg,Gweilo-60,2019-03-04 05:58:51.831512,11070,0
UChXOhG9bRDb3vSTg-qkPAZg,Gweilo-60,2019-03-04 05:57:51.716512,11070,0
UChXOhG9bRDb3vSTg-qkPAZg,Gweilo-60,2019-03-04 05:56:51.201093,11070,0
UChXOhG9bRDb3vSTg-qkPAZg,Gweilo-60,2019-03-04 05:55:52.12996,11070,0
UChXOhG9bRDb3vSTg-qkPAZg,Gweilo-60,2019-03-04 05:54:51.339696,11070,0
UChXOhG9bRDb3vSTg-qkPAZg,Gweilo-60,2019-03-04 05:53:51.831425,11070,0
UChXOhG9bRDb3vSTg-qkPAZg,Gweilo-60,2019-03-04 05:52:51.658846,11070,0
UChXOhG9bRDb3vSTg-qkPAZg,Gweilo-60,2019-03-04 05:51:51.268338,11070,0
UChXOhG9bRDb3vSTg-qkPAZg,Gweilo-60,2019-03-04 05:50:51.382002,11070,0
UChXOhG9bRDb3vSTg-qkPAZg,Gweilo-60,2019-03-04 05:49:51.58651,11070,0
UChXOhG9bRDb3vSTg-qkPAZg,Gweilo-60,2019-03-04 05:48:51.122796,11070,0
UChXOhG9bRDb3vSTg-qkPAZg,Gweilo-60,2019-03-04 05:47:51.370268,11070,0
UChXOhG9bRDb3vSTg-qkPAZg,Gweilo-60,2019-03-04 05:46:51.222868,11070,0
UChXOhG9bRDb3vSTg-qkPAZg,Gweilo-60,2019-03-04 05:45:51.161103,11070,0
UChXOhG9bRDb3vSTg-qkPAZg,Gweilo-60,2019-03-04 05:44:51.230912,11070,0
UChXOhG9bRDb3vSTg-qkPAZg,Gweilo-60,2019-03-04 05:43:51.530596,11070,0
UChXOhG9bRDb3vSTg-qkPAZg,Gweilo-60,2019-03-04 05:42:51.936038,11070,0
UChXOhG9bRDb3vSTg-qkPAZg,Gweilo-60,2019-03-04 05:41:51.354635,11070,0
UChXOhG9bRDb3vSTg-qkPAZg,Gweilo-60,2019-03-04 05:40:51.62108,11070,0
UChXOhG9bRDb3vSTg-qkPAZg,Gweilo-60,2019-03-04 05:39:52.497327,11070,0
UChXOhG9bRDb3vSTg-qkPAZg,Gweilo-60,2019-03-04 05:38:51.456105,11070,0
UChXOhG9bRDb3vSTg-qkPAZg,Gweilo-60,2019-03-04 05:37:51.695021,11070,0
UChXOhG9bRDb3vSTg-qkPAZg,Gweilo-60,2019-03-04 05:36:51.703438,11070,0
UChXOhG9bRDb3vSTg-qkPAZg,Gweilo-60,2019-03-04 05:35:51.712547,11070,0
UChXOhG9bRDb3vSTg-qkPAZg,Gweilo-60,2019-03-04 05:34:51.270283,11070,0
UChXOhG9bRDb3vSTg-qkPAZg,Gweilo-60,2019-03-04 05:33:51.638473,11070,0
UChXOhG9bRDb3vSTg-qkPAZg,Gweilo-60,2019-03-04 05:32:51.295521,11070,0
UChXOhG9bRDb3vSTg-qkPAZg,Gweilo-60,2019-03-04 05:31:53.357226,11070,0
UChXOhG9bRDb3vSTg-qkPAZg,Gweilo-60,2019-03-04 05:30:51.617149,11070,0
UChXOhG9bRDb3vSTg-qkPAZg,Gweilo-60,2019-03-04 05:29:51.494584,11070,0
UChXOhG9bRDb3vSTg-qkPAZg,Gweilo-60,2019-03-04 05:28:51.310723,11070,0
UChXOhG9bRDb3vSTg-qkPAZg,Gweilo-60,2019-03-04 05:27:51.647595,11070,0
UChXOhG9bRDb3vSTg-qkPAZg,Gweilo-60,2019-03-04 05:26:51.325517,11070,0
UChXOhG9bRDb3vSTg-qkPAZg,Gweilo-60,2019-03-04 05:25:51.541422,11070,0
UChXOhG9bRDb3vSTg-qkPAZg,Gweilo-60,2019-03-04 05:24:52.347461,11070,0
UChXOhG9bRDb3vSTg-qkPAZg,Gweilo-60,2019-03-04 05:23:51.675118,11070,0
UChXOhG9bRDb3vSTg-qkPAZg,Gweilo-60,2019-03-04 05:22:51.688841,11070,0
UChXOhG9bRDb3vSTg-qkPAZg,Gweilo-60,2019-03-04 05:21:51.651196,11070,0
UChXOhG9bRDb3vSTg-qkPAZg,Gweilo-60,2019-03-04 05:20:51.522146,11070,0
UChXOhG9bRDb3vSTg-qkPAZg,Gweilo-60,2019-03-04 05:19:51.217412,11070,0
UChXOhG9bRDb3vSTg-qkPAZg,Gweilo-60,2019-03-04 05:18:51.598771,11070,0
UChXOhG9bRDb3vSTg-qkPAZg,Gweilo-60,2019-03-04 05:17:51.364814,11070,0
UChXOhG9bRDb3vSTg-qkPAZg,Gweilo-60,2019-03-04 05:16:51.410519,11070,0
UChXOhG9bRDb3vSTg-qkPAZg,Gweilo-60,2019-03-04 05:15:51.332273,11070,0
UChXOhG9bRDb3vSTg-qkPAZg,Gweilo-60,2019-03-04 05:14:51.225395,11070,1
UChXOhG9bRDb3vSTg-qkPAZg,Gweilo-60,2019-03-04 05:13:51.685749,11069,0
UChXOhG9bRDb3vSTg-qkPAZg,Gweilo-60,2019-03-04 05:12:51.047508,11069,0
UChXOhG9bRDb3vSTg-qkPAZg,Gweilo-60,2019-03-04 05:11:51.631134,11069,0
UChXOhG9bRDb3vSTg-qkPAZg,Gweilo-60,2019-03-04 05:10:51.787602,11069,0
UChXOhG9bRDb3vSTg-qkPAZg,Gweilo-60,2019-03-04 05:09:52.030973,11069,0
UChXOhG9bRDb3vSTg-qkPAZg,Gweilo-60,2019-03-04 05:08:51.93499,11069,0
UChXOhG9bRDb3vSTg-qkPAZg,Gweilo-60,2019-03-04 05:07:51.817262,11069,0
UChXOhG9bRDb3vSTg-qkPAZg,Gweilo-60,2019-03-04 05:06:51.541524,11069,0
UChXOhG9bRDb3vSTg-qkPAZg,Gweilo-60,2019-03-04 05:05:51.192465,11069,0
UChXOhG9bRDb3vSTg-qkPAZg,Gweilo-60,2019-03-04 05:04:51.07557,11069,0
UChXOhG9bRDb3vSTg-qkPAZg,Gweilo-60,2019-03-04 05:03:51.539,11069,0
UChXOhG9bRDb3vSTg-qkPAZg,Gweilo-60,2019-03-04 05:02:51.300103,11069,0
UChXOhG9bRDb3vSTg-qkPAZg,Gweilo-60,2019-03-04 05:01:51.703997,11069,0
UChXOhG9bRDb3vSTg-qkPAZg,Gweilo-60,2019-03-04 05:00:51.152709,11069,0
UChXOhG9bRDb3vSTg-qkPAZg,Gweilo-60,2019-03-04 04:59:51.353399,11069,0
UChXOhG9bRDb3vSTg-qkPAZg,Gweilo-60,2019-03-04 04:58:52.166585,11069,0
UChXOhG9bRDb3vSTg-qkPAZg,Gweilo-60,2019-03-04 04:57:51.326258,11069,0
UChXOhG9bRDb3vSTg-qkPAZg,Gweilo-60,2019-03-04 04:56:51.18101,11069,0
UChXOhG9bRDb3vSTg-qkPAZg,Gweilo-60,2019-03-04 04:55:51.727387,11069,0
UChXOhG9bRDb3vSTg-qkPAZg,Gweilo-60,2019-03-04 04:54:51.754405,11069,0
UChXOhG9bRDb3vSTg-qkPAZg,Gweilo-60,2019-03-04 04:53:52.074828,11069,0
UChXOhG9bRDb3vSTg-qkPAZg,Gweilo-60,2019-03-04 04:52:51.723572,11069,-1
UChXOhG9bRDb3vSTg-qkPAZg,Gweilo-60,2019-03-04 04:51:51.981478,11070,0
UChXOhG9bRDb3vSTg-qkPAZg,Gweilo-60,2019-03-04 04:50:51.71237,11070,0
UChXOhG9bRDb3vSTg-qkPAZg,Gweilo-60,2019-03-04 04:49:51.330592,11070,0
UChXOhG9bRDb3vSTg-qkPAZg,Gweilo-60,2019-03-04 04:48:51.541768,11070,0
UChXOhG9bRDb3vSTg-qkPAZg,Gweilo-60,2019-03-04 04:47:51.203197,11070,0
UChXOhG9bRDb3vSTg-qkPAZg,Gweilo-60,2019-03-04 04:46:51.360136,11070,0
UChXOhG9bRDb3vSTg-qkPAZg,Gweilo-60,2019-03-04 04:45:51.399586,11070,0
UChXOhG9bRDb3vSTg-qkPAZg,Gweilo-60,2019-03-04 04:44:51.649171,11070,0
UChXOhG9bRDb3vSTg-qkPAZg,Gweilo-60,2019-03-04 04:43:51.663766,11070,0
UChXOhG9bRDb3vSTg-qkPAZg,Gweilo-60,2019-03-04 04:42:52.036206,11070,0
UChXOhG9bRDb3vSTg-qkPAZg,Gweilo-60,2019-03-04 04:41:51.294396,11070,0
UChXOhG9bRDb3vSTg-qkPAZg,Gweilo-60,2019-03-04 04:40:52.362896,11070,0
UChXOhG9bRDb3vSTg-qkPAZg,Gweilo-60,2019-03-04 04:39:51.589892,11070,0
UChXOhG9bRDb3vSTg-qkPAZg,Gweilo-60,2019-03-04 04:38:51.410283,11070,0
UChXOhG9bRDb3vSTg-qkPAZg,Gweilo-60,2019-03-04 04:37:51.126419,11070,0
UChXOhG9bRDb3vSTg-qkPAZg,Gweilo-60,2019-03-04 04:36:51.496105,11070,0
UChXOhG9bRDb3vSTg-qkPAZg,Gweilo-60,2019-03-04 04:35:51.388996,11070,0
UChXOhG9bRDb3vSTg-qkPAZg,Gweilo-60,2019-03-04 04:34:51.684941,11070,0
UChXOhG9bRDb3vSTg-qkPAZg,Gweilo-60,2019-03-04 04:33:51.456243,11070,0
UChXOhG9bRDb3vSTg-qkPAZg,Gweilo-60,2019-03-04 04:32:51.537614,11070,0
UChXOhG9bRDb3vSTg-qkPAZg,Gweilo-60,2019-03-04 04:31:51.641104,11070,0
UChXOhG9bRDb3vSTg-qkPAZg,Gweilo-60,2019-03-04 04:30:52.047439,11070,0
UChXOhG9bRDb3vSTg-qkPAZg,Gweilo-60,2019-03-04 04:29:51.834313,11070,0
UChXOhG9bRDb3vSTg-qkPAZg,Gweilo-60,2019-03-04 04:28:51.732023,11070,0
UChXOhG9bRDb3vSTg-qkPAZg,Gweilo-60,2019-03-04 04:27:52.193397,11070,0
UChXOhG9bRDb3vSTg-qkPAZg,Gweilo-60,2019-03-04 04:26:51.43881,11070,0
UChXOhG9bRDb3vSTg-qkPAZg,Gweilo-60,2019-03-04 04:25:51.368867,11070,0
UChXOhG9bRDb3vSTg-qkPAZg,Gweilo-60,2019-03-04 04:24:51.655979,11070,0
UChXOhG9bRDb3vSTg-qkPAZg,Gweilo-60,2019-03-04 04:23:51.31577,11070,0
UChXOhG9bRDb3vSTg-qkPAZg,Gweilo-60,2019-03-04 04:22:51.707984,11070,1
UChXOhG9bRDb3vSTg-qkPAZg,Gweilo-60,2019-03-04 04:21:51.548149,11069,0
UChXOhG9bRDb3vSTg-qkPAZg,Gweilo-60,2019-03-04 04:20:51.262301,11069,0
UChXOhG9bRDb3vSTg-qkPAZg,Gweilo-60,2019-03-04 04:19:51.267188,11069,0
UChXOhG9bRDb3vSTg-qkPAZg,Gweilo-60,2019-03-04 04:18:51.723692,11069,0
UChXOhG9bRDb3vSTg-qkPAZg,Gweilo-60,2019-03-04 04:17:51.241965,11069,0
UChXOhG9bRDb3vSTg-qkPAZg,Gweilo-60,2019-03-04 04:16:51.678071,11069,0
UChXOhG9bRDb3vSTg-qkPAZg,Gweilo-60,2019-03-04 04:15:51.244713,11069,0
UChXOhG9bRDb3vSTg-qkPAZg,Gweilo-60,2019-03-04 04:14:52.028354,11069,0
UChXOhG9bRDb3vSTg-qkPAZg,Gweilo-60,2019-03-04 04:13:51.63836,11069,0
UChXOhG9bRDb3vSTg-qkPAZg,Gweilo-60,2019-03-04 04:12:51.575182,11069,1
UChXOhG9bRDb3vSTg-qkPAZg,Gweilo-60,2019-03-04 04:11:51.406203,11068,0
UChXOhG9bRDb3vSTg-qkPAZg,Gweilo-60,2019-03-04 04:10:51.356749,11068,0
UChXOhG9bRDb3vSTg-qkPAZg,Gweilo-60,2019-03-04 04:09:51.481797,11068,0
UChXOhG9bRDb3vSTg-qkPAZg,Gweilo-60,2019-03-04 04:08:51.567913,11068,0
UChXOhG9bRDb3vSTg-qkPAZg,Gweilo-60,2019-03-04 04:07:51.432545,11068,0
UChXOhG9bRDb3vSTg-qkPAZg,Gweilo-60,2019-03-04 04:06:51.236269,11068,0
UChXOhG9bRDb3vSTg-qkPAZg,Gweilo-60,2019-03-04 04:05:51.590894,11068,0
UChXOhG9bRDb3vSTg-qkPAZg,Gweilo-60,2019-03-04 04:04:51.55983,11068,0
UChXOhG9bRDb3vSTg-qkPAZg,Gweilo-60,2019-03-04 04:03:51.110078,11068,0
UChXOhG9bRDb3vSTg-qkPAZg,Gweilo-60,2019-03-04 04:02:51.73494,11068,0
UChXOhG9bRDb3vSTg-qkPAZg,Gweilo-60,2019-03-04 04:01:51.742312,11068,0
UChXOhG9bRDb3vSTg-qkPAZg,Gweilo-60,2019-03-04 04:00:51.438257,11068,0
UChXOhG9bRDb3vSTg-qkPAZg,Gweilo-60,2019-03-04 03:59:51.944452,11068,0
UChXOhG9bRDb3vSTg-qkPAZg,Gweilo-60,2019-03-04 03:58:51.576253,11068,0
UChXOhG9bRDb3vSTg-qkPAZg,Gweilo-60,2019-03-04 03:57:51.548012,11068,-1
UChXOhG9bRDb3vSTg-qkPAZg,Gweilo-60,2019-03-04 03:56:52.503972,11069,0
UChXOhG9bRDb3vSTg-qkPAZg,Gweilo-60,2019-03-04 03:55:51.401171,11069,0
UChXOhG9bRDb3vSTg-qkPAZg,Gweilo-60,2019-03-04 03:54:51.210842,11069,0
UChXOhG9bRDb3vSTg-qkPAZg,Gweilo-60,2019-03-04 03:53:51.329129,11069,0
UChXOhG9bRDb3vSTg-qkPAZg,Gweilo-60,2019-03-04 03:52:51.38979,11069,0
UChXOhG9bRDb3vSTg-qkPAZg,Gweilo-60,2019-03-04 03:51:51.430615,11069,0
UChXOhG9bRDb3vSTg-qkPAZg,Gweilo-60,2019-03-04 03:50:51.512643,11069,0
UChXOhG9bRDb3vSTg-qkPAZg,Gweilo-60,2019-03-04 03:49:51.325802,11069,0
UChXOhG9bRDb3vSTg-qkPAZg,Gweilo-60,2019-03-04 03:48:52.112541,11069,0
UChXOhG9bRDb3vSTg-qkPAZg,Gweilo-60,2019-03-04 03:47:51.559393,11069,0
UChXOhG9bRDb3vSTg-qkPAZg,Gweilo-60,2019-03-04 03:46:51.895445,11069,0
UChXOhG9bRDb3vSTg-qkPAZg,Gweilo-60,2019-03-04 03:45:51.867177,11069,0
UChXOhG9bRDb3vSTg-qkPAZg,Gweilo-60,2019-03-04 03:44:51.527245,11069,0
UChXOhG9bRDb3vSTg-qkPAZg,Gweilo-60,2019-03-04 03:43:51.617633,11069,0
UChXOhG9bRDb3vSTg-qkPAZg,Gweilo-60,2019-03-04 03:42:51.523682,11069,0
UChXOhG9bRDb3vSTg-qkPAZg,Gweilo-60,2019-03-04 03:41:51.205333,11069,0
UChXOhG9bRDb3vSTg-qkPAZg,Gweilo-60,2019-03-04 03:40:51.385926,11069,0
UChXOhG9bRDb3vSTg-qkPAZg,Gweilo-60,2019-03-04 03:39:51.922111,11069,0
UChXOhG9bRDb3vSTg-qkPAZg,Gweilo-60,2019-03-04 03:38:51.681676,11069,0
UChXOhG9bRDb3vSTg-qkPAZg,Gweilo-60,2019-03-04 03:37:51.435031,11069,0
UChXOhG9bRDb3vSTg-qkPAZg,Gweilo-60,2019-03-04 03:36:51.487875,11069,0
UChXOhG9bRDb3vSTg-qkPAZg,Gweilo-60,2019-03-04 03:35:51.3291,11069,0
UChXOhG9bRDb3vSTg-qkPAZg,Gweilo-60,2019-03-04 03:34:51.391855,11069,0
UChXOhG9bRDb3vSTg-qkPAZg,Gweilo-60,2019-03-04 03:33:51.958894,11069,0
UChXOhG9bRDb3vSTg-qkPAZg,Gweilo-60,2019-03-04 03:32:52.013413,11069,0
UChXOhG9bRDb3vSTg-qkPAZg,Gweilo-60,2019-03-04 03:31:51.480702,11069,0
UChXOhG9bRDb3vSTg-qkPAZg,Gweilo-60,2019-03-04 03:30:51.553464,11069,0
UChXOhG9bRDb3vSTg-qkPAZg,Gweilo-60,2019-03-04 03:29:51.479779,11069,0
UChXOhG9bRDb3vSTg-qkPAZg,Gweilo-60,2019-03-04 03:28:51.253257,11069,0
UChXOhG9bRDb3vSTg-qkPAZg,Gweilo-60,2019-03-04 03:27:51.308152,11069,0
UChXOhG9bRDb3vSTg-qkPAZg,Gweilo-60,2019-03-04 03:26:51.447112,11069,0
UChXOhG9bRDb3vSTg-qkPAZg,Gweilo-60,2019-03-04 03:25:52.039193,11069,0
UChXOhG9bRDb3vSTg-qkPAZg,Gweilo-60,2019-03-04 03:24:50.695293,11069,0
UChXOhG9bRDb3vSTg-qkPAZg,Gweilo-60,2019-03-04 03:23:51.210235,11069,0
UChXOhG9bRDb3vSTg-qkPAZg,Gweilo-60,2019-03-04 03:22:51.473149,11069,0
UChXOhG9bRDb3vSTg-qkPAZg,Gweilo-60,2019-03-04 03:21:51.463239,11069,0
UChXOhG9bRDb3vSTg-qkPAZg,Gweilo-60,2019-03-04 03:20:51.900729,11069,0
UChXOhG9bRDb3vSTg-qkPAZg,Gweilo-60,2019-03-04 03:19:52.659104,11069,0
UChXOhG9bRDb3vSTg-qkPAZg,Gweilo-60,2019-03-04 03:18:51.577903,11069,0
UChXOhG9bRDb3vSTg-qkPAZg,Gweilo-60,2019-03-04 03:17:51.262853,11069,0
UChXOhG9bRDb3vSTg-qkPAZg,Gweilo-60,2019-03-04 03:16:51.479033,11069,1
UChXOhG9bRDb3vSTg-qkPAZg,Gweilo-60,2019-03-04 03:15:51.311933,11068,0
UChXOhG9bRDb3vSTg-qkPAZg,Gweilo-60,2019-03-04 03:14:51.419732,11068,0
UChXOhG9bRDb3vSTg-qkPAZg,Gweilo-60,2019-03-04 03:13:52.725167,11068,0
UChXOhG9bRDb3vSTg-qkPAZg,Gweilo-60,2019-03-04 03:12:51.588547,11068,1
UChXOhG9bRDb3vSTg-qkPAZg,Gweilo-60,2019-03-04 03:11:51.559104,11067,0
UChXOhG9bRDb3vSTg-qkPAZg,Gweilo-60,2019-03-04 03:10:53.356726,11067,0
UChXOhG9bRDb3vSTg-qkPAZg,Gweilo-60,2019-03-04 03:09:51.144383,11067,0
UChXOhG9bRDb3vSTg-qkPAZg,Gweilo-60,2019-03-04 03:08:51.812384,11067,0
UChXOhG9bRDb3vSTg-qkPAZg,Gweilo-60,2019-03-04 03:07:51.278247,11067,1
UChXOhG9bRDb3vSTg-qkPAZg,Gweilo-60,2019-03-04 03:06:51.851908,11066,0
UChXOhG9bRDb3vSTg-qkPAZg,Gweilo-60,2019-03-04 03:05:51.364173,11066,0
UChXOhG9bRDb3vSTg-qkPAZg,Gweilo-60,2019-03-04 03:04:50.99402,11066,0
UChXOhG9bRDb3vSTg-qkPAZg,Gweilo-60,2019-03-04 03:03:51.697408,11066,0
UChXOhG9bRDb3vSTg-qkPAZg,Gweilo-60,2019-03-04 03:02:51.226263,11066,0
UChXOhG9bRDb3vSTg-qkPAZg,Gweilo-60,2019-03-04 03:01:51.540631,11066,0
UChXOhG9bRDb3vSTg-qkPAZg,Gweilo-60,2019-03-04 03:00:51.467201,11066,0
UChXOhG9bRDb3vSTg-qkPAZg,Gweilo-60,2019-03-04 02:59:51.280238,11066,0
UChXOhG9bRDb3vSTg-qkPAZg,Gweilo-60,2019-03-04 02:58:51.673791,11066,0
UChXOhG9bRDb3vSTg-qkPAZg,Gweilo-60,2019-03-04 02:57:51.413658,11066,0
UChXOhG9bRDb3vSTg-qkPAZg,Gweilo-60,2019-03-04 02:56:51.214908,11066,0
UChXOhG9bRDb3vSTg-qkPAZg,Gweilo-60,2019-03-04 02:55:51.17825,11066,0
UChXOhG9bRDb3vSTg-qkPAZg,Gweilo-60,2019-03-04 02:54:51.562555,11066,0
UChXOhG9bRDb3vSTg-qkPAZg,Gweilo-60,2019-03-04 02:53:51.712244,11066,0
UChXOhG9bRDb3vSTg-qkPAZg,Gweilo-60,2019-03-04 02:52:51.264383,11066,0
UChXOhG9bRDb3vSTg-qkPAZg,Gweilo-60,2019-03-04 02:51:51.288049,11066,0
UChXOhG9bRDb3vSTg-qkPAZg,Gweilo-60,2019-03-04 02:50:51.345038,11066,0
UChXOhG9bRDb3vSTg-qkPAZg,Gweilo-60,2019-03-04 02:49:51.275641,11066,0
UChXOhG9bRDb3vSTg-qkPAZg,Gweilo-60,2019-03-04 02:48:51.437031,11066,0
UChXOhG9bRDb3vSTg-qkPAZg,Gweilo-60,2019-03-04 02:47:51.792056,11066,0
UChXOhG9bRDb3vSTg-qkPAZg,Gweilo-60,2019-03-04 02:46:51.351233,11066,0
UChXOhG9bRDb3vSTg-qkPAZg,Gweilo-60,2019-03-04 02:45:51.292287,11066,0
UChXOhG9bRDb3vSTg-qkPAZg,Gweilo-60,2019-03-04 02:44:51.466206,11066,0
UChXOhG9bRDb3vSTg-qkPAZg,Gweilo-60,2019-03-04 02:43:51.016798,11066,0
UChXOhG9bRDb3vSTg-qkPAZg,Gweilo-60,2019-03-04 02:42:50.94022,11066,0
UChXOhG9bRDb3vSTg-qkPAZg,Gweilo-60,2019-03-04 02:41:51.528608,11066,0
UChXOhG9bRDb3vSTg-qkPAZg,Gweilo-60,2019-03-04 02:40:51.090896,11066,0
UChXOhG9bRDb3vSTg-qkPAZg,Gweilo-60,2019-03-04 02:39:51.283432,11066,0
UChXOhG9bRDb3vSTg-qkPAZg,Gweilo-60,2019-03-04 02:38:51.199975,11066,0
UChXOhG9bRDb3vSTg-qkPAZg,Gweilo-60,2019-03-04 02:37:51.459586,11066,0
UChXOhG9bRDb3vSTg-qkPAZg,Gweilo-60,2019-03-04 02:36:51.363917,11066,0
UChXOhG9bRDb3vSTg-qkPAZg,Gweilo-60,2019-03-04 02:35:51.07872,11066,0
UChXOhG9bRDb3vSTg-qkPAZg,Gweilo-60,2019-03-04 02:34:51.434561,11066,0
UChXOhG9bRDb3vSTg-qkPAZg,Gweilo-60,2019-03-04 02:33:51.626756,11066,0
UChXOhG9bRDb3vSTg-qkPAZg,Gweilo-60,2019-03-04 02:32:51.136836,11066,0
UChXOhG9bRDb3vSTg-qkPAZg,Gweilo-60,2019-03-04 02:31:51.26821,11066,0
UChXOhG9bRDb3vSTg-qkPAZg,Gweilo-60,2019-03-04 02:30:51.535169,11066,0
UChXOhG9bRDb3vSTg-qkPAZg,Gweilo-60,2019-03-04 02:29:51.665328,11066,0
UChXOhG9bRDb3vSTg-qkPAZg,Gweilo-60,2019-03-04 02:28:51.800479,11066,0
UChXOhG9bRDb3vSTg-qkPAZg,Gweilo-60,2019-03-04 02:27:51.706061,11066,0
UChXOhG9bRDb3vSTg-qkPAZg,Gweilo-60,2019-03-04 02:26:51.241317,11066,0
UChXOhG9bRDb3vSTg-qkPAZg,Gweilo-60,2019-03-04 02:25:51.244924,11066,0
UChXOhG9bRDb3vSTg-qkPAZg,Gweilo-60,2019-03-04 02:24:50.801096,11066,0
UChXOhG9bRDb3vSTg-qkPAZg,Gweilo-60,2019-03-04 02:23:51.410331,11066,0
UChXOhG9bRDb3vSTg-qkPAZg,Gweilo-60,2019-03-04 02:22:51.342681,11066,0
UChXOhG9bRDb3vSTg-qkPAZg,Gweilo-60,2019-03-04 02:21:51.496881,11066,0
UChXOhG9bRDb3vSTg-qkPAZg,Gweilo-60,2019-03-04 02:20:51.570731,11066,0
UChXOhG9bRDb3vSTg-qkPAZg,Gweilo-60,2019-03-04 02:19:51.630629,11066,0
UChXOhG9bRDb3vSTg-qkPAZg,Gweilo-60,2019-03-04 02:18:51.355742,11066,0
UChXOhG9bRDb3vSTg-qkPAZg,Gweilo-60,2019-03-04 02:17:51.654183,11066,0
UChXOhG9bRDb3vSTg-qkPAZg,Gweilo-60,2019-03-04 02:16:51.223276,11066,0
UChXOhG9bRDb3vSTg-qkPAZg,Gweilo-60,2019-03-04 02:15:51.588534,11066,0
UChXOhG9bRDb3vSTg-qkPAZg,Gweilo-60,2019-03-04 02:14:53.086004,11066,0
UChXOhG9bRDb3vSTg-qkPAZg,Gweilo-60,2019-03-04 02:13:51.028636,11066,0
UChXOhG9bRDb3vSTg-qkPAZg,Gweilo-60,2019-03-04 02:12:51.425525,11066,0
UChXOhG9bRDb3vSTg-qkPAZg,Gweilo-60,2019-03-04 02:11:51.244657,11066,0
UChXOhG9bRDb3vSTg-qkPAZg,Gweilo-60,2019-03-04 02:10:51.492638,11066,0
UChXOhG9bRDb3vSTg-qkPAZg,Gweilo-60,2019-03-04 02:09:50.930117,11066,0
UChXOhG9bRDb3vSTg-qkPAZg,Gweilo-60,2019-03-04 02:08:51.799163,11066,0
UChXOhG9bRDb3vSTg-qkPAZg,Gweilo-60,2019-03-04 02:07:51.168938,11066,0
UChXOhG9bRDb3vSTg-qkPAZg,Gweilo-60,2019-03-04 02:06:51.382584,11066,0
UChXOhG9bRDb3vSTg-qkPAZg,Gweilo-60,2019-03-04 02:05:51.32244,11066,0
UChXOhG9bRDb3vSTg-qkPAZg,Gweilo-60,2019-03-04 02:04:51.492568,11066,0
UChXOhG9bRDb3vSTg-qkPAZg,Gweilo-60,2019-03-04 02:03:51.664735,11066,0
UChXOhG9bRDb3vSTg-qkPAZg,Gweilo-60,2019-03-04 02:02:51.520804,11066,0
UChXOhG9bRDb3vSTg-qkPAZg,Gweilo-60,2019-03-04 02:01:51.366166,11066,0
UChXOhG9bRDb3vSTg-qkPAZg,Gweilo-60,2019-03-04 02:00:51.206101,11066,0
UChXOhG9bRDb3vSTg-qkPAZg,Gweilo-60,2019-03-04 01:59:51.374968,11066,0
UChXOhG9bRDb3vSTg-qkPAZg,Gweilo-60,2019-03-04 01:58:51.35652,11066,0
UChXOhG9bRDb3vSTg-qkPAZg,Gweilo-60,2019-03-04 01:57:51.522361,11066,0
UChXOhG9bRDb3vSTg-qkPAZg,Gweilo-60,2019-03-04 01:56:51.29551,11066,0
UChXOhG9bRDb3vSTg-qkPAZg,Gweilo-60,2019-03-04 01:55:51.708189,11066,0
UChXOhG9bRDb3vSTg-qkPAZg,Gweilo-60,2019-03-04 01:54:51.377321,11066,0
UChXOhG9bRDb3vSTg-qkPAZg,Gweilo-60,2019-03-04 01:53:51.375778,11066,0
UChXOhG9bRDb3vSTg-qkPAZg,Gweilo-60,2019-03-04 01:52:52.060317,11066,0
UChXOhG9bRDb3vSTg-qkPAZg,Gweilo-60,2019-03-04 01:51:51.420935,11066,0
UChXOhG9bRDb3vSTg-qkPAZg,Gweilo-60,2019-03-04 01:50:51.405321,11066,0
UChXOhG9bRDb3vSTg-qkPAZg,Gweilo-60,2019-03-04 01:49:51.068272,11066,0
UChXOhG9bRDb3vSTg-qkPAZg,Gweilo-60,2019-03-04 01:48:51.148937,11066,0
UChXOhG9bRDb3vSTg-qkPAZg,Gweilo-60,2019-03-04 01:47:50.929328,11066,0
UChXOhG9bRDb3vSTg-qkPAZg,Gweilo-60,2019-03-04 01:46:51.137824,11066,0
UChXOhG9bRDb3vSTg-qkPAZg,Gweilo-60,2019-03-04 01:45:51.185655,11066,0
UChXOhG9bRDb3vSTg-qkPAZg,Gweilo-60,2019-03-04 01:44:51.162921,11066,0
UChXOhG9bRDb3vSTg-qkPAZg,Gweilo-60,2019-03-04 01:43:51.319001,11066,0
UChXOhG9bRDb3vSTg-qkPAZg,Gweilo-60,2019-03-04 01:42:51.188631,11066,0
UChXOhG9bRDb3vSTg-qkPAZg,Gweilo-60,2019-03-04 01:41:51.253826,11066,0
UChXOhG9bRDb3vSTg-qkPAZg,Gweilo-60,2019-03-04 01:40:51.57373,11066,0
UChXOhG9bRDb3vSTg-qkPAZg,Gweilo-60,2019-03-04 01:39:51.022697,11066,0
UChXOhG9bRDb3vSTg-qkPAZg,Gweilo-60,2019-03-04 01:38:50.819934,11066,0
UChXOhG9bRDb3vSTg-qkPAZg,Gweilo-60,2019-03-04 01:37:51.332147,11066,0
UChXOhG9bRDb3vSTg-qkPAZg,Gweilo-60,2019-03-04 01:36:51.488926,11066,0
UChXOhG9bRDb3vSTg-qkPAZg,Gweilo-60,2019-03-04 01:35:51.373773,11066,0
UChXOhG9bRDb3vSTg-qkPAZg,Gweilo-60,2019-03-04 01:34:51.016136,11066,0
UChXOhG9bRDb3vSTg-qkPAZg,Gweilo-60,2019-03-04 01:33:51.518234,11066,0
UChXOhG9bRDb3vSTg-qkPAZg,Gweilo-60,2019-03-04 01:32:51.153594,11066,0
UChXOhG9bRDb3vSTg-qkPAZg,Gweilo-60,2019-03-04 01:31:51.543711,11066,0
UChXOhG9bRDb3vSTg-qkPAZg,Gweilo-60,2019-03-04 01:30:51.134863,11066,0
UChXOhG9bRDb3vSTg-qkPAZg,Gweilo-60,2019-03-04 01:29:51.204789,11066,0
UChXOhG9bRDb3vSTg-qkPAZg,Gweilo-60,2019-03-04 01:28:50.928589,11066,0
UChXOhG9bRDb3vSTg-qkPAZg,Gweilo-60,2019-03-04 01:27:51.283181,11066,0
UChXOhG9bRDb3vSTg-qkPAZg,Gweilo-60,2019-03-04 01:26:51.652079,11066,0
UChXOhG9bRDb3vSTg-qkPAZg,Gweilo-60,2019-03-04 01:25:50.945946,11066,0
UChXOhG9bRDb3vSTg-qkPAZg,Gweilo-60,2019-03-04 01:24:51.625723,11066,0
UChXOhG9bRDb3vSTg-qkPAZg,Gweilo-60,2019-03-04 01:23:51.73384,11066,0
UChXOhG9bRDb3vSTg-qkPAZg,Gweilo-60,2019-03-04 01:22:51.75349,11066,0
UChXOhG9bRDb3vSTg-qkPAZg,Gweilo-60,2019-03-04 01:21:51.479514,11066,0
UChXOhG9bRDb3vSTg-qkPAZg,Gweilo-60,2019-03-04 01:20:53.458257,11066,0
UChXOhG9bRDb3vSTg-qkPAZg,Gweilo-60,2019-03-04 01:19:50.986403,11066,0
UChXOhG9bRDb3vSTg-qkPAZg,Gweilo-60,2019-03-04 01:18:51.148926,11066,0
UChXOhG9bRDb3vSTg-qkPAZg,Gweilo-60,2019-03-04 01:17:51.422933,11066,0
UChXOhG9bRDb3vSTg-qkPAZg,Gweilo-60,2019-03-04 01:16:51.519941,11066,0
UChXOhG9bRDb3vSTg-qkPAZg,Gweilo-60,2019-03-04 01:15:51.957664,11066,0
UChXOhG9bRDb3vSTg-qkPAZg,Gweilo-60,2019-03-04 01:14:51.422411,11066,0
UChXOhG9bRDb3vSTg-qkPAZg,Gweilo-60,2019-03-04 01:13:51.154153,11066,0
UChXOhG9bRDb3vSTg-qkPAZg,Gweilo-60,2019-03-04 01:12:51.217884,11066,0
UChXOhG9bRDb3vSTg-qkPAZg,Gweilo-60,2019-03-04 01:11:51.409484,11066,0
UChXOhG9bRDb3vSTg-qkPAZg,Gweilo-60,2019-03-04 01:10:51.236906,11066,0
UChXOhG9bRDb3vSTg-qkPAZg,Gweilo-60,2019-03-04 01:09:51.261036,11066,0
UChXOhG9bRDb3vSTg-qkPAZg,Gweilo-60,2019-03-04 01:08:51.390415,11066,0
UChXOhG9bRDb3vSTg-qkPAZg,Gweilo-60,2019-03-04 01:07:51.236272,11066,0
UChXOhG9bRDb3vSTg-qkPAZg,Gweilo-60,2019-03-04 01:06:51.331587,11066,0
UChXOhG9bRDb3vSTg-qkPAZg,Gweilo-60,2019-03-04 01:05:51.068716,11066,0
UChXOhG9bRDb3vSTg-qkPAZg,Gweilo-60,2019-03-04 01:04:51.338903,11066,0
UChXOhG9bRDb3vSTg-qkPAZg,Gweilo-60,2019-03-04 01:03:50.976376,11066,0
UChXOhG9bRDb3vSTg-qkPAZg,Gweilo-60,2019-03-04 01:02:51.35097,11066,0
UChXOhG9bRDb3vSTg-qkPAZg,Gweilo-60,2019-03-04 01:01:51.405105,11066,0
UChXOhG9bRDb3vSTg-qkPAZg,Gweilo-60,2019-03-04 01:00:51.212293,11066,0
UChXOhG9bRDb3vSTg-qkPAZg,Gweilo-60,2019-03-04 00:59:50.981968,11066,0
UChXOhG9bRDb3vSTg-qkPAZg,Gweilo-60,2019-03-04 00:58:51.620342,11066,0
UChXOhG9bRDb3vSTg-qkPAZg,Gweilo-60,2019-03-04 00:57:51.628973,11066,0
UChXOhG9bRDb3vSTg-qkPAZg,Gweilo-60,2019-03-04 00:56:51.469982,11066,0
UChXOhG9bRDb3vSTg-qkPAZg,Gweilo-60,2019-03-04 00:55:52.411242,11066,0
UChXOhG9bRDb3vSTg-qkPAZg,Gweilo-60,2019-03-04 00:54:51.028514,11066,0
UChXOhG9bRDb3vSTg-qkPAZg,Gweilo-60,2019-03-04 00:53:51.65346,11066,0
UChXOhG9bRDb3vSTg-qkPAZg,Gweilo-60,2019-03-04 00:52:51.384592,11066,0
UChXOhG9bRDb3vSTg-qkPAZg,Gweilo-60,2019-03-04 00:51:51.09836,11066,0
UChXOhG9bRDb3vSTg-qkPAZg,Gweilo-60,2019-03-04 00:50:51.802433,11066,0
UChXOhG9bRDb3vSTg-qkPAZg,Gweilo-60,2019-03-04 00:49:51.1203,11066,0
UChXOhG9bRDb3vSTg-qkPAZg,Gweilo-60,2019-03-04 00:48:51.116144,11066,0
UChXOhG9bRDb3vSTg-qkPAZg,Gweilo-60,2019-03-04 00:47:51.713506,11066,0
UChXOhG9bRDb3vSTg-qkPAZg,Gweilo-60,2019-03-04 00:46:50.99512,11066,0
UChXOhG9bRDb3vSTg-qkPAZg,Gweilo-60,2019-03-04 00:45:51.438183,11066,0
UChXOhG9bRDb3vSTg-qkPAZg,Gweilo-60,2019-03-04 00:44:51.010859,11066,0
UChXOhG9bRDb3vSTg-qkPAZg,Gweilo-60,2019-03-04 00:43:51.12505,11066,0
UChXOhG9bRDb3vSTg-qkPAZg,Gweilo-60,2019-03-04 00:42:51.266092,11066,0
UChXOhG9bRDb3vSTg-qkPAZg,Gweilo-60,2019-03-04 00:41:51.472982,11066,0
UChXOhG9bRDb3vSTg-qkPAZg,Gweilo-60,2019-03-04 00:40:51.733048,11066,0
UChXOhG9bRDb3vSTg-qkPAZg,Gweilo-60,2019-03-04 00:39:51.035594,11066,0
UChXOhG9bRDb3vSTg-qkPAZg,Gweilo-60,2019-03-04 00:38:51.611953,11066,0
UChXOhG9bRDb3vSTg-qkPAZg,Gweilo-60,2019-03-04 00:37:51.049468,11066,0
UChXOhG9bRDb3vSTg-qkPAZg,Gweilo-60,2019-03-04 00:36:51.431623,11066,0
UChXOhG9bRDb3vSTg-qkPAZg,Gweilo-60,2019-03-04 00:35:51.601462,11066,0
UChXOhG9bRDb3vSTg-qkPAZg,Gweilo-60,2019-03-04 00:34:51.479126,11066,0
UChXOhG9bRDb3vSTg-qkPAZg,Gweilo-60,2019-03-04 00:33:51.403056,11066,0
UChXOhG9bRDb3vSTg-qkPAZg,Gweilo-60,2019-03-04 00:32:51.271713,11066,0
UChXOhG9bRDb3vSTg-qkPAZg,Gweilo-60,2019-03-04 00:31:51.07933,11066,0
UChXOhG9bRDb3vSTg-qkPAZg,Gweilo-60,2019-03-04 00:30:51.28866,11066,0
UChXOhG9bRDb3vSTg-qkPAZg,Gweilo-60,2019-03-04 00:29:51.411122,11066,0
UChXOhG9bRDb3vSTg-qkPAZg,Gweilo-60,2019-03-04 00:28:52.302613,11066,0
UChXOhG9bRDb3vSTg-qkPAZg,Gweilo-60,2019-03-04 00:27:51.428505,11066,0
UChXOhG9bRDb3vSTg-qkPAZg,Gweilo-60,2019-03-04 00:26:50.783396,11066,0
UChXOhG9bRDb3vSTg-qkPAZg,Gweilo-60,2019-03-04 00:25:51.168694,11066,0
UChXOhG9bRDb3vSTg-qkPAZg,Gweilo-60,2019-03-04 00:24:52.425268,11066,0
UChXOhG9bRDb3vSTg-qkPAZg,Gweilo-60,2019-03-04 00:23:51.346373,11066,0
UChXOhG9bRDb3vSTg-qkPAZg,Gweilo-60,2019-03-04 00:22:50.796725,11066,0
UChXOhG9bRDb3vSTg-qkPAZg,Gweilo-60,2019-03-04 00:21:51.757823,11066,0
UChXOhG9bRDb3vSTg-qkPAZg,Gweilo-60,2019-03-04 00:20:51.175586,11066,0
UChXOhG9bRDb3vSTg-qkPAZg,Gweilo-60,2019-03-04 00:19:51.897217,11066,0
UChXOhG9bRDb3vSTg-qkPAZg,Gweilo-60,2019-03-04 00:18:51.57977,11066,0
UChXOhG9bRDb3vSTg-qkPAZg,Gweilo-60,2019-03-04 00:17:51.334512,11066,0
UChXOhG9bRDb3vSTg-qkPAZg,Gweilo-60,2019-03-04 00:16:51.499292,11066,0
UChXOhG9bRDb3vSTg-qkPAZg,Gweilo-60,2019-03-04 00:15:51.523694,11066,0
UChXOhG9bRDb3vSTg-qkPAZg,Gweilo-60,2019-03-04 00:14:51.434047,11066,0
UChXOhG9bRDb3vSTg-qkPAZg,Gweilo-60,2019-03-04 00:13:51.516077,11066,0
UChXOhG9bRDb3vSTg-qkPAZg,Gweilo-60,2019-03-04 00:12:51.322999,11066,0
UChXOhG9bRDb3vSTg-qkPAZg,Gweilo-60,2019-03-04 00:11:51.996525,11066,0
UChXOhG9bRDb3vSTg-qkPAZg,Gweilo-60,2019-03-04 00:10:51.168235,11066,0
UChXOhG9bRDb3vSTg-qkPAZg,Gweilo-60,2019-03-04 00:09:51.444149,11066,0
UChXOhG9bRDb3vSTg-qkPAZg,Gweilo-60,2019-03-04 00:08:51.764615,11066,0
UChXOhG9bRDb3vSTg-qkPAZg,Gweilo-60,2019-03-04 00:07:51.388056,11066,0
UChXOhG9bRDb3vSTg-qkPAZg,Gweilo-60,2019-03-04 00:06:51.665188,11066,0
UChXOhG9bRDb3vSTg-qkPAZg,Gweilo-60,2019-03-04 00:05:51.245723,11066,0
UChXOhG9bRDb3vSTg-qkPAZg,Gweilo-60,2019-03-04 00:04:51.417131,11066,0
UChXOhG9bRDb3vSTg-qkPAZg,Gweilo-60,2019-03-04 00:03:51.508644,11066,0
UChXOhG9bRDb3vSTg-qkPAZg,Gweilo-60,2019-03-04 00:02:51.497716,11066,0
UChXOhG9bRDb3vSTg-qkPAZg,Gweilo-60,2019-03-04 00:01:51.432281,11066,0
UChXOhG9bRDb3vSTg-qkPAZg,Gweilo-60,2019-03-04 00:00:51.299395,11066,0
UChXOhG9bRDb3vSTg-qkPAZg,Gweilo-60,2019-03-03 23:59:51.373429,11066,0
UChXOhG9bRDb3vSTg-qkPAZg,Gweilo-60,2019-03-03 23:58:51.534258,11066,0
UChXOhG9bRDb3vSTg-qkPAZg,Gweilo-60,2019-03-03 23:57:50.917913,11066,0
UChXOhG9bRDb3vSTg-qkPAZg,Gweilo-60,2019-03-03 23:56:51.507786,11066,0
UChXOhG9bRDb3vSTg-qkPAZg,Gweilo-60,2019-03-03 23:55:50.863264,11066,0
UChXOhG9bRDb3vSTg-qkPAZg,Gweilo-60,2019-03-03 23:54:51.242437,11066,0
UChXOhG9bRDb3vSTg-qkPAZg,Gweilo-60,2019-03-03 23:53:52.221939,11066,0
UChXOhG9bRDb3vSTg-qkPAZg,Gweilo-60,2019-03-03 23:52:51.764989,11066,0
UChXOhG9bRDb3vSTg-qkPAZg,Gweilo-60,2019-03-03 23:51:51.512517,11066,0
UChXOhG9bRDb3vSTg-qkPAZg,Gweilo-60,2019-03-03 23:50:51.454684,11066,0
UChXOhG9bRDb3vSTg-qkPAZg,Gweilo-60,2019-03-03 23:49:51.319572,11066,0
UChXOhG9bRDb3vSTg-qkPAZg,Gweilo-60,2019-03-03 23:48:52.052992,11066,0
UChXOhG9bRDb3vSTg-qkPAZg,Gweilo-60,2019-03-03 23:47:51.492382,11066,0
UChXOhG9bRDb3vSTg-qkPAZg,Gweilo-60,2019-03-03 23:46:51.628718,11066,0
UChXOhG9bRDb3vSTg-qkPAZg,Gweilo-60,2019-03-03 23:45:51.138629,11066,0
UChXOhG9bRDb3vSTg-qkPAZg,Gweilo-60,2019-03-03 23:44:52.001165,11066,0
UChXOhG9bRDb3vSTg-qkPAZg,Gweilo-60,2019-03-03 23:43:51.002742,11066,0
UChXOhG9bRDb3vSTg-qkPAZg,Gweilo-60,2019-03-03 23:42:51.529888,11066,0
UChXOhG9bRDb3vSTg-qkPAZg,Gweilo-60,2019-03-03 23:41:51.381244,11066,0
UChXOhG9bRDb3vSTg-qkPAZg,Gweilo-60,2019-03-03 23:40:51.1614,11066,0
UChXOhG9bRDb3vSTg-qkPAZg,Gweilo-60,2019-03-03 23:39:51.135763,11066,0
UChXOhG9bRDb3vSTg-qkPAZg,Gweilo-60,2019-03-03 23:38:51.192765,11066,0
UChXOhG9bRDb3vSTg-qkPAZg,Gweilo-60,2019-03-03 23:37:51.18166,11066,0
UChXOhG9bRDb3vSTg-qkPAZg,Gweilo-60,2019-03-03 23:36:51.200503,11066,0
UChXOhG9bRDb3vSTg-qkPAZg,Gweilo-60,2019-03-03 23:35:51.749546,11066,0
UChXOhG9bRDb3vSTg-qkPAZg,Gweilo-60,2019-03-03 23:34:52.157933,11066,0
UChXOhG9bRDb3vSTg-qkPAZg,Gweilo-60,2019-03-03 23:33:51.492424,11066,0
UChXOhG9bRDb3vSTg-qkPAZg,Gweilo-60,2019-03-03 23:32:51.47676,11066,0
UChXOhG9bRDb3vSTg-qkPAZg,Gweilo-60,2019-03-03 23:31:51.83629,11066,0
UChXOhG9bRDb3vSTg-qkPAZg,Gweilo-60,2019-03-03 23:30:51.232018,11066,0
UChXOhG9bRDb3vSTg-qkPAZg,Gweilo-60,2019-03-03 23:29:51.555267,11066,0
UChXOhG9bRDb3vSTg-qkPAZg,Gweilo-60,2019-03-03 23:28:51.687438,11066,0
UChXOhG9bRDb3vSTg-qkPAZg,Gweilo-60,2019-03-03 23:27:51.983168,11066,0
UChXOhG9bRDb3vSTg-qkPAZg,Gweilo-60,2019-03-03 23:26:51.143527,11066,0
UChXOhG9bRDb3vSTg-qkPAZg,Gweilo-60,2019-03-03 23:25:51.410959,11066,0
UChXOhG9bRDb3vSTg-qkPAZg,Gweilo-60,2019-03-03 23:24:51.454161,11066,0
UChXOhG9bRDb3vSTg-qkPAZg,Gweilo-60,2019-03-03 23:23:51.151526,11066,0
UChXOhG9bRDb3vSTg-qkPAZg,Gweilo-60,2019-03-03 23:22:51.98897,11066,0
UChXOhG9bRDb3vSTg-qkPAZg,Gweilo-60,2019-03-03 23:21:51.475641,11066,0
UChXOhG9bRDb3vSTg-qkPAZg,Gweilo-60,2019-03-03 23:20:51.438674,11066,0
UChXOhG9bRDb3vSTg-qkPAZg,Gweilo-60,2019-03-03 23:19:51.856018,11066,0
UChXOhG9bRDb3vSTg-qkPAZg,Gweilo-60,2019-03-03 23:18:54.312443,11066,0
UChXOhG9bRDb3vSTg-qkPAZg,Gweilo-60,2019-03-03 23:17:51.746295,11066,0
UChXOhG9bRDb3vSTg-qkPAZg,Gweilo-60,2019-03-03 23:16:51.681196,11066,0
UChXOhG9bRDb3vSTg-qkPAZg,Gweilo-60,2019-03-03 23:15:52.037736,11066,0
UChXOhG9bRDb3vSTg-qkPAZg,Gweilo-60,2019-03-03 23:14:51.434372,11066,0
UChXOhG9bRDb3vSTg-qkPAZg,Gweilo-60,2019-03-03 23:13:51.525186,11066,0
UChXOhG9bRDb3vSTg-qkPAZg,Gweilo-60,2019-03-03 23:12:51.788344,11066,0
UChXOhG9bRDb3vSTg-qkPAZg,Gweilo-60,2019-03-03 23:11:51.249226,11066,0
UChXOhG9bRDb3vSTg-qkPAZg,Gweilo-60,2019-03-03 23:10:51.285381,11066,0
UChXOhG9bRDb3vSTg-qkPAZg,Gweilo-60,2019-03-03 23:09:51.478019,11066,0
UChXOhG9bRDb3vSTg-qkPAZg,Gweilo-60,2019-03-03 23:08:51.416146,11066,0
UChXOhG9bRDb3vSTg-qkPAZg,Gweilo-60,2019-03-03 23:07:52.352738,11066,0
UChXOhG9bRDb3vSTg-qkPAZg,Gweilo-60,2019-03-03 23:06:51.565821,11066,0
UChXOhG9bRDb3vSTg-qkPAZg,Gweilo-60,2019-03-03 23:05:51.3861,11066,0
UChXOhG9bRDb3vSTg-qkPAZg,Gweilo-60,2019-03-03 23:04:51.337266,11066,0
UChXOhG9bRDb3vSTg-qkPAZg,Gweilo-60,2019-03-03 23:03:51.294543,11066,0
UChXOhG9bRDb3vSTg-qkPAZg,Gweilo-60,2019-03-03 23:02:51.659519,11066,0
UChXOhG9bRDb3vSTg-qkPAZg,Gweilo-60,2019-03-03 23:01:51.107259,11066,0
UChXOhG9bRDb3vSTg-qkPAZg,Gweilo-60,2019-03-03 23:00:52.414874,11066,0
UChXOhG9bRDb3vSTg-qkPAZg,Gweilo-60,2019-03-03 22:59:51.631038,11066,0
UChXOhG9bRDb3vSTg-qkPAZg,Gweilo-60,2019-03-03 22:58:51.252403,11066,0
UChXOhG9bRDb3vSTg-qkPAZg,Gweilo-60,2019-03-03 22:57:51.459865,11066,0
UChXOhG9bRDb3vSTg-qkPAZg,Gweilo-60,2019-03-03 22:56:52.190442,11066,0
UChXOhG9bRDb3vSTg-qkPAZg,Gweilo-60,2019-03-03 22:55:51.35022,11066,0
UChXOhG9bRDb3vSTg-qkPAZg,Gweilo-60,2019-03-03 22:54:51.110472,11066,0
UChXOhG9bRDb3vSTg-qkPAZg,Gweilo-60,2019-03-03 22:53:51.369758,11066,0
UChXOhG9bRDb3vSTg-qkPAZg,Gweilo-60,2019-03-03 22:52:51.396905,11066,0
UChXOhG9bRDb3vSTg-qkPAZg,Gweilo-60,2019-03-03 22:51:51.874818,11066,0
UChXOhG9bRDb3vSTg-qkPAZg,Gweilo-60,2019-03-03 22:50:51.89318,11066,0
UChXOhG9bRDb3vSTg-qkPAZg,Gweilo-60,2019-03-03 22:49:51.28449,11066,0
UChXOhG9bRDb3vSTg-qkPAZg,Gweilo-60,2019-03-03 22:48:51.308953,11066,0
UChXOhG9bRDb3vSTg-qkPAZg,Gweilo-60,2019-03-03 22:47:51.887062,11066,0
UChXOhG9bRDb3vSTg-qkPAZg,Gweilo-60,2019-03-03 22:46:51.087728,11066,0
UChXOhG9bRDb3vSTg-qkPAZg,Gweilo-60,2019-03-03 22:45:51.474868,11066,0
UChXOhG9bRDb3vSTg-qkPAZg,Gweilo-60,2019-03-03 22:44:51.381313,11066,0
UChXOhG9bRDb3vSTg-qkPAZg,Gweilo-60,2019-03-03 22:43:51.24023,11066,0
UChXOhG9bRDb3vSTg-qkPAZg,Gweilo-60,2019-03-03 22:42:51.923395,11066,0
UChXOhG9bRDb3vSTg-qkPAZg,Gweilo-60,2019-03-03 22:41:51.428358,11066,0
UChXOhG9bRDb3vSTg-qkPAZg,Gweilo-60,2019-03-03 22:40:51.434619,11066,0
UChXOhG9bRDb3vSTg-qkPAZg,Gweilo-60,2019-03-03 22:39:51.519505,11066,0
UChXOhG9bRDb3vSTg-qkPAZg,Gweilo-60,2019-03-03 22:38:51.723395,11066,0
UChXOhG9bRDb3vSTg-qkPAZg,Gweilo-60,2019-03-03 22:37:51.809868,11066,0
UChXOhG9bRDb3vSTg-qkPAZg,Gweilo-60,2019-03-03 22:36:51.7801,11066,0
UChXOhG9bRDb3vSTg-qkPAZg,Gweilo-60,2019-03-03 22:35:51.814386,11066,0
UChXOhG9bRDb3vSTg-qkPAZg,Gweilo-60,2019-03-03 22:34:51.897505,11066,0
UChXOhG9bRDb3vSTg-qkPAZg,Gweilo-60,2019-03-03 22:33:51.457988,11066,0
UChXOhG9bRDb3vSTg-qkPAZg,Gweilo-60,2019-03-03 22:32:51.697356,11066,0
UChXOhG9bRDb3vSTg-qkPAZg,Gweilo-60,2019-03-03 22:31:51.416256,11066,0
UChXOhG9bRDb3vSTg-qkPAZg,Gweilo-60,2019-03-03 22:30:51.596469,11066,0
UChXOhG9bRDb3vSTg-qkPAZg,Gweilo-60,2019-03-03 22:29:51.781296,11066,0
UChXOhG9bRDb3vSTg-qkPAZg,Gweilo-60,2019-03-03 22:28:52.796823,11066,0
UChXOhG9bRDb3vSTg-qkPAZg,Gweilo-60,2019-03-03 22:27:51.91164,11066,0
UChXOhG9bRDb3vSTg-qkPAZg,Gweilo-60,2019-03-03 22:26:51.901445,11066,0
UChXOhG9bRDb3vSTg-qkPAZg,Gweilo-60,2019-03-03 22:25:51.72009,11066,0
UChXOhG9bRDb3vSTg-qkPAZg,Gweilo-60,2019-03-03 22:24:51.990049,11066,0
UChXOhG9bRDb3vSTg-qkPAZg,Gweilo-60,2019-03-03 22:23:51.834437,11066,0
UChXOhG9bRDb3vSTg-qkPAZg,Gweilo-60,2019-03-03 22:22:52.121593,11066,0
UChXOhG9bRDb3vSTg-qkPAZg,Gweilo-60,2019-03-03 22:21:51.512222,11066,0
UChXOhG9bRDb3vSTg-qkPAZg,Gweilo-60,2019-03-03 22:20:52.620511,11066,0
UChXOhG9bRDb3vSTg-qkPAZg,Gweilo-60,2019-03-03 22:19:51.486949,11066,0
UChXOhG9bRDb3vSTg-qkPAZg,Gweilo-60,2019-03-03 22:18:51.71361,11066,0
UChXOhG9bRDb3vSTg-qkPAZg,Gweilo-60,2019-03-03 22:17:52.317893,11066,0
UChXOhG9bRDb3vSTg-qkPAZg,Gweilo-60,2019-03-03 22:16:51.504957,11066,0
UChXOhG9bRDb3vSTg-qkPAZg,Gweilo-60,2019-03-03 22:15:51.691825,11066,0
UChXOhG9bRDb3vSTg-qkPAZg,Gweilo-60,2019-03-03 22:14:51.569463,11066,0
UChXOhG9bRDb3vSTg-qkPAZg,Gweilo-60,2019-03-03 22:13:52.093135,11066,0
UChXOhG9bRDb3vSTg-qkPAZg,Gweilo-60,2019-03-03 22:12:51.423655,11066,0
UChXOhG9bRDb3vSTg-qkPAZg,Gweilo-60,2019-03-03 22:11:51.849717,11066,0
UChXOhG9bRDb3vSTg-qkPAZg,Gweilo-60,2019-03-03 22:10:51.642951,11066,0
UChXOhG9bRDb3vSTg-qkPAZg,Gweilo-60,2019-03-03 22:09:51.636366,11066,0
UChXOhG9bRDb3vSTg-qkPAZg,Gweilo-60,2019-03-03 22:08:52.329498,11066,0
UChXOhG9bRDb3vSTg-qkPAZg,Gweilo-60,2019-03-03 22:07:51.77987,11066,0
UChXOhG9bRDb3vSTg-qkPAZg,Gweilo-60,2019-03-03 22:06:52.106617,11066,0
UChXOhG9bRDb3vSTg-qkPAZg,Gweilo-60,2019-03-03 22:05:52.534016,11066,0
UChXOhG9bRDb3vSTg-qkPAZg,Gweilo-60,2019-03-03 22:04:51.925122,11066,0
UChXOhG9bRDb3vSTg-qkPAZg,Gweilo-60,2019-03-03 22:03:52.073947,11066,0
UChXOhG9bRDb3vSTg-qkPAZg,Gweilo-60,2019-03-03 22:02:52.046212,11066,0
UChXOhG9bRDb3vSTg-qkPAZg,Gweilo-60,2019-03-03 22:01:51.514797,11066,0
UChXOhG9bRDb3vSTg-qkPAZg,Gweilo-60,2019-03-03 22:00:51.945045,11066,0
UChXOhG9bRDb3vSTg-qkPAZg,Gweilo-60,2019-03-03 21:59:51.352243,11066,0
UChXOhG9bRDb3vSTg-qkPAZg,Gweilo-60,2019-03-03 21:58:51.745696,11066,0
UChXOhG9bRDb3vSTg-qkPAZg,Gweilo-60,2019-03-03 21:57:52.07315,11066,0
UChXOhG9bRDb3vSTg-qkPAZg,Gweilo-60,2019-03-03 21:56:51.639132,11066,0
UChXOhG9bRDb3vSTg-qkPAZg,Gweilo-60,2019-03-03 21:55:51.456178,11066,0
UChXOhG9bRDb3vSTg-qkPAZg,Gweilo-60,2019-03-03 21:54:52.30344,11066,0
UChXOhG9bRDb3vSTg-qkPAZg,Gweilo-60,2019-03-03 21:53:52.019357,11066,0
UChXOhG9bRDb3vSTg-qkPAZg,Gweilo-60,2019-03-03 21:52:52.098287,11066,0
UChXOhG9bRDb3vSTg-qkPAZg,Gweilo-60,2019-03-03 21:51:51.777398,11066,0
UChXOhG9bRDb3vSTg-qkPAZg,Gweilo-60,2019-03-03 21:50:51.748559,11066,0
UChXOhG9bRDb3vSTg-qkPAZg,Gweilo-60,2019-03-03 21:49:51.915041,11066,0
UChXOhG9bRDb3vSTg-qkPAZg,Gweilo-60,2019-03-03 21:48:51.913602,11066,0
UChXOhG9bRDb3vSTg-qkPAZg,Gweilo-60,2019-03-03 21:47:51.96559,11066,0
UChXOhG9bRDb3vSTg-qkPAZg,Gweilo-60,2019-03-03 21:46:51.86407,11066,0
UChXOhG9bRDb3vSTg-qkPAZg,Gweilo-60,2019-03-03 21:45:51.511825,11066,0
UChXOhG9bRDb3vSTg-qkPAZg,Gweilo-60,2019-03-03 21:44:52.18067,11066,0
UChXOhG9bRDb3vSTg-qkPAZg,Gweilo-60,2019-03-03 21:43:51.457259,11066,0
UChXOhG9bRDb3vSTg-qkPAZg,Gweilo-60,2019-03-03 21:42:51.609929,11066,0
UChXOhG9bRDb3vSTg-qkPAZg,Gweilo-60,2019-03-03 21:41:51.827317,11066,0
UChXOhG9bRDb3vSTg-qkPAZg,Gweilo-60,2019-03-03 21:40:51.794486,11066,0
UChXOhG9bRDb3vSTg-qkPAZg,Gweilo-60,2019-03-03 21:39:52.017489,11066,0
UChXOhG9bRDb3vSTg-qkPAZg,Gweilo-60,2019-03-03 21:38:51.91526,11066,0
UChXOhG9bRDb3vSTg-qkPAZg,Gweilo-60,2019-03-03 21:37:52.731031,11066,0
UChXOhG9bRDb3vSTg-qkPAZg,Gweilo-60,2019-03-03 21:36:51.582417,11066,0
UChXOhG9bRDb3vSTg-qkPAZg,Gweilo-60,2019-03-03 21:35:51.870667,11066,0
UChXOhG9bRDb3vSTg-qkPAZg,Gweilo-60,2019-03-03 21:34:51.81765,11066,0
UChXOhG9bRDb3vSTg-qkPAZg,Gweilo-60,2019-03-03 21:33:51.578535,11066,0
UChXOhG9bRDb3vSTg-qkPAZg,Gweilo-60,2019-03-03 21:32:51.430859,11066,0
UChXOhG9bRDb3vSTg-qkPAZg,Gweilo-60,2019-03-03 21:31:51.994042,11066,0
UChXOhG9bRDb3vSTg-qkPAZg,Gweilo-60,2019-03-03 21:30:51.797819,11066,0
UChXOhG9bRDb3vSTg-qkPAZg,Gweilo-60,2019-03-03 21:29:51.459749,11066,0
UChXOhG9bRDb3vSTg-qkPAZg,Gweilo-60,2019-03-03 21:28:51.485993,11066,0
UChXOhG9bRDb3vSTg-qkPAZg,Gweilo-60,2019-03-03 21:27:51.699286,11066,0
UChXOhG9bRDb3vSTg-qkPAZg,Gweilo-60,2019-03-03 21:26:51.238636,11066,0
UChXOhG9bRDb3vSTg-qkPAZg,Gweilo-60,2019-03-03 21:25:51.419164,11066,0
UChXOhG9bRDb3vSTg-qkPAZg,Gweilo-60,2019-03-03 21:24:51.301435,11066,0
UChXOhG9bRDb3vSTg-qkPAZg,Gweilo-60,2019-03-03 21:23:51.568192,11066,0
UChXOhG9bRDb3vSTg-qkPAZg,Gweilo-60,2019-03-03 21:22:51.120118,11066,0
UChXOhG9bRDb3vSTg-qkPAZg,Gweilo-60,2019-03-03 21:21:51.882886,11066,0
UChXOhG9bRDb3vSTg-qkPAZg,Gweilo-60,2019-03-03 21:20:51.581454,11066,0
UChXOhG9bRDb3vSTg-qkPAZg,Gweilo-60,2019-03-03 21:19:51.168082,11066,0
UChXOhG9bRDb3vSTg-qkPAZg,Gweilo-60,2019-03-03 21:18:52.114614,11066,0
UChXOhG9bRDb3vSTg-qkPAZg,Gweilo-60,2019-03-03 21:17:51.615028,11066,0
UChXOhG9bRDb3vSTg-qkPAZg,Gweilo-60,2019-03-03 21:16:51.417515,11066,0
UChXOhG9bRDb3vSTg-qkPAZg,Gweilo-60,2019-03-03 21:15:51.752484,11066,0
UChXOhG9bRDb3vSTg-qkPAZg,Gweilo-60,2019-03-03 21:14:51.2791,11066,0
UChXOhG9bRDb3vSTg-qkPAZg,Gweilo-60,2019-03-03 21:13:51.276349,11066,0
UChXOhG9bRDb3vSTg-qkPAZg,Gweilo-60,2019-03-03 21:12:51.70057,11066,0
UChXOhG9bRDb3vSTg-qkPAZg,Gweilo-60,2019-03-03 21:11:51.230493,11066,0
UChXOhG9bRDb3vSTg-qkPAZg,Gweilo-60,2019-03-03 21:10:51.34246,11066,0
UChXOhG9bRDb3vSTg-qkPAZg,Gweilo-60,2019-03-03 21:09:51.120585,11066,0
UChXOhG9bRDb3vSTg-qkPAZg,Gweilo-60,2019-03-03 21:08:51.910356,11066,0
UChXOhG9bRDb3vSTg-qkPAZg,Gweilo-60,2019-03-03 21:07:51.723737,11066,0
UChXOhG9bRDb3vSTg-qkPAZg,Gweilo-60,2019-03-03 21:06:51.487365,11066,0
UChXOhG9bRDb3vSTg-qkPAZg,Gweilo-60,2019-03-03 21:05:51.698832,11066,0
UChXOhG9bRDb3vSTg-qkPAZg,Gweilo-60,2019-03-03 21:04:51.29837,11066,0
UChXOhG9bRDb3vSTg-qkPAZg,Gweilo-60,2019-03-03 21:03:51.67308,11066,0
UChXOhG9bRDb3vSTg-qkPAZg,Gweilo-60,2019-03-03 21:02:51.584513,11066,0
UChXOhG9bRDb3vSTg-qkPAZg,Gweilo-60,2019-03-03 21:01:51.617904,11066,0
UChXOhG9bRDb3vSTg-qkPAZg,Gweilo-60,2019-03-03 21:00:51.656067,11066,0
UChXOhG9bRDb3vSTg-qkPAZg,Gweilo-60,2019-03-03 20:59:51.078793,11066,0
UChXOhG9bRDb3vSTg-qkPAZg,Gweilo-60,2019-03-03 20:58:51.524104,11066,0
UChXOhG9bRDb3vSTg-qkPAZg,Gweilo-60,2019-03-03 20:57:51.812934,11066,0
UChXOhG9bRDb3vSTg-qkPAZg,Gweilo-60,2019-03-03 20:56:51.575229,11066,0
UChXOhG9bRDb3vSTg-qkPAZg,Gweilo-60,2019-03-03 20:55:51.772906,11066,0
UChXOhG9bRDb3vSTg-qkPAZg,Gweilo-60,2019-03-03 20:54:51.443629,11066,0
UChXOhG9bRDb3vSTg-qkPAZg,Gweilo-60,2019-03-03 20:53:51.560514,11066,0
UChXOhG9bRDb3vSTg-qkPAZg,Gweilo-60,2019-03-03 20:52:51.99254,11066,0
UChXOhG9bRDb3vSTg-qkPAZg,Gweilo-60,2019-03-03 20:51:51.156387,11066,1
UChXOhG9bRDb3vSTg-qkPAZg,Gweilo-60,2019-03-03 20:50:51.299374,11065,0
UChXOhG9bRDb3vSTg-qkPAZg,Gweilo-60,2019-03-03 20:49:51.739637,11065,0
UChXOhG9bRDb3vSTg-qkPAZg,Gweilo-60,2019-03-03 20:48:51.633466,11065,0
UChXOhG9bRDb3vSTg-qkPAZg,Gweilo-60,2019-03-03 20:47:52.269429,11065,0
UChXOhG9bRDb3vSTg-qkPAZg,Gweilo-60,2019-03-03 20:46:51.187965,11065,0
UChXOhG9bRDb3vSTg-qkPAZg,Gweilo-60,2019-03-03 20:45:51.390092,11065,0
UChXOhG9bRDb3vSTg-qkPAZg,Gweilo-60,2019-03-03 20:44:50.947492,11065,0
UChXOhG9bRDb3vSTg-qkPAZg,Gweilo-60,2019-03-03 20:43:51.600856,11065,0
UChXOhG9bRDb3vSTg-qkPAZg,Gweilo-60,2019-03-03 20:42:51.392657,11065,0
UChXOhG9bRDb3vSTg-qkPAZg,Gweilo-60,2019-03-03 20:41:51.618445,11065,0
UChXOhG9bRDb3vSTg-qkPAZg,Gweilo-60,2019-03-03 20:40:51.715394,11065,0
UChXOhG9bRDb3vSTg-qkPAZg,Gweilo-60,2019-03-03 20:39:51.422531,11065,0
UChXOhG9bRDb3vSTg-qkPAZg,Gweilo-60,2019-03-03 20:38:51.215612,11065,0
UChXOhG9bRDb3vSTg-qkPAZg,Gweilo-60,2019-03-03 20:37:51.268917,11065,0
UChXOhG9bRDb3vSTg-qkPAZg,Gweilo-60,2019-03-03 20:36:51.461015,11065,0
UChXOhG9bRDb3vSTg-qkPAZg,Gweilo-60,2019-03-03 20:35:51.59924,11065,0
UChXOhG9bRDb3vSTg-qkPAZg,Gweilo-60,2019-03-03 20:34:51.402215,11065,0
UChXOhG9bRDb3vSTg-qkPAZg,Gweilo-60,2019-03-03 20:33:51.64749,11065,0
UChXOhG9bRDb3vSTg-qkPAZg,Gweilo-60,2019-03-03 20:32:51.512502,11065,0
UChXOhG9bRDb3vSTg-qkPAZg,Gweilo-60,2019-03-03 20:31:51.530241,11065,0
UChXOhG9bRDb3vSTg-qkPAZg,Gweilo-60,2019-03-03 20:30:51.73513,11065,0
UChXOhG9bRDb3vSTg-qkPAZg,Gweilo-60,2019-03-03 20:29:51.561,11065,0
UChXOhG9bRDb3vSTg-qkPAZg,Gweilo-60,2019-03-03 20:28:51.199969,11065,0
UChXOhG9bRDb3vSTg-qkPAZg,Gweilo-60,2019-03-03 20:27:51.754853,11065,0
UChXOhG9bRDb3vSTg-qkPAZg,Gweilo-60,2019-03-03 20:26:51.865457,11065,0
UChXOhG9bRDb3vSTg-qkPAZg,Gweilo-60,2019-03-03 20:25:52.213367,11065,0
UChXOhG9bRDb3vSTg-qkPAZg,Gweilo-60,2019-03-03 20:24:51.496125,11065,0
UChXOhG9bRDb3vSTg-qkPAZg,Gweilo-60,2019-03-03 20:23:51.670323,11065,0
UChXOhG9bRDb3vSTg-qkPAZg,Gweilo-60,2019-03-03 20:22:51.191277,11065,0
UChXOhG9bRDb3vSTg-qkPAZg,Gweilo-60,2019-03-03 20:21:52.434445,11065,0
UChXOhG9bRDb3vSTg-qkPAZg,Gweilo-60,2019-03-03 20:20:51.638381,11065,0
UChXOhG9bRDb3vSTg-qkPAZg,Gweilo-60,2019-03-03 20:19:51.534412,11065,0
UChXOhG9bRDb3vSTg-qkPAZg,Gweilo-60,2019-03-03 20:18:51.50302,11065,0
UChXOhG9bRDb3vSTg-qkPAZg,Gweilo-60,2019-03-03 20:17:51.744716,11065,0
UChXOhG9bRDb3vSTg-qkPAZg,Gweilo-60,2019-03-03 20:16:52.0012,11065,0
UChXOhG9bRDb3vSTg-qkPAZg,Gweilo-60,2019-03-03 20:15:51.534973,11065,0
UChXOhG9bRDb3vSTg-qkPAZg,Gweilo-60,2019-03-03 20:14:51.476322,11065,0
UChXOhG9bRDb3vSTg-qkPAZg,Gweilo-60,2019-03-03 20:13:52.286687,11065,0
UChXOhG9bRDb3vSTg-qkPAZg,Gweilo-60,2019-03-03 20:12:51.569502,11065,0
UChXOhG9bRDb3vSTg-qkPAZg,Gweilo-60,2019-03-03 20:11:51.805829,11065,0
UChXOhG9bRDb3vSTg-qkPAZg,Gweilo-60,2019-03-03 20:10:52.051425,11065,0
UChXOhG9bRDb3vSTg-qkPAZg,Gweilo-60,2019-03-03 20:09:51.573721,11065,0
UChXOhG9bRDb3vSTg-qkPAZg,Gweilo-60,2019-03-03 20:08:51.586816,11065,0
UChXOhG9bRDb3vSTg-qkPAZg,Gweilo-60,2019-03-03 20:07:51.42795,11065,0
UChXOhG9bRDb3vSTg-qkPAZg,Gweilo-60,2019-03-03 20:06:51.589287,11065,0
UChXOhG9bRDb3vSTg-qkPAZg,Gweilo-60,2019-03-03 20:05:51.731225,11065,0
UChXOhG9bRDb3vSTg-qkPAZg,Gweilo-60,2019-03-03 20:04:51.606711,11065,0
UChXOhG9bRDb3vSTg-qkPAZg,Gweilo-60,2019-03-03 20:03:51.731775,11065,0
UChXOhG9bRDb3vSTg-qkPAZg,Gweilo-60,2019-03-03 20:02:51.476078,11065,0
UChXOhG9bRDb3vSTg-qkPAZg,Gweilo-60,2019-03-03 20:01:51.974818,11065,0
UChXOhG9bRDb3vSTg-qkPAZg,Gweilo-60,2019-03-03 20:00:51.690155,11065,0
UChXOhG9bRDb3vSTg-qkPAZg,Gweilo-60,2019-03-03 19:59:51.422704,11065,0
UChXOhG9bRDb3vSTg-qkPAZg,Gweilo-60,2019-03-03 19:58:51.252103,11065,0
UChXOhG9bRDb3vSTg-qkPAZg,Gweilo-60,2019-03-03 19:57:51.598274,11065,0
UChXOhG9bRDb3vSTg-qkPAZg,Gweilo-60,2019-03-03 19:56:51.852146,11065,0
UChXOhG9bRDb3vSTg-qkPAZg,Gweilo-60,2019-03-03 19:55:51.494619,11065,0
UChXOhG9bRDb3vSTg-qkPAZg,Gweilo-60,2019-03-03 19:54:51.631559,11065,0
UChXOhG9bRDb3vSTg-qkPAZg,Gweilo-60,2019-03-03 19:53:51.522174,11065,0
UChXOhG9bRDb3vSTg-qkPAZg,Gweilo-60,2019-03-03 19:52:52.190234,11065,0
UChXOhG9bRDb3vSTg-qkPAZg,Gweilo-60,2019-03-03 19:51:51.671235,11065,0
UChXOhG9bRDb3vSTg-qkPAZg,Gweilo-60,2019-03-03 19:50:52.745905,11065,0
UChXOhG9bRDb3vSTg-qkPAZg,Gweilo-60,2019-03-03 19:49:51.564082,11065,0
UChXOhG9bRDb3vSTg-qkPAZg,Gweilo-60,2019-03-03 19:48:52.35815,11065,0
UChXOhG9bRDb3vSTg-qkPAZg,Gweilo-60,2019-03-03 19:47:51.800116,11065,0
UChXOhG9bRDb3vSTg-qkPAZg,Gweilo-60,2019-03-03 19:46:51.432834,11065,0
UChXOhG9bRDb3vSTg-qkPAZg,Gweilo-60,2019-03-03 19:45:51.451208,11065,0
UChXOhG9bRDb3vSTg-qkPAZg,Gweilo-60,2019-03-03 19:44:51.194781,11065,0
UChXOhG9bRDb3vSTg-qkPAZg,Gweilo-60,2019-03-03 19:43:51.781285,11065,0
UChXOhG9bRDb3vSTg-qkPAZg,Gweilo-60,2019-03-03 19:42:51.621443,11065,0
UChXOhG9bRDb3vSTg-qkPAZg,Gweilo-60,2019-03-03 19:41:51.671695,11065,-1
UChXOhG9bRDb3vSTg-qkPAZg,Gweilo-60,2019-03-03 19:40:51.758435,11066,0
UChXOhG9bRDb3vSTg-qkPAZg,Gweilo-60,2019-03-03 19:39:51.901229,11066,0
UChXOhG9bRDb3vSTg-qkPAZg,Gweilo-60,2019-03-03 19:38:51.466239,11066,0
UChXOhG9bRDb3vSTg-qkPAZg,Gweilo-60,2019-03-03 19:37:51.94242,11066,0
UChXOhG9bRDb3vSTg-qkPAZg,Gweilo-60,2019-03-03 19:36:51.651787,11066,0
UChXOhG9bRDb3vSTg-qkPAZg,Gweilo-60,2019-03-03 19:35:51.473337,11066,0
UChXOhG9bRDb3vSTg-qkPAZg,Gweilo-60,2019-03-03 19:34:51.78697,11066,0
UChXOhG9bRDb3vSTg-qkPAZg,Gweilo-60,2019-03-03 19:33:51.962899,11066,0
UChXOhG9bRDb3vSTg-qkPAZg,Gweilo-60,2019-03-03 19:32:51.569865,11066,0
UChXOhG9bRDb3vSTg-qkPAZg,Gweilo-60,2019-03-03 19:31:51.934423,11066,0
UChXOhG9bRDb3vSTg-qkPAZg,Gweilo-60,2019-03-03 19:30:51.860507,11066,0
UChXOhG9bRDb3vSTg-qkPAZg,Gweilo-60,2019-03-03 19:29:51.794955,11066,0
UChXOhG9bRDb3vSTg-qkPAZg,Gweilo-60,2019-03-03 19:28:52.009865,11066,0
UChXOhG9bRDb3vSTg-qkPAZg,Gweilo-60,2019-03-03 19:27:51.731878,11066,0
UChXOhG9bRDb3vSTg-qkPAZg,Gweilo-60,2019-03-03 19:26:51.468649,11066,0
UChXOhG9bRDb3vSTg-qkPAZg,Gweilo-60,2019-03-03 19:25:51.456489,11066,0
UChXOhG9bRDb3vSTg-qkPAZg,Gweilo-60,2019-03-03 19:24:52.041145,11066,0
UChXOhG9bRDb3vSTg-qkPAZg,Gweilo-60,2019-03-03 19:23:51.796748,11066,0
UChXOhG9bRDb3vSTg-qkPAZg,Gweilo-60,2019-03-03 19:22:51.71692,11066,0
UChXOhG9bRDb3vSTg-qkPAZg,Gweilo-60,2019-03-03 19:21:51.605916,11066,0
UChXOhG9bRDb3vSTg-qkPAZg,Gweilo-60,2019-03-03 19:20:52.67953,11066,0
UChXOhG9bRDb3vSTg-qkPAZg,Gweilo-60,2019-03-03 19:19:52.125418,11066,0
UChXOhG9bRDb3vSTg-qkPAZg,Gweilo-60,2019-03-03 19:18:51.470718,11066,0
UChXOhG9bRDb3vSTg-qkPAZg,Gweilo-60,2019-03-03 19:17:51.41877,11066,0
UChXOhG9bRDb3vSTg-qkPAZg,Gweilo-60,2019-03-03 19:16:51.977219,11066,0
UChXOhG9bRDb3vSTg-qkPAZg,Gweilo-60,2019-03-03 19:15:51.811705,11066,0
UChXOhG9bRDb3vSTg-qkPAZg,Gweilo-60,2019-03-03 19:14:51.539193,11066,0
UChXOhG9bRDb3vSTg-qkPAZg,Gweilo-60,2019-03-03 19:13:51.589303,11066,0
UChXOhG9bRDb3vSTg-qkPAZg,Gweilo-60,2019-03-03 19:12:51.691506,11066,0
UChXOhG9bRDb3vSTg-qkPAZg,Gweilo-60,2019-03-03 19:11:51.683883,11066,0
UChXOhG9bRDb3vSTg-qkPAZg,Gweilo-60,2019-03-03 19:10:51.806472,11066,0
UChXOhG9bRDb3vSTg-qkPAZg,Gweilo-60,2019-03-03 19:09:51.73564,11066,0
UChXOhG9bRDb3vSTg-qkPAZg,Gweilo-60,2019-03-03 19:08:51.336652,11066,0
UChXOhG9bRDb3vSTg-qkPAZg,Gweilo-60,2019-03-03 19:07:51.345298,11066,0
UChXOhG9bRDb3vSTg-qkPAZg,Gweilo-60,2019-03-03 19:06:51.178954,11066,0
UChXOhG9bRDb3vSTg-qkPAZg,Gweilo-60,2019-03-03 19:05:51.721619,11066,0
UChXOhG9bRDb3vSTg-qkPAZg,Gweilo-60,2019-03-03 19:04:52.174577,11066,0
UChXOhG9bRDb3vSTg-qkPAZg,Gweilo-60,2019-03-03 19:03:51.965474,11066,0
UChXOhG9bRDb3vSTg-qkPAZg,Gweilo-60,2019-03-03 19:02:51.682383,11066,0
UChXOhG9bRDb3vSTg-qkPAZg,Gweilo-60,2019-03-03 19:01:51.468441,11066,0
UChXOhG9bRDb3vSTg-qkPAZg,Gweilo-60,2019-03-03 19:00:51.667561,11066,0
UChXOhG9bRDb3vSTg-qkPAZg,Gweilo-60,2019-03-03 18:59:51.79152,11066,0
UChXOhG9bRDb3vSTg-qkPAZg,Gweilo-60,2019-03-03 18:58:51.595954,11066,0
UChXOhG9bRDb3vSTg-qkPAZg,Gweilo-60,2019-03-03 18:57:51.615564,11066,0
UChXOhG9bRDb3vSTg-qkPAZg,Gweilo-60,2019-03-03 18:56:52.198174,11066,0
UChXOhG9bRDb3vSTg-qkPAZg,Gweilo-60,2019-03-03 18:55:51.61155,11066,0
UChXOhG9bRDb3vSTg-qkPAZg,Gweilo-60,2019-03-03 18:54:52.026693,11066,0
UChXOhG9bRDb3vSTg-qkPAZg,Gweilo-60,2019-03-03 18:53:51.677997,11066,0
UChXOhG9bRDb3vSTg-qkPAZg,Gweilo-60,2019-03-03 18:52:51.590959,11066,0
UChXOhG9bRDb3vSTg-qkPAZg,Gweilo-60,2019-03-03 18:51:51.703181,11066,0
UChXOhG9bRDb3vSTg-qkPAZg,Gweilo-60,2019-03-03 18:50:51.463393,11066,0
UChXOhG9bRDb3vSTg-qkPAZg,Gweilo-60,2019-03-03 18:49:51.82411,11066,0
UChXOhG9bRDb3vSTg-qkPAZg,Gweilo-60,2019-03-03 18:48:51.794014,11066,0
UChXOhG9bRDb3vSTg-qkPAZg,Gweilo-60,2019-03-03 18:47:51.622274,11066,0
UChXOhG9bRDb3vSTg-qkPAZg,Gweilo-60,2019-03-03 18:46:51.554884,11066,0
UChXOhG9bRDb3vSTg-qkPAZg,Gweilo-60,2019-03-03 18:45:52.286394,11066,0
UChXOhG9bRDb3vSTg-qkPAZg,Gweilo-60,2019-03-03 18:44:51.974892,11066,0
UChXOhG9bRDb3vSTg-qkPAZg,Gweilo-60,2019-03-03 18:43:51.769873,11066,0
UChXOhG9bRDb3vSTg-qkPAZg,Gweilo-60,2019-03-03 18:42:54.216079,11066,0
UChXOhG9bRDb3vSTg-qkPAZg,Gweilo-60,2019-03-03 18:41:51.662564,11066,0
UChXOhG9bRDb3vSTg-qkPAZg,Gweilo-60,2019-03-03 18:40:51.557507,11066,0
UChXOhG9bRDb3vSTg-qkPAZg,Gweilo-60,2019-03-03 18:39:52.038101,11066,0
UChXOhG9bRDb3vSTg-qkPAZg,Gweilo-60,2019-03-03 18:38:51.766399,11066,0
UChXOhG9bRDb3vSTg-qkPAZg,Gweilo-60,2019-03-03 18:37:51.555885,11066,0
UChXOhG9bRDb3vSTg-qkPAZg,Gweilo-60,2019-03-03 18:36:51.655963,11066,0
UChXOhG9bRDb3vSTg-qkPAZg,Gweilo-60,2019-03-03 18:35:51.407862,11066,0
UChXOhG9bRDb3vSTg-qkPAZg,Gweilo-60,2019-03-03 18:34:51.931808,11066,0
UChXOhG9bRDb3vSTg-qkPAZg,Gweilo-60,2019-03-03 18:33:51.393417,11066,0
UChXOhG9bRDb3vSTg-qkPAZg,Gweilo-60,2019-03-03 18:32:51.712657,11066,0
UChXOhG9bRDb3vSTg-qkPAZg,Gweilo-60,2019-03-03 18:31:51.266821,11066,0
UChXOhG9bRDb3vSTg-qkPAZg,Gweilo-60,2019-03-03 18:30:51.587129,11066,0
UChXOhG9bRDb3vSTg-qkPAZg,Gweilo-60,2019-03-03 18:29:52.031693,11066,0
UChXOhG9bRDb3vSTg-qkPAZg,Gweilo-60,2019-03-03 18:28:52.222683,11066,0
UChXOhG9bRDb3vSTg-qkPAZg,Gweilo-60,2019-03-03 18:27:51.933815,11066,0
UChXOhG9bRDb3vSTg-qkPAZg,Gweilo-60,2019-03-03 18:26:51.35325,11066,0
UChXOhG9bRDb3vSTg-qkPAZg,Gweilo-60,2019-03-03 18:25:51.624953,11066,0
UChXOhG9bRDb3vSTg-qkPAZg,Gweilo-60,2019-03-03 18:24:51.584373,11066,0
UChXOhG9bRDb3vSTg-qkPAZg,Gweilo-60,2019-03-03 18:23:51.597861,11066,0
UChXOhG9bRDb3vSTg-qkPAZg,Gweilo-60,2019-03-03 18:22:51.817661,11066,0
UChXOhG9bRDb3vSTg-qkPAZg,Gweilo-60,2019-03-03 18:21:51.693791,11066,0
UChXOhG9bRDb3vSTg-qkPAZg,Gweilo-60,2019-03-03 18:20:51.340136,11066,0
UChXOhG9bRDb3vSTg-qkPAZg,Gweilo-60,2019-03-03 18:19:51.741137,11066,0
UChXOhG9bRDb3vSTg-qkPAZg,Gweilo-60,2019-03-03 18:18:51.607637,11066,0
UChXOhG9bRDb3vSTg-qkPAZg,Gweilo-60,2019-03-03 18:17:52.020773,11066,0
UChXOhG9bRDb3vSTg-qkPAZg,Gweilo-60,2019-03-03 18:16:51.697293,11066,0
UChXOhG9bRDb3vSTg-qkPAZg,Gweilo-60,2019-03-03 18:15:51.915053,11066,0
UChXOhG9bRDb3vSTg-qkPAZg,Gweilo-60,2019-03-03 18:14:51.861038,11066,0
UChXOhG9bRDb3vSTg-qkPAZg,Gweilo-60,2019-03-03 18:13:52.263334,11066,0
UChXOhG9bRDb3vSTg-qkPAZg,Gweilo-60,2019-03-03 18:12:51.412926,11066,0
UChXOhG9bRDb3vSTg-qkPAZg,Gweilo-60,2019-03-03 18:11:51.401348,11066,0
UChXOhG9bRDb3vSTg-qkPAZg,Gweilo-60,2019-03-03 18:10:52.128283,11066,0
UChXOhG9bRDb3vSTg-qkPAZg,Gweilo-60,2019-03-03 18:09:51.688251,11066,0
UChXOhG9bRDb3vSTg-qkPAZg,Gweilo-60,2019-03-03 18:08:51.565034,11066,0
UChXOhG9bRDb3vSTg-qkPAZg,Gweilo-60,2019-03-03 18:07:51.688851,11066,0
UChXOhG9bRDb3vSTg-qkPAZg,Gweilo-60,2019-03-03 18:06:51.46473,11066,0
UChXOhG9bRDb3vSTg-qkPAZg,Gweilo-60,2019-03-03 18:05:51.737201,11066,0
UChXOhG9bRDb3vSTg-qkPAZg,Gweilo-60,2019-03-03 18:04:51.706375,11066,0
UChXOhG9bRDb3vSTg-qkPAZg,Gweilo-60,2019-03-03 18:03:51.494315,11066,0
UChXOhG9bRDb3vSTg-qkPAZg,Gweilo-60,2019-03-03 18:02:51.55814,11066,0
UChXOhG9bRDb3vSTg-qkPAZg,Gweilo-60,2019-03-03 18:01:51.852662,11066,0
UChXOhG9bRDb3vSTg-qkPAZg,Gweilo-60,2019-03-03 18:00:51.560894,11066,0
UChXOhG9bRDb3vSTg-qkPAZg,Gweilo-60,2019-03-03 17:59:52.047961,11066,0
UChXOhG9bRDb3vSTg-qkPAZg,Gweilo-60,2019-03-03 17:58:51.85969,11066,0
UChXOhG9bRDb3vSTg-qkPAZg,Gweilo-60,2019-03-03 17:57:51.58216,11066,0
UChXOhG9bRDb3vSTg-qkPAZg,Gweilo-60,2019-03-03 17:56:51.5352,11066,0
UChXOhG9bRDb3vSTg-qkPAZg,Gweilo-60,2019-03-03 17:55:51.39166,11066,0
UChXOhG9bRDb3vSTg-qkPAZg,Gweilo-60,2019-03-03 17:54:51.864128,11066,0
UChXOhG9bRDb3vSTg-qkPAZg,Gweilo-60,2019-03-03 17:53:51.490025,11066,0
UChXOhG9bRDb3vSTg-qkPAZg,Gweilo-60,2019-03-03 17:52:52.29927,11066,0
UChXOhG9bRDb3vSTg-qkPAZg,Gweilo-60,2019-03-03 17:51:51.583232,11066,0
UChXOhG9bRDb3vSTg-qkPAZg,Gweilo-60,2019-03-03 17:50:51.732522,11066,0
UChXOhG9bRDb3vSTg-qkPAZg,Gweilo-60,2019-03-03 17:49:51.844601,11066,0
UChXOhG9bRDb3vSTg-qkPAZg,Gweilo-60,2019-03-03 17:48:52.209188,11066,0
UChXOhG9bRDb3vSTg-qkPAZg,Gweilo-60,2019-03-03 17:47:51.627553,11066,0
UChXOhG9bRDb3vSTg-qkPAZg,Gweilo-60,2019-03-03 17:46:52.073808,11066,0
UChXOhG9bRDb3vSTg-qkPAZg,Gweilo-60,2019-03-03 17:45:51.782241,11066,0
UChXOhG9bRDb3vSTg-qkPAZg,Gweilo-60,2019-03-03 17:44:51.708868,11066,0
UChXOhG9bRDb3vSTg-qkPAZg,Gweilo-60,2019-03-03 17:43:51.272597,11066,0
UChXOhG9bRDb3vSTg-qkPAZg,Gweilo-60,2019-03-03 17:42:52.004581,11066,0
UChXOhG9bRDb3vSTg-qkPAZg,Gweilo-60,2019-03-03 17:41:51.352017,11066,0
UChXOhG9bRDb3vSTg-qkPAZg,Gweilo-60,2019-03-03 17:40:51.525343,11066,0
UChXOhG9bRDb3vSTg-qkPAZg,Gweilo-60,2019-03-03 17:39:51.653742,11066,0
UChXOhG9bRDb3vSTg-qkPAZg,Gweilo-60,2019-03-03 17:38:52.044267,11066,0
UChXOhG9bRDb3vSTg-qkPAZg,Gweilo-60,2019-03-03 17:37:51.882166,11066,0
UChXOhG9bRDb3vSTg-qkPAZg,Gweilo-60,2019-03-03 17:36:51.91312,11066,0
UChXOhG9bRDb3vSTg-qkPAZg,Gweilo-60,2019-03-03 17:35:51.729824,11066,0
UChXOhG9bRDb3vSTg-qkPAZg,Gweilo-60,2019-03-03 17:34:52.05258,11066,0
UChXOhG9bRDb3vSTg-qkPAZg,Gweilo-60,2019-03-03 17:33:51.844322,11066,0
UChXOhG9bRDb3vSTg-qkPAZg,Gweilo-60,2019-03-03 17:32:51.765912,11066,0
UChXOhG9bRDb3vSTg-qkPAZg,Gweilo-60,2019-03-03 17:31:51.43184,11066,0
UChXOhG9bRDb3vSTg-qkPAZg,Gweilo-60,2019-03-03 17:30:51.488376,11066,0
UChXOhG9bRDb3vSTg-qkPAZg,Gweilo-60,2019-03-03 17:29:52.022072,11066,0
UChXOhG9bRDb3vSTg-qkPAZg,Gweilo-60,2019-03-03 17:28:51.570521,11066,0
UChXOhG9bRDb3vSTg-qkPAZg,Gweilo-60,2019-03-03 17:27:51.865853,11066,0
UChXOhG9bRDb3vSTg-qkPAZg,Gweilo-60,2019-03-03 17:26:51.631039,11066,0
UChXOhG9bRDb3vSTg-qkPAZg,Gweilo-60,2019-03-03 17:25:51.305186,11066,0
UChXOhG9bRDb3vSTg-qkPAZg,Gweilo-60,2019-03-03 17:24:51.516821,11066,0
UChXOhG9bRDb3vSTg-qkPAZg,Gweilo-60,2019-03-03 17:23:51.791696,11066,0
UChXOhG9bRDb3vSTg-qkPAZg,Gweilo-60,2019-03-03 17:22:51.986404,11066,0
UChXOhG9bRDb3vSTg-qkPAZg,Gweilo-60,2019-03-03 17:21:51.590132,11066,0
UChXOhG9bRDb3vSTg-qkPAZg,Gweilo-60,2019-03-03 17:20:52.074431,11066,0
UChXOhG9bRDb3vSTg-qkPAZg,Gweilo-60,2019-03-03 17:19:51.840843,11066,0
UChXOhG9bRDb3vSTg-qkPAZg,Gweilo-60,2019-03-03 17:18:51.80095,11066,0
UChXOhG9bRDb3vSTg-qkPAZg,Gweilo-60,2019-03-03 17:17:51.940318,11066,0
UChXOhG9bRDb3vSTg-qkPAZg,Gweilo-60,2019-03-03 17:16:51.322493,11066,0
UChXOhG9bRDb3vSTg-qkPAZg,Gweilo-60,2019-03-03 17:15:51.993598,11066,0
UChXOhG9bRDb3vSTg-qkPAZg,Gweilo-60,2019-03-03 17:14:51.568017,11066,0
UChXOhG9bRDb3vSTg-qkPAZg,Gweilo-60,2019-03-03 17:13:51.773226,11066,0
UChXOhG9bRDb3vSTg-qkPAZg,Gweilo-60,2019-03-03 17:12:51.218312,11066,0
UChXOhG9bRDb3vSTg-qkPAZg,Gweilo-60,2019-03-03 17:11:51.533632,11066,0
UChXOhG9bRDb3vSTg-qkPAZg,Gweilo-60,2019-03-03 17:10:52.152285,11066,0
UChXOhG9bRDb3vSTg-qkPAZg,Gweilo-60,2019-03-03 17:09:51.432058,11066,0
UChXOhG9bRDb3vSTg-qkPAZg,Gweilo-60,2019-03-03 17:08:51.829393,11066,1
UChXOhG9bRDb3vSTg-qkPAZg,Gweilo-60,2019-03-03 17:07:51.608907,11065,0
UChXOhG9bRDb3vSTg-qkPAZg,Gweilo-60,2019-03-03 17:06:51.492379,11065,0
UChXOhG9bRDb3vSTg-qkPAZg,Gweilo-60,2019-03-03 17:05:51.269746,11065,0
UChXOhG9bRDb3vSTg-qkPAZg,Gweilo-60,2019-03-03 17:04:51.556081,11065,0
UChXOhG9bRDb3vSTg-qkPAZg,Gweilo-60,2019-03-03 17:03:51.788098,11065,0
UChXOhG9bRDb3vSTg-qkPAZg,Gweilo-60,2019-03-03 17:02:51.667478,11065,0
UChXOhG9bRDb3vSTg-qkPAZg,Gweilo-60,2019-03-03 17:01:51.35536,11065,0
UChXOhG9bRDb3vSTg-qkPAZg,Gweilo-60,2019-03-03 17:00:51.644534,11065,0
UChXOhG9bRDb3vSTg-qkPAZg,Gweilo-60,2019-03-03 16:59:51.704628,11065,0
UChXOhG9bRDb3vSTg-qkPAZg,Gweilo-60,2019-03-03 16:58:52.063528,11065,0
UChXOhG9bRDb3vSTg-qkPAZg,Gweilo-60,2019-03-03 16:57:51.692078,11065,0
UChXOhG9bRDb3vSTg-qkPAZg,Gweilo-60,2019-03-03 16:56:51.891463,11065,0
UChXOhG9bRDb3vSTg-qkPAZg,Gweilo-60,2019-03-03 16:55:51.452333,11065,0
UChXOhG9bRDb3vSTg-qkPAZg,Gweilo-60,2019-03-03 16:54:51.897387,11065,0
UChXOhG9bRDb3vSTg-qkPAZg,Gweilo-60,2019-03-03 16:53:51.771136,11065,0
UChXOhG9bRDb3vSTg-qkPAZg,Gweilo-60,2019-03-03 16:52:51.843599,11065,0
UChXOhG9bRDb3vSTg-qkPAZg,Gweilo-60,2019-03-03 16:51:51.781206,11065,0
UChXOhG9bRDb3vSTg-qkPAZg,Gweilo-60,2019-03-03 16:50:51.70012,11065,0
UChXOhG9bRDb3vSTg-qkPAZg,Gweilo-60,2019-03-03 16:49:52.368448,11065,0
UChXOhG9bRDb3vSTg-qkPAZg,Gweilo-60,2019-03-03 16:48:51.321477,11065,0
UChXOhG9bRDb3vSTg-qkPAZg,Gweilo-60,2019-03-03 16:47:51.401145,11065,0
UChXOhG9bRDb3vSTg-qkPAZg,Gweilo-60,2019-03-03 16:46:51.602319,11065,0
UChXOhG9bRDb3vSTg-qkPAZg,Gweilo-60,2019-03-03 16:45:51.248509,11065,0
UChXOhG9bRDb3vSTg-qkPAZg,Gweilo-60,2019-03-03 16:44:51.093244,11065,0
UChXOhG9bRDb3vSTg-qkPAZg,Gweilo-60,2019-03-03 16:43:51.81581,11065,0
UChXOhG9bRDb3vSTg-qkPAZg,Gweilo-60,2019-03-03 16:42:51.202153,11065,0
UChXOhG9bRDb3vSTg-qkPAZg,Gweilo-60,2019-03-03 16:41:51.23452,11065,0
UChXOhG9bRDb3vSTg-qkPAZg,Gweilo-60,2019-03-03 16:40:51.88255,11065,0
UChXOhG9bRDb3vSTg-qkPAZg,Gweilo-60,2019-03-03 16:39:51.486811,11065,0
UChXOhG9bRDb3vSTg-qkPAZg,Gweilo-60,2019-03-03 16:38:51.946521,11065,0
UChXOhG9bRDb3vSTg-qkPAZg,Gweilo-60,2019-03-03 16:37:51.28415,11065,0
UChXOhG9bRDb3vSTg-qkPAZg,Gweilo-60,2019-03-03 16:36:51.926719,11065,0
UChXOhG9bRDb3vSTg-qkPAZg,Gweilo-60,2019-03-03 16:35:51.42536,11065,0
UChXOhG9bRDb3vSTg-qkPAZg,Gweilo-60,2019-03-03 16:34:51.581765,11065,0
UChXOhG9bRDb3vSTg-qkPAZg,Gweilo-60,2019-03-03 16:33:51.530771,11065,0
UChXOhG9bRDb3vSTg-qkPAZg,Gweilo-60,2019-03-03 16:32:51.252454,11065,0
UChXOhG9bRDb3vSTg-qkPAZg,Gweilo-60,2019-03-03 16:31:51.762552,11065,0
UChXOhG9bRDb3vSTg-qkPAZg,Gweilo-60,2019-03-03 16:30:52.263355,11065,0
UChXOhG9bRDb3vSTg-qkPAZg,Gweilo-60,2019-03-03 16:29:51.209584,11065,0
UChXOhG9bRDb3vSTg-qkPAZg,Gweilo-60,2019-03-03 16:28:51.269626,11065,0
UChXOhG9bRDb3vSTg-qkPAZg,Gweilo-60,2019-03-03 16:27:51.44943,11065,0
UChXOhG9bRDb3vSTg-qkPAZg,Gweilo-60,2019-03-03 16:26:51.288,11065,0
UChXOhG9bRDb3vSTg-qkPAZg,Gweilo-60,2019-03-03 16:25:51.608219,11065,0
UChXOhG9bRDb3vSTg-qkPAZg,Gweilo-60,2019-03-03 16:24:51.338486,11065,0
UChXOhG9bRDb3vSTg-qkPAZg,Gweilo-60,2019-03-03 16:23:51.520954,11065,0
UChXOhG9bRDb3vSTg-qkPAZg,Gweilo-60,2019-03-03 16:22:51.569079,11065,0
UChXOhG9bRDb3vSTg-qkPAZg,Gweilo-60,2019-03-03 16:21:51.409661,11065,0
UChXOhG9bRDb3vSTg-qkPAZg,Gweilo-60,2019-03-03 16:20:51.828562,11065,-1
UChXOhG9bRDb3vSTg-qkPAZg,Gweilo-60,2019-03-03 16:19:51.318093,11066,0
UChXOhG9bRDb3vSTg-qkPAZg,Gweilo-60,2019-03-03 16:18:51.873582,11066,0
UChXOhG9bRDb3vSTg-qkPAZg,Gweilo-60,2019-03-03 16:17:51.354339,11066,0
UChXOhG9bRDb3vSTg-qkPAZg,Gweilo-60,2019-03-03 16:16:51.318776,11066,0
UChXOhG9bRDb3vSTg-qkPAZg,Gweilo-60,2019-03-03 16:15:51.47966,11066,0
UChXOhG9bRDb3vSTg-qkPAZg,Gweilo-60,2019-03-03 16:14:51.654273,11066,0
UChXOhG9bRDb3vSTg-qkPAZg,Gweilo-60,2019-03-03 16:13:52.07938,11066,0
UChXOhG9bRDb3vSTg-qkPAZg,Gweilo-60,2019-03-03 16:12:51.482119,11066,0
UChXOhG9bRDb3vSTg-qkPAZg,Gweilo-60,2019-03-03 16:11:51.666627,11066,0
UChXOhG9bRDb3vSTg-qkPAZg,Gweilo-60,2019-03-03 16:10:51.420842,11066,0
UChXOhG9bRDb3vSTg-qkPAZg,Gweilo-60,2019-03-03 16:09:51.691536,11066,0
UChXOhG9bRDb3vSTg-qkPAZg,Gweilo-60,2019-03-03 16:08:51.691769,11066,0
UChXOhG9bRDb3vSTg-qkPAZg,Gweilo-60,2019-03-03 16:07:51.916864,11066,0
UChXOhG9bRDb3vSTg-qkPAZg,Gweilo-60,2019-03-03 16:06:51.861581,11066,0
UChXOhG9bRDb3vSTg-qkPAZg,Gweilo-60,2019-03-03 16:05:52.12054,11066,0
UChXOhG9bRDb3vSTg-qkPAZg,Gweilo-60,2019-03-03 16:04:51.675473,11066,0
UChXOhG9bRDb3vSTg-qkPAZg,Gweilo-60,2019-03-03 16:03:51.178248,11066,0
UChXOhG9bRDb3vSTg-qkPAZg,Gweilo-60,2019-03-03 16:02:51.749126,11066,0
UChXOhG9bRDb3vSTg-qkPAZg,Gweilo-60,2019-03-03 16:01:51.576764,11066,0
UChXOhG9bRDb3vSTg-qkPAZg,Gweilo-60,2019-03-03 16:00:51.276066,11066,0
UChXOhG9bRDb3vSTg-qkPAZg,Gweilo-60,2019-03-03 15:59:51.270665,11066,0
UChXOhG9bRDb3vSTg-qkPAZg,Gweilo-60,2019-03-03 15:58:51.224617,11066,0
UChXOhG9bRDb3vSTg-qkPAZg,Gweilo-60,2019-03-03 15:57:51.279923,11066,0
UChXOhG9bRDb3vSTg-qkPAZg,Gweilo-60,2019-03-03 15:56:51.154273,11066,0
UChXOhG9bRDb3vSTg-qkPAZg,Gweilo-60,2019-03-03 15:55:51.454986,11066,0
UChXOhG9bRDb3vSTg-qkPAZg,Gweilo-60,2019-03-03 15:54:51.396165,11066,0
UChXOhG9bRDb3vSTg-qkPAZg,Gweilo-60,2019-03-03 15:53:51.613926,11066,0
UChXOhG9bRDb3vSTg-qkPAZg,Gweilo-60,2019-03-03 15:52:51.664384,11066,0
UChXOhG9bRDb3vSTg-qkPAZg,Gweilo-60,2019-03-03 15:51:51.114733,11066,0
UChXOhG9bRDb3vSTg-qkPAZg,Gweilo-60,2019-03-03 15:50:51.279927,11066,0
UChXOhG9bRDb3vSTg-qkPAZg,Gweilo-60,2019-03-03 15:49:51.748086,11066,0
UChXOhG9bRDb3vSTg-qkPAZg,Gweilo-60,2019-03-03 15:48:51.183243,11066,0
UChXOhG9bRDb3vSTg-qkPAZg,Gweilo-60,2019-03-03 15:47:51.90313,11066,0
UChXOhG9bRDb3vSTg-qkPAZg,Gweilo-60,2019-03-03 15:46:51.269597,11066,0
UChXOhG9bRDb3vSTg-qkPAZg,Gweilo-60,2019-03-03 15:45:51.417467,11066,0
UChXOhG9bRDb3vSTg-qkPAZg,Gweilo-60,2019-03-03 15:44:51.272995,11066,0
UChXOhG9bRDb3vSTg-qkPAZg,Gweilo-60,2019-03-03 15:43:51.453059,11066,0
UChXOhG9bRDb3vSTg-qkPAZg,Gweilo-60,2019-03-03 15:42:51.497854,11066,0
UChXOhG9bRDb3vSTg-qkPAZg,Gweilo-60,2019-03-03 15:41:51.885858,11066,0
UChXOhG9bRDb3vSTg-qkPAZg,Gweilo-60,2019-03-03 15:40:51.737275,11066,0
UChXOhG9bRDb3vSTg-qkPAZg,Gweilo-60,2019-03-03 15:39:51.602408,11066,0
UChXOhG9bRDb3vSTg-qkPAZg,Gweilo-60,2019-03-03 15:38:51.467854,11066,0
UChXOhG9bRDb3vSTg-qkPAZg,Gweilo-60,2019-03-03 15:37:51.637348,11066,0
UChXOhG9bRDb3vSTg-qkPAZg,Gweilo-60,2019-03-03 15:36:51.453949,11066,0
UChXOhG9bRDb3vSTg-qkPAZg,Gweilo-60,2019-03-03 15:35:51.336063,11066,0
UChXOhG9bRDb3vSTg-qkPAZg,Gweilo-60,2019-03-03 15:34:51.377289,11066,0
UChXOhG9bRDb3vSTg-qkPAZg,Gweilo-60,2019-03-03 15:33:51.905131,11066,0
UChXOhG9bRDb3vSTg-qkPAZg,Gweilo-60,2019-03-03 15:32:51.612485,11066,0
UChXOhG9bRDb3vSTg-qkPAZg,Gweilo-60,2019-03-03 15:31:51.979396,11066,0
UChXOhG9bRDb3vSTg-qkPAZg,Gweilo-60,2019-03-03 15:30:51.245996,11066,0
UChXOhG9bRDb3vSTg-qkPAZg,Gweilo-60,2019-03-03 15:29:51.739059,11066,0
UChXOhG9bRDb3vSTg-qkPAZg,Gweilo-60,2019-03-03 15:28:51.511947,11066,0
UChXOhG9bRDb3vSTg-qkPAZg,Gweilo-60,2019-03-03 15:27:51.642237,11066,0
UChXOhG9bRDb3vSTg-qkPAZg,Gweilo-60,2019-03-03 15:26:52.017309,11066,0
UChXOhG9bRDb3vSTg-qkPAZg,Gweilo-60,2019-03-03 15:25:51.506238,11066,0
UChXOhG9bRDb3vSTg-qkPAZg,Gweilo-60,2019-03-03 15:24:51.603053,11066,0
UChXOhG9bRDb3vSTg-qkPAZg,Gweilo-60,2019-03-03 15:23:51.114652,11066,0
UChXOhG9bRDb3vSTg-qkPAZg,Gweilo-60,2019-03-03 15:22:51.684676,11066,0
UChXOhG9bRDb3vSTg-qkPAZg,Gweilo-60,2019-03-03 15:21:51.717362,11066,0
UChXOhG9bRDb3vSTg-qkPAZg,Gweilo-60,2019-03-03 15:20:51.464516,11066,0
UChXOhG9bRDb3vSTg-qkPAZg,Gweilo-60,2019-03-03 15:19:51.126172,11066,0
UChXOhG9bRDb3vSTg-qkPAZg,Gweilo-60,2019-03-03 15:18:52.249935,11066,0
UChXOhG9bRDb3vSTg-qkPAZg,Gweilo-60,2019-03-03 15:17:51.541405,11066,0
UChXOhG9bRDb3vSTg-qkPAZg,Gweilo-60,2019-03-03 15:16:52.521061,11066,0
UChXOhG9bRDb3vSTg-qkPAZg,Gweilo-60,2019-03-03 15:15:51.709694,11066,0
UChXOhG9bRDb3vSTg-qkPAZg,Gweilo-60,2019-03-03 15:14:51.318793,11066,0
UChXOhG9bRDb3vSTg-qkPAZg,Gweilo-60,2019-03-03 15:13:51.653506,11066,0
UChXOhG9bRDb3vSTg-qkPAZg,Gweilo-60,2019-03-03 15:12:51.645892,11066,0
UChXOhG9bRDb3vSTg-qkPAZg,Gweilo-60,2019-03-03 15:11:52.57116,11066,0
UChXOhG9bRDb3vSTg-qkPAZg,Gweilo-60,2019-03-03 15:10:51.748431,11066,0
UChXOhG9bRDb3vSTg-qkPAZg,Gweilo-60,2019-03-03 15:09:51.497223,11066,0
UChXOhG9bRDb3vSTg-qkPAZg,Gweilo-60,2019-03-03 15:08:51.425869,11066,0
UChXOhG9bRDb3vSTg-qkPAZg,Gweilo-60,2019-03-03 15:07:52.094865,11066,0
UChXOhG9bRDb3vSTg-qkPAZg,Gweilo-60,2019-03-03 15:06:51.666295,11066,0
UChXOhG9bRDb3vSTg-qkPAZg,Gweilo-60,2019-03-03 15:05:51.600924,11066,0
UChXOhG9bRDb3vSTg-qkPAZg,Gweilo-60,2019-03-03 15:04:51.390638,11066,0
UChXOhG9bRDb3vSTg-qkPAZg,Gweilo-60,2019-03-03 15:03:51.568837,11066,0
UChXOhG9bRDb3vSTg-qkPAZg,Gweilo-60,2019-03-03 15:02:51.394494,11066,0
UChXOhG9bRDb3vSTg-qkPAZg,Gweilo-60,2019-03-03 15:01:52.108559,11066,0
UChXOhG9bRDb3vSTg-qkPAZg,Gweilo-60,2019-03-03 15:00:51.562101,11066,0
UChXOhG9bRDb3vSTg-qkPAZg,Gweilo-60,2019-03-03 14:59:51.318553,11066,0
UChXOhG9bRDb3vSTg-qkPAZg,Gweilo-60,2019-03-03 14:58:51.604408,11066,0
UChXOhG9bRDb3vSTg-qkPAZg,Gweilo-60,2019-03-03 14:57:51.268431,11066,0
UChXOhG9bRDb3vSTg-qkPAZg,Gweilo-60,2019-03-03 14:56:51.368044,11066,0
UChXOhG9bRDb3vSTg-qkPAZg,Gweilo-60,2019-03-03 14:55:51.190614,11066,0
UChXOhG9bRDb3vSTg-qkPAZg,Gweilo-60,2019-03-03 14:54:55.659893,11066,0
UChXOhG9bRDb3vSTg-qkPAZg,Gweilo-60,2019-03-03 14:53:51.066179,11066,0
UChXOhG9bRDb3vSTg-qkPAZg,Gweilo-60,2019-03-03 14:52:51.473134,11066,0
UChXOhG9bRDb3vSTg-qkPAZg,Gweilo-60,2019-03-03 14:51:51.134324,11066,0
UChXOhG9bRDb3vSTg-qkPAZg,Gweilo-60,2019-03-03 14:50:51.366026,11066,0
UChXOhG9bRDb3vSTg-qkPAZg,Gweilo-60,2019-03-03 14:49:52.132629,11066,0
UChXOhG9bRDb3vSTg-qkPAZg,Gweilo-60,2019-03-03 14:48:51.115354,11066,0
UChXOhG9bRDb3vSTg-qkPAZg,Gweilo-60,2019-03-03 14:47:51.302521,11066,0
UChXOhG9bRDb3vSTg-qkPAZg,Gweilo-60,2019-03-03 14:46:51.046758,11066,0
UChXOhG9bRDb3vSTg-qkPAZg,Gweilo-60,2019-03-03 14:45:51.89414,11066,0
UChXOhG9bRDb3vSTg-qkPAZg,Gweilo-60,2019-03-03 14:44:51.488833,11066,0
UChXOhG9bRDb3vSTg-qkPAZg,Gweilo-60,2019-03-03 14:43:51.510792,11066,0
UChXOhG9bRDb3vSTg-qkPAZg,Gweilo-60,2019-03-03 14:42:51.432041,11066,0
UChXOhG9bRDb3vSTg-qkPAZg,Gweilo-60,2019-03-03 14:41:51.231264,11066,0
UChXOhG9bRDb3vSTg-qkPAZg,Gweilo-60,2019-03-03 14:40:52.218889,11066,0
UChXOhG9bRDb3vSTg-qkPAZg,Gweilo-60,2019-03-03 14:39:51.256191,11066,0
UChXOhG9bRDb3vSTg-qkPAZg,Gweilo-60,2019-03-03 14:38:51.658499,11066,0
UChXOhG9bRDb3vSTg-qkPAZg,Gweilo-60,2019-03-03 14:37:51.354852,11066,0
UChXOhG9bRDb3vSTg-qkPAZg,Gweilo-60,2019-03-03 14:36:51.784356,11066,0
UChXOhG9bRDb3vSTg-qkPAZg,Gweilo-60,2019-03-03 14:35:51.721782,11066,0
UChXOhG9bRDb3vSTg-qkPAZg,Gweilo-60,2019-03-03 14:34:51.976045,11066,1
UChXOhG9bRDb3vSTg-qkPAZg,Gweilo-60,2019-03-03 14:33:51.144577,11065,0
UChXOhG9bRDb3vSTg-qkPAZg,Gweilo-60,2019-03-03 14:32:51.150381,11065,0
UChXOhG9bRDb3vSTg-qkPAZg,Gweilo-60,2019-03-03 14:31:51.639022,11065,0
UChXOhG9bRDb3vSTg-qkPAZg,Gweilo-60,2019-03-03 14:30:51.386805,11065,0
UChXOhG9bRDb3vSTg-qkPAZg,Gweilo-60,2019-03-03 14:29:51.884257,11065,0
UChXOhG9bRDb3vSTg-qkPAZg,Gweilo-60,2019-03-03 14:28:51.5466,11065,0
UChXOhG9bRDb3vSTg-qkPAZg,Gweilo-60,2019-03-03 14:27:51.83401,11065,0
UChXOhG9bRDb3vSTg-qkPAZg,Gweilo-60,2019-03-03 14:26:51.439068,11065,0
UChXOhG9bRDb3vSTg-qkPAZg,Gweilo-60,2019-03-03 14:25:51.67137,11065,0
UChXOhG9bRDb3vSTg-qkPAZg,Gweilo-60,2019-03-03 14:24:51.343084,11065,0
UChXOhG9bRDb3vSTg-qkPAZg,Gweilo-60,2019-03-03 14:23:51.84465,11065,0
UChXOhG9bRDb3vSTg-qkPAZg,Gweilo-60,2019-03-03 14:22:51.273063,11065,0
UChXOhG9bRDb3vSTg-qkPAZg,Gweilo-60,2019-03-03 14:21:51.307456,11065,0
UChXOhG9bRDb3vSTg-qkPAZg,Gweilo-60,2019-03-03 14:20:50.944977,11065,0
UChXOhG9bRDb3vSTg-qkPAZg,Gweilo-60,2019-03-03 14:19:51.84995,11065,0
UChXOhG9bRDb3vSTg-qkPAZg,Gweilo-60,2019-03-03 14:18:51.300403,11065,0
UChXOhG9bRDb3vSTg-qkPAZg,Gweilo-60,2019-03-03 14:17:51.394113,11065,0
UChXOhG9bRDb3vSTg-qkPAZg,Gweilo-60,2019-03-03 14:16:50.993456,11065,0
UChXOhG9bRDb3vSTg-qkPAZg,Gweilo-60,2019-03-03 14:15:51.13585,11065,0
UChXOhG9bRDb3vSTg-qkPAZg,Gweilo-60,2019-03-03 14:14:51.869793,11065,0
UChXOhG9bRDb3vSTg-qkPAZg,Gweilo-60,2019-03-03 14:13:51.079392,11065,0
UChXOhG9bRDb3vSTg-qkPAZg,Gweilo-60,2019-03-03 14:12:51.374236,11065,0
UChXOhG9bRDb3vSTg-qkPAZg,Gweilo-60,2019-03-03 14:11:51.429728,11065,0
UChXOhG9bRDb3vSTg-qkPAZg,Gweilo-60,2019-03-03 14:10:51.563452,11065,0
UChXOhG9bRDb3vSTg-qkPAZg,Gweilo-60,2019-03-03 14:09:51.094097,11065,0
UChXOhG9bRDb3vSTg-qkPAZg,Gweilo-60,2019-03-03 14:08:51.304495,11065,0
UChXOhG9bRDb3vSTg-qkPAZg,Gweilo-60,2019-03-03 14:07:51.457216,11065,0
UChXOhG9bRDb3vSTg-qkPAZg,Gweilo-60,2019-03-03 14:06:51.041848,11065,0
UChXOhG9bRDb3vSTg-qkPAZg,Gweilo-60,2019-03-03 14:05:51.56858,11065,0
UChXOhG9bRDb3vSTg-qkPAZg,Gweilo-60,2019-03-03 14:04:51.187104,11065,0
UChXOhG9bRDb3vSTg-qkPAZg,Gweilo-60,2019-03-03 14:03:51.324595,11065,1
UChXOhG9bRDb3vSTg-qkPAZg,Gweilo-60,2019-03-03 14:02:51.431192,11064,0
UChXOhG9bRDb3vSTg-qkPAZg,Gweilo-60,2019-03-03 14:01:51.561646,11064,0
UChXOhG9bRDb3vSTg-qkPAZg,Gweilo-60,2019-03-03 14:00:51.137275,11064,0
UChXOhG9bRDb3vSTg-qkPAZg,Gweilo-60,2019-03-03 13:59:51.234843,11064,0
UChXOhG9bRDb3vSTg-qkPAZg,Gweilo-60,2019-03-03 13:58:51.603821,11064,0
UChXOhG9bRDb3vSTg-qkPAZg,Gweilo-60,2019-03-03 13:57:51.683878,11064,0
UChXOhG9bRDb3vSTg-qkPAZg,Gweilo-60,2019-03-03 13:56:51.801004,11064,0
UChXOhG9bRDb3vSTg-qkPAZg,Gweilo-60,2019-03-03 13:55:51.380334,11064,0
UChXOhG9bRDb3vSTg-qkPAZg,Gweilo-60,2019-03-03 13:54:51.596493,11064,0
UChXOhG9bRDb3vSTg-qkPAZg,Gweilo-60,2019-03-03 13:53:51.075637,11064,0
UChXOhG9bRDb3vSTg-qkPAZg,Gweilo-60,2019-03-03 13:52:51.358024,11064,0
UChXOhG9bRDb3vSTg-qkPAZg,Gweilo-60,2019-03-03 13:51:50.884497,11064,0
UChXOhG9bRDb3vSTg-qkPAZg,Gweilo-60,2019-03-03 13:50:50.949185,11064,0
UChXOhG9bRDb3vSTg-qkPAZg,Gweilo-60,2019-03-03 13:49:51.413691,11064,0
UChXOhG9bRDb3vSTg-qkPAZg,Gweilo-60,2019-03-03 13:48:51.452291,11064,0
UChXOhG9bRDb3vSTg-qkPAZg,Gweilo-60,2019-03-03 13:47:51.537676,11064,0
UChXOhG9bRDb3vSTg-qkPAZg,Gweilo-60,2019-03-03 13:46:51.246447,11064,0
UChXOhG9bRDb3vSTg-qkPAZg,Gweilo-60,2019-03-03 13:45:51.522032,11064,0
UChXOhG9bRDb3vSTg-qkPAZg,Gweilo-60,2019-03-03 13:44:51.323034,11064,0
UChXOhG9bRDb3vSTg-qkPAZg,Gweilo-60,2019-03-03 13:43:51.694902,11064,0
UChXOhG9bRDb3vSTg-qkPAZg,Gweilo-60,2019-03-03 13:42:51.644614,11064,0
UChXOhG9bRDb3vSTg-qkPAZg,Gweilo-60,2019-03-03 13:41:51.508971,11064,0
UChXOhG9bRDb3vSTg-qkPAZg,Gweilo-60,2019-03-03 13:40:51.765831,11064,0
UChXOhG9bRDb3vSTg-qkPAZg,Gweilo-60,2019-03-03 13:39:51.094511,11064,0
UChXOhG9bRDb3vSTg-qkPAZg,Gweilo-60,2019-03-03 13:38:52.176948,11064,0
UChXOhG9bRDb3vSTg-qkPAZg,Gweilo-60,2019-03-03 13:37:51.407714,11064,-1
UChXOhG9bRDb3vSTg-qkPAZg,Gweilo-60,2019-03-03 13:36:51.394839,11065,0
UChXOhG9bRDb3vSTg-qkPAZg,Gweilo-60,2019-03-03 13:35:51.701121,11065,0
UChXOhG9bRDb3vSTg-qkPAZg,Gweilo-60,2019-03-03 13:34:51.460416,11065,0
UChXOhG9bRDb3vSTg-qkPAZg,Gweilo-60,2019-03-03 13:33:52.164227,11065,0
UChXOhG9bRDb3vSTg-qkPAZg,Gweilo-60,2019-03-03 13:32:51.632444,11065,0
UChXOhG9bRDb3vSTg-qkPAZg,Gweilo-60,2019-03-03 13:31:51.689932,11065,0
UChXOhG9bRDb3vSTg-qkPAZg,Gweilo-60,2019-03-03 13:30:51.620371,11065,0
UChXOhG9bRDb3vSTg-qkPAZg,Gweilo-60,2019-03-03 13:29:51.811953,11065,0
UChXOhG9bRDb3vSTg-qkPAZg,Gweilo-60,2019-03-03 13:28:51.52436,11065,0
UChXOhG9bRDb3vSTg-qkPAZg,Gweilo-60,2019-03-03 13:27:53.142019,11065,0
UChXOhG9bRDb3vSTg-qkPAZg,Gweilo-60,2019-03-03 13:26:51.696595,11065,0
UChXOhG9bRDb3vSTg-qkPAZg,Gweilo-60,2019-03-03 13:25:51.321025,11065,0
UChXOhG9bRDb3vSTg-qkPAZg,Gweilo-60,2019-03-03 13:24:51.583943,11065,0
UChXOhG9bRDb3vSTg-qkPAZg,Gweilo-60,2019-03-03 13:23:51.910492,11065,0
UChXOhG9bRDb3vSTg-qkPAZg,Gweilo-60,2019-03-03 13:22:51.130847,11065,0
UChXOhG9bRDb3vSTg-qkPAZg,Gweilo-60,2019-03-03 13:21:51.458646,11065,0
UChXOhG9bRDb3vSTg-qkPAZg,Gweilo-60,2019-03-03 13:20:51.554805,11065,0
UChXOhG9bRDb3vSTg-qkPAZg,Gweilo-60,2019-03-03 13:19:51.831357,11065,0
UChXOhG9bRDb3vSTg-qkPAZg,Gweilo-60,2019-03-03 13:18:51.240782,11065,0
UChXOhG9bRDb3vSTg-qkPAZg,Gweilo-60,2019-03-03 13:17:51.784928,11065,0
UChXOhG9bRDb3vSTg-qkPAZg,Gweilo-60,2019-03-03 13:16:51.546871,11065,0
UChXOhG9bRDb3vSTg-qkPAZg,Gweilo-60,2019-03-03 13:15:51.225604,11065,0
UChXOhG9bRDb3vSTg-qkPAZg,Gweilo-60,2019-03-03 13:14:51.725011,11065,0
UChXOhG9bRDb3vSTg-qkPAZg,Gweilo-60,2019-03-03 13:13:51.803963,11065,0
UChXOhG9bRDb3vSTg-qkPAZg,Gweilo-60,2019-03-03 13:12:51.966413,11065,0
UChXOhG9bRDb3vSTg-qkPAZg,Gweilo-60,2019-03-03 13:11:51.161795,11065,0
UChXOhG9bRDb3vSTg-qkPAZg,Gweilo-60,2019-03-03 13:10:51.664403,11065,0
UChXOhG9bRDb3vSTg-qkPAZg,Gweilo-60,2019-03-03 13:09:51.794108,11065,0
UChXOhG9bRDb3vSTg-qkPAZg,Gweilo-60,2019-03-03 13:08:51.172777,11065,0
UChXOhG9bRDb3vSTg-qkPAZg,Gweilo-60,2019-03-03 13:07:51.697073,11065,0
UChXOhG9bRDb3vSTg-qkPAZg,Gweilo-60,2019-03-03 13:06:51.930909,11065,0
UChXOhG9bRDb3vSTg-qkPAZg,Gweilo-60,2019-03-03 13:05:51.523733,11065,0
UChXOhG9bRDb3vSTg-qkPAZg,Gweilo-60,2019-03-03 13:04:51.568827,11065,0
UChXOhG9bRDb3vSTg-qkPAZg,Gweilo-60,2019-03-03 13:03:51.552317,11065,0
UChXOhG9bRDb3vSTg-qkPAZg,Gweilo-60,2019-03-03 13:02:51.843774,11065,0
UChXOhG9bRDb3vSTg-qkPAZg,Gweilo-60,2019-03-03 13:01:51.923815,11065,0
UChXOhG9bRDb3vSTg-qkPAZg,Gweilo-60,2019-03-03 13:00:51.59201,11065,0
UChXOhG9bRDb3vSTg-qkPAZg,Gweilo-60,2019-03-03 12:59:51.222134,11065,0
UChXOhG9bRDb3vSTg-qkPAZg,Gweilo-60,2019-03-03 12:58:51.507912,11065,0
UChXOhG9bRDb3vSTg-qkPAZg,Gweilo-60,2019-03-03 12:57:51.416663,11065,0
UChXOhG9bRDb3vSTg-qkPAZg,Gweilo-60,2019-03-03 12:56:51.321927,11065,0
UChXOhG9bRDb3vSTg-qkPAZg,Gweilo-60,2019-03-03 12:55:51.315105,11065,0
UChXOhG9bRDb3vSTg-qkPAZg,Gweilo-60,2019-03-03 12:54:51.794265,11065,0
UChXOhG9bRDb3vSTg-qkPAZg,Gweilo-60,2019-03-03 12:53:51.254278,11065,0
UChXOhG9bRDb3vSTg-qkPAZg,Gweilo-60,2019-03-03 12:52:51.521455,11065,0
UChXOhG9bRDb3vSTg-qkPAZg,Gweilo-60,2019-03-03 12:51:51.761768,11065,0
UChXOhG9bRDb3vSTg-qkPAZg,Gweilo-60,2019-03-03 12:50:51.512653,11065,0
UChXOhG9bRDb3vSTg-qkPAZg,Gweilo-60,2019-03-03 12:49:51.258892,11065,0
UChXOhG9bRDb3vSTg-qkPAZg,Gweilo-60,2019-03-03 12:48:51.206894,11065,0
UChXOhG9bRDb3vSTg-qkPAZg,Gweilo-60,2019-03-03 12:47:51.456857,11065,0
UChXOhG9bRDb3vSTg-qkPAZg,Gweilo-60,2019-03-03 12:46:51.898171,11065,0
UChXOhG9bRDb3vSTg-qkPAZg,Gweilo-60,2019-03-03 12:45:51.360468,11065,0
UChXOhG9bRDb3vSTg-qkPAZg,Gweilo-60,2019-03-03 12:44:51.298956,11065,0
UChXOhG9bRDb3vSTg-qkPAZg,Gweilo-60,2019-03-03 12:43:51.403542,11065,0
UChXOhG9bRDb3vSTg-qkPAZg,Gweilo-60,2019-03-03 12:42:51.214358,11065,0
UChXOhG9bRDb3vSTg-qkPAZg,Gweilo-60,2019-03-03 12:41:51.956206,11065,0
UChXOhG9bRDb3vSTg-qkPAZg,Gweilo-60,2019-03-03 12:40:51.395691,11065,0
UChXOhG9bRDb3vSTg-qkPAZg,Gweilo-60,2019-03-03 12:39:51.478131,11065,0
UChXOhG9bRDb3vSTg-qkPAZg,Gweilo-60,2019-03-03 12:38:51.655076,11065,0
UChXOhG9bRDb3vSTg-qkPAZg,Gweilo-60,2019-03-03 12:37:51.324087,11065,0
UChXOhG9bRDb3vSTg-qkPAZg,Gweilo-60,2019-03-03 12:36:51.631773,11065,0
UChXOhG9bRDb3vSTg-qkPAZg,Gweilo-60,2019-03-03 12:35:51.378319,11065,0
UChXOhG9bRDb3vSTg-qkPAZg,Gweilo-60,2019-03-03 12:34:51.325759,11065,0
UChXOhG9bRDb3vSTg-qkPAZg,Gweilo-60,2019-03-03 12:33:51.42152,11065,0
UChXOhG9bRDb3vSTg-qkPAZg,Gweilo-60,2019-03-03 12:32:51.575367,11065,0
UChXOhG9bRDb3vSTg-qkPAZg,Gweilo-60,2019-03-03 12:31:51.665369,11065,0
UChXOhG9bRDb3vSTg-qkPAZg,Gweilo-60,2019-03-03 12:30:51.524362,11065,0
UChXOhG9bRDb3vSTg-qkPAZg,Gweilo-60,2019-03-03 12:29:51.973345,11065,0
UChXOhG9bRDb3vSTg-qkPAZg,Gweilo-60,2019-03-03 12:28:51.252563,11065,1
UChXOhG9bRDb3vSTg-qkPAZg,Gweilo-60,2019-03-03 12:27:51.87473,11064,0
UChXOhG9bRDb3vSTg-qkPAZg,Gweilo-60,2019-03-03 12:26:52.031727,11064,0
UChXOhG9bRDb3vSTg-qkPAZg,Gweilo-60,2019-03-03 12:25:51.131444,11064,0
UChXOhG9bRDb3vSTg-qkPAZg,Gweilo-60,2019-03-03 12:24:51.817746,11064,0
UChXOhG9bRDb3vSTg-qkPAZg,Gweilo-60,2019-03-03 12:23:51.451513,11064,0
UChXOhG9bRDb3vSTg-qkPAZg,Gweilo-60,2019-03-03 12:22:51.510399,11064,0
UChXOhG9bRDb3vSTg-qkPAZg,Gweilo-60,2019-03-03 12:21:51.490228,11064,0
UChXOhG9bRDb3vSTg-qkPAZg,Gweilo-60,2019-03-03 12:20:51.780142,11064,0
UChXOhG9bRDb3vSTg-qkPAZg,Gweilo-60,2019-03-03 12:19:51.46581,11064,0
UChXOhG9bRDb3vSTg-qkPAZg,Gweilo-60,2019-03-03 12:18:51.866958,11064,0
UChXOhG9bRDb3vSTg-qkPAZg,Gweilo-60,2019-03-03 12:17:51.348477,11064,0
UChXOhG9bRDb3vSTg-qkPAZg,Gweilo-60,2019-03-03 12:16:51.681935,11064,0
UChXOhG9bRDb3vSTg-qkPAZg,Gweilo-60,2019-03-03 12:15:51.880619,11064,0
UChXOhG9bRDb3vSTg-qkPAZg,Gweilo-60,2019-03-03 12:14:51.523501,11064,0
UChXOhG9bRDb3vSTg-qkPAZg,Gweilo-60,2019-03-03 12:13:51.338407,11064,0
UChXOhG9bRDb3vSTg-qkPAZg,Gweilo-60,2019-03-03 12:12:51.621073,11064,0
UChXOhG9bRDb3vSTg-qkPAZg,Gweilo-60,2019-03-03 12:11:51.232746,11064,0
UChXOhG9bRDb3vSTg-qkPAZg,Gweilo-60,2019-03-03 12:10:52.239242,11064,0
UChXOhG9bRDb3vSTg-qkPAZg,Gweilo-60,2019-03-03 12:09:51.500316,11064,0
UChXOhG9bRDb3vSTg-qkPAZg,Gweilo-60,2019-03-03 12:08:51.400784,11064,0
UChXOhG9bRDb3vSTg-qkPAZg,Gweilo-60,2019-03-03 12:07:51.415988,11064,0
UChXOhG9bRDb3vSTg-qkPAZg,Gweilo-60,2019-03-03 12:06:52.033638,11064,0
UChXOhG9bRDb3vSTg-qkPAZg,Gweilo-60,2019-03-03 12:05:51.725721,11064,0
UChXOhG9bRDb3vSTg-qkPAZg,Gweilo-60,2019-03-03 12:04:51.496252,11064,0
UChXOhG9bRDb3vSTg-qkPAZg,Gweilo-60,2019-03-03 12:03:51.016831,11064,0
UChXOhG9bRDb3vSTg-qkPAZg,Gweilo-60,2019-03-03 12:02:51.367538,11064,0
UChXOhG9bRDb3vSTg-qkPAZg,Gweilo-60,2019-03-03 12:01:51.176671,11064,0
UChXOhG9bRDb3vSTg-qkPAZg,Gweilo-60,2019-03-03 12:00:51.788483,11064,0
UChXOhG9bRDb3vSTg-qkPAZg,Gweilo-60,2019-03-03 11:59:51.703529,11064,0
UChXOhG9bRDb3vSTg-qkPAZg,Gweilo-60,2019-03-03 11:58:51.752491,11064,0
UChXOhG9bRDb3vSTg-qkPAZg,Gweilo-60,2019-03-03 11:57:52.517147,11064,0
UChXOhG9bRDb3vSTg-qkPAZg,Gweilo-60,2019-03-03 11:56:51.954337,11064,0
UChXOhG9bRDb3vSTg-qkPAZg,Gweilo-60,2019-03-03 11:55:51.554309,11064,0
UChXOhG9bRDb3vSTg-qkPAZg,Gweilo-60,2019-03-03 11:54:51.546493,11064,0
UChXOhG9bRDb3vSTg-qkPAZg,Gweilo-60,2019-03-03 11:53:51.366903,11064,0
UChXOhG9bRDb3vSTg-qkPAZg,Gweilo-60,2019-03-03 11:52:51.326905,11064,0
UChXOhG9bRDb3vSTg-qkPAZg,Gweilo-60,2019-03-03 11:51:50.974611,11064,0
UChXOhG9bRDb3vSTg-qkPAZg,Gweilo-60,2019-03-03 11:50:51.465219,11064,0
UChXOhG9bRDb3vSTg-qkPAZg,Gweilo-60,2019-03-03 11:49:51.727238,11064,0
UChXOhG9bRDb3vSTg-qkPAZg,Gweilo-60,2019-03-03 11:48:51.456599,11064,0
UChXOhG9bRDb3vSTg-qkPAZg,Gweilo-60,2019-03-03 11:47:51.184772,11064,0
UChXOhG9bRDb3vSTg-qkPAZg,Gweilo-60,2019-03-03 11:46:51.393752,11064,0
UChXOhG9bRDb3vSTg-qkPAZg,Gweilo-60,2019-03-03 11:45:51.309702,11064,0
UChXOhG9bRDb3vSTg-qkPAZg,Gweilo-60,2019-03-03 11:44:51.88576,11064,0
UChXOhG9bRDb3vSTg-qkPAZg,Gweilo-60,2019-03-03 11:43:51.386005,11064,0
UChXOhG9bRDb3vSTg-qkPAZg,Gweilo-60,2019-03-03 11:42:51.514661,11064,0
UChXOhG9bRDb3vSTg-qkPAZg,Gweilo-60,2019-03-03 11:41:51.107177,11064,0
UChXOhG9bRDb3vSTg-qkPAZg,Gweilo-60,2019-03-03 11:40:51.154264,11064,0
UChXOhG9bRDb3vSTg-qkPAZg,Gweilo-60,2019-03-03 11:39:52.138092,11064,0
UChXOhG9bRDb3vSTg-qkPAZg,Gweilo-60,2019-03-03 11:38:51.390158,11064,0
UChXOhG9bRDb3vSTg-qkPAZg,Gweilo-60,2019-03-03 11:37:51.658149,11064,0
UChXOhG9bRDb3vSTg-qkPAZg,Gweilo-60,2019-03-03 11:36:51.976946,11064,0
UChXOhG9bRDb3vSTg-qkPAZg,Gweilo-60,2019-03-03 11:35:51.700813,11064,0
UChXOhG9bRDb3vSTg-qkPAZg,Gweilo-60,2019-03-03 11:34:51.535796,11064,0
UChXOhG9bRDb3vSTg-qkPAZg,Gweilo-60,2019-03-03 11:33:51.281964,11064,0
UChXOhG9bRDb3vSTg-qkPAZg,Gweilo-60,2019-03-03 11:32:51.690345,11064,0
UChXOhG9bRDb3vSTg-qkPAZg,Gweilo-60,2019-03-03 11:31:51.981786,11064,0
UChXOhG9bRDb3vSTg-qkPAZg,Gweilo-60,2019-03-03 11:30:51.969345,11064,0
UChXOhG9bRDb3vSTg-qkPAZg,Gweilo-60,2019-03-03 11:29:51.460064,11064,0
UChXOhG9bRDb3vSTg-qkPAZg,Gweilo-60,2019-03-03 11:28:51.080755,11064,0
UChXOhG9bRDb3vSTg-qkPAZg,Gweilo-60,2019-03-03 11:27:51.737033,11064,0
UChXOhG9bRDb3vSTg-qkPAZg,Gweilo-60,2019-03-03 11:26:51.135665,11064,0
UChXOhG9bRDb3vSTg-qkPAZg,Gweilo-60,2019-03-03 11:25:51.39362,11064,0
UChXOhG9bRDb3vSTg-qkPAZg,Gweilo-60,2019-03-03 11:24:51.254414,11064,0
UChXOhG9bRDb3vSTg-qkPAZg,Gweilo-60,2019-03-03 11:23:51.421162,11064,0
UChXOhG9bRDb3vSTg-qkPAZg,Gweilo-60,2019-03-03 11:22:51.375497,11064,0
UChXOhG9bRDb3vSTg-qkPAZg,Gweilo-60,2019-03-03 11:21:51.486213,11064,0
UChXOhG9bRDb3vSTg-qkPAZg,Gweilo-60,2019-03-03 11:20:52.100162,11064,0
UChXOhG9bRDb3vSTg-qkPAZg,Gweilo-60,2019-03-03 11:19:51.50084,11064,0
UChXOhG9bRDb3vSTg-qkPAZg,Gweilo-60,2019-03-03 11:18:51.323683,11064,0
UChXOhG9bRDb3vSTg-qkPAZg,Gweilo-60,2019-03-03 11:17:51.192572,11064,0
UChXOhG9bRDb3vSTg-qkPAZg,Gweilo-60,2019-03-03 11:16:51.446561,11064,0
UChXOhG9bRDb3vSTg-qkPAZg,Gweilo-60,2019-03-03 11:15:50.985228,11064,0
UChXOhG9bRDb3vSTg-qkPAZg,Gweilo-60,2019-03-03 11:14:51.624813,11064,0
UChXOhG9bRDb3vSTg-qkPAZg,Gweilo-60,2019-03-03 11:13:51.868093,11064,0
UChXOhG9bRDb3vSTg-qkPAZg,Gweilo-60,2019-03-03 11:12:51.367537,11064,0
UChXOhG9bRDb3vSTg-qkPAZg,Gweilo-60,2019-03-03 11:11:51.657207,11064,0
UChXOhG9bRDb3vSTg-qkPAZg,Gweilo-60,2019-03-03 11:10:51.800324,11064,1
UChXOhG9bRDb3vSTg-qkPAZg,Gweilo-60,2019-03-03 11:09:51.535856,11063,0
UChXOhG9bRDb3vSTg-qkPAZg,Gweilo-60,2019-03-03 11:08:52.07545,11063,0
UChXOhG9bRDb3vSTg-qkPAZg,Gweilo-60,2019-03-03 11:07:51.395327,11063,0
UChXOhG9bRDb3vSTg-qkPAZg,Gweilo-60,2019-03-03 11:06:51.272334,11063,0
UChXOhG9bRDb3vSTg-qkPAZg,Gweilo-60,2019-03-03 11:05:51.12137,11063,0
UChXOhG9bRDb3vSTg-qkPAZg,Gweilo-60,2019-03-03 11:04:51.290184,11063,0
UChXOhG9bRDb3vSTg-qkPAZg,Gweilo-60,2019-03-03 11:03:51.507008,11063,0
UChXOhG9bRDb3vSTg-qkPAZg,Gweilo-60,2019-03-03 11:02:51.340294,11063,0
UChXOhG9bRDb3vSTg-qkPAZg,Gweilo-60,2019-03-03 11:01:52.040989,11063,0
UChXOhG9bRDb3vSTg-qkPAZg,Gweilo-60,2019-03-03 11:00:51.27422,11063,0
UChXOhG9bRDb3vSTg-qkPAZg,Gweilo-60,2019-03-03 10:59:52.514187,11063,0
UChXOhG9bRDb3vSTg-qkPAZg,Gweilo-60,2019-03-03 10:58:51.370457,11063,0
UChXOhG9bRDb3vSTg-qkPAZg,Gweilo-60,2019-03-03 10:57:51.349379,11063,0
UChXOhG9bRDb3vSTg-qkPAZg,Gweilo-60,2019-03-03 10:56:51.8118,11063,0
UChXOhG9bRDb3vSTg-qkPAZg,Gweilo-60,2019-03-03 10:55:51.086103,11063,0
UChXOhG9bRDb3vSTg-qkPAZg,Gweilo-60,2019-03-03 10:54:51.197836,11063,1
UChXOhG9bRDb3vSTg-qkPAZg,Gweilo-60,2019-03-03 10:53:51.277457,11062,0
UChXOhG9bRDb3vSTg-qkPAZg,Gweilo-60,2019-03-03 10:52:51.199876,11062,0
UChXOhG9bRDb3vSTg-qkPAZg,Gweilo-60,2019-03-03 10:51:51.338102,11062,0
UChXOhG9bRDb3vSTg-qkPAZg,Gweilo-60,2019-03-03 10:50:51.024445,11062,0
UChXOhG9bRDb3vSTg-qkPAZg,Gweilo-60,2019-03-03 10:49:51.645844,11062,0
UChXOhG9bRDb3vSTg-qkPAZg,Gweilo-60,2019-03-03 10:48:51.45563,11062,0
UChXOhG9bRDb3vSTg-qkPAZg,Gweilo-60,2019-03-03 10:47:52.143635,11062,0
UChXOhG9bRDb3vSTg-qkPAZg,Gweilo-60,2019-03-03 10:46:51.21296,11062,0
UChXOhG9bRDb3vSTg-qkPAZg,Gweilo-60,2019-03-03 10:45:51.334087,11062,0
UChXOhG9bRDb3vSTg-qkPAZg,Gweilo-60,2019-03-03 10:44:51.368492,11062,0
UChXOhG9bRDb3vSTg-qkPAZg,Gweilo-60,2019-03-03 10:43:51.399042,11062,1
UChXOhG9bRDb3vSTg-qkPAZg,Gweilo-60,2019-03-03 10:42:51.715548,11061,0
UChXOhG9bRDb3vSTg-qkPAZg,Gweilo-60,2019-03-03 10:41:51.533521,11061,0
UChXOhG9bRDb3vSTg-qkPAZg,Gweilo-60,2019-03-03 10:40:51.033698,11061,0
UChXOhG9bRDb3vSTg-qkPAZg,Gweilo-60,2019-03-03 10:39:51.466174,11061,0
UChXOhG9bRDb3vSTg-qkPAZg,Gweilo-60,2019-03-03 10:38:51.668978,11061,0
UChXOhG9bRDb3vSTg-qkPAZg,Gweilo-60,2019-03-03 10:37:51.663634,11061,0
UChXOhG9bRDb3vSTg-qkPAZg,Gweilo-60,2019-03-03 10:36:51.715542,11061,0
UChXOhG9bRDb3vSTg-qkPAZg,Gweilo-60,2019-03-03 10:35:51.433994,11061,0
UChXOhG9bRDb3vSTg-qkPAZg,Gweilo-60,2019-03-03 10:34:51.713813,11061,0
UChXOhG9bRDb3vSTg-qkPAZg,Gweilo-60,2019-03-03 10:33:51.297044,11061,0
UChXOhG9bRDb3vSTg-qkPAZg,Gweilo-60,2019-03-03 10:32:51.637921,11061,0
UChXOhG9bRDb3vSTg-qkPAZg,Gweilo-60,2019-03-03 10:31:51.49953,11061,0
UChXOhG9bRDb3vSTg-qkPAZg,Gweilo-60,2019-03-03 10:30:51.598979,11061,0
UChXOhG9bRDb3vSTg-qkPAZg,Gweilo-60,2019-03-03 10:29:51.846336,11061,0
UChXOhG9bRDb3vSTg-qkPAZg,Gweilo-60,2019-03-03 10:28:51.453646,11061,0
UChXOhG9bRDb3vSTg-qkPAZg,Gweilo-60,2019-03-03 10:27:51.027459,11061,0
UChXOhG9bRDb3vSTg-qkPAZg,Gweilo-60,2019-03-03 10:26:51.3797,11061,0
UChXOhG9bRDb3vSTg-qkPAZg,Gweilo-60,2019-03-03 10:25:52.131675,11061,0
UChXOhG9bRDb3vSTg-qkPAZg,Gweilo-60,2019-03-03 10:24:51.792977,11061,0
UChXOhG9bRDb3vSTg-qkPAZg,Gweilo-60,2019-03-03 10:23:51.600747,11061,0
UChXOhG9bRDb3vSTg-qkPAZg,Gweilo-60,2019-03-03 10:22:51.763271,11061,0
UChXOhG9bRDb3vSTg-qkPAZg,Gweilo-60,2019-03-03 10:21:51.840296,11061,0
UChXOhG9bRDb3vSTg-qkPAZg,Gweilo-60,2019-03-03 10:20:51.350869,11061,0
UChXOhG9bRDb3vSTg-qkPAZg,Gweilo-60,2019-03-03 10:19:51.382658,11061,0
UChXOhG9bRDb3vSTg-qkPAZg,Gweilo-60,2019-03-03 10:18:51.835086,11061,0
UChXOhG9bRDb3vSTg-qkPAZg,Gweilo-60,2019-03-03 10:17:51.43901,11061,0
UChXOhG9bRDb3vSTg-qkPAZg,Gweilo-60,2019-03-03 10:16:51.758984,11061,0
UChXOhG9bRDb3vSTg-qkPAZg,Gweilo-60,2019-03-03 10:15:51.366869,11061,0
UChXOhG9bRDb3vSTg-qkPAZg,Gweilo-60,2019-03-03 10:14:51.208595,11061,0
UChXOhG9bRDb3vSTg-qkPAZg,Gweilo-60,2019-03-03 10:13:51.541751,11061,0
UChXOhG9bRDb3vSTg-qkPAZg,Gweilo-60,2019-03-03 10:12:51.558899,11061,0
UChXOhG9bRDb3vSTg-qkPAZg,Gweilo-60,2019-03-03 10:11:52.604723,11061,0
UChXOhG9bRDb3vSTg-qkPAZg,Gweilo-60,2019-03-03 10:10:51.295686,11061,0
UChXOhG9bRDb3vSTg-qkPAZg,Gweilo-60,2019-03-03 10:09:51.50307,11061,0
UChXOhG9bRDb3vSTg-qkPAZg,Gweilo-60,2019-03-03 10:08:51.398615,11061,0
UChXOhG9bRDb3vSTg-qkPAZg,Gweilo-60,2019-03-03 10:07:51.288302,11061,0
UChXOhG9bRDb3vSTg-qkPAZg,Gweilo-60,2019-03-03 10:06:52.332334,11061,0
UChXOhG9bRDb3vSTg-qkPAZg,Gweilo-60,2019-03-03 10:05:51.380582,11061,0
UChXOhG9bRDb3vSTg-qkPAZg,Gweilo-60,2019-03-03 10:04:51.717785,11061,0
UChXOhG9bRDb3vSTg-qkPAZg,Gweilo-60,2019-03-03 10:03:50.959566,11061,0
UChXOhG9bRDb3vSTg-qkPAZg,Gweilo-60,2019-03-03 10:02:51.660984,11061,0
UChXOhG9bRDb3vSTg-qkPAZg,Gweilo-60,2019-03-03 10:01:51.27873,11061,0
UChXOhG9bRDb3vSTg-qkPAZg,Gweilo-60,2019-03-03 10:00:51.658518,11061,0
UChXOhG9bRDb3vSTg-qkPAZg,Gweilo-60,2019-03-03 09:59:52.002021,11061,0
UChXOhG9bRDb3vSTg-qkPAZg,Gweilo-60,2019-03-03 09:58:51.46404,11061,0
UChXOhG9bRDb3vSTg-qkPAZg,Gweilo-60,2019-03-03 09:57:51.494374,11061,0
UChXOhG9bRDb3vSTg-qkPAZg,Gweilo-60,2019-03-03 09:56:51.481305,11061,0
UChXOhG9bRDb3vSTg-qkPAZg,Gweilo-60,2019-03-03 09:55:51.154776,11061,0
UChXOhG9bRDb3vSTg-qkPAZg,Gweilo-60,2019-03-03 09:54:51.422259,11061,0
UChXOhG9bRDb3vSTg-qkPAZg,Gweilo-60,2019-03-03 09:53:51.739326,11061,0
UChXOhG9bRDb3vSTg-qkPAZg,Gweilo-60,2019-03-03 09:52:51.373027,11061,0
UChXOhG9bRDb3vSTg-qkPAZg,Gweilo-60,2019-03-03 09:51:51.63347,11061,0
UChXOhG9bRDb3vSTg-qkPAZg,Gweilo-60,2019-03-03 09:50:51.954309,11061,0
UChXOhG9bRDb3vSTg-qkPAZg,Gweilo-60,2019-03-03 09:49:51.232476,11061,0
UChXOhG9bRDb3vSTg-qkPAZg,Gweilo-60,2019-03-03 09:48:51.616372,11061,0
UChXOhG9bRDb3vSTg-qkPAZg,Gweilo-60,2019-03-03 09:47:51.298013,11061,0
UChXOhG9bRDb3vSTg-qkPAZg,Gweilo-60,2019-03-03 09:46:51.712465,11061,0
UChXOhG9bRDb3vSTg-qkPAZg,Gweilo-60,2019-03-03 09:45:51.616801,11061,0
UChXOhG9bRDb3vSTg-qkPAZg,Gweilo-60,2019-03-03 09:44:51.818735,11061,0
UChXOhG9bRDb3vSTg-qkPAZg,Gweilo-60,2019-03-03 09:43:51.774875,11061,0
UChXOhG9bRDb3vSTg-qkPAZg,Gweilo-60,2019-03-03 09:42:51.676221,11061,0
UChXOhG9bRDb3vSTg-qkPAZg,Gweilo-60,2019-03-03 09:41:51.787142,11061,0
UChXOhG9bRDb3vSTg-qkPAZg,Gweilo-60,2019-03-03 09:40:51.721183,11061,0
UChXOhG9bRDb3vSTg-qkPAZg,Gweilo-60,2019-03-03 09:39:51.311045,11061,0
UChXOhG9bRDb3vSTg-qkPAZg,Gweilo-60,2019-03-03 09:38:51.328521,11061,0
UChXOhG9bRDb3vSTg-qkPAZg,Gweilo-60,2019-03-03 09:37:51.118585,11061,0
UChXOhG9bRDb3vSTg-qkPAZg,Gweilo-60,2019-03-03 09:36:51.110381,11061,0
UChXOhG9bRDb3vSTg-qkPAZg,Gweilo-60,2019-03-03 09:35:51.453778,11061,0
UChXOhG9bRDb3vSTg-qkPAZg,Gweilo-60,2019-03-03 09:34:51.075146,11061,0
UChXOhG9bRDb3vSTg-qkPAZg,Gweilo-60,2019-03-03 09:33:51.967627,11061,0
UChXOhG9bRDb3vSTg-qkPAZg,Gweilo-60,2019-03-03 09:32:51.732541,11061,0
UChXOhG9bRDb3vSTg-qkPAZg,Gweilo-60,2019-03-03 09:31:51.269741,11061,0
UChXOhG9bRDb3vSTg-qkPAZg,Gweilo-60,2019-03-03 09:30:51.201799,11061,0
UChXOhG9bRDb3vSTg-qkPAZg,Gweilo-60,2019-03-03 09:29:51.537458,11061,0
UChXOhG9bRDb3vSTg-qkPAZg,Gweilo-60,2019-03-03 09:28:51.615141,11061,0
UChXOhG9bRDb3vSTg-qkPAZg,Gweilo-60,2019-03-03 09:27:51.048393,11061,0
UChXOhG9bRDb3vSTg-qkPAZg,Gweilo-60,2019-03-03 09:26:51.823024,11061,0
UChXOhG9bRDb3vSTg-qkPAZg,Gweilo-60,2019-03-03 09:25:51.523709,11061,0
UChXOhG9bRDb3vSTg-qkPAZg,Gweilo-60,2019-03-03 09:24:51.780278,11061,0
UChXOhG9bRDb3vSTg-qkPAZg,Gweilo-60,2019-03-03 09:23:51.352156,11061,0
UChXOhG9bRDb3vSTg-qkPAZg,Gweilo-60,2019-03-03 09:22:51.616812,11061,0
UChXOhG9bRDb3vSTg-qkPAZg,Gweilo-60,2019-03-03 09:21:51.598809,11061,0
UChXOhG9bRDb3vSTg-qkPAZg,Gweilo-60,2019-03-03 09:20:51.642465,11061,0
UChXOhG9bRDb3vSTg-qkPAZg,Gweilo-60,2019-03-03 09:19:51.456599,11061,0
UChXOhG9bRDb3vSTg-qkPAZg,Gweilo-60,2019-03-03 09:18:51.558812,11061,0
UChXOhG9bRDb3vSTg-qkPAZg,Gweilo-60,2019-03-03 09:17:51.836695,11061,0
UChXOhG9bRDb3vSTg-qkPAZg,Gweilo-60,2019-03-03 09:16:51.475289,11061,0
UChXOhG9bRDb3vSTg-qkPAZg,Gweilo-60,2019-03-03 09:15:51.719056,11061,0
UChXOhG9bRDb3vSTg-qkPAZg,Gweilo-60,2019-03-03 09:14:51.731542,11061,0
UChXOhG9bRDb3vSTg-qkPAZg,Gweilo-60,2019-03-03 09:13:51.683596,11061,0
UChXOhG9bRDb3vSTg-qkPAZg,Gweilo-60,2019-03-03 09:12:51.254545,11061,0
UChXOhG9bRDb3vSTg-qkPAZg,Gweilo-60,2019-03-03 09:11:51.769784,11061,0
UChXOhG9bRDb3vSTg-qkPAZg,Gweilo-60,2019-03-03 09:10:51.524244,11061,0
UChXOhG9bRDb3vSTg-qkPAZg,Gweilo-60,2019-03-03 09:09:51.593736,11061,0
UChXOhG9bRDb3vSTg-qkPAZg,Gweilo-60,2019-03-03 09:08:51.029325,11061,0
UChXOhG9bRDb3vSTg-qkPAZg,Gweilo-60,2019-03-03 09:07:51.383082,11061,0
UChXOhG9bRDb3vSTg-qkPAZg,Gweilo-60,2019-03-03 09:06:51.937604,11061,0
UChXOhG9bRDb3vSTg-qkPAZg,Gweilo-60,2019-03-03 09:05:51.472468,11061,0
UChXOhG9bRDb3vSTg-qkPAZg,Gweilo-60,2019-03-03 09:04:51.37244,11061,0
UChXOhG9bRDb3vSTg-qkPAZg,Gweilo-60,2019-03-03 09:03:51.527972,11061,0
UChXOhG9bRDb3vSTg-qkPAZg,Gweilo-60,2019-03-03 09:02:51.634122,11061,0
UChXOhG9bRDb3vSTg-qkPAZg,Gweilo-60,2019-03-03 09:01:51.404545,11061,0
UChXOhG9bRDb3vSTg-qkPAZg,Gweilo-60,2019-03-03 09:00:51.520592,11061,0
UChXOhG9bRDb3vSTg-qkPAZg,Gweilo-60,2019-03-03 08:59:51.305019,11061,0
UChXOhG9bRDb3vSTg-qkPAZg,Gweilo-60,2019-03-03 08:58:51.402413,11061,0
UChXOhG9bRDb3vSTg-qkPAZg,Gweilo-60,2019-03-03 08:57:51.243419,11061,0
UChXOhG9bRDb3vSTg-qkPAZg,Gweilo-60,2019-03-03 08:56:51.394047,11061,0
UChXOhG9bRDb3vSTg-qkPAZg,Gweilo-60,2019-03-03 08:55:51.932702,11061,0
UChXOhG9bRDb3vSTg-qkPAZg,Gweilo-60,2019-03-03 08:54:52.208697,11061,0
UChXOhG9bRDb3vSTg-qkPAZg,Gweilo-60,2019-03-03 08:53:51.409311,11061,0
UChXOhG9bRDb3vSTg-qkPAZg,Gweilo-60,2019-03-03 08:52:51.770842,11061,0
UChXOhG9bRDb3vSTg-qkPAZg,Gweilo-60,2019-03-03 08:51:51.955226,11061,0
UChXOhG9bRDb3vSTg-qkPAZg,Gweilo-60,2019-03-03 08:50:51.412248,11061,0
UChXOhG9bRDb3vSTg-qkPAZg,Gweilo-60,2019-03-03 08:49:51.374891,11061,0
UChXOhG9bRDb3vSTg-qkPAZg,Gweilo-60,2019-03-03 08:48:52.012249,11061,0
UChXOhG9bRDb3vSTg-qkPAZg,Gweilo-60,2019-03-03 08:47:51.348967,11061,0
UChXOhG9bRDb3vSTg-qkPAZg,Gweilo-60,2019-03-03 08:46:51.137333,11061,0
UChXOhG9bRDb3vSTg-qkPAZg,Gweilo-60,2019-03-03 08:45:52.036015,11061,0
UChXOhG9bRDb3vSTg-qkPAZg,Gweilo-60,2019-03-03 08:44:51.396721,11061,0
UChXOhG9bRDb3vSTg-qkPAZg,Gweilo-60,2019-03-03 08:43:51.281815,11061,0
UChXOhG9bRDb3vSTg-qkPAZg,Gweilo-60,2019-03-03 08:42:51.602874,11061,0
UChXOhG9bRDb3vSTg-qkPAZg,Gweilo-60,2019-03-03 08:41:51.431376,11061,0
UChXOhG9bRDb3vSTg-qkPAZg,Gweilo-60,2019-03-03 08:40:51.343781,11061,0
UChXOhG9bRDb3vSTg-qkPAZg,Gweilo-60,2019-03-03 08:39:51.163649,11061,0
UChXOhG9bRDb3vSTg-qkPAZg,Gweilo-60,2019-03-03 08:38:53.264821,11061,0
UChXOhG9bRDb3vSTg-qkPAZg,Gweilo-60,2019-03-03 08:37:51.584018,11061,0
UChXOhG9bRDb3vSTg-qkPAZg,Gweilo-60,2019-03-03 08:36:51.730129,11061,0
UChXOhG9bRDb3vSTg-qkPAZg,Gweilo-60,2019-03-03 08:35:51.523383,11061,0
UChXOhG9bRDb3vSTg-qkPAZg,Gweilo-60,2019-03-03 08:34:51.642048,11061,0
UChXOhG9bRDb3vSTg-qkPAZg,Gweilo-60,2019-03-03 08:33:52.237944,11061,0
UChXOhG9bRDb3vSTg-qkPAZg,Gweilo-60,2019-03-03 08:32:51.493142,11061,0
UChXOhG9bRDb3vSTg-qkPAZg,Gweilo-60,2019-03-03 08:31:51.451353,11061,0
UChXOhG9bRDb3vSTg-qkPAZg,Gweilo-60,2019-03-03 08:30:52.176457,11061,0
UChXOhG9bRDb3vSTg-qkPAZg,Gweilo-60,2019-03-03 08:29:51.385887,11061,0
UChXOhG9bRDb3vSTg-qkPAZg,Gweilo-60,2019-03-03 08:28:51.212477,11061,0
UChXOhG9bRDb3vSTg-qkPAZg,Gweilo-60,2019-03-03 08:27:51.167804,11061,0
UChXOhG9bRDb3vSTg-qkPAZg,Gweilo-60,2019-03-03 08:26:51.488804,11061,0
UChXOhG9bRDb3vSTg-qkPAZg,Gweilo-60,2019-03-03 08:25:51.603032,11061,0
UChXOhG9bRDb3vSTg-qkPAZg,Gweilo-60,2019-03-03 08:24:51.646309,11061,0
UChXOhG9bRDb3vSTg-qkPAZg,Gweilo-60,2019-03-03 08:23:51.571332,11061,0
UChXOhG9bRDb3vSTg-qkPAZg,Gweilo-60,2019-03-03 08:22:51.432144,11061,0
UChXOhG9bRDb3vSTg-qkPAZg,Gweilo-60,2019-03-03 08:21:51.717236,11061,0
UChXOhG9bRDb3vSTg-qkPAZg,Gweilo-60,2019-03-03 08:20:51.281993,11061,0
UChXOhG9bRDb3vSTg-qkPAZg,Gweilo-60,2019-03-03 08:19:51.641638,11061,0
UChXOhG9bRDb3vSTg-qkPAZg,Gweilo-60,2019-03-03 08:18:51.905976,11061,0
UChXOhG9bRDb3vSTg-qkPAZg,Gweilo-60,2019-03-03 08:17:51.537917,11061,0
UChXOhG9bRDb3vSTg-qkPAZg,Gweilo-60,2019-03-03 08:16:50.892076,11061,0
UChXOhG9bRDb3vSTg-qkPAZg,Gweilo-60,2019-03-03 08:15:51.63161,11061,0
UChXOhG9bRDb3vSTg-qkPAZg,Gweilo-60,2019-03-03 08:14:51.538093,11061,0
UChXOhG9bRDb3vSTg-qkPAZg,Gweilo-60,2019-03-03 08:13:51.355263,11061,0
UChXOhG9bRDb3vSTg-qkPAZg,Gweilo-60,2019-03-03 08:12:51.681873,11061,0
UChXOhG9bRDb3vSTg-qkPAZg,Gweilo-60,2019-03-03 08:11:51.642756,11061,0
UChXOhG9bRDb3vSTg-qkPAZg,Gweilo-60,2019-03-03 08:10:51.515673,11061,0
UChXOhG9bRDb3vSTg-qkPAZg,Gweilo-60,2019-03-03 08:09:52.048016,11061,0
UChXOhG9bRDb3vSTg-qkPAZg,Gweilo-60,2019-03-03 08:08:51.809979,11061,0
UChXOhG9bRDb3vSTg-qkPAZg,Gweilo-60,2019-03-03 08:07:52.099953,11061,0
UChXOhG9bRDb3vSTg-qkPAZg,Gweilo-60,2019-03-03 08:06:51.507307,11061,0
UChXOhG9bRDb3vSTg-qkPAZg,Gweilo-60,2019-03-03 08:05:52.240324,11061,0
UChXOhG9bRDb3vSTg-qkPAZg,Gweilo-60,2019-03-03 08:04:51.590166,11061,0
UChXOhG9bRDb3vSTg-qkPAZg,Gweilo-60,2019-03-03 08:03:51.469649,11061,0
UChXOhG9bRDb3vSTg-qkPAZg,Gweilo-60,2019-03-03 08:02:51.4208,11061,0
UChXOhG9bRDb3vSTg-qkPAZg,Gweilo-60,2019-03-03 08:01:51.473284,11061,0
UChXOhG9bRDb3vSTg-qkPAZg,Gweilo-60,2019-03-03 08:00:51.404918,11061,0
UChXOhG9bRDb3vSTg-qkPAZg,Gweilo-60,2019-03-03 07:59:51.440662,11061,0
UChXOhG9bRDb3vSTg-qkPAZg,Gweilo-60,2019-03-03 07:58:51.927137,11061,0
UChXOhG9bRDb3vSTg-qkPAZg,Gweilo-60,2019-03-03 07:57:51.505717,11061,0
UChXOhG9bRDb3vSTg-qkPAZg,Gweilo-60,2019-03-03 07:56:51.475353,11061,0
UChXOhG9bRDb3vSTg-qkPAZg,Gweilo-60,2019-03-03 07:55:51.340119,11061,0
UChXOhG9bRDb3vSTg-qkPAZg,Gweilo-60,2019-03-03 07:54:51.685198,11061,0
UChXOhG9bRDb3vSTg-qkPAZg,Gweilo-60,2019-03-03 07:53:51.416549,11061,0
UChXOhG9bRDb3vSTg-qkPAZg,Gweilo-60,2019-03-03 07:52:51.573145,11061,0
UChXOhG9bRDb3vSTg-qkPAZg,Gweilo-60,2019-03-03 07:51:51.891792,11061,0
UChXOhG9bRDb3vSTg-qkPAZg,Gweilo-60,2019-03-03 07:50:51.390314,11061,0
UChXOhG9bRDb3vSTg-qkPAZg,Gweilo-60,2019-03-03 07:49:51.626112,11061,0
UChXOhG9bRDb3vSTg-qkPAZg,Gweilo-60,2019-03-03 07:48:51.787122,11061,0
UChXOhG9bRDb3vSTg-qkPAZg,Gweilo-60,2019-03-03 07:47:51.354132,11061,0
UChXOhG9bRDb3vSTg-qkPAZg,Gweilo-60,2019-03-03 07:46:51.779221,11061,0
UChXOhG9bRDb3vSTg-qkPAZg,Gweilo-60,2019-03-03 07:45:51.35625,11061,0
UChXOhG9bRDb3vSTg-qkPAZg,Gweilo-60,2019-03-03 07:44:52.157983,11061,0
UChXOhG9bRDb3vSTg-qkPAZg,Gweilo-60,2019-03-03 07:43:51.429518,11061,0
UChXOhG9bRDb3vSTg-qkPAZg,Gweilo-60,2019-03-03 07:42:51.403091,11061,0
UChXOhG9bRDb3vSTg-qkPAZg,Gweilo-60,2019-03-03 07:41:51.486939,11061,0
UChXOhG9bRDb3vSTg-qkPAZg,Gweilo-60,2019-03-03 07:40:51.952918,11061,0
UChXOhG9bRDb3vSTg-qkPAZg,Gweilo-60,2019-03-03 07:39:51.501205,11061,0
UChXOhG9bRDb3vSTg-qkPAZg,Gweilo-60,2019-03-03 07:38:51.576084,11061,0
UChXOhG9bRDb3vSTg-qkPAZg,Gweilo-60,2019-03-03 07:37:51.491587,11061,0
UChXOhG9bRDb3vSTg-qkPAZg,Gweilo-60,2019-03-03 07:36:51.934986,11061,0
UChXOhG9bRDb3vSTg-qkPAZg,Gweilo-60,2019-03-03 07:35:51.46114,11061,0
UChXOhG9bRDb3vSTg-qkPAZg,Gweilo-60,2019-03-03 07:34:51.778725,11061,0
UChXOhG9bRDb3vSTg-qkPAZg,Gweilo-60,2019-03-03 07:33:51.196472,11061,0
UChXOhG9bRDb3vSTg-qkPAZg,Gweilo-60,2019-03-03 07:32:51.694583,11061,0
UChXOhG9bRDb3vSTg-qkPAZg,Gweilo-60,2019-03-03 07:31:51.723066,11061,0
UChXOhG9bRDb3vSTg-qkPAZg,Gweilo-60,2019-03-03 07:30:51.527512,11061,0
UChXOhG9bRDb3vSTg-qkPAZg,Gweilo-60,2019-03-03 07:29:51.482784,11061,0
UChXOhG9bRDb3vSTg-qkPAZg,Gweilo-60,2019-03-03 07:28:52.028138,11061,0
UChXOhG9bRDb3vSTg-qkPAZg,Gweilo-60,2019-03-03 07:27:51.37197,11061,0
UChXOhG9bRDb3vSTg-qkPAZg,Gweilo-60,2019-03-03 07:26:51.31826,11061,0
UChXOhG9bRDb3vSTg-qkPAZg,Gweilo-60,2019-03-03 07:25:51.659804,11061,0
UChXOhG9bRDb3vSTg-qkPAZg,Gweilo-60,2019-03-03 07:24:51.63669,11061,0
UChXOhG9bRDb3vSTg-qkPAZg,Gweilo-60,2019-03-03 07:23:51.255621,11061,0
UChXOhG9bRDb3vSTg-qkPAZg,Gweilo-60,2019-03-03 07:22:51.167134,11061,0
UChXOhG9bRDb3vSTg-qkPAZg,Gweilo-60,2019-03-03 07:21:51.433237,11061,0
UChXOhG9bRDb3vSTg-qkPAZg,Gweilo-60,2019-03-03 07:20:51.436231,11061,0
UChXOhG9bRDb3vSTg-qkPAZg,Gweilo-60,2019-03-03 07:19:51.710394,11061,0
UChXOhG9bRDb3vSTg-qkPAZg,Gweilo-60,2019-03-03 07:18:51.865684,11061,0
UChXOhG9bRDb3vSTg-qkPAZg,Gweilo-60,2019-03-03 07:17:51.6919,11061,0
UChXOhG9bRDb3vSTg-qkPAZg,Gweilo-60,2019-03-03 07:16:51.602824,11061,0
UChXOhG9bRDb3vSTg-qkPAZg,Gweilo-60,2019-03-03 07:15:51.652149,11061,0
UChXOhG9bRDb3vSTg-qkPAZg,Gweilo-60,2019-03-03 07:14:51.61389,11061,0
UChXOhG9bRDb3vSTg-qkPAZg,Gweilo-60,2019-03-03 07:13:51.285242,11061,0
UChXOhG9bRDb3vSTg-qkPAZg,Gweilo-60,2019-03-03 07:12:51.270601,11061,0
UChXOhG9bRDb3vSTg-qkPAZg,Gweilo-60,2019-03-03 07:11:51.849223,11061,0
UChXOhG9bRDb3vSTg-qkPAZg,Gweilo-60,2019-03-03 07:10:51.336145,11061,0
UChXOhG9bRDb3vSTg-qkPAZg,Gweilo-60,2019-03-03 07:09:51.541748,11061,0
UChXOhG9bRDb3vSTg-qkPAZg,Gweilo-60,2019-03-03 07:08:51.57038,11061,0
UChXOhG9bRDb3vSTg-qkPAZg,Gweilo-60,2019-03-03 07:07:51.835051,11061,0
UChXOhG9bRDb3vSTg-qkPAZg,Gweilo-60,2019-03-03 07:06:51.833811,11061,0
UChXOhG9bRDb3vSTg-qkPAZg,Gweilo-60,2019-03-03 07:05:51.945054,11061,-1
UChXOhG9bRDb3vSTg-qkPAZg,Gweilo-60,2019-03-03 07:04:51.593463,11062,0
UChXOhG9bRDb3vSTg-qkPAZg,Gweilo-60,2019-03-03 07:03:51.39774,11062,0
UChXOhG9bRDb3vSTg-qkPAZg,Gweilo-60,2019-03-03 07:02:51.214812,11062,0
UChXOhG9bRDb3vSTg-qkPAZg,Gweilo-60,2019-03-03 07:01:51.116209,11062,0
UChXOhG9bRDb3vSTg-qkPAZg,Gweilo-60,2019-03-03 07:00:51.486886,11062,0
UChXOhG9bRDb3vSTg-qkPAZg,Gweilo-60,2019-03-03 06:59:51.415045,11062,-1
UChXOhG9bRDb3vSTg-qkPAZg,Gweilo-60,2019-03-03 06:58:51.508471,11063,0
UChXOhG9bRDb3vSTg-qkPAZg,Gweilo-60,2019-03-03 06:57:51.849448,11063,0
UChXOhG9bRDb3vSTg-qkPAZg,Gweilo-60,2019-03-03 06:56:51.297124,11063,0
UChXOhG9bRDb3vSTg-qkPAZg,Gweilo-60,2019-03-03 06:55:51.791696,11063,0
UChXOhG9bRDb3vSTg-qkPAZg,Gweilo-60,2019-03-03 06:54:51.607481,11063,0
UChXOhG9bRDb3vSTg-qkPAZg,Gweilo-60,2019-03-03 06:53:51.576541,11063,0
UChXOhG9bRDb3vSTg-qkPAZg,Gweilo-60,2019-03-03 06:52:51.493895,11063,0
UChXOhG9bRDb3vSTg-qkPAZg,Gweilo-60,2019-03-03 06:51:51.733327,11063,0
UChXOhG9bRDb3vSTg-qkPAZg,Gweilo-60,2019-03-03 06:50:52.137429,11063,0
UChXOhG9bRDb3vSTg-qkPAZg,Gweilo-60,2019-03-03 06:49:51.957066,11063,0
UChXOhG9bRDb3vSTg-qkPAZg,Gweilo-60,2019-03-03 06:48:51.528023,11063,0
UChXOhG9bRDb3vSTg-qkPAZg,Gweilo-60,2019-03-03 06:47:51.547026,11063,0
UChXOhG9bRDb3vSTg-qkPAZg,Gweilo-60,2019-03-03 06:46:51.409117,11063,0
UChXOhG9bRDb3vSTg-qkPAZg,Gweilo-60,2019-03-03 06:45:51.361345,11063,0
UChXOhG9bRDb3vSTg-qkPAZg,Gweilo-60,2019-03-03 06:44:51.270105,11063,0
UChXOhG9bRDb3vSTg-qkPAZg,Gweilo-60,2019-03-03 06:43:51.009215,11063,0
UChXOhG9bRDb3vSTg-qkPAZg,Gweilo-60,2019-03-03 06:42:52.057349,11063,0
UChXOhG9bRDb3vSTg-qkPAZg,Gweilo-60,2019-03-03 06:41:51.355757,11063,0
UChXOhG9bRDb3vSTg-qkPAZg,Gweilo-60,2019-03-03 06:40:51.569932,11063,0
UChXOhG9bRDb3vSTg-qkPAZg,Gweilo-60,2019-03-03 06:39:51.926834,11063,0
UChXOhG9bRDb3vSTg-qkPAZg,Gweilo-60,2019-03-03 06:38:51.405499,11063,0
UChXOhG9bRDb3vSTg-qkPAZg,Gweilo-60,2019-03-03 06:37:51.288046,11063,0
UChXOhG9bRDb3vSTg-qkPAZg,Gweilo-60,2019-03-03 06:36:51.388329,11063,0
UChXOhG9bRDb3vSTg-qkPAZg,Gweilo-60,2019-03-03 06:35:51.003252,11063,0
UChXOhG9bRDb3vSTg-qkPAZg,Gweilo-60,2019-03-03 06:34:52.906524,11063,0
UChXOhG9bRDb3vSTg-qkPAZg,Gweilo-60,2019-03-03 06:33:51.739882,11063,0
UChXOhG9bRDb3vSTg-qkPAZg,Gweilo-60,2019-03-03 06:32:51.070604,11063,0
UChXOhG9bRDb3vSTg-qkPAZg,Gweilo-60,2019-03-03 06:31:51.375855,11063,0
UChXOhG9bRDb3vSTg-qkPAZg,Gweilo-60,2019-03-03 06:30:51.260236,11063,0
UChXOhG9bRDb3vSTg-qkPAZg,Gweilo-60,2019-03-03 06:29:51.563645,11063,0
UChXOhG9bRDb3vSTg-qkPAZg,Gweilo-60,2019-03-03 06:28:51.212352,11063,0
UChXOhG9bRDb3vSTg-qkPAZg,Gweilo-60,2019-03-03 06:27:50.985112,11063,0
UChXOhG9bRDb3vSTg-qkPAZg,Gweilo-60,2019-03-03 06:26:51.156811,11063,0
UChXOhG9bRDb3vSTg-qkPAZg,Gweilo-60,2019-03-03 06:25:51.623393,11063,0
UChXOhG9bRDb3vSTg-qkPAZg,Gweilo-60,2019-03-03 06:24:51.41198,11063,0
UChXOhG9bRDb3vSTg-qkPAZg,Gweilo-60,2019-03-03 06:23:51.38092,11063,0
UChXOhG9bRDb3vSTg-qkPAZg,Gweilo-60,2019-03-03 06:22:51.522278,11063,0
UChXOhG9bRDb3vSTg-qkPAZg,Gweilo-60,2019-03-03 06:21:51.163344,11063,0
UChXOhG9bRDb3vSTg-qkPAZg,Gweilo-60,2019-03-03 06:20:50.899726,11063,0
UChXOhG9bRDb3vSTg-qkPAZg,Gweilo-60,2019-03-03 06:19:51.492607,11063,0
UChXOhG9bRDb3vSTg-qkPAZg,Gweilo-60,2019-03-03 06:18:51.459891,11063,0
UChXOhG9bRDb3vSTg-qkPAZg,Gweilo-60,2019-03-03 06:17:51.706089,11063,0
UChXOhG9bRDb3vSTg-qkPAZg,Gweilo-60,2019-03-03 06:16:51.759485,11063,0
UChXOhG9bRDb3vSTg-qkPAZg,Gweilo-60,2019-03-03 06:15:51.498463,11063,0
UChXOhG9bRDb3vSTg-qkPAZg,Gweilo-60,2019-03-03 06:14:51.387025,11063,0
UChXOhG9bRDb3vSTg-qkPAZg,Gweilo-60,2019-03-03 06:13:51.185521,11063,0
UChXOhG9bRDb3vSTg-qkPAZg,Gweilo-60,2019-03-03 06:12:51.584043,11063,0
UChXOhG9bRDb3vSTg-qkPAZg,Gweilo-60,2019-03-03 06:11:51.08343,11063,0
UChXOhG9bRDb3vSTg-qkPAZg,Gweilo-60,2019-03-03 06:10:51.423888,11063,0
UChXOhG9bRDb3vSTg-qkPAZg,Gweilo-60,2019-03-03 06:09:51.243899,11063,0
UChXOhG9bRDb3vSTg-qkPAZg,Gweilo-60,2019-03-03 06:08:51.65336,11063,0
UChXOhG9bRDb3vSTg-qkPAZg,Gweilo-60,2019-03-03 06:07:51.164257,11063,0
UChXOhG9bRDb3vSTg-qkPAZg,Gweilo-60,2019-03-03 06:06:51.573293,11063,0
UChXOhG9bRDb3vSTg-qkPAZg,Gweilo-60,2019-03-03 06:05:51.478791,11063,0
UChXOhG9bRDb3vSTg-qkPAZg,Gweilo-60,2019-03-03 06:04:52.354944,11063,0
UChXOhG9bRDb3vSTg-qkPAZg,Gweilo-60,2019-03-03 06:03:52.391708,11063,0
UChXOhG9bRDb3vSTg-qkPAZg,Gweilo-60,2019-03-03 06:02:51.159892,11063,0
UChXOhG9bRDb3vSTg-qkPAZg,Gweilo-60,2019-03-03 06:01:51.344344,11063,0
UChXOhG9bRDb3vSTg-qkPAZg,Gweilo-60,2019-03-03 06:00:51.666578,11063,0
UChXOhG9bRDb3vSTg-qkPAZg,Gweilo-60,2019-03-03 05:59:51.762835,11063,0
UChXOhG9bRDb3vSTg-qkPAZg,Gweilo-60,2019-03-03 05:58:51.655757,11063,0
UChXOhG9bRDb3vSTg-qkPAZg,Gweilo-60,2019-03-03 05:57:51.689233,11063,0
UChXOhG9bRDb3vSTg-qkPAZg,Gweilo-60,2019-03-03 05:56:51.166121,11063,0
UChXOhG9bRDb3vSTg-qkPAZg,Gweilo-60,2019-03-03 05:55:51.766655,11063,0
UChXOhG9bRDb3vSTg-qkPAZg,Gweilo-60,2019-03-03 05:54:51.546061,11063,0
UChXOhG9bRDb3vSTg-qkPAZg,Gweilo-60,2019-03-03 05:53:52.018898,11063,0
UChXOhG9bRDb3vSTg-qkPAZg,Gweilo-60,2019-03-03 05:52:51.651451,11063,0
UChXOhG9bRDb3vSTg-qkPAZg,Gweilo-60,2019-03-03 05:51:51.230794,11063,0
UChXOhG9bRDb3vSTg-qkPAZg,Gweilo-60,2019-03-03 05:50:51.660852,11063,0
UChXOhG9bRDb3vSTg-qkPAZg,Gweilo-60,2019-03-03 05:49:51.399433,11063,0
UChXOhG9bRDb3vSTg-qkPAZg,Gweilo-60,2019-03-03 05:48:51.327937,11063,0
UChXOhG9bRDb3vSTg-qkPAZg,Gweilo-60,2019-03-03 05:47:51.514057,11063,1
UChXOhG9bRDb3vSTg-qkPAZg,Gweilo-60,2019-03-03 05:46:51.458681,11062,0
UChXOhG9bRDb3vSTg-qkPAZg,Gweilo-60,2019-03-03 05:45:51.700093,11062,0
UChXOhG9bRDb3vSTg-qkPAZg,Gweilo-60,2019-03-03 05:44:51.551123,11062,0
UChXOhG9bRDb3vSTg-qkPAZg,Gweilo-60,2019-03-03 05:43:51.09105,11062,0
UChXOhG9bRDb3vSTg-qkPAZg,Gweilo-60,2019-03-03 05:42:51.664533,11062,0
UChXOhG9bRDb3vSTg-qkPAZg,Gweilo-60,2019-03-03 05:41:51.911567,11062,0
UChXOhG9bRDb3vSTg-qkPAZg,Gweilo-60,2019-03-03 05:40:51.25768,11062,0
UChXOhG9bRDb3vSTg-qkPAZg,Gweilo-60,2019-03-03 05:39:51.500788,11062,0
UChXOhG9bRDb3vSTg-qkPAZg,Gweilo-60,2019-03-03 05:38:51.295318,11062,0
UChXOhG9bRDb3vSTg-qkPAZg,Gweilo-60,2019-03-03 05:37:53.717831,11062,0
UChXOhG9bRDb3vSTg-qkPAZg,Gweilo-60,2019-03-03 05:36:51.250864,11062,0
UChXOhG9bRDb3vSTg-qkPAZg,Gweilo-60,2019-03-03 05:35:51.034236,11062,0
UChXOhG9bRDb3vSTg-qkPAZg,Gweilo-60,2019-03-03 05:34:51.610151,11062,0
UChXOhG9bRDb3vSTg-qkPAZg,Gweilo-60,2019-03-03 05:33:51.210544,11062,0
UChXOhG9bRDb3vSTg-qkPAZg,Gweilo-60,2019-03-03 05:32:52.618364,11062,0
UChXOhG9bRDb3vSTg-qkPAZg,Gweilo-60,2019-03-03 05:31:51.164184,11062,0
UChXOhG9bRDb3vSTg-qkPAZg,Gweilo-60,2019-03-03 05:30:51.312266,11062,0
UChXOhG9bRDb3vSTg-qkPAZg,Gweilo-60,2019-03-03 05:29:51.748559,11062,0
UChXOhG9bRDb3vSTg-qkPAZg,Gweilo-60,2019-03-03 05:28:51.487784,11062,0
UChXOhG9bRDb3vSTg-qkPAZg,Gweilo-60,2019-03-03 05:27:52.007863,11062,0
UChXOhG9bRDb3vSTg-qkPAZg,Gweilo-60,2019-03-03 05:26:51.591721,11062,0
UChXOhG9bRDb3vSTg-qkPAZg,Gweilo-60,2019-03-03 05:25:51.363533,11062,0
UChXOhG9bRDb3vSTg-qkPAZg,Gweilo-60,2019-03-03 05:24:51.198681,11062,0
UChXOhG9bRDb3vSTg-qkPAZg,Gweilo-60,2019-03-03 05:23:51.069037,11062,0
UChXOhG9bRDb3vSTg-qkPAZg,Gweilo-60,2019-03-03 05:22:51.43081,11062,0
UChXOhG9bRDb3vSTg-qkPAZg,Gweilo-60,2019-03-03 05:21:51.136041,11062,0
UChXOhG9bRDb3vSTg-qkPAZg,Gweilo-60,2019-03-03 05:20:51.049433,11062,0
UChXOhG9bRDb3vSTg-qkPAZg,Gweilo-60,2019-03-03 05:19:50.969806,11062,0
UChXOhG9bRDb3vSTg-qkPAZg,Gweilo-60,2019-03-03 05:18:51.621272,11062,0
UChXOhG9bRDb3vSTg-qkPAZg,Gweilo-60,2019-03-03 05:17:51.527674,11062,0
UChXOhG9bRDb3vSTg-qkPAZg,Gweilo-60,2019-03-03 05:16:52.468085,11062,0
UChXOhG9bRDb3vSTg-qkPAZg,Gweilo-60,2019-03-03 05:15:51.647047,11062,0
UChXOhG9bRDb3vSTg-qkPAZg,Gweilo-60,2019-03-03 05:14:51.10089,11062,0
UChXOhG9bRDb3vSTg-qkPAZg,Gweilo-60,2019-03-03 05:13:51.647408,11062,0
UChXOhG9bRDb3vSTg-qkPAZg,Gweilo-60,2019-03-03 05:12:51.420603,11062,0
UChXOhG9bRDb3vSTg-qkPAZg,Gweilo-60,2019-03-03 05:11:51.923046,11062,0
UChXOhG9bRDb3vSTg-qkPAZg,Gweilo-60,2019-03-03 05:10:51.711488,11062,0
UChXOhG9bRDb3vSTg-qkPAZg,Gweilo-60,2019-03-03 05:09:51.544732,11062,0
UChXOhG9bRDb3vSTg-qkPAZg,Gweilo-60,2019-03-03 05:08:50.995477,11062,0
UChXOhG9bRDb3vSTg-qkPAZg,Gweilo-60,2019-03-03 05:07:51.562764,11062,0
UChXOhG9bRDb3vSTg-qkPAZg,Gweilo-60,2019-03-03 05:06:51.281327,11062,0
UChXOhG9bRDb3vSTg-qkPAZg,Gweilo-60,2019-03-03 05:05:51.380298,11062,0
UChXOhG9bRDb3vSTg-qkPAZg,Gweilo-60,2019-03-03 05:04:51.455709,11062,0
UChXOhG9bRDb3vSTg-qkPAZg,Gweilo-60,2019-03-03 05:03:51.130538,11062,0
UChXOhG9bRDb3vSTg-qkPAZg,Gweilo-60,2019-03-03 05:02:51.379756,11062,0
UChXOhG9bRDb3vSTg-qkPAZg,Gweilo-60,2019-03-03 05:01:51.933171,11062,0
UChXOhG9bRDb3vSTg-qkPAZg,Gweilo-60,2019-03-03 05:00:51.304451,11062,0
UChXOhG9bRDb3vSTg-qkPAZg,Gweilo-60,2019-03-03 04:59:51.151673,11062,0
UChXOhG9bRDb3vSTg-qkPAZg,Gweilo-60,2019-03-03 04:58:51.179879,11062,0
UChXOhG9bRDb3vSTg-qkPAZg,Gweilo-60,2019-03-03 04:57:51.323208,11062,0
UChXOhG9bRDb3vSTg-qkPAZg,Gweilo-60,2019-03-03 04:56:51.81639,11062,0
UChXOhG9bRDb3vSTg-qkPAZg,Gweilo-60,2019-03-03 04:55:51.324731,11062,0
UChXOhG9bRDb3vSTg-qkPAZg,Gweilo-60,2019-03-03 04:54:51.257812,11062,0
UChXOhG9bRDb3vSTg-qkPAZg,Gweilo-60,2019-03-03 04:53:51.615084,11062,1
UChXOhG9bRDb3vSTg-qkPAZg,Gweilo-60,2019-03-03 04:52:51.11322,11061,0
UChXOhG9bRDb3vSTg-qkPAZg,Gweilo-60,2019-03-03 04:51:51.202322,11061,0
UChXOhG9bRDb3vSTg-qkPAZg,Gweilo-60,2019-03-03 04:50:51.106201,11061,0
UChXOhG9bRDb3vSTg-qkPAZg,Gweilo-60,2019-03-03 04:49:51.569324,11061,0
UChXOhG9bRDb3vSTg-qkPAZg,Gweilo-60,2019-03-03 04:48:52.20035,11061,0
UChXOhG9bRDb3vSTg-qkPAZg,Gweilo-60,2019-03-03 04:47:51.68429,11061,0
UChXOhG9bRDb3vSTg-qkPAZg,Gweilo-60,2019-03-03 04:46:51.37634,11061,0
UChXOhG9bRDb3vSTg-qkPAZg,Gweilo-60,2019-03-03 04:45:51.476814,11061,0
UChXOhG9bRDb3vSTg-qkPAZg,Gweilo-60,2019-03-03 04:44:51.14285,11061,0
UChXOhG9bRDb3vSTg-qkPAZg,Gweilo-60,2019-03-03 04:43:51.25773,11061,0
UChXOhG9bRDb3vSTg-qkPAZg,Gweilo-60,2019-03-03 04:42:51.698923,11061,0
UChXOhG9bRDb3vSTg-qkPAZg,Gweilo-60,2019-03-03 04:41:51.170091,11061,0
UChXOhG9bRDb3vSTg-qkPAZg,Gweilo-60,2019-03-03 04:40:51.529791,11061,0
UChXOhG9bRDb3vSTg-qkPAZg,Gweilo-60,2019-03-03 04:39:51.353289,11061,0
UChXOhG9bRDb3vSTg-qkPAZg,Gweilo-60,2019-03-03 04:38:51.216135,11061,0
UChXOhG9bRDb3vSTg-qkPAZg,Gweilo-60,2019-03-03 04:37:52.257596,11061,0
UChXOhG9bRDb3vSTg-qkPAZg,Gweilo-60,2019-03-03 04:36:51.43313,11061,0
UChXOhG9bRDb3vSTg-qkPAZg,Gweilo-60,2019-03-03 04:35:51.151054,11061,0
UChXOhG9bRDb3vSTg-qkPAZg,Gweilo-60,2019-03-03 04:34:51.056111,11061,0
UChXOhG9bRDb3vSTg-qkPAZg,Gweilo-60,2019-03-03 04:33:51.450263,11061,0
UChXOhG9bRDb3vSTg-qkPAZg,Gweilo-60,2019-03-03 04:32:52.172838,11061,0
UChXOhG9bRDb3vSTg-qkPAZg,Gweilo-60,2019-03-03 04:31:51.362913,11061,0
UChXOhG9bRDb3vSTg-qkPAZg,Gweilo-60,2019-03-03 04:30:51.998598,11061,0
UChXOhG9bRDb3vSTg-qkPAZg,Gweilo-60,2019-03-03 04:29:51.616227,11061,0
UChXOhG9bRDb3vSTg-qkPAZg,Gweilo-60,2019-03-03 04:28:51.921228,11061,0
UChXOhG9bRDb3vSTg-qkPAZg,Gweilo-60,2019-03-03 04:27:51.440745,11061,0
UChXOhG9bRDb3vSTg-qkPAZg,Gweilo-60,2019-03-03 04:26:52.053939,11061,0
UChXOhG9bRDb3vSTg-qkPAZg,Gweilo-60,2019-03-03 04:25:52.310349,11061,0
UChXOhG9bRDb3vSTg-qkPAZg,Gweilo-60,2019-03-03 04:24:51.790998,11061,0
UChXOhG9bRDb3vSTg-qkPAZg,Gweilo-60,2019-03-03 04:23:51.41051,11061,0
UChXOhG9bRDb3vSTg-qkPAZg,Gweilo-60,2019-03-03 04:22:50.982264,11061,0
UChXOhG9bRDb3vSTg-qkPAZg,Gweilo-60,2019-03-03 04:21:51.250881,11061,0
UChXOhG9bRDb3vSTg-qkPAZg,Gweilo-60,2019-03-03 04:20:51.480342,11061,0
UChXOhG9bRDb3vSTg-qkPAZg,Gweilo-60,2019-03-03 04:19:51.286203,11061,0
UChXOhG9bRDb3vSTg-qkPAZg,Gweilo-60,2019-03-03 04:18:51.301749,11061,0
UChXOhG9bRDb3vSTg-qkPAZg,Gweilo-60,2019-03-03 04:17:51.560323,11061,0
UChXOhG9bRDb3vSTg-qkPAZg,Gweilo-60,2019-03-03 04:16:51.27765,11061,0
UChXOhG9bRDb3vSTg-qkPAZg,Gweilo-60,2019-03-03 04:15:51.587541,11061,0
UChXOhG9bRDb3vSTg-qkPAZg,Gweilo-60,2019-03-03 04:14:51.384282,11061,0
UChXOhG9bRDb3vSTg-qkPAZg,Gweilo-60,2019-03-03 04:13:52.020344,11061,0
UChXOhG9bRDb3vSTg-qkPAZg,Gweilo-60,2019-03-03 04:12:51.451113,11061,0
UChXOhG9bRDb3vSTg-qkPAZg,Gweilo-60,2019-03-03 04:11:51.162673,11061,0
UChXOhG9bRDb3vSTg-qkPAZg,Gweilo-60,2019-03-03 04:10:51.574813,11061,0
UChXOhG9bRDb3vSTg-qkPAZg,Gweilo-60,2019-03-03 04:09:51.536608,11061,0
UChXOhG9bRDb3vSTg-qkPAZg,Gweilo-60,2019-03-03 04:08:51.271353,11061,0
UChXOhG9bRDb3vSTg-qkPAZg,Gweilo-60,2019-03-03 04:07:50.897075,11061,0
UChXOhG9bRDb3vSTg-qkPAZg,Gweilo-60,2019-03-03 04:06:50.968212,11061,0
UChXOhG9bRDb3vSTg-qkPAZg,Gweilo-60,2019-03-03 04:05:54.122425,11061,0
UChXOhG9bRDb3vSTg-qkPAZg,Gweilo-60,2019-03-03 04:04:51.597288,11061,0
UChXOhG9bRDb3vSTg-qkPAZg,Gweilo-60,2019-03-03 04:03:51.36738,11061,0
UChXOhG9bRDb3vSTg-qkPAZg,Gweilo-60,2019-03-03 04:02:51.932941,11061,0
UChXOhG9bRDb3vSTg-qkPAZg,Gweilo-60,2019-03-03 04:01:51.700813,11061,0
UChXOhG9bRDb3vSTg-qkPAZg,Gweilo-60,2019-03-03 04:00:51.34216,11061,0
UChXOhG9bRDb3vSTg-qkPAZg,Gweilo-60,2019-03-03 03:59:52.338746,11061,0
UChXOhG9bRDb3vSTg-qkPAZg,Gweilo-60,2019-03-03 03:58:51.349457,11061,0
UChXOhG9bRDb3vSTg-qkPAZg,Gweilo-60,2019-03-03 03:57:51.565595,11061,0
UChXOhG9bRDb3vSTg-qkPAZg,Gweilo-60,2019-03-03 03:56:51.470595,11061,0
UChXOhG9bRDb3vSTg-qkPAZg,Gweilo-60,2019-03-03 03:55:51.768287,11061,0
UChXOhG9bRDb3vSTg-qkPAZg,Gweilo-60,2019-03-03 03:54:51.314454,11061,0
UChXOhG9bRDb3vSTg-qkPAZg,Gweilo-60,2019-03-03 03:53:50.784931,11061,0
UChXOhG9bRDb3vSTg-qkPAZg,Gweilo-60,2019-03-03 03:52:51.177566,11061,0
UChXOhG9bRDb3vSTg-qkPAZg,Gweilo-60,2019-03-03 03:51:51.742481,11061,0
UChXOhG9bRDb3vSTg-qkPAZg,Gweilo-60,2019-03-03 03:50:51.394404,11061,0
UChXOhG9bRDb3vSTg-qkPAZg,Gweilo-60,2019-03-03 03:49:51.436109,11061,0
UChXOhG9bRDb3vSTg-qkPAZg,Gweilo-60,2019-03-03 03:48:51.511697,11061,0
UChXOhG9bRDb3vSTg-qkPAZg,Gweilo-60,2019-03-03 03:47:51.504664,11061,0
UChXOhG9bRDb3vSTg-qkPAZg,Gweilo-60,2019-03-03 03:46:51.435254,11061,0
UChXOhG9bRDb3vSTg-qkPAZg,Gweilo-60,2019-03-03 03:45:51.877524,11061,0
UChXOhG9bRDb3vSTg-qkPAZg,Gweilo-60,2019-03-03 03:44:51.473831,11061,0
UChXOhG9bRDb3vSTg-qkPAZg,Gweilo-60,2019-03-03 03:43:51.637035,11061,0
UChXOhG9bRDb3vSTg-qkPAZg,Gweilo-60,2019-03-03 03:42:51.228657,11061,0
UChXOhG9bRDb3vSTg-qkPAZg,Gweilo-60,2019-03-03 03:41:51.159402,11061,0
UChXOhG9bRDb3vSTg-qkPAZg,Gweilo-60,2019-03-03 03:40:51.573573,11061,0
UChXOhG9bRDb3vSTg-qkPAZg,Gweilo-60,2019-03-03 03:39:51.492678,11061,0
UChXOhG9bRDb3vSTg-qkPAZg,Gweilo-60,2019-03-03 03:38:51.437037,11061,0
UChXOhG9bRDb3vSTg-qkPAZg,Gweilo-60,2019-03-03 03:37:50.893526,11061,0
UChXOhG9bRDb3vSTg-qkPAZg,Gweilo-60,2019-03-03 03:36:51.332695,11061,0
UChXOhG9bRDb3vSTg-qkPAZg,Gweilo-60,2019-03-03 03:35:51.391284,11061,0
UChXOhG9bRDb3vSTg-qkPAZg,Gweilo-60,2019-03-03 03:34:51.360422,11061,0
UChXOhG9bRDb3vSTg-qkPAZg,Gweilo-60,2019-03-03 03:33:51.399993,11061,0
UChXOhG9bRDb3vSTg-qkPAZg,Gweilo-60,2019-03-03 03:32:50.924068,11061,0
UChXOhG9bRDb3vSTg-qkPAZg,Gweilo-60,2019-03-03 03:31:51.338514,11061,0
UChXOhG9bRDb3vSTg-qkPAZg,Gweilo-60,2019-03-03 03:30:53.142023,11061,0
UChXOhG9bRDb3vSTg-qkPAZg,Gweilo-60,2019-03-03 03:29:51.505278,11061,0
UChXOhG9bRDb3vSTg-qkPAZg,Gweilo-60,2019-03-03 03:28:51.519369,11061,0
UChXOhG9bRDb3vSTg-qkPAZg,Gweilo-60,2019-03-03 03:27:51.250709,11061,0
UChXOhG9bRDb3vSTg-qkPAZg,Gweilo-60,2019-03-03 03:26:51.606439,11061,0
UChXOhG9bRDb3vSTg-qkPAZg,Gweilo-60,2019-03-03 03:25:51.379678,11061,0
UChXOhG9bRDb3vSTg-qkPAZg,Gweilo-60,2019-03-03 03:24:51.220956,11061,0
UChXOhG9bRDb3vSTg-qkPAZg,Gweilo-60,2019-03-03 03:23:52.142504,11061,0
UChXOhG9bRDb3vSTg-qkPAZg,Gweilo-60,2019-03-03 03:22:51.665121,11061,0
UChXOhG9bRDb3vSTg-qkPAZg,Gweilo-60,2019-03-03 03:21:51.380092,11061,0
UChXOhG9bRDb3vSTg-qkPAZg,Gweilo-60,2019-03-03 03:20:52.542486,11061,0
UChXOhG9bRDb3vSTg-qkPAZg,Gweilo-60,2019-03-03 03:19:51.20031,11061,0
UChXOhG9bRDb3vSTg-qkPAZg,Gweilo-60,2019-03-03 03:18:51.587544,11061,0
UChXOhG9bRDb3vSTg-qkPAZg,Gweilo-60,2019-03-03 03:17:51.431346,11061,0
UChXOhG9bRDb3vSTg-qkPAZg,Gweilo-60,2019-03-03 03:16:51.699373,11061,0
UChXOhG9bRDb3vSTg-qkPAZg,Gweilo-60,2019-03-03 03:15:51.701998,11061,0
UChXOhG9bRDb3vSTg-qkPAZg,Gweilo-60,2019-03-03 03:14:51.697895,11061,0
UChXOhG9bRDb3vSTg-qkPAZg,Gweilo-60,2019-03-03 03:13:51.532089,11061,0
UChXOhG9bRDb3vSTg-qkPAZg,Gweilo-60,2019-03-03 03:12:51.601307,11061,0
UChXOhG9bRDb3vSTg-qkPAZg,Gweilo-60,2019-03-03 03:11:51.604878,11061,0
UChXOhG9bRDb3vSTg-qkPAZg,Gweilo-60,2019-03-03 03:10:51.197224,11061,0
UChXOhG9bRDb3vSTg-qkPAZg,Gweilo-60,2019-03-03 03:09:51.370777,11061,0
UChXOhG9bRDb3vSTg-qkPAZg,Gweilo-60,2019-03-03 03:08:51.25221,11061,0
UChXOhG9bRDb3vSTg-qkPAZg,Gweilo-60,2019-03-03 03:07:51.023583,11061,0
UChXOhG9bRDb3vSTg-qkPAZg,Gweilo-60,2019-03-03 03:06:51.203919,11061,0
UChXOhG9bRDb3vSTg-qkPAZg,Gweilo-60,2019-03-03 03:05:51.139707,11061,0
UChXOhG9bRDb3vSTg-qkPAZg,Gweilo-60,2019-03-03 03:04:50.889491,11061,0
UChXOhG9bRDb3vSTg-qkPAZg,Gweilo-60,2019-03-03 03:03:50.968894,11061,0
UChXOhG9bRDb3vSTg-qkPAZg,Gweilo-60,2019-03-03 03:02:51.073132,11061,0
UChXOhG9bRDb3vSTg-qkPAZg,Gweilo-60,2019-03-03 03:01:51.198822,11061,0
UChXOhG9bRDb3vSTg-qkPAZg,Gweilo-60,2019-03-03 03:00:51.588983,11061,0
UChXOhG9bRDb3vSTg-qkPAZg,Gweilo-60,2019-03-03 02:59:51.185594,11061,0
UChXOhG9bRDb3vSTg-qkPAZg,Gweilo-60,2019-03-03 02:58:51.078863,11061,0
UChXOhG9bRDb3vSTg-qkPAZg,Gweilo-60,2019-03-03 02:57:51.522295,11061,0
UChXOhG9bRDb3vSTg-qkPAZg,Gweilo-60,2019-03-03 02:56:51.519984,11061,0
UChXOhG9bRDb3vSTg-qkPAZg,Gweilo-60,2019-03-03 02:55:51.26583,11061,0
UChXOhG9bRDb3vSTg-qkPAZg,Gweilo-60,2019-03-03 02:54:51.312232,11061,0
UChXOhG9bRDb3vSTg-qkPAZg,Gweilo-60,2019-03-03 02:53:51.403849,11061,0
UChXOhG9bRDb3vSTg-qkPAZg,Gweilo-60,2019-03-03 02:52:51.415872,11061,0
UChXOhG9bRDb3vSTg-qkPAZg,Gweilo-60,2019-03-03 02:51:51.198215,11061,0
UChXOhG9bRDb3vSTg-qkPAZg,Gweilo-60,2019-03-03 02:50:51.83445,11061,0
UChXOhG9bRDb3vSTg-qkPAZg,Gweilo-60,2019-03-03 02:49:51.306609,11061,0
UChXOhG9bRDb3vSTg-qkPAZg,Gweilo-60,2019-03-03 02:48:51.171404,11061,0
UChXOhG9bRDb3vSTg-qkPAZg,Gweilo-60,2019-03-03 02:47:51.130944,11061,0
UChXOhG9bRDb3vSTg-qkPAZg,Gweilo-60,2019-03-03 02:46:51.313585,11061,0
UChXOhG9bRDb3vSTg-qkPAZg,Gweilo-60,2019-03-03 02:45:51.387594,11061,0
UChXOhG9bRDb3vSTg-qkPAZg,Gweilo-60,2019-03-03 02:44:51.413145,11061,0
UChXOhG9bRDb3vSTg-qkPAZg,Gweilo-60,2019-03-03 02:43:51.557157,11061,0
UChXOhG9bRDb3vSTg-qkPAZg,Gweilo-60,2019-03-03 02:42:51.466798,11061,0
UChXOhG9bRDb3vSTg-qkPAZg,Gweilo-60,2019-03-03 02:41:51.09427,11061,0
UChXOhG9bRDb3vSTg-qkPAZg,Gweilo-60,2019-03-03 02:40:51.192579,11061,0
UChXOhG9bRDb3vSTg-qkPAZg,Gweilo-60,2019-03-03 02:39:50.990409,11061,0
UChXOhG9bRDb3vSTg-qkPAZg,Gweilo-60,2019-03-03 02:38:51.173642,11061,0
UChXOhG9bRDb3vSTg-qkPAZg,Gweilo-60,2019-03-03 02:37:50.931147,11061,0
UChXOhG9bRDb3vSTg-qkPAZg,Gweilo-60,2019-03-03 02:36:51.142848,11061,0
UChXOhG9bRDb3vSTg-qkPAZg,Gweilo-60,2019-03-03 02:35:51.219591,11061,0
UChXOhG9bRDb3vSTg-qkPAZg,Gweilo-60,2019-03-03 02:34:51.173301,11061,0
UChXOhG9bRDb3vSTg-qkPAZg,Gweilo-60,2019-03-03 02:33:51.143412,11061,0
UChXOhG9bRDb3vSTg-qkPAZg,Gweilo-60,2019-03-03 02:32:51.114434,11061,0
UChXOhG9bRDb3vSTg-qkPAZg,Gweilo-60,2019-03-03 02:31:50.911989,11061,0
UChXOhG9bRDb3vSTg-qkPAZg,Gweilo-60,2019-03-03 02:30:52.240067,11061,0
UChXOhG9bRDb3vSTg-qkPAZg,Gweilo-60,2019-03-03 02:29:50.929224,11061,0
UChXOhG9bRDb3vSTg-qkPAZg,Gweilo-60,2019-03-03 02:28:51.408061,11061,0
UChXOhG9bRDb3vSTg-qkPAZg,Gweilo-60,2019-03-03 02:27:51.362608,11061,-1
UChXOhG9bRDb3vSTg-qkPAZg,Gweilo-60,2019-03-03 02:26:52.041869,11062,0
UChXOhG9bRDb3vSTg-qkPAZg,Gweilo-60,2019-03-03 02:25:51.351384,11062,0
UChXOhG9bRDb3vSTg-qkPAZg,Gweilo-60,2019-03-03 02:24:51.500157,11062,0
UChXOhG9bRDb3vSTg-qkPAZg,Gweilo-60,2019-03-03 02:23:51.440208,11062,0
UChXOhG9bRDb3vSTg-qkPAZg,Gweilo-60,2019-03-03 02:22:51.225269,11062,0
UChXOhG9bRDb3vSTg-qkPAZg,Gweilo-60,2019-03-03 02:21:51.795228,11062,0
UChXOhG9bRDb3vSTg-qkPAZg,Gweilo-60,2019-03-03 02:20:51.116227,11062,0
UChXOhG9bRDb3vSTg-qkPAZg,Gweilo-60,2019-03-03 02:19:51.562175,11062,0
UChXOhG9bRDb3vSTg-qkPAZg,Gweilo-60,2019-03-03 02:18:51.171559,11062,0
UChXOhG9bRDb3vSTg-qkPAZg,Gweilo-60,2019-03-03 02:17:51.495694,11062,0
UChXOhG9bRDb3vSTg-qkPAZg,Gweilo-60,2019-03-03 02:16:51.124441,11062,0
UChXOhG9bRDb3vSTg-qkPAZg,Gweilo-60,2019-03-03 02:15:52.219919,11062,0
UChXOhG9bRDb3vSTg-qkPAZg,Gweilo-60,2019-03-03 02:14:51.711747,11062,0
UChXOhG9bRDb3vSTg-qkPAZg,Gweilo-60,2019-03-03 02:13:50.88925,11062,0
UChXOhG9bRDb3vSTg-qkPAZg,Gweilo-60,2019-03-03 02:12:51.18052,11062,0
UChXOhG9bRDb3vSTg-qkPAZg,Gweilo-60,2019-03-03 02:11:51.252496,11062,0
UChXOhG9bRDb3vSTg-qkPAZg,Gweilo-60,2019-03-03 02:10:51.378227,11062,0
UChXOhG9bRDb3vSTg-qkPAZg,Gweilo-60,2019-03-03 02:09:51.725429,11062,0
UChXOhG9bRDb3vSTg-qkPAZg,Gweilo-60,2019-03-03 02:08:51.67752,11062,0
UChXOhG9bRDb3vSTg-qkPAZg,Gweilo-60,2019-03-03 02:07:51.415062,11062,0
UChXOhG9bRDb3vSTg-qkPAZg,Gweilo-60,2019-03-03 02:06:51.796693,11062,0
UChXOhG9bRDb3vSTg-qkPAZg,Gweilo-60,2019-03-03 02:05:51.621589,11062,0
UChXOhG9bRDb3vSTg-qkPAZg,Gweilo-60,2019-03-03 02:04:51.875906,11062,0
UChXOhG9bRDb3vSTg-qkPAZg,Gweilo-60,2019-03-03 02:03:52.298601,11062,0
UChXOhG9bRDb3vSTg-qkPAZg,Gweilo-60,2019-03-03 02:02:51.511162,11062,0
UChXOhG9bRDb3vSTg-qkPAZg,Gweilo-60,2019-03-03 02:01:51.603179,11062,0
UChXOhG9bRDb3vSTg-qkPAZg,Gweilo-60,2019-03-03 02:00:51.204897,11062,0
UChXOhG9bRDb3vSTg-qkPAZg,Gweilo-60,2019-03-03 01:59:54.480401,11062,0
UChXOhG9bRDb3vSTg-qkPAZg,Gweilo-60,2019-03-03 01:58:51.104279,11062,0
UChXOhG9bRDb3vSTg-qkPAZg,Gweilo-60,2019-03-03 01:57:51.047969,11062,0
UChXOhG9bRDb3vSTg-qkPAZg,Gweilo-60,2019-03-03 01:56:52.09455,11062,0
UChXOhG9bRDb3vSTg-qkPAZg,Gweilo-60,2019-03-03 01:55:51.931494,11062,0
UChXOhG9bRDb3vSTg-qkPAZg,Gweilo-60,2019-03-03 01:54:52.47817,11062,0
UChXOhG9bRDb3vSTg-qkPAZg,Gweilo-60,2019-03-03 01:53:51.107987,11062,0
UChXOhG9bRDb3vSTg-qkPAZg,Gweilo-60,2019-03-03 01:52:51.373421,11062,0
UChXOhG9bRDb3vSTg-qkPAZg,Gweilo-60,2019-03-03 01:51:51.351692,11062,0
UChXOhG9bRDb3vSTg-qkPAZg,Gweilo-60,2019-03-03 01:50:51.455096,11062,0
UChXOhG9bRDb3vSTg-qkPAZg,Gweilo-60,2019-03-03 01:49:51.311816,11062,0
UChXOhG9bRDb3vSTg-qkPAZg,Gweilo-60,2019-03-03 01:48:51.327316,11062,0
UChXOhG9bRDb3vSTg-qkPAZg,Gweilo-60,2019-03-03 01:47:51.633164,11062,1
UChXOhG9bRDb3vSTg-qkPAZg,Gweilo-60,2019-03-03 01:46:51.273069,11061,0
UChXOhG9bRDb3vSTg-qkPAZg,Gweilo-60,2019-03-03 01:45:51.541377,11061,0
UChXOhG9bRDb3vSTg-qkPAZg,Gweilo-60,2019-03-03 01:44:51.462851,11061,0
UChXOhG9bRDb3vSTg-qkPAZg,Gweilo-60,2019-03-03 01:43:51.26407,11061,0
UChXOhG9bRDb3vSTg-qkPAZg,Gweilo-60,2019-03-03 01:42:51.888397,11061,0
UChXOhG9bRDb3vSTg-qkPAZg,Gweilo-60,2019-03-03 01:41:51.415288,11061,0
UChXOhG9bRDb3vSTg-qkPAZg,Gweilo-60,2019-03-03 01:40:51.013085,11061,1
UChXOhG9bRDb3vSTg-qkPAZg,Gweilo-60,2019-03-03 01:39:51.377075,11060,0
UChXOhG9bRDb3vSTg-qkPAZg,Gweilo-60,2019-03-03 01:38:51.688759,11060,0
UChXOhG9bRDb3vSTg-qkPAZg,Gweilo-60,2019-03-03 01:37:51.702941,11060,0
UChXOhG9bRDb3vSTg-qkPAZg,Gweilo-60,2019-03-03 01:36:51.672658,11060,0
UChXOhG9bRDb3vSTg-qkPAZg,Gweilo-60,2019-03-03 01:35:51.561999,11060,0
UChXOhG9bRDb3vSTg-qkPAZg,Gweilo-60,2019-03-03 01:34:51.564863,11060,0
UChXOhG9bRDb3vSTg-qkPAZg,Gweilo-60,2019-03-03 01:33:51.208285,11060,0
UChXOhG9bRDb3vSTg-qkPAZg,Gweilo-60,2019-03-03 01:32:51.994835,11060,0
UChXOhG9bRDb3vSTg-qkPAZg,Gweilo-60,2019-03-03 01:31:51.645377,11060,0
UChXOhG9bRDb3vSTg-qkPAZg,Gweilo-60,2019-03-03 01:30:51.861468,11060,0
UChXOhG9bRDb3vSTg-qkPAZg,Gweilo-60,2019-03-03 01:29:51.641918,11060,0
UChXOhG9bRDb3vSTg-qkPAZg,Gweilo-60,2019-03-03 01:28:51.494572,11060,0
UChXOhG9bRDb3vSTg-qkPAZg,Gweilo-60,2019-03-03 01:27:51.343368,11060,0
UChXOhG9bRDb3vSTg-qkPAZg,Gweilo-60,2019-03-03 01:26:51.192012,11060,0
UChXOhG9bRDb3vSTg-qkPAZg,Gweilo-60,2019-03-03 01:25:51.384149,11060,0
UChXOhG9bRDb3vSTg-qkPAZg,Gweilo-60,2019-03-03 01:24:52.247684,11060,0
UChXOhG9bRDb3vSTg-qkPAZg,Gweilo-60,2019-03-03 01:23:51.139049,11060,0
UChXOhG9bRDb3vSTg-qkPAZg,Gweilo-60,2019-03-03 01:22:51.408959,11060,0
UChXOhG9bRDb3vSTg-qkPAZg,Gweilo-60,2019-03-03 01:21:52.145412,11060,0
UChXOhG9bRDb3vSTg-qkPAZg,Gweilo-60,2019-03-03 01:20:51.523123,11060,0
UChXOhG9bRDb3vSTg-qkPAZg,Gweilo-60,2019-03-03 01:19:52.698882,11060,0
UChXOhG9bRDb3vSTg-qkPAZg,Gweilo-60,2019-03-03 01:18:51.357896,11060,0
UChXOhG9bRDb3vSTg-qkPAZg,Gweilo-60,2019-03-03 01:17:51.495394,11060,0
UChXOhG9bRDb3vSTg-qkPAZg,Gweilo-60,2019-03-03 01:16:52.304747,11060,0
UChXOhG9bRDb3vSTg-qkPAZg,Gweilo-60,2019-03-03 01:15:51.991669,11060,0
UChXOhG9bRDb3vSTg-qkPAZg,Gweilo-60,2019-03-03 01:14:52.049271,11060,0
UChXOhG9bRDb3vSTg-qkPAZg,Gweilo-60,2019-03-03 01:13:52.170868,11060,0
UChXOhG9bRDb3vSTg-qkPAZg,Gweilo-60,2019-03-03 01:12:51.828194,11060,0
UChXOhG9bRDb3vSTg-qkPAZg,Gweilo-60,2019-03-03 01:11:51.422391,11060,0
UChXOhG9bRDb3vSTg-qkPAZg,Gweilo-60,2019-03-03 01:10:51.749191,11060,0
UChXOhG9bRDb3vSTg-qkPAZg,Gweilo-60,2019-03-03 01:09:51.838063,11060,0
UChXOhG9bRDb3vSTg-qkPAZg,Gweilo-60,2019-03-03 01:08:51.090017,11060,0
UChXOhG9bRDb3vSTg-qkPAZg,Gweilo-60,2019-03-03 01:07:51.699686,11060,0
UChXOhG9bRDb3vSTg-qkPAZg,Gweilo-60,2019-03-03 01:06:51.415616,11060,0
UChXOhG9bRDb3vSTg-qkPAZg,Gweilo-60,2019-03-03 01:05:51.291334,11060,0
UChXOhG9bRDb3vSTg-qkPAZg,Gweilo-60,2019-03-03 01:04:51.519571,11060,0
UChXOhG9bRDb3vSTg-qkPAZg,Gweilo-60,2019-03-03 01:03:51.240119,11060,0
UChXOhG9bRDb3vSTg-qkPAZg,Gweilo-60,2019-03-03 01:02:51.224407,11060,0
UChXOhG9bRDb3vSTg-qkPAZg,Gweilo-60,2019-03-03 01:01:51.089711,11060,0
UChXOhG9bRDb3vSTg-qkPAZg,Gweilo-60,2019-03-03 01:00:51.445676,11060,0
UChXOhG9bRDb3vSTg-qkPAZg,Gweilo-60,2019-03-03 00:59:51.167015,11060,0
UChXOhG9bRDb3vSTg-qkPAZg,Gweilo-60,2019-03-03 00:58:51.473284,11060,0
UChXOhG9bRDb3vSTg-qkPAZg,Gweilo-60,2019-03-03 00:57:51.36334,11060,0
UChXOhG9bRDb3vSTg-qkPAZg,Gweilo-60,2019-03-03 00:56:51.666806,11060,0
UChXOhG9bRDb3vSTg-qkPAZg,Gweilo-60,2019-03-03 00:55:51.474159,11060,0
UChXOhG9bRDb3vSTg-qkPAZg,Gweilo-60,2019-03-03 00:54:52.16089,11060,0
UChXOhG9bRDb3vSTg-qkPAZg,Gweilo-60,2019-03-03 00:53:51.764961,11060,0
UChXOhG9bRDb3vSTg-qkPAZg,Gweilo-60,2019-03-03 00:52:51.069089,11060,0
UChXOhG9bRDb3vSTg-qkPAZg,Gweilo-60,2019-03-03 00:51:52.11165,11060,0
UChXOhG9bRDb3vSTg-qkPAZg,Gweilo-60,2019-03-03 00:50:51.464494,11060,0
UChXOhG9bRDb3vSTg-qkPAZg,Gweilo-60,2019-03-03 00:49:51.428437,11060,0
UChXOhG9bRDb3vSTg-qkPAZg,Gweilo-60,2019-03-03 00:48:51.654381,11060,0
UChXOhG9bRDb3vSTg-qkPAZg,Gweilo-60,2019-03-03 00:47:51.837936,11060,0
UChXOhG9bRDb3vSTg-qkPAZg,Gweilo-60,2019-03-03 00:46:51.470959,11060,0
UChXOhG9bRDb3vSTg-qkPAZg,Gweilo-60,2019-03-03 00:45:51.116763,11060,0
UChXOhG9bRDb3vSTg-qkPAZg,Gweilo-60,2019-03-03 00:44:52.012096,11060,0
UChXOhG9bRDb3vSTg-qkPAZg,Gweilo-60,2019-03-03 00:43:51.553872,11060,0
UChXOhG9bRDb3vSTg-qkPAZg,Gweilo-60,2019-03-03 00:42:51.35921,11060,0
UChXOhG9bRDb3vSTg-qkPAZg,Gweilo-60,2019-03-03 00:41:51.206776,11060,0
UChXOhG9bRDb3vSTg-qkPAZg,Gweilo-60,2019-03-03 00:40:53.213713,11060,0
UChXOhG9bRDb3vSTg-qkPAZg,Gweilo-60,2019-03-03 00:39:51.280881,11060,0
UChXOhG9bRDb3vSTg-qkPAZg,Gweilo-60,2019-03-03 00:38:51.51882,11060,0
UChXOhG9bRDb3vSTg-qkPAZg,Gweilo-60,2019-03-03 00:37:51.681878,11060,0
UChXOhG9bRDb3vSTg-qkPAZg,Gweilo-60,2019-03-03 00:36:51.720451,11060,0
UChXOhG9bRDb3vSTg-qkPAZg,Gweilo-60,2019-03-03 00:35:51.735061,11060,0
UChXOhG9bRDb3vSTg-qkPAZg,Gweilo-60,2019-03-03 00:34:51.479549,11060,0
UChXOhG9bRDb3vSTg-qkPAZg,Gweilo-60,2019-03-03 00:33:51.66567,11060,0
UChXOhG9bRDb3vSTg-qkPAZg,Gweilo-60,2019-03-03 00:32:51.496857,11060,0
UChXOhG9bRDb3vSTg-qkPAZg,Gweilo-60,2019-03-03 00:31:52.562816,11060,0
UChXOhG9bRDb3vSTg-qkPAZg,Gweilo-60,2019-03-03 00:30:51.699222,11060,0
UChXOhG9bRDb3vSTg-qkPAZg,Gweilo-60,2019-03-03 00:29:51.551478,11060,0
UChXOhG9bRDb3vSTg-qkPAZg,Gweilo-60,2019-03-03 00:28:51.837991,11060,0
UChXOhG9bRDb3vSTg-qkPAZg,Gweilo-60,2019-03-03 00:27:51.71561,11060,0
UChXOhG9bRDb3vSTg-qkPAZg,Gweilo-60,2019-03-03 00:26:51.482338,11060,0
UChXOhG9bRDb3vSTg-qkPAZg,Gweilo-60,2019-03-03 00:25:51.599899,11060,0
UChXOhG9bRDb3vSTg-qkPAZg,Gweilo-60,2019-03-03 00:24:51.795435,11060,0
UChXOhG9bRDb3vSTg-qkPAZg,Gweilo-60,2019-03-03 00:23:52.429522,11060,0
UChXOhG9bRDb3vSTg-qkPAZg,Gweilo-60,2019-03-03 00:22:51.769595,11060,0
UChXOhG9bRDb3vSTg-qkPAZg,Gweilo-60,2019-03-03 00:21:51.331972,11060,0
UChXOhG9bRDb3vSTg-qkPAZg,Gweilo-60,2019-03-03 00:20:51.487379,11060,0
UChXOhG9bRDb3vSTg-qkPAZg,Gweilo-60,2019-03-03 00:19:51.264318,11060,0
UChXOhG9bRDb3vSTg-qkPAZg,Gweilo-60,2019-03-03 00:18:51.481167,11060,0
UChXOhG9bRDb3vSTg-qkPAZg,Gweilo-60,2019-03-03 00:17:51.316432,11060,0
UChXOhG9bRDb3vSTg-qkPAZg,Gweilo-60,2019-03-03 00:16:51.635026,11060,0
UChXOhG9bRDb3vSTg-qkPAZg,Gweilo-60,2019-03-03 00:15:51.301828,11060,0
UChXOhG9bRDb3vSTg-qkPAZg,Gweilo-60,2019-03-03 00:14:51.633896,11060,0
UChXOhG9bRDb3vSTg-qkPAZg,Gweilo-60,2019-03-03 00:13:51.359853,11060,0
UChXOhG9bRDb3vSTg-qkPAZg,Gweilo-60,2019-03-03 00:12:51.178296,11060,0
UChXOhG9bRDb3vSTg-qkPAZg,Gweilo-60,2019-03-03 00:11:51.277734,11060,0
UChXOhG9bRDb3vSTg-qkPAZg,Gweilo-60,2019-03-03 00:10:51.468169,11060,0
UChXOhG9bRDb3vSTg-qkPAZg,Gweilo-60,2019-03-03 00:09:51.647248,11060,0
UChXOhG9bRDb3vSTg-qkPAZg,Gweilo-60,2019-03-03 00:08:51.424598,11060,0
UChXOhG9bRDb3vSTg-qkPAZg,Gweilo-60,2019-03-03 00:07:51.598915,11060,0
UChXOhG9bRDb3vSTg-qkPAZg,Gweilo-60,2019-03-03 00:06:51.58806,11060,0
UChXOhG9bRDb3vSTg-qkPAZg,Gweilo-60,2019-03-03 00:05:51.329689,11060,0
UChXOhG9bRDb3vSTg-qkPAZg,Gweilo-60,2019-03-03 00:04:51.11859,11060,0
UChXOhG9bRDb3vSTg-qkPAZg,Gweilo-60,2019-03-03 00:03:51.606723,11060,0
UChXOhG9bRDb3vSTg-qkPAZg,Gweilo-60,2019-03-03 00:02:51.208087,11060,0
UChXOhG9bRDb3vSTg-qkPAZg,Gweilo-60,2019-03-03 00:01:51.374142,11060,0
UChXOhG9bRDb3vSTg-qkPAZg,Gweilo-60,2019-03-03 00:00:51.315914,11060,0
UChXOhG9bRDb3vSTg-qkPAZg,Gweilo-60,2019-03-02 23:59:50.995931,11060,0
UChXOhG9bRDb3vSTg-qkPAZg,Gweilo-60,2019-03-02 23:58:51.254198,11060,1
UChXOhG9bRDb3vSTg-qkPAZg,Gweilo-60,2019-03-02 23:57:51.174458,11059,0
UChXOhG9bRDb3vSTg-qkPAZg,Gweilo-60,2019-03-02 23:56:51.441858,11059,0
UChXOhG9bRDb3vSTg-qkPAZg,Gweilo-60,2019-03-02 23:55:51.107968,11059,0
UChXOhG9bRDb3vSTg-qkPAZg,Gweilo-60,2019-03-02 23:54:51.237502,11059,1
UChXOhG9bRDb3vSTg-qkPAZg,Gweilo-60,2019-03-02 23:53:51.419974,11058,0
UChXOhG9bRDb3vSTg-qkPAZg,Gweilo-60,2019-03-02 23:52:51.762733,11058,0
UChXOhG9bRDb3vSTg-qkPAZg,Gweilo-60,2019-03-02 23:51:51.676295,11058,0
UChXOhG9bRDb3vSTg-qkPAZg,Gweilo-60,2019-03-02 23:50:51.7176,11058,0
UChXOhG9bRDb3vSTg-qkPAZg,Gweilo-60,2019-03-02 23:49:51.847762,11058,0
UChXOhG9bRDb3vSTg-qkPAZg,Gweilo-60,2019-03-02 23:48:50.956631,11058,0
UChXOhG9bRDb3vSTg-qkPAZg,Gweilo-60,2019-03-02 23:47:51.627283,11058,0
UChXOhG9bRDb3vSTg-qkPAZg,Gweilo-60,2019-03-02 23:46:52.004857,11058,0
UChXOhG9bRDb3vSTg-qkPAZg,Gweilo-60,2019-03-02 23:45:50.954292,11058,1
UChXOhG9bRDb3vSTg-qkPAZg,Gweilo-60,2019-03-02 23:44:51.458549,11057,0
UChXOhG9bRDb3vSTg-qkPAZg,Gweilo-60,2019-03-02 23:43:51.878502,11057,0
UChXOhG9bRDb3vSTg-qkPAZg,Gweilo-60,2019-03-02 23:42:51.416304,11057,0
UChXOhG9bRDb3vSTg-qkPAZg,Gweilo-60,2019-03-02 23:41:51.125723,11057,0
UChXOhG9bRDb3vSTg-qkPAZg,Gweilo-60,2019-03-02 23:40:51.434047,11057,0
UChXOhG9bRDb3vSTg-qkPAZg,Gweilo-60,2019-03-02 23:39:51.230422,11057,0
UChXOhG9bRDb3vSTg-qkPAZg,Gweilo-60,2019-03-02 23:38:51.092508,11057,0
UChXOhG9bRDb3vSTg-qkPAZg,Gweilo-60,2019-03-02 23:37:51.370884,11057,0
UChXOhG9bRDb3vSTg-qkPAZg,Gweilo-60,2019-03-02 23:36:51.183557,11057,0
UChXOhG9bRDb3vSTg-qkPAZg,Gweilo-60,2019-03-02 23:35:51.518145,11057,0
UChXOhG9bRDb3vSTg-qkPAZg,Gweilo-60,2019-03-02 23:34:51.857459,11057,0
UChXOhG9bRDb3vSTg-qkPAZg,Gweilo-60,2019-03-02 23:33:51.050809,11057,0
UChXOhG9bRDb3vSTg-qkPAZg,Gweilo-60,2019-03-02 23:32:51.477303,11057,0
UChXOhG9bRDb3vSTg-qkPAZg,Gweilo-60,2019-03-02 23:31:51.730054,11057,0
UChXOhG9bRDb3vSTg-qkPAZg,Gweilo-60,2019-03-02 23:30:50.858809,11057,0
UChXOhG9bRDb3vSTg-qkPAZg,Gweilo-60,2019-03-02 23:29:51.567376,11057,0
UChXOhG9bRDb3vSTg-qkPAZg,Gweilo-60,2019-03-02 23:28:51.70249,11057,0
UChXOhG9bRDb3vSTg-qkPAZg,Gweilo-60,2019-03-02 23:27:51.369356,11057,0
UChXOhG9bRDb3vSTg-qkPAZg,Gweilo-60,2019-03-02 23:26:51.583194,11057,0
UChXOhG9bRDb3vSTg-qkPAZg,Gweilo-60,2019-03-02 23:25:51.775088,11057,0
UChXOhG9bRDb3vSTg-qkPAZg,Gweilo-60,2019-03-02 23:24:51.609188,11057,0
UChXOhG9bRDb3vSTg-qkPAZg,Gweilo-60,2019-03-02 23:23:51.427902,11057,0
UChXOhG9bRDb3vSTg-qkPAZg,Gweilo-60,2019-03-02 23:22:51.490496,11057,0
UChXOhG9bRDb3vSTg-qkPAZg,Gweilo-60,2019-03-02 23:21:51.382059,11057,0
UChXOhG9bRDb3vSTg-qkPAZg,Gweilo-60,2019-03-02 23:20:52.705315,11057,0
UChXOhG9bRDb3vSTg-qkPAZg,Gweilo-60,2019-03-02 23:19:51.4077,11057,0
UChXOhG9bRDb3vSTg-qkPAZg,Gweilo-60,2019-03-02 23:18:51.761259,11057,0
UChXOhG9bRDb3vSTg-qkPAZg,Gweilo-60,2019-03-02 23:17:51.381906,11057,0
UChXOhG9bRDb3vSTg-qkPAZg,Gweilo-60,2019-03-02 23:16:51.654949,11057,0
UChXOhG9bRDb3vSTg-qkPAZg,Gweilo-60,2019-03-02 23:15:52.864968,11057,0
UChXOhG9bRDb3vSTg-qkPAZg,Gweilo-60,2019-03-02 23:14:51.702939,11057,0
UChXOhG9bRDb3vSTg-qkPAZg,Gweilo-60,2019-03-02 23:13:51.802763,11057,0
UChXOhG9bRDb3vSTg-qkPAZg,Gweilo-60,2019-03-02 23:12:52.31092,11057,0
UChXOhG9bRDb3vSTg-qkPAZg,Gweilo-60,2019-03-02 23:11:51.473524,11057,1
UChXOhG9bRDb3vSTg-qkPAZg,Gweilo-60,2019-03-02 23:10:51.927722,11056,0
UChXOhG9bRDb3vSTg-qkPAZg,Gweilo-60,2019-03-02 23:09:51.302113,11056,0
UChXOhG9bRDb3vSTg-qkPAZg,Gweilo-60,2019-03-02 23:08:51.402348,11056,0
UChXOhG9bRDb3vSTg-qkPAZg,Gweilo-60,2019-03-02 23:07:52.40656,11056,0
UChXOhG9bRDb3vSTg-qkPAZg,Gweilo-60,2019-03-02 23:06:51.284462,11056,0
UChXOhG9bRDb3vSTg-qkPAZg,Gweilo-60,2019-03-02 23:05:51.536979,11056,0
UChXOhG9bRDb3vSTg-qkPAZg,Gweilo-60,2019-03-02 23:04:52.755914,11056,0
UChXOhG9bRDb3vSTg-qkPAZg,Gweilo-60,2019-03-02 23:03:51.526114,11056,0
UChXOhG9bRDb3vSTg-qkPAZg,Gweilo-60,2019-03-02 23:02:51.223472,11056,0
UChXOhG9bRDb3vSTg-qkPAZg,Gweilo-60,2019-03-02 23:01:51.69867,11056,0
UChXOhG9bRDb3vSTg-qkPAZg,Gweilo-60,2019-03-02 23:00:51.328331,11056,0
UChXOhG9bRDb3vSTg-qkPAZg,Gweilo-60,2019-03-02 22:59:51.510837,11056,0
UChXOhG9bRDb3vSTg-qkPAZg,Gweilo-60,2019-03-02 22:58:51.931206,11056,0
UChXOhG9bRDb3vSTg-qkPAZg,Gweilo-60,2019-03-02 22:57:51.909589,11056,0
UChXOhG9bRDb3vSTg-qkPAZg,Gweilo-60,2019-03-02 22:56:51.969824,11056,0
UChXOhG9bRDb3vSTg-qkPAZg,Gweilo-60,2019-03-02 22:55:52.077833,11056,0
UChXOhG9bRDb3vSTg-qkPAZg,Gweilo-60,2019-03-02 22:54:51.98454,11056,0
UChXOhG9bRDb3vSTg-qkPAZg,Gweilo-60,2019-03-02 22:53:51.195284,11056,0
UChXOhG9bRDb3vSTg-qkPAZg,Gweilo-60,2019-03-02 22:52:51.730487,11056,0
UChXOhG9bRDb3vSTg-qkPAZg,Gweilo-60,2019-03-02 22:51:51.505929,11056,0
UChXOhG9bRDb3vSTg-qkPAZg,Gweilo-60,2019-03-02 22:50:51.890865,11056,0
UChXOhG9bRDb3vSTg-qkPAZg,Gweilo-60,2019-03-02 22:49:52.103063,11056,0
UChXOhG9bRDb3vSTg-qkPAZg,Gweilo-60,2019-03-02 22:48:51.733091,11056,0
UChXOhG9bRDb3vSTg-qkPAZg,Gweilo-60,2019-03-02 22:47:51.099992,11056,0
UChXOhG9bRDb3vSTg-qkPAZg,Gweilo-60,2019-03-02 22:46:51.791927,11056,0
UChXOhG9bRDb3vSTg-qkPAZg,Gweilo-60,2019-03-02 22:45:51.641518,11056,0
UChXOhG9bRDb3vSTg-qkPAZg,Gweilo-60,2019-03-02 22:44:51.671222,11056,0
UChXOhG9bRDb3vSTg-qkPAZg,Gweilo-60,2019-03-02 22:43:51.938119,11056,0
UChXOhG9bRDb3vSTg-qkPAZg,Gweilo-60,2019-03-02 22:42:51.676934,11056,0
UChXOhG9bRDb3vSTg-qkPAZg,Gweilo-60,2019-03-02 22:41:51.91599,11056,0
UChXOhG9bRDb3vSTg-qkPAZg,Gweilo-60,2019-03-02 22:40:51.463237,11056,0
UChXOhG9bRDb3vSTg-qkPAZg,Gweilo-60,2019-03-02 22:39:52.084269,11056,0
UChXOhG9bRDb3vSTg-qkPAZg,Gweilo-60,2019-03-02 22:38:51.372651,11056,0
UChXOhG9bRDb3vSTg-qkPAZg,Gweilo-60,2019-03-02 22:37:52.114771,11056,0
UChXOhG9bRDb3vSTg-qkPAZg,Gweilo-60,2019-03-02 22:36:52.171514,11056,0
UChXOhG9bRDb3vSTg-qkPAZg,Gweilo-60,2019-03-02 22:35:52.108836,11056,0
UChXOhG9bRDb3vSTg-qkPAZg,Gweilo-60,2019-03-02 22:34:51.670619,11056,0
UChXOhG9bRDb3vSTg-qkPAZg,Gweilo-60,2019-03-02 22:33:51.645095,11056,0
UChXOhG9bRDb3vSTg-qkPAZg,Gweilo-60,2019-03-02 22:32:51.303943,11056,0
UChXOhG9bRDb3vSTg-qkPAZg,Gweilo-60,2019-03-02 22:31:51.321099,11056,0
UChXOhG9bRDb3vSTg-qkPAZg,Gweilo-60,2019-03-02 22:30:51.425151,11056,0
UChXOhG9bRDb3vSTg-qkPAZg,Gweilo-60,2019-03-02 22:29:51.692008,11056,0
UChXOhG9bRDb3vSTg-qkPAZg,Gweilo-60,2019-03-02 22:28:51.777232,11056,0
UChXOhG9bRDb3vSTg-qkPAZg,Gweilo-60,2019-03-02 22:27:51.214696,11056,0
UChXOhG9bRDb3vSTg-qkPAZg,Gweilo-60,2019-03-02 22:26:51.574243,11056,0
UChXOhG9bRDb3vSTg-qkPAZg,Gweilo-60,2019-03-02 22:25:51.000479,11056,0
UChXOhG9bRDb3vSTg-qkPAZg,Gweilo-60,2019-03-02 22:24:51.888652,11056,0
UChXOhG9bRDb3vSTg-qkPAZg,Gweilo-60,2019-03-02 22:23:51.307952,11056,0
UChXOhG9bRDb3vSTg-qkPAZg,Gweilo-60,2019-03-02 22:22:51.714868,11056,0
UChXOhG9bRDb3vSTg-qkPAZg,Gweilo-60,2019-03-02 22:21:51.43085,11056,0
UChXOhG9bRDb3vSTg-qkPAZg,Gweilo-60,2019-03-02 22:20:51.23409,11056,0
UChXOhG9bRDb3vSTg-qkPAZg,Gweilo-60,2019-03-02 22:19:51.472451,11056,0
UChXOhG9bRDb3vSTg-qkPAZg,Gweilo-60,2019-03-02 22:18:51.935372,11056,0
UChXOhG9bRDb3vSTg-qkPAZg,Gweilo-60,2019-03-02 22:17:52.02739,11056,0
UChXOhG9bRDb3vSTg-qkPAZg,Gweilo-60,2019-03-02 22:16:51.019756,11056,0
UChXOhG9bRDb3vSTg-qkPAZg,Gweilo-60,2019-03-02 22:15:51.604311,11056,0
UChXOhG9bRDb3vSTg-qkPAZg,Gweilo-60,2019-03-02 22:14:51.609387,11056,0
UChXOhG9bRDb3vSTg-qkPAZg,Gweilo-60,2019-03-02 22:13:51.54571,11056,0
UChXOhG9bRDb3vSTg-qkPAZg,Gweilo-60,2019-03-02 22:12:51.703311,11056,0
UChXOhG9bRDb3vSTg-qkPAZg,Gweilo-60,2019-03-02 22:11:51.644979,11056,0
UChXOhG9bRDb3vSTg-qkPAZg,Gweilo-60,2019-03-02 22:10:51.261795,11056,0
UChXOhG9bRDb3vSTg-qkPAZg,Gweilo-60,2019-03-02 22:09:51.732951,11056,0
UChXOhG9bRDb3vSTg-qkPAZg,Gweilo-60,2019-03-02 22:08:51.454946,11056,0
UChXOhG9bRDb3vSTg-qkPAZg,Gweilo-60,2019-03-02 22:07:51.243265,11056,0
UChXOhG9bRDb3vSTg-qkPAZg,Gweilo-60,2019-03-02 22:06:51.557691,11056,0
UChXOhG9bRDb3vSTg-qkPAZg,Gweilo-60,2019-03-02 22:05:51.769887,11056,0
UChXOhG9bRDb3vSTg-qkPAZg,Gweilo-60,2019-03-02 22:04:52.146289,11056,0
UChXOhG9bRDb3vSTg-qkPAZg,Gweilo-60,2019-03-02 22:03:51.834587,11056,0
UChXOhG9bRDb3vSTg-qkPAZg,Gweilo-60,2019-03-02 22:02:51.531942,11056,0
UChXOhG9bRDb3vSTg-qkPAZg,Gweilo-60,2019-03-02 22:01:51.86502,11056,0
UChXOhG9bRDb3vSTg-qkPAZg,Gweilo-60,2019-03-02 22:00:51.675467,11056,0
UChXOhG9bRDb3vSTg-qkPAZg,Gweilo-60,2019-03-02 21:59:51.948727,11056,0
UChXOhG9bRDb3vSTg-qkPAZg,Gweilo-60,2019-03-02 21:58:51.584696,11056,1
UChXOhG9bRDb3vSTg-qkPAZg,Gweilo-60,2019-03-02 21:57:52.490595,11055,0
UChXOhG9bRDb3vSTg-qkPAZg,Gweilo-60,2019-03-02 21:56:51.82454,11055,0
UChXOhG9bRDb3vSTg-qkPAZg,Gweilo-60,2019-03-02 21:55:52.418543,11055,0
UChXOhG9bRDb3vSTg-qkPAZg,Gweilo-60,2019-03-02 21:54:51.947537,11055,0
UChXOhG9bRDb3vSTg-qkPAZg,Gweilo-60,2019-03-02 21:53:52.720178,11055,0
UChXOhG9bRDb3vSTg-qkPAZg,Gweilo-60,2019-03-02 21:52:51.615115,11055,0
UChXOhG9bRDb3vSTg-qkPAZg,Gweilo-60,2019-03-02 21:51:51.793809,11055,0
UChXOhG9bRDb3vSTg-qkPAZg,Gweilo-60,2019-03-02 21:50:52.306575,11055,0
UChXOhG9bRDb3vSTg-qkPAZg,Gweilo-60,2019-03-02 21:49:51.678155,11055,0
UChXOhG9bRDb3vSTg-qkPAZg,Gweilo-60,2019-03-02 21:48:52.158718,11055,0
UChXOhG9bRDb3vSTg-qkPAZg,Gweilo-60,2019-03-02 21:47:51.857778,11055,-1
UChXOhG9bRDb3vSTg-qkPAZg,Gweilo-60,2019-03-02 21:46:51.947531,11056,0
UChXOhG9bRDb3vSTg-qkPAZg,Gweilo-60,2019-03-02 21:45:51.51088,11056,0
UChXOhG9bRDb3vSTg-qkPAZg,Gweilo-60,2019-03-02 21:44:51.855419,11056,0
UChXOhG9bRDb3vSTg-qkPAZg,Gweilo-60,2019-03-02 21:43:51.949078,11056,0
UChXOhG9bRDb3vSTg-qkPAZg,Gweilo-60,2019-03-02 21:42:51.778654,11056,0
UChXOhG9bRDb3vSTg-qkPAZg,Gweilo-60,2019-03-02 21:41:51.490622,11056,0
UChXOhG9bRDb3vSTg-qkPAZg,Gweilo-60,2019-03-02 21:40:53.534096,11056,0
UChXOhG9bRDb3vSTg-qkPAZg,Gweilo-60,2019-03-02 21:39:51.255901,11056,0
UChXOhG9bRDb3vSTg-qkPAZg,Gweilo-60,2019-03-02 21:38:52.52835,11056,0
UChXOhG9bRDb3vSTg-qkPAZg,Gweilo-60,2019-03-02 21:37:51.782877,11056,0
UChXOhG9bRDb3vSTg-qkPAZg,Gweilo-60,2019-03-02 21:36:51.732358,11056,0
UChXOhG9bRDb3vSTg-qkPAZg,Gweilo-60,2019-03-02 21:35:51.200279,11056,0
UChXOhG9bRDb3vSTg-qkPAZg,Gweilo-60,2019-03-02 21:34:52.163673,11056,0
UChXOhG9bRDb3vSTg-qkPAZg,Gweilo-60,2019-03-02 21:33:51.752896,11056,0
UChXOhG9bRDb3vSTg-qkPAZg,Gweilo-60,2019-03-02 21:32:51.913755,11056,0
UChXOhG9bRDb3vSTg-qkPAZg,Gweilo-60,2019-03-02 21:31:51.800282,11056,0
UChXOhG9bRDb3vSTg-qkPAZg,Gweilo-60,2019-03-02 21:30:52.074458,11056,0
UChXOhG9bRDb3vSTg-qkPAZg,Gweilo-60,2019-03-02 21:29:51.736524,11056,0
UChXOhG9bRDb3vSTg-qkPAZg,Gweilo-60,2019-03-02 21:28:51.950838,11056,0
UChXOhG9bRDb3vSTg-qkPAZg,Gweilo-60,2019-03-02 21:27:51.877688,11056,0
UChXOhG9bRDb3vSTg-qkPAZg,Gweilo-60,2019-03-02 21:26:52.050518,11056,0
UChXOhG9bRDb3vSTg-qkPAZg,Gweilo-60,2019-03-02 21:25:52.292741,11056,0
UChXOhG9bRDb3vSTg-qkPAZg,Gweilo-60,2019-03-02 21:24:52.2426,11056,0
UChXOhG9bRDb3vSTg-qkPAZg,Gweilo-60,2019-03-02 21:23:52.37029,11056,0
UChXOhG9bRDb3vSTg-qkPAZg,Gweilo-60,2019-03-02 21:22:52.151379,11056,0
UChXOhG9bRDb3vSTg-qkPAZg,Gweilo-60,2019-03-02 21:21:51.749596,11056,0
UChXOhG9bRDb3vSTg-qkPAZg,Gweilo-60,2019-03-02 21:20:51.719903,11056,0
UChXOhG9bRDb3vSTg-qkPAZg,Gweilo-60,2019-03-02 21:19:52.145387,11056,0
UChXOhG9bRDb3vSTg-qkPAZg,Gweilo-60,2019-03-02 21:18:52.105646,11056,0
UChXOhG9bRDb3vSTg-qkPAZg,Gweilo-60,2019-03-02 21:17:51.505186,11056,0
UChXOhG9bRDb3vSTg-qkPAZg,Gweilo-60,2019-03-02 21:16:51.88829,11056,0
UChXOhG9bRDb3vSTg-qkPAZg,Gweilo-60,2019-03-02 21:15:51.305215,11056,0
UChXOhG9bRDb3vSTg-qkPAZg,Gweilo-60,2019-03-02 21:14:51.964308,11056,0
UChXOhG9bRDb3vSTg-qkPAZg,Gweilo-60,2019-03-02 21:13:52.303252,11056,0
UChXOhG9bRDb3vSTg-qkPAZg,Gweilo-60,2019-03-02 21:12:51.819993,11056,0
UChXOhG9bRDb3vSTg-qkPAZg,Gweilo-60,2019-03-02 21:11:53.077726,11056,0
UChXOhG9bRDb3vSTg-qkPAZg,Gweilo-60,2019-03-02 21:10:52.080524,11056,0
UChXOhG9bRDb3vSTg-qkPAZg,Gweilo-60,2019-03-02 21:09:51.662593,11056,0
UChXOhG9bRDb3vSTg-qkPAZg,Gweilo-60,2019-03-02 21:08:51.647601,11056,0
UChXOhG9bRDb3vSTg-qkPAZg,Gweilo-60,2019-03-02 21:07:51.982386,11056,0
UChXOhG9bRDb3vSTg-qkPAZg,Gweilo-60,2019-03-02 21:06:51.75368,11056,0
UChXOhG9bRDb3vSTg-qkPAZg,Gweilo-60,2019-03-02 21:05:52.314319,11056,1
UChXOhG9bRDb3vSTg-qkPAZg,Gweilo-60,2019-03-02 21:04:51.392964,11055,0
UChXOhG9bRDb3vSTg-qkPAZg,Gweilo-60,2019-03-02 21:03:52.124011,11055,0
UChXOhG9bRDb3vSTg-qkPAZg,Gweilo-60,2019-03-02 21:02:52.246076,11055,0
UChXOhG9bRDb3vSTg-qkPAZg,Gweilo-60,2019-03-02 21:01:52.668778,11055,0
UChXOhG9bRDb3vSTg-qkPAZg,Gweilo-60,2019-03-02 21:00:51.609943,11055,0
UChXOhG9bRDb3vSTg-qkPAZg,Gweilo-60,2019-03-02 20:59:51.628822,11055,0
UChXOhG9bRDb3vSTg-qkPAZg,Gweilo-60,2019-03-02 20:58:51.727713,11055,0
UChXOhG9bRDb3vSTg-qkPAZg,Gweilo-60,2019-03-02 20:57:52.056655,11055,1
UChXOhG9bRDb3vSTg-qkPAZg,Gweilo-60,2019-03-02 20:56:51.833121,11054,0
UChXOhG9bRDb3vSTg-qkPAZg,Gweilo-60,2019-03-02 20:55:51.618622,11054,0
UChXOhG9bRDb3vSTg-qkPAZg,Gweilo-60,2019-03-02 20:54:51.894515,11054,0
UChXOhG9bRDb3vSTg-qkPAZg,Gweilo-60,2019-03-02 20:53:51.899138,11054,0
UChXOhG9bRDb3vSTg-qkPAZg,Gweilo-60,2019-03-02 20:52:52.000536,11054,0
UChXOhG9bRDb3vSTg-qkPAZg,Gweilo-60,2019-03-02 20:51:51.368406,11054,0
UChXOhG9bRDb3vSTg-qkPAZg,Gweilo-60,2019-03-02 20:50:51.794863,11054,0
UChXOhG9bRDb3vSTg-qkPAZg,Gweilo-60,2019-03-02 20:49:51.869092,11054,0
UChXOhG9bRDb3vSTg-qkPAZg,Gweilo-60,2019-03-02 20:48:51.882547,11054,0
UChXOhG9bRDb3vSTg-qkPAZg,Gweilo-60,2019-03-02 20:47:51.862884,11054,0
UChXOhG9bRDb3vSTg-qkPAZg,Gweilo-60,2019-03-02 20:46:51.94865,11054,0
UChXOhG9bRDb3vSTg-qkPAZg,Gweilo-60,2019-03-02 20:45:52.156335,11054,0
UChXOhG9bRDb3vSTg-qkPAZg,Gweilo-60,2019-03-02 20:44:51.506407,11054,0
UChXOhG9bRDb3vSTg-qkPAZg,Gweilo-60,2019-03-02 20:43:51.752848,11054,0
UChXOhG9bRDb3vSTg-qkPAZg,Gweilo-60,2019-03-02 20:42:51.998036,11054,0
UChXOhG9bRDb3vSTg-qkPAZg,Gweilo-60,2019-03-02 20:41:51.510482,11054,0
UChXOhG9bRDb3vSTg-qkPAZg,Gweilo-60,2019-03-02 20:40:51.803387,11054,0
UChXOhG9bRDb3vSTg-qkPAZg,Gweilo-60,2019-03-02 20:39:51.935611,11054,0
UChXOhG9bRDb3vSTg-qkPAZg,Gweilo-60,2019-03-02 20:38:51.644265,11054,0
UChXOhG9bRDb3vSTg-qkPAZg,Gweilo-60,2019-03-02 20:37:51.962957,11054,0
UChXOhG9bRDb3vSTg-qkPAZg,Gweilo-60,2019-03-02 20:36:51.755068,11054,0
UChXOhG9bRDb3vSTg-qkPAZg,Gweilo-60,2019-03-02 20:35:51.439508,11054,0
UChXOhG9bRDb3vSTg-qkPAZg,Gweilo-60,2019-03-02 20:34:52.303071,11054,0
UChXOhG9bRDb3vSTg-qkPAZg,Gweilo-60,2019-03-02 20:33:51.661967,11054,0
UChXOhG9bRDb3vSTg-qkPAZg,Gweilo-60,2019-03-02 20:32:53.001119,11054,0
UChXOhG9bRDb3vSTg-qkPAZg,Gweilo-60,2019-03-02 20:31:52.152043,11054,0
UChXOhG9bRDb3vSTg-qkPAZg,Gweilo-60,2019-03-02 20:30:51.579051,11054,0
UChXOhG9bRDb3vSTg-qkPAZg,Gweilo-60,2019-03-02 20:29:51.988083,11054,0
UChXOhG9bRDb3vSTg-qkPAZg,Gweilo-60,2019-03-02 20:28:51.411773,11054,0
UChXOhG9bRDb3vSTg-qkPAZg,Gweilo-60,2019-03-02 20:27:51.872583,11054,0
UChXOhG9bRDb3vSTg-qkPAZg,Gweilo-60,2019-03-02 20:26:51.88709,11054,0
UChXOhG9bRDb3vSTg-qkPAZg,Gweilo-60,2019-03-02 20:25:51.64757,11054,0
UChXOhG9bRDb3vSTg-qkPAZg,Gweilo-60,2019-03-02 20:24:51.188127,11054,0
UChXOhG9bRDb3vSTg-qkPAZg,Gweilo-60,2019-03-02 20:23:51.983941,11054,0
UChXOhG9bRDb3vSTg-qkPAZg,Gweilo-60,2019-03-02 20:22:51.908978,11054,0
UChXOhG9bRDb3vSTg-qkPAZg,Gweilo-60,2019-03-02 20:21:51.805743,11054,0
UChXOhG9bRDb3vSTg-qkPAZg,Gweilo-60,2019-03-02 20:20:51.850978,11054,0
UChXOhG9bRDb3vSTg-qkPAZg,Gweilo-60,2019-03-02 20:19:51.219209,11054,0
UChXOhG9bRDb3vSTg-qkPAZg,Gweilo-60,2019-03-02 20:18:51.910552,11054,0
UChXOhG9bRDb3vSTg-qkPAZg,Gweilo-60,2019-03-02 20:17:51.881122,11054,0
UChXOhG9bRDb3vSTg-qkPAZg,Gweilo-60,2019-03-02 20:16:51.434458,11054,0
UChXOhG9bRDb3vSTg-qkPAZg,Gweilo-60,2019-03-02 20:15:51.559206,11054,0
UChXOhG9bRDb3vSTg-qkPAZg,Gweilo-60,2019-03-02 20:14:52.82466,11054,0
UChXOhG9bRDb3vSTg-qkPAZg,Gweilo-60,2019-03-02 20:13:52.097592,11054,0
UChXOhG9bRDb3vSTg-qkPAZg,Gweilo-60,2019-03-02 20:12:52.076009,11054,0
UChXOhG9bRDb3vSTg-qkPAZg,Gweilo-60,2019-03-02 20:11:52.183837,11054,0
UChXOhG9bRDb3vSTg-qkPAZg,Gweilo-60,2019-03-02 20:10:51.424325,11054,0
UChXOhG9bRDb3vSTg-qkPAZg,Gweilo-60,2019-03-02 20:09:51.798836,11054,0
UChXOhG9bRDb3vSTg-qkPAZg,Gweilo-60,2019-03-02 20:08:51.926485,11054,0
UChXOhG9bRDb3vSTg-qkPAZg,Gweilo-60,2019-03-02 20:07:51.778983,11054,0
UChXOhG9bRDb3vSTg-qkPAZg,Gweilo-60,2019-03-02 20:06:52.076392,11054,0
UChXOhG9bRDb3vSTg-qkPAZg,Gweilo-60,2019-03-02 20:05:51.994559,11054,0
UChXOhG9bRDb3vSTg-qkPAZg,Gweilo-60,2019-03-02 20:04:51.326445,11054,0
UChXOhG9bRDb3vSTg-qkPAZg,Gweilo-60,2019-03-02 20:03:51.777018,11054,0
UChXOhG9bRDb3vSTg-qkPAZg,Gweilo-60,2019-03-02 20:02:51.819475,11054,0
UChXOhG9bRDb3vSTg-qkPAZg,Gweilo-60,2019-03-02 20:01:51.982367,11054,0
UChXOhG9bRDb3vSTg-qkPAZg,Gweilo-60,2019-03-02 20:00:52.125659,11054,0
UChXOhG9bRDb3vSTg-qkPAZg,Gweilo-60,2019-03-02 19:59:51.808014,11054,0
UChXOhG9bRDb3vSTg-qkPAZg,Gweilo-60,2019-03-02 19:58:52.177733,11054,0
UChXOhG9bRDb3vSTg-qkPAZg,Gweilo-60,2019-03-02 19:57:51.665984,11054,0
UChXOhG9bRDb3vSTg-qkPAZg,Gweilo-60,2019-03-02 19:56:51.590858,11054,0
UChXOhG9bRDb3vSTg-qkPAZg,Gweilo-60,2019-03-02 19:55:51.553972,11054,0
UChXOhG9bRDb3vSTg-qkPAZg,Gweilo-60,2019-03-02 19:54:51.484777,11054,0
UChXOhG9bRDb3vSTg-qkPAZg,Gweilo-60,2019-03-02 19:53:51.50935,11054,0
UChXOhG9bRDb3vSTg-qkPAZg,Gweilo-60,2019-03-02 19:52:51.77804,11054,0
UChXOhG9bRDb3vSTg-qkPAZg,Gweilo-60,2019-03-02 19:51:52.072986,11054,0
UChXOhG9bRDb3vSTg-qkPAZg,Gweilo-60,2019-03-02 19:50:51.070937,11054,0
UChXOhG9bRDb3vSTg-qkPAZg,Gweilo-60,2019-03-02 19:49:51.176573,11054,0
UChXOhG9bRDb3vSTg-qkPAZg,Gweilo-60,2019-03-02 19:48:51.582909,11054,0
UChXOhG9bRDb3vSTg-qkPAZg,Gweilo-60,2019-03-02 19:47:51.701095,11054,0
UChXOhG9bRDb3vSTg-qkPAZg,Gweilo-60,2019-03-02 19:46:51.901854,11054,0
UChXOhG9bRDb3vSTg-qkPAZg,Gweilo-60,2019-03-02 19:45:54.405766,11054,0
UChXOhG9bRDb3vSTg-qkPAZg,Gweilo-60,2019-03-02 19:44:52.19863,11054,0
UChXOhG9bRDb3vSTg-qkPAZg,Gweilo-60,2019-03-02 19:43:51.749175,11054,0
UChXOhG9bRDb3vSTg-qkPAZg,Gweilo-60,2019-03-02 19:42:52.126844,11054,0
UChXOhG9bRDb3vSTg-qkPAZg,Gweilo-60,2019-03-02 19:41:51.923536,11054,0
UChXOhG9bRDb3vSTg-qkPAZg,Gweilo-60,2019-03-02 19:40:51.628354,11054,0
UChXOhG9bRDb3vSTg-qkPAZg,Gweilo-60,2019-03-02 19:39:51.339298,11054,0
UChXOhG9bRDb3vSTg-qkPAZg,Gweilo-60,2019-03-02 19:38:52.074435,11054,0
UChXOhG9bRDb3vSTg-qkPAZg,Gweilo-60,2019-03-02 19:37:51.764119,11054,0
UChXOhG9bRDb3vSTg-qkPAZg,Gweilo-60,2019-03-02 19:36:55.198999,11054,0
UChXOhG9bRDb3vSTg-qkPAZg,Gweilo-60,2019-03-02 19:35:51.650242,11054,0
UChXOhG9bRDb3vSTg-qkPAZg,Gweilo-60,2019-03-02 19:34:51.736849,11054,0
UChXOhG9bRDb3vSTg-qkPAZg,Gweilo-60,2019-03-02 19:33:51.374258,11054,0
UChXOhG9bRDb3vSTg-qkPAZg,Gweilo-60,2019-03-02 19:32:51.569615,11054,0
UChXOhG9bRDb3vSTg-qkPAZg,Gweilo-60,2019-03-02 19:31:51.387787,11054,0
UChXOhG9bRDb3vSTg-qkPAZg,Gweilo-60,2019-03-02 19:30:51.938466,11054,0
UChXOhG9bRDb3vSTg-qkPAZg,Gweilo-60,2019-03-02 19:29:51.764495,11054,0
UChXOhG9bRDb3vSTg-qkPAZg,Gweilo-60,2019-03-02 19:28:51.869736,11054,0
UChXOhG9bRDb3vSTg-qkPAZg,Gweilo-60,2019-03-02 19:27:51.694937,11054,0
UChXOhG9bRDb3vSTg-qkPAZg,Gweilo-60,2019-03-02 19:26:51.750791,11054,0
UChXOhG9bRDb3vSTg-qkPAZg,Gweilo-60,2019-03-02 19:25:51.873061,11054,0
UChXOhG9bRDb3vSTg-qkPAZg,Gweilo-60,2019-03-02 19:24:51.525004,11054,0
UChXOhG9bRDb3vSTg-qkPAZg,Gweilo-60,2019-03-02 19:23:51.488809,11054,0
UChXOhG9bRDb3vSTg-qkPAZg,Gweilo-60,2019-03-02 19:22:51.51347,11054,0
UChXOhG9bRDb3vSTg-qkPAZg,Gweilo-60,2019-03-02 19:21:51.687955,11054,0
UChXOhG9bRDb3vSTg-qkPAZg,Gweilo-60,2019-03-02 19:20:51.564985,11054,0
UChXOhG9bRDb3vSTg-qkPAZg,Gweilo-60,2019-03-02 19:19:51.824883,11054,0
UChXOhG9bRDb3vSTg-qkPAZg,Gweilo-60,2019-03-02 19:18:51.607686,11054,0
UChXOhG9bRDb3vSTg-qkPAZg,Gweilo-60,2019-03-02 19:17:51.696394,11054,0
UChXOhG9bRDb3vSTg-qkPAZg,Gweilo-60,2019-03-02 19:16:52.346674,11054,0
UChXOhG9bRDb3vSTg-qkPAZg,Gweilo-60,2019-03-02 19:15:51.83691,11054,0
UChXOhG9bRDb3vSTg-qkPAZg,Gweilo-60,2019-03-02 19:14:51.323623,11054,0
UChXOhG9bRDb3vSTg-qkPAZg,Gweilo-60,2019-03-02 19:13:51.482352,11054,0
UChXOhG9bRDb3vSTg-qkPAZg,Gweilo-60,2019-03-02 19:12:52.516341,11054,0
UChXOhG9bRDb3vSTg-qkPAZg,Gweilo-60,2019-03-02 19:11:51.824337,11054,0
UChXOhG9bRDb3vSTg-qkPAZg,Gweilo-60,2019-03-02 19:10:51.626733,11054,0
UChXOhG9bRDb3vSTg-qkPAZg,Gweilo-60,2019-03-02 19:09:51.686132,11054,0
UChXOhG9bRDb3vSTg-qkPAZg,Gweilo-60,2019-03-02 19:08:51.514377,11054,0
UChXOhG9bRDb3vSTg-qkPAZg,Gweilo-60,2019-03-02 19:07:52.056621,11054,0
UChXOhG9bRDb3vSTg-qkPAZg,Gweilo-60,2019-03-02 19:06:52.279568,11054,0
UChXOhG9bRDb3vSTg-qkPAZg,Gweilo-60,2019-03-02 19:05:51.575528,11054,0
UChXOhG9bRDb3vSTg-qkPAZg,Gweilo-60,2019-03-02 19:04:51.446201,11054,0
UChXOhG9bRDb3vSTg-qkPAZg,Gweilo-60,2019-03-02 19:03:51.265302,11054,0
UChXOhG9bRDb3vSTg-qkPAZg,Gweilo-60,2019-03-02 19:02:51.79635,11054,1
UChXOhG9bRDb3vSTg-qkPAZg,Gweilo-60,2019-03-02 19:01:51.201255,11053,0
UChXOhG9bRDb3vSTg-qkPAZg,Gweilo-60,2019-03-02 19:00:51.922688,11053,0
UChXOhG9bRDb3vSTg-qkPAZg,Gweilo-60,2019-03-02 18:59:51.736712,11053,0
UChXOhG9bRDb3vSTg-qkPAZg,Gweilo-60,2019-03-02 18:58:51.866249,11053,0
UChXOhG9bRDb3vSTg-qkPAZg,Gweilo-60,2019-03-02 18:57:51.808481,11053,0
UChXOhG9bRDb3vSTg-qkPAZg,Gweilo-60,2019-03-02 18:56:52.463549,11053,0
UChXOhG9bRDb3vSTg-qkPAZg,Gweilo-60,2019-03-02 18:55:51.184385,11053,0
UChXOhG9bRDb3vSTg-qkPAZg,Gweilo-60,2019-03-02 18:54:51.539568,11053,0
UChXOhG9bRDb3vSTg-qkPAZg,Gweilo-60,2019-03-02 18:53:52.012154,11053,0
UChXOhG9bRDb3vSTg-qkPAZg,Gweilo-60,2019-03-02 18:52:51.204802,11053,0
UChXOhG9bRDb3vSTg-qkPAZg,Gweilo-60,2019-03-02 18:51:51.315827,11053,0
UChXOhG9bRDb3vSTg-qkPAZg,Gweilo-60,2019-03-02 18:50:51.737119,11053,0
UChXOhG9bRDb3vSTg-qkPAZg,Gweilo-60,2019-03-02 18:49:51.539292,11053,0
UChXOhG9bRDb3vSTg-qkPAZg,Gweilo-60,2019-03-02 18:48:51.708877,11053,0
UChXOhG9bRDb3vSTg-qkPAZg,Gweilo-60,2019-03-02 18:47:51.781776,11053,0
UChXOhG9bRDb3vSTg-qkPAZg,Gweilo-60,2019-03-02 18:46:52.031299,11053,0
UChXOhG9bRDb3vSTg-qkPAZg,Gweilo-60,2019-03-02 18:45:51.795763,11053,0
UChXOhG9bRDb3vSTg-qkPAZg,Gweilo-60,2019-03-02 18:44:51.570675,11053,0
UChXOhG9bRDb3vSTg-qkPAZg,Gweilo-60,2019-03-02 18:43:51.618771,11053,0
UChXOhG9bRDb3vSTg-qkPAZg,Gweilo-60,2019-03-02 18:42:51.408887,11053,0
UChXOhG9bRDb3vSTg-qkPAZg,Gweilo-60,2019-03-02 18:41:52.273551,11053,0
UChXOhG9bRDb3vSTg-qkPAZg,Gweilo-60,2019-03-02 18:40:51.501171,11053,0
UChXOhG9bRDb3vSTg-qkPAZg,Gweilo-60,2019-03-02 18:39:51.391088,11053,0
UChXOhG9bRDb3vSTg-qkPAZg,Gweilo-60,2019-03-02 18:38:51.484723,11053,0
UChXOhG9bRDb3vSTg-qkPAZg,Gweilo-60,2019-03-02 18:37:51.758473,11053,0
UChXOhG9bRDb3vSTg-qkPAZg,Gweilo-60,2019-03-02 18:36:52.064345,11053,0
UChXOhG9bRDb3vSTg-qkPAZg,Gweilo-60,2019-03-02 18:35:51.505984,11053,0
UChXOhG9bRDb3vSTg-qkPAZg,Gweilo-60,2019-03-02 18:34:51.58192,11053,0
UChXOhG9bRDb3vSTg-qkPAZg,Gweilo-60,2019-03-02 18:33:51.68874,11053,0
UChXOhG9bRDb3vSTg-qkPAZg,Gweilo-60,2019-03-02 18:32:51.268349,11053,0
UChXOhG9bRDb3vSTg-qkPAZg,Gweilo-60,2019-03-02 18:31:51.992267,11053,0
UChXOhG9bRDb3vSTg-qkPAZg,Gweilo-60,2019-03-02 18:30:52.074107,11053,0
UChXOhG9bRDb3vSTg-qkPAZg,Gweilo-60,2019-03-02 18:29:51.605351,11053,0
UChXOhG9bRDb3vSTg-qkPAZg,Gweilo-60,2019-03-02 18:28:51.609159,11053,0
UChXOhG9bRDb3vSTg-qkPAZg,Gweilo-60,2019-03-02 18:27:51.443203,11053,0
UChXOhG9bRDb3vSTg-qkPAZg,Gweilo-60,2019-03-02 18:26:51.569034,11053,0
UChXOhG9bRDb3vSTg-qkPAZg,Gweilo-60,2019-03-02 18:25:51.780162,11053,0
UChXOhG9bRDb3vSTg-qkPAZg,Gweilo-60,2019-03-02 18:24:51.269627,11053,0
UChXOhG9bRDb3vSTg-qkPAZg,Gweilo-60,2019-03-02 18:23:51.762444,11053,0
UChXOhG9bRDb3vSTg-qkPAZg,Gweilo-60,2019-03-02 18:22:51.976517,11053,0
UChXOhG9bRDb3vSTg-qkPAZg,Gweilo-60,2019-03-02 18:21:51.770397,11053,0
UChXOhG9bRDb3vSTg-qkPAZg,Gweilo-60,2019-03-02 18:20:52.32421,11053,0
UChXOhG9bRDb3vSTg-qkPAZg,Gweilo-60,2019-03-02 18:19:51.999989,11053,0
UChXOhG9bRDb3vSTg-qkPAZg,Gweilo-60,2019-03-02 18:18:52.06297,11053,0
UChXOhG9bRDb3vSTg-qkPAZg,Gweilo-60,2019-03-02 18:17:51.768769,11053,0
UChXOhG9bRDb3vSTg-qkPAZg,Gweilo-60,2019-03-02 18:16:51.634525,11053,0
UChXOhG9bRDb3vSTg-qkPAZg,Gweilo-60,2019-03-02 18:15:51.74443,11053,0
UChXOhG9bRDb3vSTg-qkPAZg,Gweilo-60,2019-03-02 18:14:51.593902,11053,0
UChXOhG9bRDb3vSTg-qkPAZg,Gweilo-60,2019-03-02 18:13:51.540027,11053,0
UChXOhG9bRDb3vSTg-qkPAZg,Gweilo-60,2019-03-02 18:12:52.196581,11053,0
UChXOhG9bRDb3vSTg-qkPAZg,Gweilo-60,2019-03-02 18:11:52.002398,11053,0
UChXOhG9bRDb3vSTg-qkPAZg,Gweilo-60,2019-03-02 18:10:51.596685,11053,0
UChXOhG9bRDb3vSTg-qkPAZg,Gweilo-60,2019-03-02 18:09:51.335005,11053,1
UChXOhG9bRDb3vSTg-qkPAZg,Gweilo-60,2019-03-02 18:08:52.685598,11052,0
UChXOhG9bRDb3vSTg-qkPAZg,Gweilo-60,2019-03-02 18:07:51.612587,11052,0
UChXOhG9bRDb3vSTg-qkPAZg,Gweilo-60,2019-03-02 18:06:51.914095,11052,0
UChXOhG9bRDb3vSTg-qkPAZg,Gweilo-60,2019-03-02 18:05:52.878415,11052,0
UChXOhG9bRDb3vSTg-qkPAZg,Gweilo-60,2019-03-02 18:04:52.001084,11052,0
UChXOhG9bRDb3vSTg-qkPAZg,Gweilo-60,2019-03-02 18:03:51.46749,11052,0
UChXOhG9bRDb3vSTg-qkPAZg,Gweilo-60,2019-03-02 18:02:51.888793,11052,0
UChXOhG9bRDb3vSTg-qkPAZg,Gweilo-60,2019-03-02 18:01:51.467491,11052,0
UChXOhG9bRDb3vSTg-qkPAZg,Gweilo-60,2019-03-02 18:00:52.444743,11052,0
UChXOhG9bRDb3vSTg-qkPAZg,Gweilo-60,2019-03-02 17:59:51.879602,11052,0
UChXOhG9bRDb3vSTg-qkPAZg,Gweilo-60,2019-03-02 17:58:51.604191,11052,0
UChXOhG9bRDb3vSTg-qkPAZg,Gweilo-60,2019-03-02 17:57:52.265288,11052,0
UChXOhG9bRDb3vSTg-qkPAZg,Gweilo-60,2019-03-02 17:56:52.50084,11052,0
UChXOhG9bRDb3vSTg-qkPAZg,Gweilo-60,2019-03-02 17:55:51.705227,11052,0
UChXOhG9bRDb3vSTg-qkPAZg,Gweilo-60,2019-03-02 17:54:52.407143,11052,0
UChXOhG9bRDb3vSTg-qkPAZg,Gweilo-60,2019-03-02 17:53:51.6015,11052,0
UChXOhG9bRDb3vSTg-qkPAZg,Gweilo-60,2019-03-02 17:52:51.957454,11052,0
UChXOhG9bRDb3vSTg-qkPAZg,Gweilo-60,2019-03-02 17:51:52.124078,11052,0
UChXOhG9bRDb3vSTg-qkPAZg,Gweilo-60,2019-03-02 17:50:51.583145,11052,0
UChXOhG9bRDb3vSTg-qkPAZg,Gweilo-60,2019-03-02 17:49:51.524863,11052,0
UChXOhG9bRDb3vSTg-qkPAZg,Gweilo-60,2019-03-02 17:48:52.252793,11052,0
UChXOhG9bRDb3vSTg-qkPAZg,Gweilo-60,2019-03-02 17:47:52.022064,11052,0
UChXOhG9bRDb3vSTg-qkPAZg,Gweilo-60,2019-03-02 17:46:52.35224,11052,0
UChXOhG9bRDb3vSTg-qkPAZg,Gweilo-60,2019-03-02 17:45:52.447112,11052,0
UChXOhG9bRDb3vSTg-qkPAZg,Gweilo-60,2019-03-02 17:44:51.804485,11052,0
UChXOhG9bRDb3vSTg-qkPAZg,Gweilo-60,2019-03-02 17:43:52.145461,11052,0
UChXOhG9bRDb3vSTg-qkPAZg,Gweilo-60,2019-03-02 17:42:51.798519,11052,0
UChXOhG9bRDb3vSTg-qkPAZg,Gweilo-60,2019-03-02 17:41:52.355051,11052,0
UChXOhG9bRDb3vSTg-qkPAZg,Gweilo-60,2019-03-02 17:40:52.102657,11052,0
UChXOhG9bRDb3vSTg-qkPAZg,Gweilo-60,2019-03-02 17:39:52.400403,11052,0
UChXOhG9bRDb3vSTg-qkPAZg,Gweilo-60,2019-03-02 17:38:52.094892,11052,0
UChXOhG9bRDb3vSTg-qkPAZg,Gweilo-60,2019-03-02 17:37:51.559108,11052,0
UChXOhG9bRDb3vSTg-qkPAZg,Gweilo-60,2019-03-02 17:36:52.079143,11052,0
UChXOhG9bRDb3vSTg-qkPAZg,Gweilo-60,2019-03-02 17:35:52.229719,11052,0
UChXOhG9bRDb3vSTg-qkPAZg,Gweilo-60,2019-03-02 17:34:52.159196,11052,0
UChXOhG9bRDb3vSTg-qkPAZg,Gweilo-60,2019-03-02 17:33:51.702794,11052,0
UChXOhG9bRDb3vSTg-qkPAZg,Gweilo-60,2019-03-02 17:32:51.773121,11052,0
UChXOhG9bRDb3vSTg-qkPAZg,Gweilo-60,2019-03-02 17:31:51.972055,11052,0
UChXOhG9bRDb3vSTg-qkPAZg,Gweilo-60,2019-03-02 17:30:52.166114,11052,0
UChXOhG9bRDb3vSTg-qkPAZg,Gweilo-60,2019-03-02 17:29:51.496168,11052,0
UChXOhG9bRDb3vSTg-qkPAZg,Gweilo-60,2019-03-02 17:28:51.839893,11052,0
UChXOhG9bRDb3vSTg-qkPAZg,Gweilo-60,2019-03-02 17:27:51.722289,11052,0
UChXOhG9bRDb3vSTg-qkPAZg,Gweilo-60,2019-03-02 17:26:51.895681,11052,0
UChXOhG9bRDb3vSTg-qkPAZg,Gweilo-60,2019-03-02 17:25:51.831396,11052,0
UChXOhG9bRDb3vSTg-qkPAZg,Gweilo-60,2019-03-02 17:24:51.484844,11052,0
UChXOhG9bRDb3vSTg-qkPAZg,Gweilo-60,2019-03-02 17:23:51.774487,11052,0
UChXOhG9bRDb3vSTg-qkPAZg,Gweilo-60,2019-03-02 17:22:51.36059,11052,0
UChXOhG9bRDb3vSTg-qkPAZg,Gweilo-60,2019-03-02 17:21:51.816858,11052,0
UChXOhG9bRDb3vSTg-qkPAZg,Gweilo-60,2019-03-02 17:20:51.706133,11052,0
UChXOhG9bRDb3vSTg-qkPAZg,Gweilo-60,2019-03-02 17:19:51.976988,11052,0
UChXOhG9bRDb3vSTg-qkPAZg,Gweilo-60,2019-03-02 17:18:51.796151,11052,0
UChXOhG9bRDb3vSTg-qkPAZg,Gweilo-60,2019-03-02 17:17:51.564471,11052,0
UChXOhG9bRDb3vSTg-qkPAZg,Gweilo-60,2019-03-02 17:16:51.988549,11052,0
UChXOhG9bRDb3vSTg-qkPAZg,Gweilo-60,2019-03-02 17:15:52.201778,11052,0
UChXOhG9bRDb3vSTg-qkPAZg,Gweilo-60,2019-03-02 17:14:51.681791,11052,0
UChXOhG9bRDb3vSTg-qkPAZg,Gweilo-60,2019-03-02 17:13:51.880215,11052,0
UChXOhG9bRDb3vSTg-qkPAZg,Gweilo-60,2019-03-02 17:12:52.471838,11052,1
UChXOhG9bRDb3vSTg-qkPAZg,Gweilo-60,2019-03-02 17:11:51.746096,11051,0
UChXOhG9bRDb3vSTg-qkPAZg,Gweilo-60,2019-03-02 17:10:51.508554,11051,0
UChXOhG9bRDb3vSTg-qkPAZg,Gweilo-60,2019-03-02 17:09:51.360377,11051,0
UChXOhG9bRDb3vSTg-qkPAZg,Gweilo-60,2019-03-02 17:08:51.539769,11051,0
UChXOhG9bRDb3vSTg-qkPAZg,Gweilo-60,2019-03-02 17:07:51.217764,11051,0
UChXOhG9bRDb3vSTg-qkPAZg,Gweilo-60,2019-03-02 17:06:51.851288,11051,0
UChXOhG9bRDb3vSTg-qkPAZg,Gweilo-60,2019-03-02 17:05:52.165211,11051,0
UChXOhG9bRDb3vSTg-qkPAZg,Gweilo-60,2019-03-02 17:04:51.98962,11051,0
UChXOhG9bRDb3vSTg-qkPAZg,Gweilo-60,2019-03-02 17:03:52.40303,11051,0
UChXOhG9bRDb3vSTg-qkPAZg,Gweilo-60,2019-03-02 17:02:51.544057,11051,0
UChXOhG9bRDb3vSTg-qkPAZg,Gweilo-60,2019-03-02 17:01:51.660866,11051,0
UChXOhG9bRDb3vSTg-qkPAZg,Gweilo-60,2019-03-02 17:00:51.414957,11051,0
UChXOhG9bRDb3vSTg-qkPAZg,Gweilo-60,2019-03-02 16:59:52.310181,11051,0
UChXOhG9bRDb3vSTg-qkPAZg,Gweilo-60,2019-03-02 16:58:52.20587,11051,0
UChXOhG9bRDb3vSTg-qkPAZg,Gweilo-60,2019-03-02 16:57:51.784874,11051,0
UChXOhG9bRDb3vSTg-qkPAZg,Gweilo-60,2019-03-02 16:56:52.12689,11051,0
UChXOhG9bRDb3vSTg-qkPAZg,Gweilo-60,2019-03-02 16:55:51.985996,11051,0
UChXOhG9bRDb3vSTg-qkPAZg,Gweilo-60,2019-03-02 16:54:51.534927,11051,0
UChXOhG9bRDb3vSTg-qkPAZg,Gweilo-60,2019-03-02 16:53:51.310808,11051,0
UChXOhG9bRDb3vSTg-qkPAZg,Gweilo-60,2019-03-02 16:52:51.327613,11051,0
UChXOhG9bRDb3vSTg-qkPAZg,Gweilo-60,2019-03-02 16:51:51.411397,11051,0
UChXOhG9bRDb3vSTg-qkPAZg,Gweilo-60,2019-03-02 16:50:51.410362,11051,0
UChXOhG9bRDb3vSTg-qkPAZg,Gweilo-60,2019-03-02 16:49:51.909022,11051,0
UChXOhG9bRDb3vSTg-qkPAZg,Gweilo-60,2019-03-02 16:48:51.431849,11051,0
UChXOhG9bRDb3vSTg-qkPAZg,Gweilo-60,2019-03-02 16:47:52.148249,11051,0
UChXOhG9bRDb3vSTg-qkPAZg,Gweilo-60,2019-03-02 16:46:51.37284,11051,1
UChXOhG9bRDb3vSTg-qkPAZg,Gweilo-60,2019-03-02 16:45:51.400443,11050,0
UChXOhG9bRDb3vSTg-qkPAZg,Gweilo-60,2019-03-02 16:44:51.630228,11050,0
UChXOhG9bRDb3vSTg-qkPAZg,Gweilo-60,2019-03-02 16:43:52.004948,11050,0
UChXOhG9bRDb3vSTg-qkPAZg,Gweilo-60,2019-03-02 16:42:51.774386,11050,0
UChXOhG9bRDb3vSTg-qkPAZg,Gweilo-60,2019-03-02 16:41:51.946146,11050,0
UChXOhG9bRDb3vSTg-qkPAZg,Gweilo-60,2019-03-02 16:40:51.604371,11050,0
UChXOhG9bRDb3vSTg-qkPAZg,Gweilo-60,2019-03-02 16:39:51.665304,11050,0
UChXOhG9bRDb3vSTg-qkPAZg,Gweilo-60,2019-03-02 16:38:51.902549,11050,0
UChXOhG9bRDb3vSTg-qkPAZg,Gweilo-60,2019-03-02 16:37:51.288584,11050,1
UChXOhG9bRDb3vSTg-qkPAZg,Gweilo-60,2019-03-02 16:36:51.611499,11049,0
UChXOhG9bRDb3vSTg-qkPAZg,Gweilo-60,2019-03-02 16:35:51.521375,11049,0
UChXOhG9bRDb3vSTg-qkPAZg,Gweilo-60,2019-03-02 16:34:51.411389,11049,0
UChXOhG9bRDb3vSTg-qkPAZg,Gweilo-60,2019-03-02 16:33:51.596886,11049,0
UChXOhG9bRDb3vSTg-qkPAZg,Gweilo-60,2019-03-02 16:32:51.789414,11049,0
UChXOhG9bRDb3vSTg-qkPAZg,Gweilo-60,2019-03-02 16:31:51.429374,11049,0
UChXOhG9bRDb3vSTg-qkPAZg,Gweilo-60,2019-03-02 16:30:51.303215,11049,0
UChXOhG9bRDb3vSTg-qkPAZg,Gweilo-60,2019-03-02 16:29:51.441407,11049,0
UChXOhG9bRDb3vSTg-qkPAZg,Gweilo-60,2019-03-02 16:28:51.736373,11049,0
UChXOhG9bRDb3vSTg-qkPAZg,Gweilo-60,2019-03-02 16:27:51.696479,11049,0
UChXOhG9bRDb3vSTg-qkPAZg,Gweilo-60,2019-03-02 16:26:51.825866,11049,0
UChXOhG9bRDb3vSTg-qkPAZg,Gweilo-60,2019-03-02 16:25:51.509617,11049,0
UChXOhG9bRDb3vSTg-qkPAZg,Gweilo-60,2019-03-02 16:24:51.483556,11049,0
UChXOhG9bRDb3vSTg-qkPAZg,Gweilo-60,2019-03-02 16:23:52.067516,11049,0
UChXOhG9bRDb3vSTg-qkPAZg,Gweilo-60,2019-03-02 16:22:51.824182,11049,0
UChXOhG9bRDb3vSTg-qkPAZg,Gweilo-60,2019-03-02 16:21:51.308955,11049,0
UChXOhG9bRDb3vSTg-qkPAZg,Gweilo-60,2019-03-02 16:20:51.832928,11049,0
UChXOhG9bRDb3vSTg-qkPAZg,Gweilo-60,2019-03-02 16:19:51.669109,11049,0
UChXOhG9bRDb3vSTg-qkPAZg,Gweilo-60,2019-03-02 16:18:51.347566,11049,0
UChXOhG9bRDb3vSTg-qkPAZg,Gweilo-60,2019-03-02 16:17:51.911191,11049,0
UChXOhG9bRDb3vSTg-qkPAZg,Gweilo-60,2019-03-02 16:16:51.812553,11049,0
UChXOhG9bRDb3vSTg-qkPAZg,Gweilo-60,2019-03-02 16:15:51.480624,11049,0
UChXOhG9bRDb3vSTg-qkPAZg,Gweilo-60,2019-03-02 16:14:51.8761,11049,0
UChXOhG9bRDb3vSTg-qkPAZg,Gweilo-60,2019-03-02 16:13:51.454539,11049,0
UChXOhG9bRDb3vSTg-qkPAZg,Gweilo-60,2019-03-02 16:12:51.680896,11049,0
UChXOhG9bRDb3vSTg-qkPAZg,Gweilo-60,2019-03-02 16:11:51.442811,11049,0
UChXOhG9bRDb3vSTg-qkPAZg,Gweilo-60,2019-03-02 16:10:51.523473,11049,0
UChXOhG9bRDb3vSTg-qkPAZg,Gweilo-60,2019-03-02 16:09:51.325518,11049,0
UChXOhG9bRDb3vSTg-qkPAZg,Gweilo-60,2019-03-02 16:08:51.180581,11049,0
UChXOhG9bRDb3vSTg-qkPAZg,Gweilo-60,2019-03-02 16:07:51.444209,11049,0
UChXOhG9bRDb3vSTg-qkPAZg,Gweilo-60,2019-03-02 16:06:51.369503,11049,0
UChXOhG9bRDb3vSTg-qkPAZg,Gweilo-60,2019-03-02 16:05:51.74881,11049,0
UChXOhG9bRDb3vSTg-qkPAZg,Gweilo-60,2019-03-02 16:04:51.673749,11049,0
UChXOhG9bRDb3vSTg-qkPAZg,Gweilo-60,2019-03-02 16:03:51.789312,11049,0
UChXOhG9bRDb3vSTg-qkPAZg,Gweilo-60,2019-03-02 16:02:51.440359,11049,0
UChXOhG9bRDb3vSTg-qkPAZg,Gweilo-60,2019-03-02 16:01:51.880509,11049,0
UChXOhG9bRDb3vSTg-qkPAZg,Gweilo-60,2019-03-02 16:00:51.528111,11049,0
UChXOhG9bRDb3vSTg-qkPAZg,Gweilo-60,2019-03-02 15:59:51.503748,11049,0
UChXOhG9bRDb3vSTg-qkPAZg,Gweilo-60,2019-03-02 15:58:51.794788,11049,0
UChXOhG9bRDb3vSTg-qkPAZg,Gweilo-60,2019-03-02 15:57:51.205689,11049,0
UChXOhG9bRDb3vSTg-qkPAZg,Gweilo-60,2019-03-02 15:56:52.112429,11049,0
UChXOhG9bRDb3vSTg-qkPAZg,Gweilo-60,2019-03-02 15:55:51.884879,11049,0
UChXOhG9bRDb3vSTg-qkPAZg,Gweilo-60,2019-03-02 15:54:51.731166,11049,0
UChXOhG9bRDb3vSTg-qkPAZg,Gweilo-60,2019-03-02 15:53:51.163782,11049,0
UChXOhG9bRDb3vSTg-qkPAZg,Gweilo-60,2019-03-02 15:52:51.585035,11049,0
UChXOhG9bRDb3vSTg-qkPAZg,Gweilo-60,2019-03-02 15:51:51.543629,11049,0
UChXOhG9bRDb3vSTg-qkPAZg,Gweilo-60,2019-03-02 15:50:51.400767,11049,0
UChXOhG9bRDb3vSTg-qkPAZg,Gweilo-60,2019-03-02 15:49:51.516334,11049,0
UChXOhG9bRDb3vSTg-qkPAZg,Gweilo-60,2019-03-02 15:48:51.833033,11049,0
UChXOhG9bRDb3vSTg-qkPAZg,Gweilo-60,2019-03-02 15:47:51.631584,11049,0
UChXOhG9bRDb3vSTg-qkPAZg,Gweilo-60,2019-03-02 15:46:51.584894,11049,0
UChXOhG9bRDb3vSTg-qkPAZg,Gweilo-60,2019-03-02 15:45:51.094001,11049,0
UChXOhG9bRDb3vSTg-qkPAZg,Gweilo-60,2019-03-02 15:44:51.388744,11049,0
UChXOhG9bRDb3vSTg-qkPAZg,Gweilo-60,2019-03-02 15:43:51.281494,11049,0
UChXOhG9bRDb3vSTg-qkPAZg,Gweilo-60,2019-03-02 15:42:51.949626,11049,0
UChXOhG9bRDb3vSTg-qkPAZg,Gweilo-60,2019-03-02 15:41:51.024545,11049,0
UChXOhG9bRDb3vSTg-qkPAZg,Gweilo-60,2019-03-02 15:40:51.422793,11049,0
UChXOhG9bRDb3vSTg-qkPAZg,Gweilo-60,2019-03-02 15:39:51.351468,11049,0
UChXOhG9bRDb3vSTg-qkPAZg,Gweilo-60,2019-03-02 15:38:51.39289,11049,0
UChXOhG9bRDb3vSTg-qkPAZg,Gweilo-60,2019-03-02 15:37:51.525743,11049,0
UChXOhG9bRDb3vSTg-qkPAZg,Gweilo-60,2019-03-02 15:36:51.20273,11049,0
UChXOhG9bRDb3vSTg-qkPAZg,Gweilo-60,2019-03-02 15:35:51.290371,11049,0
UChXOhG9bRDb3vSTg-qkPAZg,Gweilo-60,2019-03-02 15:34:50.862545,11049,0
UChXOhG9bRDb3vSTg-qkPAZg,Gweilo-60,2019-03-02 15:33:51.4151,11049,0
UChXOhG9bRDb3vSTg-qkPAZg,Gweilo-60,2019-03-02 15:32:51.005898,11049,0
UChXOhG9bRDb3vSTg-qkPAZg,Gweilo-60,2019-03-02 15:31:51.438286,11049,0
UChXOhG9bRDb3vSTg-qkPAZg,Gweilo-60,2019-03-02 15:30:51.855991,11049,0
UChXOhG9bRDb3vSTg-qkPAZg,Gweilo-60,2019-03-02 15:29:51.114182,11049,0
UChXOhG9bRDb3vSTg-qkPAZg,Gweilo-60,2019-03-02 15:28:51.39114,11049,0
UChXOhG9bRDb3vSTg-qkPAZg,Gweilo-60,2019-03-02 15:27:51.342244,11049,1
UChXOhG9bRDb3vSTg-qkPAZg,Gweilo-60,2019-03-02 15:26:51.75836,11048,0
UChXOhG9bRDb3vSTg-qkPAZg,Gweilo-60,2019-03-02 15:25:52.004837,11048,0
UChXOhG9bRDb3vSTg-qkPAZg,Gweilo-60,2019-03-02 15:24:51.34499,11048,0
UChXOhG9bRDb3vSTg-qkPAZg,Gweilo-60,2019-03-02 15:23:51.440183,11048,0
UChXOhG9bRDb3vSTg-qkPAZg,Gweilo-60,2019-03-02 15:22:51.057867,11048,0
UChXOhG9bRDb3vSTg-qkPAZg,Gweilo-60,2019-03-02 15:21:51.501314,11048,0
UChXOhG9bRDb3vSTg-qkPAZg,Gweilo-60,2019-03-02 15:20:51.141031,11048,0
UChXOhG9bRDb3vSTg-qkPAZg,Gweilo-60,2019-03-02 15:19:51.141244,11048,0
UChXOhG9bRDb3vSTg-qkPAZg,Gweilo-60,2019-03-02 15:18:51.39735,11048,0
UChXOhG9bRDb3vSTg-qkPAZg,Gweilo-60,2019-03-02 15:17:51.259035,11048,0
UChXOhG9bRDb3vSTg-qkPAZg,Gweilo-60,2019-03-02 15:16:51.450227,11048,0
UChXOhG9bRDb3vSTg-qkPAZg,Gweilo-60,2019-03-02 15:15:51.669791,11048,0
UChXOhG9bRDb3vSTg-qkPAZg,Gweilo-60,2019-03-02 15:14:51.418363,11048,0
UChXOhG9bRDb3vSTg-qkPAZg,Gweilo-60,2019-03-02 15:13:51.583203,11048,0
UChXOhG9bRDb3vSTg-qkPAZg,Gweilo-60,2019-03-02 15:12:50.953891,11048,0
UChXOhG9bRDb3vSTg-qkPAZg,Gweilo-60,2019-03-02 15:11:51.172622,11048,0
UChXOhG9bRDb3vSTg-qkPAZg,Gweilo-60,2019-03-02 15:10:51.585672,11048,0
UChXOhG9bRDb3vSTg-qkPAZg,Gweilo-60,2019-03-02 15:09:51.112765,11048,0
UChXOhG9bRDb3vSTg-qkPAZg,Gweilo-60,2019-03-02 15:08:51.562115,11048,0
UChXOhG9bRDb3vSTg-qkPAZg,Gweilo-60,2019-03-02 15:07:51.37471,11048,0
UChXOhG9bRDb3vSTg-qkPAZg,Gweilo-60,2019-03-02 15:06:51.082228,11048,0
UChXOhG9bRDb3vSTg-qkPAZg,Gweilo-60,2019-03-02 15:05:51.220401,11048,0
UChXOhG9bRDb3vSTg-qkPAZg,Gweilo-60,2019-03-02 15:04:51.284341,11048,0
UChXOhG9bRDb3vSTg-qkPAZg,Gweilo-60,2019-03-02 15:03:51.515203,11048,0
UChXOhG9bRDb3vSTg-qkPAZg,Gweilo-60,2019-03-02 15:02:51.187347,11048,0
UChXOhG9bRDb3vSTg-qkPAZg,Gweilo-60,2019-03-02 15:01:51.214707,11048,0
UChXOhG9bRDb3vSTg-qkPAZg,Gweilo-60,2019-03-02 15:00:51.145918,11048,0
UChXOhG9bRDb3vSTg-qkPAZg,Gweilo-60,2019-03-02 14:59:51.537696,11048,0
UChXOhG9bRDb3vSTg-qkPAZg,Gweilo-60,2019-03-02 14:58:50.954669,11048,0
UChXOhG9bRDb3vSTg-qkPAZg,Gweilo-60,2019-03-02 14:57:51.685917,11048,0
UChXOhG9bRDb3vSTg-qkPAZg,Gweilo-60,2019-03-02 14:56:51.34598,11048,0
UChXOhG9bRDb3vSTg-qkPAZg,Gweilo-60,2019-03-02 14:55:51.160395,11048,0
UChXOhG9bRDb3vSTg-qkPAZg,Gweilo-60,2019-03-02 14:54:51.517262,11048,0
UChXOhG9bRDb3vSTg-qkPAZg,Gweilo-60,2019-03-02 14:53:51.337986,11048,0
UChXOhG9bRDb3vSTg-qkPAZg,Gweilo-60,2019-03-02 14:52:51.728393,11048,0
UChXOhG9bRDb3vSTg-qkPAZg,Gweilo-60,2019-03-02 14:51:51.154886,11048,0
UChXOhG9bRDb3vSTg-qkPAZg,Gweilo-60,2019-03-02 14:50:51.283971,11048,0
UChXOhG9bRDb3vSTg-qkPAZg,Gweilo-60,2019-03-02 14:49:52.030167,11048,0
UChXOhG9bRDb3vSTg-qkPAZg,Gweilo-60,2019-03-02 14:48:51.967753,11048,0
UChXOhG9bRDb3vSTg-qkPAZg,Gweilo-60,2019-03-02 14:47:51.489651,11048,0
UChXOhG9bRDb3vSTg-qkPAZg,Gweilo-60,2019-03-02 14:46:51.372785,11048,0
UChXOhG9bRDb3vSTg-qkPAZg,Gweilo-60,2019-03-02 14:45:51.450659,11048,0
UChXOhG9bRDb3vSTg-qkPAZg,Gweilo-60,2019-03-02 14:44:51.417878,11048,0
UChXOhG9bRDb3vSTg-qkPAZg,Gweilo-60,2019-03-02 14:43:50.907626,11048,0
UChXOhG9bRDb3vSTg-qkPAZg,Gweilo-60,2019-03-02 14:42:51.541566,11048,0
UChXOhG9bRDb3vSTg-qkPAZg,Gweilo-60,2019-03-02 14:41:50.979138,11048,0
UChXOhG9bRDb3vSTg-qkPAZg,Gweilo-60,2019-03-02 14:40:51.346881,11048,0
UChXOhG9bRDb3vSTg-qkPAZg,Gweilo-60,2019-03-02 14:39:51.364625,11048,0
UChXOhG9bRDb3vSTg-qkPAZg,Gweilo-60,2019-03-02 14:38:50.88572,11048,1
UChXOhG9bRDb3vSTg-qkPAZg,Gweilo-60,2019-03-02 14:37:51.530376,11047,0
UChXOhG9bRDb3vSTg-qkPAZg,Gweilo-60,2019-03-02 14:36:51.107435,11047,0
UChXOhG9bRDb3vSTg-qkPAZg,Gweilo-60,2019-03-02 14:35:51.571088,11047,0
UChXOhG9bRDb3vSTg-qkPAZg,Gweilo-60,2019-03-02 14:34:51.036033,11047,0
UChXOhG9bRDb3vSTg-qkPAZg,Gweilo-60,2019-03-02 14:33:51.049897,11047,0
UChXOhG9bRDb3vSTg-qkPAZg,Gweilo-60,2019-03-02 14:32:51.235803,11047,0
UChXOhG9bRDb3vSTg-qkPAZg,Gweilo-60,2019-03-02 14:31:51.324817,11047,0
UChXOhG9bRDb3vSTg-qkPAZg,Gweilo-60,2019-03-02 14:30:51.307925,11047,0
UChXOhG9bRDb3vSTg-qkPAZg,Gweilo-60,2019-03-02 14:29:51.071058,11047,0
UChXOhG9bRDb3vSTg-qkPAZg,Gweilo-60,2019-03-02 14:28:51.352892,11047,0
UChXOhG9bRDb3vSTg-qkPAZg,Gweilo-60,2019-03-02 14:27:50.950861,11047,0
UChXOhG9bRDb3vSTg-qkPAZg,Gweilo-60,2019-03-02 14:26:51.803597,11047,0
UChXOhG9bRDb3vSTg-qkPAZg,Gweilo-60,2019-03-02 14:25:50.942625,11047,0
UChXOhG9bRDb3vSTg-qkPAZg,Gweilo-60,2019-03-02 14:24:51.39391,11047,0
UChXOhG9bRDb3vSTg-qkPAZg,Gweilo-60,2019-03-02 14:23:51.750862,11047,0
UChXOhG9bRDb3vSTg-qkPAZg,Gweilo-60,2019-03-02 14:22:51.265794,11047,0
UChXOhG9bRDb3vSTg-qkPAZg,Gweilo-60,2019-03-02 14:21:51.359551,11047,0
UChXOhG9bRDb3vSTg-qkPAZg,Gweilo-60,2019-03-02 14:20:50.90176,11047,0
UChXOhG9bRDb3vSTg-qkPAZg,Gweilo-60,2019-03-02 14:19:50.825263,11047,0
UChXOhG9bRDb3vSTg-qkPAZg,Gweilo-60,2019-03-02 14:18:52.154621,11047,0
UChXOhG9bRDb3vSTg-qkPAZg,Gweilo-60,2019-03-02 14:17:51.175917,11047,0
UChXOhG9bRDb3vSTg-qkPAZg,Gweilo-60,2019-03-02 14:16:51.20332,11047,1
UChXOhG9bRDb3vSTg-qkPAZg,Gweilo-60,2019-03-02 14:15:51.240487,11046,0
UChXOhG9bRDb3vSTg-qkPAZg,Gweilo-60,2019-03-02 14:14:51.117374,11046,0
UChXOhG9bRDb3vSTg-qkPAZg,Gweilo-60,2019-03-02 14:13:51.404208,11046,0
UChXOhG9bRDb3vSTg-qkPAZg,Gweilo-60,2019-03-02 14:12:50.918387,11046,0
UChXOhG9bRDb3vSTg-qkPAZg,Gweilo-60,2019-03-02 14:11:51.57242,11046,0
UChXOhG9bRDb3vSTg-qkPAZg,Gweilo-60,2019-03-02 14:10:51.678003,11046,0
UChXOhG9bRDb3vSTg-qkPAZg,Gweilo-60,2019-03-02 14:09:51.254865,11046,0
UChXOhG9bRDb3vSTg-qkPAZg,Gweilo-60,2019-03-02 14:08:51.129022,11046,0
UChXOhG9bRDb3vSTg-qkPAZg,Gweilo-60,2019-03-02 14:07:51.193629,11046,0
UChXOhG9bRDb3vSTg-qkPAZg,Gweilo-60,2019-03-02 14:06:51.365311,11046,0
UChXOhG9bRDb3vSTg-qkPAZg,Gweilo-60,2019-03-02 14:05:50.869246,11046,0
UChXOhG9bRDb3vSTg-qkPAZg,Gweilo-60,2019-03-02 14:04:51.259595,11046,0
UChXOhG9bRDb3vSTg-qkPAZg,Gweilo-60,2019-03-02 14:03:51.317111,11046,0
UChXOhG9bRDb3vSTg-qkPAZg,Gweilo-60,2019-03-02 14:02:51.372532,11046,0
UChXOhG9bRDb3vSTg-qkPAZg,Gweilo-60,2019-03-02 14:01:51.489867,11046,0
UChXOhG9bRDb3vSTg-qkPAZg,Gweilo-60,2019-03-02 14:00:51.253809,11046,0
UChXOhG9bRDb3vSTg-qkPAZg,Gweilo-60,2019-03-02 13:59:51.047991,11046,0
UChXOhG9bRDb3vSTg-qkPAZg,Gweilo-60,2019-03-02 13:58:51.27835,11046,0
UChXOhG9bRDb3vSTg-qkPAZg,Gweilo-60,2019-03-02 13:57:50.646794,11046,0
UChXOhG9bRDb3vSTg-qkPAZg,Gweilo-60,2019-03-02 13:56:51.251684,11046,0
UChXOhG9bRDb3vSTg-qkPAZg,Gweilo-60,2019-03-02 13:55:51.305957,11046,0
UChXOhG9bRDb3vSTg-qkPAZg,Gweilo-60,2019-03-02 13:54:51.569412,11046,0
UChXOhG9bRDb3vSTg-qkPAZg,Gweilo-60,2019-03-02 13:53:51.256823,11046,0
UChXOhG9bRDb3vSTg-qkPAZg,Gweilo-60,2019-03-02 13:52:50.951309,11046,0
UChXOhG9bRDb3vSTg-qkPAZg,Gweilo-60,2019-03-02 13:51:51.516347,11046,0
UChXOhG9bRDb3vSTg-qkPAZg,Gweilo-60,2019-03-02 13:50:51.650485,11046,0
UChXOhG9bRDb3vSTg-qkPAZg,Gweilo-60,2019-03-02 13:49:50.725313,11046,2
UChXOhG9bRDb3vSTg-qkPAZg,Gweilo-60,2019-03-02 13:48:51.095917,11044,0
UChXOhG9bRDb3vSTg-qkPAZg,Gweilo-60,2019-03-02 13:47:51.655511,11044,0
UChXOhG9bRDb3vSTg-qkPAZg,Gweilo-60,2019-03-02 13:46:51.820817,11044,0
UChXOhG9bRDb3vSTg-qkPAZg,Gweilo-60,2019-03-02 13:45:51.080635,11044,0
UChXOhG9bRDb3vSTg-qkPAZg,Gweilo-60,2019-03-02 13:44:50.841228,11044,0
UChXOhG9bRDb3vSTg-qkPAZg,Gweilo-60,2019-03-02 13:43:50.851288,11044,0
UChXOhG9bRDb3vSTg-qkPAZg,Gweilo-60,2019-03-02 13:42:51.376663,11044,0
UChXOhG9bRDb3vSTg-qkPAZg,Gweilo-60,2019-03-02 13:41:50.552361,11044,0
UChXOhG9bRDb3vSTg-qkPAZg,Gweilo-60,2019-03-02 13:40:51.159746,11044,0
UChXOhG9bRDb3vSTg-qkPAZg,Gweilo-60,2019-03-02 13:39:50.995203,11044,0
UChXOhG9bRDb3vSTg-qkPAZg,Gweilo-60,2019-03-02 13:38:51.472442,11044,0
UChXOhG9bRDb3vSTg-qkPAZg,Gweilo-60,2019-03-02 13:37:50.991005,11044,0
UChXOhG9bRDb3vSTg-qkPAZg,Gweilo-60,2019-03-02 13:36:51.346034,11044,0
UChXOhG9bRDb3vSTg-qkPAZg,Gweilo-60,2019-03-02 13:35:51.416443,11044,0
UChXOhG9bRDb3vSTg-qkPAZg,Gweilo-60,2019-03-02 13:34:50.990002,11044,0
UChXOhG9bRDb3vSTg-qkPAZg,Gweilo-60,2019-03-02 13:33:51.959349,11044,0
UChXOhG9bRDb3vSTg-qkPAZg,Gweilo-60,2019-03-02 13:32:50.748411,11044,0
UChXOhG9bRDb3vSTg-qkPAZg,Gweilo-60,2019-03-02 13:31:51.227185,11044,0
UChXOhG9bRDb3vSTg-qkPAZg,Gweilo-60,2019-03-02 13:30:50.99447,11044,0
UChXOhG9bRDb3vSTg-qkPAZg,Gweilo-60,2019-03-02 13:29:51.084209,11044,0
UChXOhG9bRDb3vSTg-qkPAZg,Gweilo-60,2019-03-02 13:28:52.042425,11044,0
UChXOhG9bRDb3vSTg-qkPAZg,Gweilo-60,2019-03-02 13:27:51.185383,11044,0
UChXOhG9bRDb3vSTg-qkPAZg,Gweilo-60,2019-03-02 13:26:50.782986,11044,0
UChXOhG9bRDb3vSTg-qkPAZg,Gweilo-60,2019-03-02 13:25:51.314534,11044,0
UChXOhG9bRDb3vSTg-qkPAZg,Gweilo-60,2019-03-02 13:24:51.478437,11044,0
UChXOhG9bRDb3vSTg-qkPAZg,Gweilo-60,2019-03-02 13:23:51.231366,11044,0
UChXOhG9bRDb3vSTg-qkPAZg,Gweilo-60,2019-03-02 13:22:51.401137,11044,0
UChXOhG9bRDb3vSTg-qkPAZg,Gweilo-60,2019-03-02 13:21:51.651331,11044,0
UChXOhG9bRDb3vSTg-qkPAZg,Gweilo-60,2019-03-02 13:20:51.502723,11044,0
UChXOhG9bRDb3vSTg-qkPAZg,Gweilo-60,2019-03-02 13:19:51.265875,11044,0
UChXOhG9bRDb3vSTg-qkPAZg,Gweilo-60,2019-03-02 13:18:51.56235,11044,0
UChXOhG9bRDb3vSTg-qkPAZg,Gweilo-60,2019-03-02 13:17:51.402378,11044,0
UChXOhG9bRDb3vSTg-qkPAZg,Gweilo-60,2019-03-02 13:16:51.557999,11044,0
UChXOhG9bRDb3vSTg-qkPAZg,Gweilo-60,2019-03-02 13:15:51.160065,11044,0
UChXOhG9bRDb3vSTg-qkPAZg,Gweilo-60,2019-03-02 13:14:51.490661,11044,0
UChXOhG9bRDb3vSTg-qkPAZg,Gweilo-60,2019-03-02 13:13:51.193069,11044,0
UChXOhG9bRDb3vSTg-qkPAZg,Gweilo-60,2019-03-02 13:12:51.413632,11044,0
UChXOhG9bRDb3vSTg-qkPAZg,Gweilo-60,2019-03-02 13:11:51.12438,11044,0
UChXOhG9bRDb3vSTg-qkPAZg,Gweilo-60,2019-03-02 13:10:50.840408,11044,0
UChXOhG9bRDb3vSTg-qkPAZg,Gweilo-60,2019-03-02 13:09:51.599221,11044,0
UChXOhG9bRDb3vSTg-qkPAZg,Gweilo-60,2019-03-02 13:08:51.249334,11044,0
UChXOhG9bRDb3vSTg-qkPAZg,Gweilo-60,2019-03-02 13:07:51.439487,11044,0
UChXOhG9bRDb3vSTg-qkPAZg,Gweilo-60,2019-03-02 13:06:51.268367,11044,0
UChXOhG9bRDb3vSTg-qkPAZg,Gweilo-60,2019-03-02 13:05:51.34744,11044,0
UChXOhG9bRDb3vSTg-qkPAZg,Gweilo-60,2019-03-02 13:04:51.31687,11044,0
UChXOhG9bRDb3vSTg-qkPAZg,Gweilo-60,2019-03-02 13:03:51.416593,11044,0
UChXOhG9bRDb3vSTg-qkPAZg,Gweilo-60,2019-03-02 13:02:51.472492,11044,0
UChXOhG9bRDb3vSTg-qkPAZg,Gweilo-60,2019-03-02 13:01:50.983485,11044,0
UChXOhG9bRDb3vSTg-qkPAZg,Gweilo-60,2019-03-02 13:00:51.032089,11044,0
UChXOhG9bRDb3vSTg-qkPAZg,Gweilo-60,2019-03-02 12:59:50.94682,11044,0
UChXOhG9bRDb3vSTg-qkPAZg,Gweilo-60,2019-03-02 12:58:51.018221,11044,0
UChXOhG9bRDb3vSTg-qkPAZg,Gweilo-60,2019-03-02 12:57:51.599508,11044,0
UChXOhG9bRDb3vSTg-qkPAZg,Gweilo-60,2019-03-02 12:56:51.475173,11044,0
UChXOhG9bRDb3vSTg-qkPAZg,Gweilo-60,2019-03-02 12:55:51.098333,11044,0
UChXOhG9bRDb3vSTg-qkPAZg,Gweilo-60,2019-03-02 12:54:51.102955,11044,1
UChXOhG9bRDb3vSTg-qkPAZg,Gweilo-60,2019-03-02 12:53:51.166026,11043,0
UChXOhG9bRDb3vSTg-qkPAZg,Gweilo-60,2019-03-02 12:52:51.40243,11043,0
UChXOhG9bRDb3vSTg-qkPAZg,Gweilo-60,2019-03-02 12:51:50.761427,11043,0
UChXOhG9bRDb3vSTg-qkPAZg,Gweilo-60,2019-03-02 12:50:51.157055,11043,0
UChXOhG9bRDb3vSTg-qkPAZg,Gweilo-60,2019-03-02 12:49:50.954696,11043,0
UChXOhG9bRDb3vSTg-qkPAZg,Gweilo-60,2019-03-02 12:48:51.340694,11043,0
UChXOhG9bRDb3vSTg-qkPAZg,Gweilo-60,2019-03-02 12:47:51.307654,11043,0
UChXOhG9bRDb3vSTg-qkPAZg,Gweilo-60,2019-03-02 12:46:51.128006,11043,0
UChXOhG9bRDb3vSTg-qkPAZg,Gweilo-60,2019-03-02 12:45:51.615412,11043,0
UChXOhG9bRDb3vSTg-qkPAZg,Gweilo-60,2019-03-02 12:44:51.310825,11043,0
UChXOhG9bRDb3vSTg-qkPAZg,Gweilo-60,2019-03-02 12:43:51.378737,11043,0
UChXOhG9bRDb3vSTg-qkPAZg,Gweilo-60,2019-03-02 12:42:51.110367,11043,0
UChXOhG9bRDb3vSTg-qkPAZg,Gweilo-60,2019-03-02 12:41:51.472165,11043,0
UChXOhG9bRDb3vSTg-qkPAZg,Gweilo-60,2019-03-02 12:40:51.531508,11043,0
UChXOhG9bRDb3vSTg-qkPAZg,Gweilo-60,2019-03-02 12:39:51.525938,11043,0
UChXOhG9bRDb3vSTg-qkPAZg,Gweilo-60,2019-03-02 12:38:50.802629,11043,0
UChXOhG9bRDb3vSTg-qkPAZg,Gweilo-60,2019-03-02 12:37:51.675221,11043,0
UChXOhG9bRDb3vSTg-qkPAZg,Gweilo-60,2019-03-02 12:36:51.392085,11043,0
UChXOhG9bRDb3vSTg-qkPAZg,Gweilo-60,2019-03-02 12:35:50.937662,11043,0
UChXOhG9bRDb3vSTg-qkPAZg,Gweilo-60,2019-03-02 12:34:50.80813,11043,0
UChXOhG9bRDb3vSTg-qkPAZg,Gweilo-60,2019-03-02 12:33:50.935397,11043,0
UChXOhG9bRDb3vSTg-qkPAZg,Gweilo-60,2019-03-02 12:32:51.407762,11043,0
UChXOhG9bRDb3vSTg-qkPAZg,Gweilo-60,2019-03-02 12:31:51.151684,11043,0
UChXOhG9bRDb3vSTg-qkPAZg,Gweilo-60,2019-03-02 12:30:51.087367,11043,0
UChXOhG9bRDb3vSTg-qkPAZg,Gweilo-60,2019-03-02 12:29:51.269643,11043,0
UChXOhG9bRDb3vSTg-qkPAZg,Gweilo-60,2019-03-02 12:28:51.47166,11043,0
UChXOhG9bRDb3vSTg-qkPAZg,Gweilo-60,2019-03-02 12:27:50.999396,11043,0
UChXOhG9bRDb3vSTg-qkPAZg,Gweilo-60,2019-03-02 12:26:52.035151,11043,0
UChXOhG9bRDb3vSTg-qkPAZg,Gweilo-60,2019-03-02 12:25:51.163416,11043,0
UChXOhG9bRDb3vSTg-qkPAZg,Gweilo-60,2019-03-02 12:24:51.381384,11043,1
UChXOhG9bRDb3vSTg-qkPAZg,Gweilo-60,2019-03-02 12:23:50.788259,11042,0
UChXOhG9bRDb3vSTg-qkPAZg,Gweilo-60,2019-03-02 12:22:51.769734,11042,0
UChXOhG9bRDb3vSTg-qkPAZg,Gweilo-60,2019-03-02 12:21:50.908877,11042,0
UChXOhG9bRDb3vSTg-qkPAZg,Gweilo-60,2019-03-02 12:20:51.457913,11042,0
UChXOhG9bRDb3vSTg-qkPAZg,Gweilo-60,2019-03-02 12:19:51.075484,11042,0
UChXOhG9bRDb3vSTg-qkPAZg,Gweilo-60,2019-03-02 12:18:50.999968,11042,0
UChXOhG9bRDb3vSTg-qkPAZg,Gweilo-60,2019-03-02 12:17:51.116284,11042,0
UChXOhG9bRDb3vSTg-qkPAZg,Gweilo-60,2019-03-02 12:16:51.075363,11042,0
UChXOhG9bRDb3vSTg-qkPAZg,Gweilo-60,2019-03-02 12:15:51.014705,11042,0
UChXOhG9bRDb3vSTg-qkPAZg,Gweilo-60,2019-03-02 12:14:52.462322,11042,0
UChXOhG9bRDb3vSTg-qkPAZg,Gweilo-60,2019-03-02 12:13:51.172633,11042,0
UChXOhG9bRDb3vSTg-qkPAZg,Gweilo-60,2019-03-02 12:12:51.209902,11042,0
UChXOhG9bRDb3vSTg-qkPAZg,Gweilo-60,2019-03-02 12:11:51.984079,11042,0
UChXOhG9bRDb3vSTg-qkPAZg,Gweilo-60,2019-03-02 12:10:51.034811,11042,0
UChXOhG9bRDb3vSTg-qkPAZg,Gweilo-60,2019-03-02 12:09:51.821486,11042,0
UChXOhG9bRDb3vSTg-qkPAZg,Gweilo-60,2019-03-02 12:08:51.368909,11042,0
UChXOhG9bRDb3vSTg-qkPAZg,Gweilo-60,2019-03-02 12:07:51.014994,11042,0
UChXOhG9bRDb3vSTg-qkPAZg,Gweilo-60,2019-03-02 12:06:51.362141,11042,0
UChXOhG9bRDb3vSTg-qkPAZg,Gweilo-60,2019-03-02 12:05:51.563564,11042,0
UChXOhG9bRDb3vSTg-qkPAZg,Gweilo-60,2019-03-02 12:04:51.094007,11042,0
UChXOhG9bRDb3vSTg-qkPAZg,Gweilo-60,2019-03-02 12:03:51.578132,11042,0
UChXOhG9bRDb3vSTg-qkPAZg,Gweilo-60,2019-03-02 12:02:51.057616,11042,0
UChXOhG9bRDb3vSTg-qkPAZg,Gweilo-60,2019-03-02 12:01:51.151386,11042,0
UChXOhG9bRDb3vSTg-qkPAZg,Gweilo-60,2019-03-02 12:00:51.847464,11042,0
UChXOhG9bRDb3vSTg-qkPAZg,Gweilo-60,2019-03-02 11:59:51.080138,11042,0
UChXOhG9bRDb3vSTg-qkPAZg,Gweilo-60,2019-03-02 11:58:51.232616,11042,0
UChXOhG9bRDb3vSTg-qkPAZg,Gweilo-60,2019-03-02 11:57:51.406353,11042,0
UChXOhG9bRDb3vSTg-qkPAZg,Gweilo-60,2019-03-02 11:56:50.924768,11042,0
UChXOhG9bRDb3vSTg-qkPAZg,Gweilo-60,2019-03-02 11:55:50.704692,11042,0
UChXOhG9bRDb3vSTg-qkPAZg,Gweilo-60,2019-03-02 11:54:51.344733,11042,0
UChXOhG9bRDb3vSTg-qkPAZg,Gweilo-60,2019-03-02 11:53:51.15849,11042,0
UChXOhG9bRDb3vSTg-qkPAZg,Gweilo-60,2019-03-02 11:52:51.101431,11042,0
UChXOhG9bRDb3vSTg-qkPAZg,Gweilo-60,2019-03-02 11:51:51.712264,11042,0
UChXOhG9bRDb3vSTg-qkPAZg,Gweilo-60,2019-03-02 11:50:51.365279,11042,0
UChXOhG9bRDb3vSTg-qkPAZg,Gweilo-60,2019-03-02 11:49:51.132631,11042,0
UChXOhG9bRDb3vSTg-qkPAZg,Gweilo-60,2019-03-02 11:48:51.104474,11042,0
UChXOhG9bRDb3vSTg-qkPAZg,Gweilo-60,2019-03-02 11:47:51.410716,11042,0
UChXOhG9bRDb3vSTg-qkPAZg,Gweilo-60,2019-03-02 11:46:52.087007,11042,0
UChXOhG9bRDb3vSTg-qkPAZg,Gweilo-60,2019-03-02 11:45:50.86486,11042,0
UChXOhG9bRDb3vSTg-qkPAZg,Gweilo-60,2019-03-02 11:44:51.222888,11042,0
UChXOhG9bRDb3vSTg-qkPAZg,Gweilo-60,2019-03-02 11:43:51.196023,11042,0
UChXOhG9bRDb3vSTg-qkPAZg,Gweilo-60,2019-03-02 11:42:52.27391,11042,0
UChXOhG9bRDb3vSTg-qkPAZg,Gweilo-60,2019-03-02 11:41:51.071648,11042,0
UChXOhG9bRDb3vSTg-qkPAZg,Gweilo-60,2019-03-02 11:40:51.383028,11042,0
UChXOhG9bRDb3vSTg-qkPAZg,Gweilo-60,2019-03-02 11:39:51.083574,11042,0
UChXOhG9bRDb3vSTg-qkPAZg,Gweilo-60,2019-03-02 11:38:51.849977,11042,0
UChXOhG9bRDb3vSTg-qkPAZg,Gweilo-60,2019-03-02 11:37:51.557712,11042,1
UChXOhG9bRDb3vSTg-qkPAZg,Gweilo-60,2019-03-02 11:36:51.768961,11041,0
UChXOhG9bRDb3vSTg-qkPAZg,Gweilo-60,2019-03-02 11:35:51.524049,11041,0
UChXOhG9bRDb3vSTg-qkPAZg,Gweilo-60,2019-03-02 11:34:50.957778,11041,0
UChXOhG9bRDb3vSTg-qkPAZg,Gweilo-60,2019-03-02 11:33:51.22196,11041,0
UChXOhG9bRDb3vSTg-qkPAZg,Gweilo-60,2019-03-02 11:32:51.25305,11041,0
UChXOhG9bRDb3vSTg-qkPAZg,Gweilo-60,2019-03-02 11:31:51.232948,11041,0
UChXOhG9bRDb3vSTg-qkPAZg,Gweilo-60,2019-03-02 11:30:51.766062,11041,0
UChXOhG9bRDb3vSTg-qkPAZg,Gweilo-60,2019-03-02 11:29:51.367046,11041,0
UChXOhG9bRDb3vSTg-qkPAZg,Gweilo-60,2019-03-02 11:28:51.334947,11041,0
UChXOhG9bRDb3vSTg-qkPAZg,Gweilo-60,2019-03-02 11:27:51.008918,11041,0
UChXOhG9bRDb3vSTg-qkPAZg,Gweilo-60,2019-03-02 11:26:51.131567,11041,0
UChXOhG9bRDb3vSTg-qkPAZg,Gweilo-60,2019-03-02 11:25:51.520318,11041,0
UChXOhG9bRDb3vSTg-qkPAZg,Gweilo-60,2019-03-02 11:24:50.912493,11041,0
UChXOhG9bRDb3vSTg-qkPAZg,Gweilo-60,2019-03-02 11:23:51.39701,11041,0
UChXOhG9bRDb3vSTg-qkPAZg,Gweilo-60,2019-03-02 11:22:51.282773,11041,0
UChXOhG9bRDb3vSTg-qkPAZg,Gweilo-60,2019-03-02 11:21:51.418038,11041,0
UChXOhG9bRDb3vSTg-qkPAZg,Gweilo-60,2019-03-02 11:20:51.095303,11041,0
UChXOhG9bRDb3vSTg-qkPAZg,Gweilo-60,2019-03-02 11:19:51.085683,11041,0
UChXOhG9bRDb3vSTg-qkPAZg,Gweilo-60,2019-03-02 11:18:51.496347,11041,0
UChXOhG9bRDb3vSTg-qkPAZg,Gweilo-60,2019-03-02 11:17:51.350608,11041,0
UChXOhG9bRDb3vSTg-qkPAZg,Gweilo-60,2019-03-02 11:16:50.812047,11041,0
UChXOhG9bRDb3vSTg-qkPAZg,Gweilo-60,2019-03-02 11:15:50.889946,11041,0
UChXOhG9bRDb3vSTg-qkPAZg,Gweilo-60,2019-03-02 11:14:51.500047,11041,0
UChXOhG9bRDb3vSTg-qkPAZg,Gweilo-60,2019-03-02 11:13:50.989638,11041,0
UChXOhG9bRDb3vSTg-qkPAZg,Gweilo-60,2019-03-02 11:12:51.411033,11041,0
UChXOhG9bRDb3vSTg-qkPAZg,Gweilo-60,2019-03-02 11:11:51.217727,11041,0
UChXOhG9bRDb3vSTg-qkPAZg,Gweilo-60,2019-03-02 11:10:50.994716,11041,0
UChXOhG9bRDb3vSTg-qkPAZg,Gweilo-60,2019-03-02 11:09:51.047038,11041,0
UChXOhG9bRDb3vSTg-qkPAZg,Gweilo-60,2019-03-02 11:08:51.175284,11041,0
UChXOhG9bRDb3vSTg-qkPAZg,Gweilo-60,2019-03-02 11:07:51.841634,11041,0
UChXOhG9bRDb3vSTg-qkPAZg,Gweilo-60,2019-03-02 11:06:51.235021,11041,0
UChXOhG9bRDb3vSTg-qkPAZg,Gweilo-60,2019-03-02 11:05:51.037897,11041,0
UChXOhG9bRDb3vSTg-qkPAZg,Gweilo-60,2019-03-02 11:04:51.458605,11041,0
UChXOhG9bRDb3vSTg-qkPAZg,Gweilo-60,2019-03-02 11:03:51.65739,11041,0
UChXOhG9bRDb3vSTg-qkPAZg,Gweilo-60,2019-03-02 11:02:51.425684,11041,0
UChXOhG9bRDb3vSTg-qkPAZg,Gweilo-60,2019-03-02 11:01:51.127719,11041,0
UChXOhG9bRDb3vSTg-qkPAZg,Gweilo-60,2019-03-02 11:00:51.139207,11041,0
UChXOhG9bRDb3vSTg-qkPAZg,Gweilo-60,2019-03-02 10:59:51.95414,11041,0
UChXOhG9bRDb3vSTg-qkPAZg,Gweilo-60,2019-03-02 10:58:51.153872,11041,0
UChXOhG9bRDb3vSTg-qkPAZg,Gweilo-60,2019-03-02 10:57:51.142515,11041,0
UChXOhG9bRDb3vSTg-qkPAZg,Gweilo-60,2019-03-02 10:56:51.310771,11041,0
UChXOhG9bRDb3vSTg-qkPAZg,Gweilo-60,2019-03-02 10:55:50.732819,11041,0
UChXOhG9bRDb3vSTg-qkPAZg,Gweilo-60,2019-03-02 10:54:51.347615,11041,0
UChXOhG9bRDb3vSTg-qkPAZg,Gweilo-60,2019-03-02 10:53:50.819525,11041,0
UChXOhG9bRDb3vSTg-qkPAZg,Gweilo-60,2019-03-02 10:52:51.315752,11041,0
UChXOhG9bRDb3vSTg-qkPAZg,Gweilo-60,2019-03-02 10:51:51.184988,11041,0
UChXOhG9bRDb3vSTg-qkPAZg,Gweilo-60,2019-03-02 10:50:51.761425,11041,0
UChXOhG9bRDb3vSTg-qkPAZg,Gweilo-60,2019-03-02 10:49:51.097917,11041,0
UChXOhG9bRDb3vSTg-qkPAZg,Gweilo-60,2019-03-02 10:48:51.054453,11041,0
UChXOhG9bRDb3vSTg-qkPAZg,Gweilo-60,2019-03-02 10:47:51.129495,11041,0
UChXOhG9bRDb3vSTg-qkPAZg,Gweilo-60,2019-03-02 10:46:51.596321,11041,0
UChXOhG9bRDb3vSTg-qkPAZg,Gweilo-60,2019-03-02 10:45:51.891785,11041,0
UChXOhG9bRDb3vSTg-qkPAZg,Gweilo-60,2019-03-02 10:44:50.8625,11041,0
UChXOhG9bRDb3vSTg-qkPAZg,Gweilo-60,2019-03-02 10:43:51.72651,11041,0
UChXOhG9bRDb3vSTg-qkPAZg,Gweilo-60,2019-03-02 10:42:51.363651,11041,0
UChXOhG9bRDb3vSTg-qkPAZg,Gweilo-60,2019-03-02 10:41:51.38167,11041,0
UChXOhG9bRDb3vSTg-qkPAZg,Gweilo-60,2019-03-02 10:40:51.586593,11041,0
UChXOhG9bRDb3vSTg-qkPAZg,Gweilo-60,2019-03-02 10:39:51.338627,11041,0
UChXOhG9bRDb3vSTg-qkPAZg,Gweilo-60,2019-03-02 10:38:51.521132,11041,0
UChXOhG9bRDb3vSTg-qkPAZg,Gweilo-60,2019-03-02 10:37:51.311338,11041,0
UChXOhG9bRDb3vSTg-qkPAZg,Gweilo-60,2019-03-02 10:36:51.313332,11041,0
UChXOhG9bRDb3vSTg-qkPAZg,Gweilo-60,2019-03-02 10:35:51.097179,11041,0
UChXOhG9bRDb3vSTg-qkPAZg,Gweilo-60,2019-03-02 10:34:51.048171,11041,0
UChXOhG9bRDb3vSTg-qkPAZg,Gweilo-60,2019-03-02 10:33:50.892399,11041,0
UChXOhG9bRDb3vSTg-qkPAZg,Gweilo-60,2019-03-02 10:32:51.037842,11041,0
UChXOhG9bRDb3vSTg-qkPAZg,Gweilo-60,2019-03-02 10:31:51.250743,11041,0
UChXOhG9bRDb3vSTg-qkPAZg,Gweilo-60,2019-03-02 10:30:51.261855,11041,0
UChXOhG9bRDb3vSTg-qkPAZg,Gweilo-60,2019-03-02 10:29:51.34943,11041,0
UChXOhG9bRDb3vSTg-qkPAZg,Gweilo-60,2019-03-02 10:28:51.047685,11041,0
UChXOhG9bRDb3vSTg-qkPAZg,Gweilo-60,2019-03-02 10:27:50.926804,11041,0
UChXOhG9bRDb3vSTg-qkPAZg,Gweilo-60,2019-03-02 10:26:51.438227,11041,0
UChXOhG9bRDb3vSTg-qkPAZg,Gweilo-60,2019-03-02 10:25:51.475788,11041,0
UChXOhG9bRDb3vSTg-qkPAZg,Gweilo-60,2019-03-02 10:24:51.757883,11041,0
UChXOhG9bRDb3vSTg-qkPAZg,Gweilo-60,2019-03-02 10:23:51.575848,11041,0
UChXOhG9bRDb3vSTg-qkPAZg,Gweilo-60,2019-03-02 10:22:51.06433,11041,0
UChXOhG9bRDb3vSTg-qkPAZg,Gweilo-60,2019-03-02 10:21:51.16766,11041,0
UChXOhG9bRDb3vSTg-qkPAZg,Gweilo-60,2019-03-02 10:20:51.764191,11041,0
UChXOhG9bRDb3vSTg-qkPAZg,Gweilo-60,2019-03-02 10:19:50.793923,11041,0
UChXOhG9bRDb3vSTg-qkPAZg,Gweilo-60,2019-03-02 10:18:51.233769,11041,0
UChXOhG9bRDb3vSTg-qkPAZg,Gweilo-60,2019-03-02 10:17:51.464232,11041,0
UChXOhG9bRDb3vSTg-qkPAZg,Gweilo-60,2019-03-02 10:16:51.405262,11041,0
UChXOhG9bRDb3vSTg-qkPAZg,Gweilo-60,2019-03-02 10:15:51.232046,11041,0
UChXOhG9bRDb3vSTg-qkPAZg,Gweilo-60,2019-03-02 10:14:51.483119,11041,0
UChXOhG9bRDb3vSTg-qkPAZg,Gweilo-60,2019-03-02 10:13:51.300832,11041,0
UChXOhG9bRDb3vSTg-qkPAZg,Gweilo-60,2019-03-02 10:12:51.445894,11041,0
UChXOhG9bRDb3vSTg-qkPAZg,Gweilo-60,2019-03-02 10:11:51.249157,11041,0
UChXOhG9bRDb3vSTg-qkPAZg,Gweilo-60,2019-03-02 10:10:51.093863,11041,0
UChXOhG9bRDb3vSTg-qkPAZg,Gweilo-60,2019-03-02 10:09:51.562342,11041,0
UChXOhG9bRDb3vSTg-qkPAZg,Gweilo-60,2019-03-02 10:08:50.978639,11041,0
UChXOhG9bRDb3vSTg-qkPAZg,Gweilo-60,2019-03-02 10:07:51.331883,11041,0
UChXOhG9bRDb3vSTg-qkPAZg,Gweilo-60,2019-03-02 10:06:51.114351,11041,0
UChXOhG9bRDb3vSTg-qkPAZg,Gweilo-60,2019-03-02 10:05:52.039213,11041,1
UChXOhG9bRDb3vSTg-qkPAZg,Gweilo-60,2019-03-02 10:04:50.862898,11040,0
UChXOhG9bRDb3vSTg-qkPAZg,Gweilo-60,2019-03-02 10:03:51.405021,11040,0
UChXOhG9bRDb3vSTg-qkPAZg,Gweilo-60,2019-03-02 10:02:51.097782,11040,0
UChXOhG9bRDb3vSTg-qkPAZg,Gweilo-60,2019-03-02 10:01:51.242622,11040,0
UChXOhG9bRDb3vSTg-qkPAZg,Gweilo-60,2019-03-02 10:00:51.229191,11040,0
UChXOhG9bRDb3vSTg-qkPAZg,Gweilo-60,2019-03-02 09:59:51.062985,11040,0
UChXOhG9bRDb3vSTg-qkPAZg,Gweilo-60,2019-03-02 09:58:51.157657,11040,0
UChXOhG9bRDb3vSTg-qkPAZg,Gweilo-60,2019-03-02 09:57:51.126001,11040,0
UChXOhG9bRDb3vSTg-qkPAZg,Gweilo-60,2019-03-02 09:56:51.220933,11040,0
UChXOhG9bRDb3vSTg-qkPAZg,Gweilo-60,2019-03-02 09:55:51.605925,11040,0
UChXOhG9bRDb3vSTg-qkPAZg,Gweilo-60,2019-03-02 09:54:51.093817,11040,0
UChXOhG9bRDb3vSTg-qkPAZg,Gweilo-60,2019-03-02 09:53:51.75336,11040,0
UChXOhG9bRDb3vSTg-qkPAZg,Gweilo-60,2019-03-02 09:52:51.236768,11040,0
UChXOhG9bRDb3vSTg-qkPAZg,Gweilo-60,2019-03-02 09:51:51.502304,11040,0
UChXOhG9bRDb3vSTg-qkPAZg,Gweilo-60,2019-03-02 09:50:50.904051,11040,0
UChXOhG9bRDb3vSTg-qkPAZg,Gweilo-60,2019-03-02 09:49:51.310488,11040,0
UChXOhG9bRDb3vSTg-qkPAZg,Gweilo-60,2019-03-02 09:48:51.031274,11040,0
UChXOhG9bRDb3vSTg-qkPAZg,Gweilo-60,2019-03-02 09:47:50.815848,11040,0
UChXOhG9bRDb3vSTg-qkPAZg,Gweilo-60,2019-03-02 09:46:51.04187,11040,0
UChXOhG9bRDb3vSTg-qkPAZg,Gweilo-60,2019-03-02 09:45:51.579459,11040,0
UChXOhG9bRDb3vSTg-qkPAZg,Gweilo-60,2019-03-02 09:44:50.901063,11040,0
UChXOhG9bRDb3vSTg-qkPAZg,Gweilo-60,2019-03-02 09:43:50.806447,11040,0
UChXOhG9bRDb3vSTg-qkPAZg,Gweilo-60,2019-03-02 09:42:51.084864,11040,0
UChXOhG9bRDb3vSTg-qkPAZg,Gweilo-60,2019-03-02 09:41:51.107187,11040,0
UChXOhG9bRDb3vSTg-qkPAZg,Gweilo-60,2019-03-02 09:40:51.44733,11040,0
UChXOhG9bRDb3vSTg-qkPAZg,Gweilo-60,2019-03-02 09:39:51.264199,11040,0
UChXOhG9bRDb3vSTg-qkPAZg,Gweilo-60,2019-03-02 09:38:51.188023,11040,0
UChXOhG9bRDb3vSTg-qkPAZg,Gweilo-60,2019-03-02 09:37:51.067698,11040,0
UChXOhG9bRDb3vSTg-qkPAZg,Gweilo-60,2019-03-02 09:36:50.890259,11040,0
UChXOhG9bRDb3vSTg-qkPAZg,Gweilo-60,2019-03-02 09:35:51.115343,11040,0
UChXOhG9bRDb3vSTg-qkPAZg,Gweilo-60,2019-03-02 09:34:51.339939,11040,0
UChXOhG9bRDb3vSTg-qkPAZg,Gweilo-60,2019-03-02 09:33:50.880541,11040,0
UChXOhG9bRDb3vSTg-qkPAZg,Gweilo-60,2019-03-02 09:32:51.412518,11040,0
UChXOhG9bRDb3vSTg-qkPAZg,Gweilo-60,2019-03-02 09:31:51.023726,11040,0
UChXOhG9bRDb3vSTg-qkPAZg,Gweilo-60,2019-03-02 09:30:50.823053,11040,0
UChXOhG9bRDb3vSTg-qkPAZg,Gweilo-60,2019-03-02 09:29:52.132943,11040,0
UChXOhG9bRDb3vSTg-qkPAZg,Gweilo-60,2019-03-02 09:28:51.103935,11040,0
UChXOhG9bRDb3vSTg-qkPAZg,Gweilo-60,2019-03-02 09:27:51.826784,11040,0
UChXOhG9bRDb3vSTg-qkPAZg,Gweilo-60,2019-03-02 09:26:51.087427,11040,0
UChXOhG9bRDb3vSTg-qkPAZg,Gweilo-60,2019-03-02 09:25:51.226229,11040,0
UChXOhG9bRDb3vSTg-qkPAZg,Gweilo-60,2019-03-02 09:24:50.869995,11040,0
UChXOhG9bRDb3vSTg-qkPAZg,Gweilo-60,2019-03-02 09:23:51.18585,11040,0
UChXOhG9bRDb3vSTg-qkPAZg,Gweilo-60,2019-03-02 09:22:51.208622,11040,0
UChXOhG9bRDb3vSTg-qkPAZg,Gweilo-60,2019-03-02 09:21:50.937232,11040,0
UChXOhG9bRDb3vSTg-qkPAZg,Gweilo-60,2019-03-02 09:20:51.057674,11040,0
UChXOhG9bRDb3vSTg-qkPAZg,Gweilo-60,2019-03-02 09:19:51.253826,11040,0
UChXOhG9bRDb3vSTg-qkPAZg,Gweilo-60,2019-03-02 09:18:50.823951,11040,0
UChXOhG9bRDb3vSTg-qkPAZg,Gweilo-60,2019-03-02 09:17:51.315159,11040,0
UChXOhG9bRDb3vSTg-qkPAZg,Gweilo-60,2019-03-02 09:16:51.284857,11040,0
UChXOhG9bRDb3vSTg-qkPAZg,Gweilo-60,2019-03-02 09:15:51.167735,11040,0
UChXOhG9bRDb3vSTg-qkPAZg,Gweilo-60,2019-03-02 09:14:51.008347,11040,0
UChXOhG9bRDb3vSTg-qkPAZg,Gweilo-60,2019-03-02 09:13:51.04467,11040,0
UChXOhG9bRDb3vSTg-qkPAZg,Gweilo-60,2019-03-02 09:12:51.263317,11040,0
UChXOhG9bRDb3vSTg-qkPAZg,Gweilo-60,2019-03-02 09:11:51.520791,11040,0
UChXOhG9bRDb3vSTg-qkPAZg,Gweilo-60,2019-03-02 09:10:51.203237,11040,0
UChXOhG9bRDb3vSTg-qkPAZg,Gweilo-60,2019-03-02 09:09:50.984812,11040,0
UChXOhG9bRDb3vSTg-qkPAZg,Gweilo-60,2019-03-02 09:08:50.580524,11040,0
UChXOhG9bRDb3vSTg-qkPAZg,Gweilo-60,2019-03-02 09:07:51.29789,11040,0
UChXOhG9bRDb3vSTg-qkPAZg,Gweilo-60,2019-03-02 09:06:50.988933,11040,0
UChXOhG9bRDb3vSTg-qkPAZg,Gweilo-60,2019-03-02 09:05:51.17826,11040,0
UChXOhG9bRDb3vSTg-qkPAZg,Gweilo-60,2019-03-02 09:04:51.21393,11040,0
UChXOhG9bRDb3vSTg-qkPAZg,Gweilo-60,2019-03-02 09:03:51.137985,11040,0
UChXOhG9bRDb3vSTg-qkPAZg,Gweilo-60,2019-03-02 09:02:51.601843,11040,0
UChXOhG9bRDb3vSTg-qkPAZg,Gweilo-60,2019-03-02 09:01:51.07771,11040,0
UChXOhG9bRDb3vSTg-qkPAZg,Gweilo-60,2019-03-02 09:00:50.881065,11040,0
UChXOhG9bRDb3vSTg-qkPAZg,Gweilo-60,2019-03-02 08:59:51.183742,11040,0
UChXOhG9bRDb3vSTg-qkPAZg,Gweilo-60,2019-03-02 08:58:51.193313,11040,0
UChXOhG9bRDb3vSTg-qkPAZg,Gweilo-60,2019-03-02 08:57:51.085651,11040,0
UChXOhG9bRDb3vSTg-qkPAZg,Gweilo-60,2019-03-02 08:56:51.257761,11040,0
UChXOhG9bRDb3vSTg-qkPAZg,Gweilo-60,2019-03-02 08:55:50.935514,11040,0
UChXOhG9bRDb3vSTg-qkPAZg,Gweilo-60,2019-03-02 08:54:50.878678,11040,0
UChXOhG9bRDb3vSTg-qkPAZg,Gweilo-60,2019-03-02 08:53:51.107181,11040,0
UChXOhG9bRDb3vSTg-qkPAZg,Gweilo-60,2019-03-02 08:52:51.258131,11040,0
UChXOhG9bRDb3vSTg-qkPAZg,Gweilo-60,2019-03-02 08:51:51.309835,11040,0
UChXOhG9bRDb3vSTg-qkPAZg,Gweilo-60,2019-03-02 08:50:51.118899,11040,0
UChXOhG9bRDb3vSTg-qkPAZg,Gweilo-60,2019-03-02 08:49:51.043601,11040,0
UChXOhG9bRDb3vSTg-qkPAZg,Gweilo-60,2019-03-02 08:48:50.93204,11040,0
UChXOhG9bRDb3vSTg-qkPAZg,Gweilo-60,2019-03-02 08:47:50.731619,11040,0
UChXOhG9bRDb3vSTg-qkPAZg,Gweilo-60,2019-03-02 08:46:51.054595,11040,0
UChXOhG9bRDb3vSTg-qkPAZg,Gweilo-60,2019-03-02 08:45:50.888672,11040,0
UChXOhG9bRDb3vSTg-qkPAZg,Gweilo-60,2019-03-02 08:44:50.940775,11040,0
UChXOhG9bRDb3vSTg-qkPAZg,Gweilo-60,2019-03-02 08:43:51.27231,11040,0
UChXOhG9bRDb3vSTg-qkPAZg,Gweilo-60,2019-03-02 08:42:51.269931,11040,0
UChXOhG9bRDb3vSTg-qkPAZg,Gweilo-60,2019-03-02 08:41:51.548826,11040,1
UChXOhG9bRDb3vSTg-qkPAZg,Gweilo-60,2019-03-02 08:40:51.828506,11039,0
UChXOhG9bRDb3vSTg-qkPAZg,Gweilo-60,2019-03-02 08:39:51.545383,11039,0
UChXOhG9bRDb3vSTg-qkPAZg,Gweilo-60,2019-03-02 08:38:51.045194,11039,0
UChXOhG9bRDb3vSTg-qkPAZg,Gweilo-60,2019-03-02 08:37:51.21736,11039,0
UChXOhG9bRDb3vSTg-qkPAZg,Gweilo-60,2019-03-02 08:36:51.583182,11039,0
UChXOhG9bRDb3vSTg-qkPAZg,Gweilo-60,2019-03-02 08:35:50.928946,11039,0
UChXOhG9bRDb3vSTg-qkPAZg,Gweilo-60,2019-03-02 08:34:51.03727,11039,0
UChXOhG9bRDb3vSTg-qkPAZg,Gweilo-60,2019-03-02 08:33:50.695608,11039,0
UChXOhG9bRDb3vSTg-qkPAZg,Gweilo-60,2019-03-02 08:32:50.938387,11039,0
UChXOhG9bRDb3vSTg-qkPAZg,Gweilo-60,2019-03-02 08:31:51.22776,11039,0
UChXOhG9bRDb3vSTg-qkPAZg,Gweilo-60,2019-03-02 08:30:51.072016,11039,0
UChXOhG9bRDb3vSTg-qkPAZg,Gweilo-60,2019-03-02 08:29:51.073751,11039,0
UChXOhG9bRDb3vSTg-qkPAZg,Gweilo-60,2019-03-02 08:28:51.452062,11039,0
UChXOhG9bRDb3vSTg-qkPAZg,Gweilo-60,2019-03-02 08:27:51.447425,11039,0
UChXOhG9bRDb3vSTg-qkPAZg,Gweilo-60,2019-03-02 08:26:50.856216,11039,0
UChXOhG9bRDb3vSTg-qkPAZg,Gweilo-60,2019-03-02 08:25:51.699496,11039,0
UChXOhG9bRDb3vSTg-qkPAZg,Gweilo-60,2019-03-02 08:24:50.762524,11039,0
UChXOhG9bRDb3vSTg-qkPAZg,Gweilo-60,2019-03-02 08:23:51.719923,11039,0
UChXOhG9bRDb3vSTg-qkPAZg,Gweilo-60,2019-03-02 08:22:51.507535,11039,0
UChXOhG9bRDb3vSTg-qkPAZg,Gweilo-60,2019-03-02 08:21:51.110418,11039,0
UChXOhG9bRDb3vSTg-qkPAZg,Gweilo-60,2019-03-02 08:20:51.359194,11039,0
UChXOhG9bRDb3vSTg-qkPAZg,Gweilo-60,2019-03-02 08:19:51.063146,11039,0
UChXOhG9bRDb3vSTg-qkPAZg,Gweilo-60,2019-03-02 08:18:51.313058,11039,0
UChXOhG9bRDb3vSTg-qkPAZg,Gweilo-60,2019-03-02 08:17:50.867085,11039,0
UChXOhG9bRDb3vSTg-qkPAZg,Gweilo-60,2019-03-02 08:16:51.3651,11039,0
UChXOhG9bRDb3vSTg-qkPAZg,Gweilo-60,2019-03-02 08:15:51.325857,11039,0
UChXOhG9bRDb3vSTg-qkPAZg,Gweilo-60,2019-03-02 08:14:51.215823,11039,0
UChXOhG9bRDb3vSTg-qkPAZg,Gweilo-60,2019-03-02 08:13:51.403348,11039,0
UChXOhG9bRDb3vSTg-qkPAZg,Gweilo-60,2019-03-02 08:12:51.407769,11039,0
UChXOhG9bRDb3vSTg-qkPAZg,Gweilo-60,2019-03-02 08:11:51.150996,11039,0
UChXOhG9bRDb3vSTg-qkPAZg,Gweilo-60,2019-03-02 08:10:50.96879,11039,0
UChXOhG9bRDb3vSTg-qkPAZg,Gweilo-60,2019-03-02 08:09:51.007958,11039,0
UChXOhG9bRDb3vSTg-qkPAZg,Gweilo-60,2019-03-02 08:08:51.236441,11039,0
UChXOhG9bRDb3vSTg-qkPAZg,Gweilo-60,2019-03-02 08:07:51.569727,11039,0
UChXOhG9bRDb3vSTg-qkPAZg,Gweilo-60,2019-03-02 08:06:51.430334,11039,0
UChXOhG9bRDb3vSTg-qkPAZg,Gweilo-60,2019-03-02 08:05:51.543876,11039,0
UChXOhG9bRDb3vSTg-qkPAZg,Gweilo-60,2019-03-02 08:04:52.395632,11039,0
UChXOhG9bRDb3vSTg-qkPAZg,Gweilo-60,2019-03-02 08:03:51.784106,11039,0
UChXOhG9bRDb3vSTg-qkPAZg,Gweilo-60,2019-03-02 08:02:51.173074,11039,0
UChXOhG9bRDb3vSTg-qkPAZg,Gweilo-60,2019-03-02 08:01:51.410315,11039,0
UChXOhG9bRDb3vSTg-qkPAZg,Gweilo-60,2019-03-02 08:00:51.888106,11039,0
UChXOhG9bRDb3vSTg-qkPAZg,Gweilo-60,2019-03-02 07:59:51.449065,11039,0
UChXOhG9bRDb3vSTg-qkPAZg,Gweilo-60,2019-03-02 07:58:51.36052,11039,0
UChXOhG9bRDb3vSTg-qkPAZg,Gweilo-60,2019-03-02 07:57:52.112022,11039,0
UChXOhG9bRDb3vSTg-qkPAZg,Gweilo-60,2019-03-02 07:56:51.948348,11039,0
UChXOhG9bRDb3vSTg-qkPAZg,Gweilo-60,2019-03-02 07:55:51.338061,11039,0
UChXOhG9bRDb3vSTg-qkPAZg,Gweilo-60,2019-03-02 07:54:51.669453,11039,0
UChXOhG9bRDb3vSTg-qkPAZg,Gweilo-60,2019-03-02 07:53:51.350422,11039,0
UChXOhG9bRDb3vSTg-qkPAZg,Gweilo-60,2019-03-02 07:52:51.582967,11039,0
UChXOhG9bRDb3vSTg-qkPAZg,Gweilo-60,2019-03-02 07:51:51.372829,11039,0
UChXOhG9bRDb3vSTg-qkPAZg,Gweilo-60,2019-03-02 07:50:51.113839,11039,0
UChXOhG9bRDb3vSTg-qkPAZg,Gweilo-60,2019-03-02 07:49:50.851749,11039,0
UChXOhG9bRDb3vSTg-qkPAZg,Gweilo-60,2019-03-02 07:48:51.197463,11039,0
UChXOhG9bRDb3vSTg-qkPAZg,Gweilo-60,2019-03-02 07:47:51.776402,11039,0
UChXOhG9bRDb3vSTg-qkPAZg,Gweilo-60,2019-03-02 07:46:51.509797,11039,0
UChXOhG9bRDb3vSTg-qkPAZg,Gweilo-60,2019-03-02 07:45:51.08065,11039,0
UChXOhG9bRDb3vSTg-qkPAZg,Gweilo-60,2019-03-02 07:44:50.952689,11039,0
UChXOhG9bRDb3vSTg-qkPAZg,Gweilo-60,2019-03-02 07:43:51.596061,11039,0
UChXOhG9bRDb3vSTg-qkPAZg,Gweilo-60,2019-03-02 07:42:50.840063,11039,0
UChXOhG9bRDb3vSTg-qkPAZg,Gweilo-60,2019-03-02 07:41:50.861929,11039,0
UChXOhG9bRDb3vSTg-qkPAZg,Gweilo-60,2019-03-02 07:40:51.160377,11039,0
UChXOhG9bRDb3vSTg-qkPAZg,Gweilo-60,2019-03-02 07:39:51.158639,11039,0
UChXOhG9bRDb3vSTg-qkPAZg,Gweilo-60,2019-03-02 07:38:50.994855,11039,0
UChXOhG9bRDb3vSTg-qkPAZg,Gweilo-60,2019-03-02 07:37:51.392004,11039,0
UChXOhG9bRDb3vSTg-qkPAZg,Gweilo-60,2019-03-02 07:36:50.974265,11039,0
UChXOhG9bRDb3vSTg-qkPAZg,Gweilo-60,2019-03-02 07:35:51.011171,11039,0
UChXOhG9bRDb3vSTg-qkPAZg,Gweilo-60,2019-03-02 07:34:51.093501,11039,0
UChXOhG9bRDb3vSTg-qkPAZg,Gweilo-60,2019-03-02 07:33:51.494835,11039,0
UChXOhG9bRDb3vSTg-qkPAZg,Gweilo-60,2019-03-02 07:32:50.621036,11039,0
UChXOhG9bRDb3vSTg-qkPAZg,Gweilo-60,2019-03-02 07:31:51.549779,11039,0
UChXOhG9bRDb3vSTg-qkPAZg,Gweilo-60,2019-03-02 07:30:51.000834,11039,0
UChXOhG9bRDb3vSTg-qkPAZg,Gweilo-60,2019-03-02 07:29:51.044565,11039,0
UChXOhG9bRDb3vSTg-qkPAZg,Gweilo-60,2019-03-02 07:28:50.793417,11039,0
UChXOhG9bRDb3vSTg-qkPAZg,Gweilo-60,2019-03-02 07:27:51.303311,11039,0
UChXOhG9bRDb3vSTg-qkPAZg,Gweilo-60,2019-03-02 07:26:51.146199,11039,0
UChXOhG9bRDb3vSTg-qkPAZg,Gweilo-60,2019-03-02 07:25:51.225065,11039,0
UChXOhG9bRDb3vSTg-qkPAZg,Gweilo-60,2019-03-02 07:24:50.743692,11039,0
UChXOhG9bRDb3vSTg-qkPAZg,Gweilo-60,2019-03-02 07:23:51.586753,11039,0
UChXOhG9bRDb3vSTg-qkPAZg,Gweilo-60,2019-03-02 07:22:51.239653,11039,0
UChXOhG9bRDb3vSTg-qkPAZg,Gweilo-60,2019-03-02 07:21:50.80518,11039,0
UChXOhG9bRDb3vSTg-qkPAZg,Gweilo-60,2019-03-02 07:20:52.296847,11039,0
UChXOhG9bRDb3vSTg-qkPAZg,Gweilo-60,2019-03-02 07:19:51.09998,11039,0
UChXOhG9bRDb3vSTg-qkPAZg,Gweilo-60,2019-03-02 07:18:50.836683,11039,0
UChXOhG9bRDb3vSTg-qkPAZg,Gweilo-60,2019-03-02 07:17:50.587527,11039,0
UChXOhG9bRDb3vSTg-qkPAZg,Gweilo-60,2019-03-02 07:16:51.475411,11039,0
UChXOhG9bRDb3vSTg-qkPAZg,Gweilo-60,2019-03-02 07:15:51.467235,11039,0
UChXOhG9bRDb3vSTg-qkPAZg,Gweilo-60,2019-03-02 07:14:51.344121,11039,0
UChXOhG9bRDb3vSTg-qkPAZg,Gweilo-60,2019-03-02 07:13:51.692279,11039,0
UChXOhG9bRDb3vSTg-qkPAZg,Gweilo-60,2019-03-02 07:12:51.404883,11039,0
UChXOhG9bRDb3vSTg-qkPAZg,Gweilo-60,2019-03-02 07:11:51.594636,11039,0
UChXOhG9bRDb3vSTg-qkPAZg,Gweilo-60,2019-03-02 07:10:51.243235,11039,0
UChXOhG9bRDb3vSTg-qkPAZg,Gweilo-60,2019-03-02 07:09:51.589258,11039,0
UChXOhG9bRDb3vSTg-qkPAZg,Gweilo-60,2019-03-02 07:08:51.176775,11039,0
UChXOhG9bRDb3vSTg-qkPAZg,Gweilo-60,2019-03-02 07:07:51.289701,11039,0
UChXOhG9bRDb3vSTg-qkPAZg,Gweilo-60,2019-03-02 07:06:52.08486,11039,0
UChXOhG9bRDb3vSTg-qkPAZg,Gweilo-60,2019-03-02 07:05:51.155057,11039,0
UChXOhG9bRDb3vSTg-qkPAZg,Gweilo-60,2019-03-02 07:04:50.691836,11039,0
UChXOhG9bRDb3vSTg-qkPAZg,Gweilo-60,2019-03-02 07:03:50.972592,11039,0
UChXOhG9bRDb3vSTg-qkPAZg,Gweilo-60,2019-03-02 07:02:51.160638,11039,0
UChXOhG9bRDb3vSTg-qkPAZg,Gweilo-60,2019-03-02 07:01:51.769865,11039,0
UChXOhG9bRDb3vSTg-qkPAZg,Gweilo-60,2019-03-02 07:00:50.969062,11039,0
UChXOhG9bRDb3vSTg-qkPAZg,Gweilo-60,2019-03-02 06:59:51.544818,11039,0
UChXOhG9bRDb3vSTg-qkPAZg,Gweilo-60,2019-03-02 06:58:51.92108,11039,0
UChXOhG9bRDb3vSTg-qkPAZg,Gweilo-60,2019-03-02 06:57:51.236113,11039,0
UChXOhG9bRDb3vSTg-qkPAZg,Gweilo-60,2019-03-02 06:56:51.361136,11039,0
UChXOhG9bRDb3vSTg-qkPAZg,Gweilo-60,2019-03-02 06:55:51.270019,11039,0
UChXOhG9bRDb3vSTg-qkPAZg,Gweilo-60,2019-03-02 06:54:51.333454,11039,0
UChXOhG9bRDb3vSTg-qkPAZg,Gweilo-60,2019-03-02 06:53:51.011797,11039,0
UChXOhG9bRDb3vSTg-qkPAZg,Gweilo-60,2019-03-02 06:52:51.183874,11039,0
UChXOhG9bRDb3vSTg-qkPAZg,Gweilo-60,2019-03-02 06:51:51.275019,11039,0
UChXOhG9bRDb3vSTg-qkPAZg,Gweilo-60,2019-03-02 06:50:52.314146,11039,0
UChXOhG9bRDb3vSTg-qkPAZg,Gweilo-60,2019-03-02 06:49:52.228482,11039,0
UChXOhG9bRDb3vSTg-qkPAZg,Gweilo-60,2019-03-02 06:48:51.22228,11039,0
UChXOhG9bRDb3vSTg-qkPAZg,Gweilo-60,2019-03-02 06:47:51.453806,11039,0
UChXOhG9bRDb3vSTg-qkPAZg,Gweilo-60,2019-03-02 06:46:51.762163,11039,0
UChXOhG9bRDb3vSTg-qkPAZg,Gweilo-60,2019-03-02 06:45:50.899547,11039,0
UChXOhG9bRDb3vSTg-qkPAZg,Gweilo-60,2019-03-02 06:44:51.030806,11039,0
UChXOhG9bRDb3vSTg-qkPAZg,Gweilo-60,2019-03-02 06:43:51.092023,11039,0
UChXOhG9bRDb3vSTg-qkPAZg,Gweilo-60,2019-03-02 06:42:51.201039,11039,0
UChXOhG9bRDb3vSTg-qkPAZg,Gweilo-60,2019-03-02 06:41:51.274484,11039,0
UChXOhG9bRDb3vSTg-qkPAZg,Gweilo-60,2019-03-02 06:40:51.360381,11039,0
UChXOhG9bRDb3vSTg-qkPAZg,Gweilo-60,2019-03-02 06:39:50.950676,11039,0
UChXOhG9bRDb3vSTg-qkPAZg,Gweilo-60,2019-03-02 06:38:50.79765,11039,0
UChXOhG9bRDb3vSTg-qkPAZg,Gweilo-60,2019-03-02 06:37:51.285033,11039,0
UChXOhG9bRDb3vSTg-qkPAZg,Gweilo-60,2019-03-02 06:36:50.860121,11039,0
UChXOhG9bRDb3vSTg-qkPAZg,Gweilo-60,2019-03-02 06:35:51.324413,11039,0
UChXOhG9bRDb3vSTg-qkPAZg,Gweilo-60,2019-03-02 06:34:51.809001,11039,0
UChXOhG9bRDb3vSTg-qkPAZg,Gweilo-60,2019-03-02 06:33:51.25247,11039,0
UChXOhG9bRDb3vSTg-qkPAZg,Gweilo-60,2019-03-02 06:32:51.65976,11039,0
UChXOhG9bRDb3vSTg-qkPAZg,Gweilo-60,2019-03-02 06:31:51.262982,11039,0
UChXOhG9bRDb3vSTg-qkPAZg,Gweilo-60,2019-03-02 06:30:51.220101,11039,0
UChXOhG9bRDb3vSTg-qkPAZg,Gweilo-60,2019-03-02 06:29:51.337666,11039,0
UChXOhG9bRDb3vSTg-qkPAZg,Gweilo-60,2019-03-02 06:28:51.406234,11039,0
UChXOhG9bRDb3vSTg-qkPAZg,Gweilo-60,2019-03-02 06:27:51.845959,11039,0
UChXOhG9bRDb3vSTg-qkPAZg,Gweilo-60,2019-03-02 06:26:50.988278,11039,0
UChXOhG9bRDb3vSTg-qkPAZg,Gweilo-60,2019-03-02 06:25:50.985259,11039,0
UChXOhG9bRDb3vSTg-qkPAZg,Gweilo-60,2019-03-02 06:24:51.160897,11039,0
UChXOhG9bRDb3vSTg-qkPAZg,Gweilo-60,2019-03-02 06:23:51.859072,11039,0
UChXOhG9bRDb3vSTg-qkPAZg,Gweilo-60,2019-03-02 06:22:51.381825,11039,0
UChXOhG9bRDb3vSTg-qkPAZg,Gweilo-60,2019-03-02 06:21:51.356571,11039,0
UChXOhG9bRDb3vSTg-qkPAZg,Gweilo-60,2019-03-02 06:20:51.26948,11039,0
UChXOhG9bRDb3vSTg-qkPAZg,Gweilo-60,2019-03-02 06:19:50.756076,11039,0
UChXOhG9bRDb3vSTg-qkPAZg,Gweilo-60,2019-03-02 06:18:51.336312,11039,0
UChXOhG9bRDb3vSTg-qkPAZg,Gweilo-60,2019-03-02 06:17:52.280778,11039,0
UChXOhG9bRDb3vSTg-qkPAZg,Gweilo-60,2019-03-02 06:16:51.105266,11039,0
UChXOhG9bRDb3vSTg-qkPAZg,Gweilo-60,2019-03-02 06:15:51.242771,11039,0
UChXOhG9bRDb3vSTg-qkPAZg,Gweilo-60,2019-03-02 06:14:50.991832,11039,0
UChXOhG9bRDb3vSTg-qkPAZg,Gweilo-60,2019-03-02 06:13:51.267332,11039,0
UChXOhG9bRDb3vSTg-qkPAZg,Gweilo-60,2019-03-02 06:12:51.119622,11039,0
UChXOhG9bRDb3vSTg-qkPAZg,Gweilo-60,2019-03-02 06:11:50.720535,11039,0
UChXOhG9bRDb3vSTg-qkPAZg,Gweilo-60,2019-03-02 06:10:51.267931,11039,0
UChXOhG9bRDb3vSTg-qkPAZg,Gweilo-60,2019-03-02 06:09:50.79472,11039,0
UChXOhG9bRDb3vSTg-qkPAZg,Gweilo-60,2019-03-02 06:08:51.172567,11039,0
UChXOhG9bRDb3vSTg-qkPAZg,Gweilo-60,2019-03-02 06:07:51.020631,11039,0
UChXOhG9bRDb3vSTg-qkPAZg,Gweilo-60,2019-03-02 06:06:51.107068,11039,0
UChXOhG9bRDb3vSTg-qkPAZg,Gweilo-60,2019-03-02 06:05:51.241689,11039,0
UChXOhG9bRDb3vSTg-qkPAZg,Gweilo-60,2019-03-02 06:04:50.993916,11039,0
UChXOhG9bRDb3vSTg-qkPAZg,Gweilo-60,2019-03-02 06:03:51.795388,11039,0
UChXOhG9bRDb3vSTg-qkPAZg,Gweilo-60,2019-03-02 06:02:51.064306,11039,0
UChXOhG9bRDb3vSTg-qkPAZg,Gweilo-60,2019-03-02 06:01:51.315782,11039,0
UChXOhG9bRDb3vSTg-qkPAZg,Gweilo-60,2019-03-02 06:00:51.183969,11039,0
UChXOhG9bRDb3vSTg-qkPAZg,Gweilo-60,2019-03-02 05:59:51.034684,11039,0
UChXOhG9bRDb3vSTg-qkPAZg,Gweilo-60,2019-03-02 05:58:50.792834,11039,0
UChXOhG9bRDb3vSTg-qkPAZg,Gweilo-60,2019-03-02 05:57:51.27568,11039,0
UChXOhG9bRDb3vSTg-qkPAZg,Gweilo-60,2019-03-02 05:56:50.961337,11039,0
UChXOhG9bRDb3vSTg-qkPAZg,Gweilo-60,2019-03-02 05:55:51.183015,11039,0
UChXOhG9bRDb3vSTg-qkPAZg,Gweilo-60,2019-03-02 05:54:51.048497,11039,0
UChXOhG9bRDb3vSTg-qkPAZg,Gweilo-60,2019-03-02 05:53:50.914067,11039,0
UChXOhG9bRDb3vSTg-qkPAZg,Gweilo-60,2019-03-02 05:52:52.082923,11039,0
UChXOhG9bRDb3vSTg-qkPAZg,Gweilo-60,2019-03-02 05:51:50.833709,11039,0
UChXOhG9bRDb3vSTg-qkPAZg,Gweilo-60,2019-03-02 05:50:50.999777,11039,0
UChXOhG9bRDb3vSTg-qkPAZg,Gweilo-60,2019-03-02 05:49:51.453461,11039,0
UChXOhG9bRDb3vSTg-qkPAZg,Gweilo-60,2019-03-02 05:48:50.979899,11039,0
UChXOhG9bRDb3vSTg-qkPAZg,Gweilo-60,2019-03-02 05:47:51.369623,11039,0
UChXOhG9bRDb3vSTg-qkPAZg,Gweilo-60,2019-03-02 05:46:51.563408,11039,0
UChXOhG9bRDb3vSTg-qkPAZg,Gweilo-60,2019-03-02 05:45:51.557791,11039,0
UChXOhG9bRDb3vSTg-qkPAZg,Gweilo-60,2019-03-02 05:44:51.282717,11039,0
UChXOhG9bRDb3vSTg-qkPAZg,Gweilo-60,2019-03-02 05:43:51.371375,11039,1
UChXOhG9bRDb3vSTg-qkPAZg,Gweilo-60,2019-03-02 05:42:52.219664,11038,0
UChXOhG9bRDb3vSTg-qkPAZg,Gweilo-60,2019-03-02 05:41:52.365366,11038,0
UChXOhG9bRDb3vSTg-qkPAZg,Gweilo-60,2019-03-02 05:40:51.454345,11038,0
UChXOhG9bRDb3vSTg-qkPAZg,Gweilo-60,2019-03-02 05:39:51.242518,11038,0
UChXOhG9bRDb3vSTg-qkPAZg,Gweilo-60,2019-03-02 05:38:51.513702,11038,0
UChXOhG9bRDb3vSTg-qkPAZg,Gweilo-60,2019-03-02 05:37:51.371927,11038,0
UChXOhG9bRDb3vSTg-qkPAZg,Gweilo-60,2019-03-02 05:36:51.315725,11038,0
UChXOhG9bRDb3vSTg-qkPAZg,Gweilo-60,2019-03-02 05:35:50.932061,11038,0
UChXOhG9bRDb3vSTg-qkPAZg,Gweilo-60,2019-03-02 05:34:51.010328,11038,0
UChXOhG9bRDb3vSTg-qkPAZg,Gweilo-60,2019-03-02 05:33:51.329081,11038,0
UChXOhG9bRDb3vSTg-qkPAZg,Gweilo-60,2019-03-02 05:32:50.944167,11038,0
UChXOhG9bRDb3vSTg-qkPAZg,Gweilo-60,2019-03-02 05:31:51.526903,11038,0
UChXOhG9bRDb3vSTg-qkPAZg,Gweilo-60,2019-03-02 05:30:51.368016,11038,0
UChXOhG9bRDb3vSTg-qkPAZg,Gweilo-60,2019-03-02 05:29:51.462094,11038,0
UChXOhG9bRDb3vSTg-qkPAZg,Gweilo-60,2019-03-02 05:28:51.292322,11038,0
UChXOhG9bRDb3vSTg-qkPAZg,Gweilo-60,2019-03-02 05:27:52.006015,11038,0
UChXOhG9bRDb3vSTg-qkPAZg,Gweilo-60,2019-03-02 05:26:51.725075,11038,0
UChXOhG9bRDb3vSTg-qkPAZg,Gweilo-60,2019-03-02 05:25:51.274323,11038,0
UChXOhG9bRDb3vSTg-qkPAZg,Gweilo-60,2019-03-02 05:24:51.007879,11038,0
UChXOhG9bRDb3vSTg-qkPAZg,Gweilo-60,2019-03-02 05:23:51.407491,11038,-1
UChXOhG9bRDb3vSTg-qkPAZg,Gweilo-60,2019-03-02 05:22:51.164044,11039,0
UChXOhG9bRDb3vSTg-qkPAZg,Gweilo-60,2019-03-02 05:21:51.280324,11039,0
UChXOhG9bRDb3vSTg-qkPAZg,Gweilo-60,2019-03-02 05:20:51.266192,11039,0
UChXOhG9bRDb3vSTg-qkPAZg,Gweilo-60,2019-03-02 05:19:51.117617,11039,0
UChXOhG9bRDb3vSTg-qkPAZg,Gweilo-60,2019-03-02 05:18:51.075614,11039,0
UChXOhG9bRDb3vSTg-qkPAZg,Gweilo-60,2019-03-02 05:17:51.287615,11039,0
UChXOhG9bRDb3vSTg-qkPAZg,Gweilo-60,2019-03-02 05:16:51.086011,11039,0
UChXOhG9bRDb3vSTg-qkPAZg,Gweilo-60,2019-03-02 05:15:51.655026,11039,0
UChXOhG9bRDb3vSTg-qkPAZg,Gweilo-60,2019-03-02 05:14:51.349181,11039,0
UChXOhG9bRDb3vSTg-qkPAZg,Gweilo-60,2019-03-02 05:13:51.316446,11039,0
UChXOhG9bRDb3vSTg-qkPAZg,Gweilo-60,2019-03-02 05:12:51.634535,11039,1
UChXOhG9bRDb3vSTg-qkPAZg,Gweilo-60,2019-03-02 05:11:51.472649,11038,0
UChXOhG9bRDb3vSTg-qkPAZg,Gweilo-60,2019-03-02 05:10:51.647906,11038,0
UChXOhG9bRDb3vSTg-qkPAZg,Gweilo-60,2019-03-02 05:09:51.187471,11038,0
UChXOhG9bRDb3vSTg-qkPAZg,Gweilo-60,2019-03-02 05:08:51.190984,11038,0
UChXOhG9bRDb3vSTg-qkPAZg,Gweilo-60,2019-03-02 05:07:51.128642,11038,0
UChXOhG9bRDb3vSTg-qkPAZg,Gweilo-60,2019-03-02 05:06:51.063302,11038,0
UChXOhG9bRDb3vSTg-qkPAZg,Gweilo-60,2019-03-02 05:05:51.26975,11038,0
UChXOhG9bRDb3vSTg-qkPAZg,Gweilo-60,2019-03-02 05:04:51.836287,11038,0
UChXOhG9bRDb3vSTg-qkPAZg,Gweilo-60,2019-03-02 05:03:51.608579,11038,0
UChXOhG9bRDb3vSTg-qkPAZg,Gweilo-60,2019-03-02 05:02:51.747882,11038,0
UChXOhG9bRDb3vSTg-qkPAZg,Gweilo-60,2019-03-02 05:01:51.872502,11038,0
UChXOhG9bRDb3vSTg-qkPAZg,Gweilo-60,2019-03-02 05:00:52.010324,11038,0
UChXOhG9bRDb3vSTg-qkPAZg,Gweilo-60,2019-03-02 04:59:51.629139,11038,0
UChXOhG9bRDb3vSTg-qkPAZg,Gweilo-60,2019-03-02 04:58:51.291301,11038,0
UChXOhG9bRDb3vSTg-qkPAZg,Gweilo-60,2019-03-02 04:57:51.027738,11038,0
UChXOhG9bRDb3vSTg-qkPAZg,Gweilo-60,2019-03-02 04:56:51.173366,11038,0
UChXOhG9bRDb3vSTg-qkPAZg,Gweilo-60,2019-03-02 04:55:51.20229,11038,0
UChXOhG9bRDb3vSTg-qkPAZg,Gweilo-60,2019-03-02 04:54:51.213843,11038,0
UChXOhG9bRDb3vSTg-qkPAZg,Gweilo-60,2019-03-02 04:53:51.456967,11038,0
UChXOhG9bRDb3vSTg-qkPAZg,Gweilo-60,2019-03-02 04:52:51.472858,11038,0
UChXOhG9bRDb3vSTg-qkPAZg,Gweilo-60,2019-03-02 04:51:51.500752,11038,0
UChXOhG9bRDb3vSTg-qkPAZg,Gweilo-60,2019-03-02 04:50:51.305353,11038,0
UChXOhG9bRDb3vSTg-qkPAZg,Gweilo-60,2019-03-02 04:49:51.338687,11038,0
UChXOhG9bRDb3vSTg-qkPAZg,Gweilo-60,2019-03-02 04:48:51.223801,11038,0
UChXOhG9bRDb3vSTg-qkPAZg,Gweilo-60,2019-03-02 04:47:51.063121,11038,0
UChXOhG9bRDb3vSTg-qkPAZg,Gweilo-60,2019-03-02 04:46:51.921382,11038,0
UChXOhG9bRDb3vSTg-qkPAZg,Gweilo-60,2019-03-02 04:45:51.015246,11038,0
UChXOhG9bRDb3vSTg-qkPAZg,Gweilo-60,2019-03-02 04:44:51.149431,11038,0
UChXOhG9bRDb3vSTg-qkPAZg,Gweilo-60,2019-03-02 04:43:50.849067,11038,0
UChXOhG9bRDb3vSTg-qkPAZg,Gweilo-60,2019-03-02 04:42:51.452838,11038,0
UChXOhG9bRDb3vSTg-qkPAZg,Gweilo-60,2019-03-02 04:41:50.936886,11038,0
UChXOhG9bRDb3vSTg-qkPAZg,Gweilo-60,2019-03-02 04:40:51.578615,11038,0
UChXOhG9bRDb3vSTg-qkPAZg,Gweilo-60,2019-03-02 04:39:51.127978,11038,0
UChXOhG9bRDb3vSTg-qkPAZg,Gweilo-60,2019-03-02 04:38:51.448475,11038,0
UChXOhG9bRDb3vSTg-qkPAZg,Gweilo-60,2019-03-02 04:37:51.256238,11038,0
UChXOhG9bRDb3vSTg-qkPAZg,Gweilo-60,2019-03-02 04:36:51.680473,11038,0
UChXOhG9bRDb3vSTg-qkPAZg,Gweilo-60,2019-03-02 04:35:50.762843,11038,0
UChXOhG9bRDb3vSTg-qkPAZg,Gweilo-60,2019-03-02 04:34:51.908413,11038,0
UChXOhG9bRDb3vSTg-qkPAZg,Gweilo-60,2019-03-02 04:33:51.176698,11038,0
UChXOhG9bRDb3vSTg-qkPAZg,Gweilo-60,2019-03-02 04:32:51.930586,11038,0
UChXOhG9bRDb3vSTg-qkPAZg,Gweilo-60,2019-03-02 04:31:51.109032,11038,0
UChXOhG9bRDb3vSTg-qkPAZg,Gweilo-60,2019-03-02 04:30:51.40837,11038,0
UChXOhG9bRDb3vSTg-qkPAZg,Gweilo-60,2019-03-02 04:29:51.878592,11038,0
UChXOhG9bRDb3vSTg-qkPAZg,Gweilo-60,2019-03-02 04:28:51.908319,11038,0
UChXOhG9bRDb3vSTg-qkPAZg,Gweilo-60,2019-03-02 04:27:51.20095,11038,0
UChXOhG9bRDb3vSTg-qkPAZg,Gweilo-60,2019-03-02 04:26:52.15359,11038,0
UChXOhG9bRDb3vSTg-qkPAZg,Gweilo-60,2019-03-02 04:25:51.411936,11038,0
UChXOhG9bRDb3vSTg-qkPAZg,Gweilo-60,2019-03-02 04:24:51.031461,11038,0
UChXOhG9bRDb3vSTg-qkPAZg,Gweilo-60,2019-03-02 04:23:51.014736,11038,0
UChXOhG9bRDb3vSTg-qkPAZg,Gweilo-60,2019-03-02 04:22:51.559709,11038,0
UChXOhG9bRDb3vSTg-qkPAZg,Gweilo-60,2019-03-02 04:21:51.155215,11038,0
UChXOhG9bRDb3vSTg-qkPAZg,Gweilo-60,2019-03-02 04:20:51.103354,11038,0
UChXOhG9bRDb3vSTg-qkPAZg,Gweilo-60,2019-03-02 04:19:51.302976,11038,0
UChXOhG9bRDb3vSTg-qkPAZg,Gweilo-60,2019-03-02 04:18:51.512863,11038,0
UChXOhG9bRDb3vSTg-qkPAZg,Gweilo-60,2019-03-02 04:17:50.878843,11038,0
UChXOhG9bRDb3vSTg-qkPAZg,Gweilo-60,2019-03-02 04:16:51.509363,11038,0
UChXOhG9bRDb3vSTg-qkPAZg,Gweilo-60,2019-03-02 04:15:51.58935,11038,0
UChXOhG9bRDb3vSTg-qkPAZg,Gweilo-60,2019-03-02 04:14:51.967061,11038,0
UChXOhG9bRDb3vSTg-qkPAZg,Gweilo-60,2019-03-02 04:13:51.128147,11038,0
UChXOhG9bRDb3vSTg-qkPAZg,Gweilo-60,2019-03-02 04:12:51.924383,11038,0
UChXOhG9bRDb3vSTg-qkPAZg,Gweilo-60,2019-03-02 04:11:51.509028,11038,0
UChXOhG9bRDb3vSTg-qkPAZg,Gweilo-60,2019-03-02 04:10:51.565902,11038,0
UChXOhG9bRDb3vSTg-qkPAZg,Gweilo-60,2019-03-02 04:09:51.830019,11038,0
UChXOhG9bRDb3vSTg-qkPAZg,Gweilo-60,2019-03-02 04:08:51.569084,11038,0
UChXOhG9bRDb3vSTg-qkPAZg,Gweilo-60,2019-03-02 04:07:51.056814,11038,0
UChXOhG9bRDb3vSTg-qkPAZg,Gweilo-60,2019-03-02 04:06:51.295231,11038,0
UChXOhG9bRDb3vSTg-qkPAZg,Gweilo-60,2019-03-02 04:05:51.598773,11038,0
UChXOhG9bRDb3vSTg-qkPAZg,Gweilo-60,2019-03-02 04:04:52.220823,11038,0
UChXOhG9bRDb3vSTg-qkPAZg,Gweilo-60,2019-03-02 04:03:51.729467,11038,0
UChXOhG9bRDb3vSTg-qkPAZg,Gweilo-60,2019-03-02 04:02:51.776947,11038,0
UChXOhG9bRDb3vSTg-qkPAZg,Gweilo-60,2019-03-02 04:01:51.05343,11038,0
UChXOhG9bRDb3vSTg-qkPAZg,Gweilo-60,2019-03-02 04:00:51.763351,11038,0
UChXOhG9bRDb3vSTg-qkPAZg,Gweilo-60,2019-03-02 03:59:51.284807,11038,0
UChXOhG9bRDb3vSTg-qkPAZg,Gweilo-60,2019-03-02 03:58:51.420689,11038,0
UChXOhG9bRDb3vSTg-qkPAZg,Gweilo-60,2019-03-02 03:57:50.868002,11038,0
UChXOhG9bRDb3vSTg-qkPAZg,Gweilo-60,2019-03-02 03:56:51.319587,11038,0
UChXOhG9bRDb3vSTg-qkPAZg,Gweilo-60,2019-03-02 03:55:51.562209,11038,0
UChXOhG9bRDb3vSTg-qkPAZg,Gweilo-60,2019-03-02 03:54:51.069294,11038,0
UChXOhG9bRDb3vSTg-qkPAZg,Gweilo-60,2019-03-02 03:53:51.808053,11038,0
UChXOhG9bRDb3vSTg-qkPAZg,Gweilo-60,2019-03-02 03:52:51.342114,11038,0
UChXOhG9bRDb3vSTg-qkPAZg,Gweilo-60,2019-03-02 03:51:51.146661,11038,0
UChXOhG9bRDb3vSTg-qkPAZg,Gweilo-60,2019-03-02 03:50:51.557782,11038,0
UChXOhG9bRDb3vSTg-qkPAZg,Gweilo-60,2019-03-02 03:49:51.8357,11038,0
UChXOhG9bRDb3vSTg-qkPAZg,Gweilo-60,2019-03-02 03:48:52.2552,11038,0
UChXOhG9bRDb3vSTg-qkPAZg,Gweilo-60,2019-03-02 03:47:51.399399,11038,0
UChXOhG9bRDb3vSTg-qkPAZg,Gweilo-60,2019-03-02 03:46:52.066072,11038,0
UChXOhG9bRDb3vSTg-qkPAZg,Gweilo-60,2019-03-02 03:45:51.38822,11038,0
UChXOhG9bRDb3vSTg-qkPAZg,Gweilo-60,2019-03-02 03:44:51.57984,11038,0
UChXOhG9bRDb3vSTg-qkPAZg,Gweilo-60,2019-03-02 03:43:51.455198,11038,0
UChXOhG9bRDb3vSTg-qkPAZg,Gweilo-60,2019-03-02 03:42:51.534275,11038,0
UChXOhG9bRDb3vSTg-qkPAZg,Gweilo-60,2019-03-02 03:41:50.992769,11038,0
UChXOhG9bRDb3vSTg-qkPAZg,Gweilo-60,2019-03-02 03:40:51.344109,11038,0
UChXOhG9bRDb3vSTg-qkPAZg,Gweilo-60,2019-03-02 03:39:51.3147,11038,0
UChXOhG9bRDb3vSTg-qkPAZg,Gweilo-60,2019-03-02 03:38:52.301112,11038,0
UChXOhG9bRDb3vSTg-qkPAZg,Gweilo-60,2019-03-02 03:37:51.933317,11038,0
UChXOhG9bRDb3vSTg-qkPAZg,Gweilo-60,2019-03-02 03:36:51.476297,11038,0
UChXOhG9bRDb3vSTg-qkPAZg,Gweilo-60,2019-03-02 03:35:51.046112,11038,0
UChXOhG9bRDb3vSTg-qkPAZg,Gweilo-60,2019-03-02 03:34:50.783961,11038,0
UChXOhG9bRDb3vSTg-qkPAZg,Gweilo-60,2019-03-02 03:33:51.254386,11038,0
UChXOhG9bRDb3vSTg-qkPAZg,Gweilo-60,2019-03-02 03:32:51.271363,11038,0
UChXOhG9bRDb3vSTg-qkPAZg,Gweilo-60,2019-03-02 03:31:51.258109,11038,0
UChXOhG9bRDb3vSTg-qkPAZg,Gweilo-60,2019-03-02 03:30:51.151999,11038,0
UChXOhG9bRDb3vSTg-qkPAZg,Gweilo-60,2019-03-02 03:29:51.052743,11038,0
UChXOhG9bRDb3vSTg-qkPAZg,Gweilo-60,2019-03-02 03:28:54.048711,11038,0
UChXOhG9bRDb3vSTg-qkPAZg,Gweilo-60,2019-03-02 03:27:51.25074,11038,0
UChXOhG9bRDb3vSTg-qkPAZg,Gweilo-60,2019-03-02 03:26:51.421787,11038,0
UChXOhG9bRDb3vSTg-qkPAZg,Gweilo-60,2019-03-02 03:25:51.527286,11038,0
UChXOhG9bRDb3vSTg-qkPAZg,Gweilo-60,2019-03-02 03:24:51.169654,11038,0
UChXOhG9bRDb3vSTg-qkPAZg,Gweilo-60,2019-03-02 03:23:51.084422,11038,0
UChXOhG9bRDb3vSTg-qkPAZg,Gweilo-60,2019-03-02 03:22:52.5065,11038,0
UChXOhG9bRDb3vSTg-qkPAZg,Gweilo-60,2019-03-02 03:21:51.556138,11038,0
UChXOhG9bRDb3vSTg-qkPAZg,Gweilo-60,2019-03-02 03:20:51.2902,11038,0
UChXOhG9bRDb3vSTg-qkPAZg,Gweilo-60,2019-03-02 03:19:51.446764,11038,1
UChXOhG9bRDb3vSTg-qkPAZg,Gweilo-60,2019-03-02 03:18:51.171622,11037,0
UChXOhG9bRDb3vSTg-qkPAZg,Gweilo-60,2019-03-02 03:17:51.398539,11037,0
UChXOhG9bRDb3vSTg-qkPAZg,Gweilo-60,2019-03-02 03:16:51.099292,11037,0
UChXOhG9bRDb3vSTg-qkPAZg,Gweilo-60,2019-03-02 03:15:50.903057,11037,0
UChXOhG9bRDb3vSTg-qkPAZg,Gweilo-60,2019-03-02 03:14:50.525353,11037,0
UChXOhG9bRDb3vSTg-qkPAZg,Gweilo-60,2019-03-02 03:13:51.576826,11037,0
UChXOhG9bRDb3vSTg-qkPAZg,Gweilo-60,2019-03-02 03:12:51.893455,11037,0
UChXOhG9bRDb3vSTg-qkPAZg,Gweilo-60,2019-03-02 03:11:51.097147,11037,0
UChXOhG9bRDb3vSTg-qkPAZg,Gweilo-60,2019-03-02 03:10:52.626071,11037,0
UChXOhG9bRDb3vSTg-qkPAZg,Gweilo-60,2019-03-02 03:09:52.300446,11037,0
UChXOhG9bRDb3vSTg-qkPAZg,Gweilo-60,2019-03-02 03:08:51.934272,11037,0
UChXOhG9bRDb3vSTg-qkPAZg,Gweilo-60,2019-03-02 03:07:51.236325,11037,0
UChXOhG9bRDb3vSTg-qkPAZg,Gweilo-60,2019-03-02 03:06:51.088452,11037,0
UChXOhG9bRDb3vSTg-qkPAZg,Gweilo-60,2019-03-02 03:05:51.408933,11037,0
UChXOhG9bRDb3vSTg-qkPAZg,Gweilo-60,2019-03-02 03:04:52.125608,11037,0
UChXOhG9bRDb3vSTg-qkPAZg,Gweilo-60,2019-03-02 03:03:50.917363,11037,0
UChXOhG9bRDb3vSTg-qkPAZg,Gweilo-60,2019-03-02 03:02:51.978264,11037,0
UChXOhG9bRDb3vSTg-qkPAZg,Gweilo-60,2019-03-02 03:01:51.49225,11037,0
UChXOhG9bRDb3vSTg-qkPAZg,Gweilo-60,2019-03-02 03:00:51.681907,11037,0
UChXOhG9bRDb3vSTg-qkPAZg,Gweilo-60,2019-03-02 02:59:50.804257,11037,0
UChXOhG9bRDb3vSTg-qkPAZg,Gweilo-60,2019-03-02 02:58:51.763712,11037,0
UChXOhG9bRDb3vSTg-qkPAZg,Gweilo-60,2019-03-02 02:57:51.871362,11037,0
UChXOhG9bRDb3vSTg-qkPAZg,Gweilo-60,2019-03-02 02:56:51.563743,11037,0
UChXOhG9bRDb3vSTg-qkPAZg,Gweilo-60,2019-03-02 02:55:51.180822,11037,0
UChXOhG9bRDb3vSTg-qkPAZg,Gweilo-60,2019-03-02 02:54:51.272492,11037,0
UChXOhG9bRDb3vSTg-qkPAZg,Gweilo-60,2019-03-02 02:53:51.255755,11037,0
UChXOhG9bRDb3vSTg-qkPAZg,Gweilo-60,2019-03-02 02:52:51.256986,11037,0
UChXOhG9bRDb3vSTg-qkPAZg,Gweilo-60,2019-03-02 02:51:51.528811,11037,0
UChXOhG9bRDb3vSTg-qkPAZg,Gweilo-60,2019-03-02 02:50:51.230156,11037,0
UChXOhG9bRDb3vSTg-qkPAZg,Gweilo-60,2019-03-02 02:49:51.15911,11037,0
UChXOhG9bRDb3vSTg-qkPAZg,Gweilo-60,2019-03-02 02:48:51.049462,11037,0
UChXOhG9bRDb3vSTg-qkPAZg,Gweilo-60,2019-03-02 02:47:51.373265,11037,0
UChXOhG9bRDb3vSTg-qkPAZg,Gweilo-60,2019-03-02 02:46:51.285702,11037,0
UChXOhG9bRDb3vSTg-qkPAZg,Gweilo-60,2019-03-02 02:45:51.203788,11037,0
UChXOhG9bRDb3vSTg-qkPAZg,Gweilo-60,2019-03-02 02:44:51.446948,11037,0
UChXOhG9bRDb3vSTg-qkPAZg,Gweilo-60,2019-03-02 02:43:51.658265,11037,0
UChXOhG9bRDb3vSTg-qkPAZg,Gweilo-60,2019-03-02 02:42:51.207307,11037,0
UChXOhG9bRDb3vSTg-qkPAZg,Gweilo-60,2019-03-02 02:41:51.238381,11037,0
UChXOhG9bRDb3vSTg-qkPAZg,Gweilo-60,2019-03-02 02:40:51.273302,11037,0
UChXOhG9bRDb3vSTg-qkPAZg,Gweilo-60,2019-03-02 02:39:51.520619,11037,0
UChXOhG9bRDb3vSTg-qkPAZg,Gweilo-60,2019-03-02 02:38:51.424607,11037,0
UChXOhG9bRDb3vSTg-qkPAZg,Gweilo-60,2019-03-02 02:37:51.475019,11037,0
UChXOhG9bRDb3vSTg-qkPAZg,Gweilo-60,2019-03-02 02:36:51.319421,11037,0
UChXOhG9bRDb3vSTg-qkPAZg,Gweilo-60,2019-03-02 02:35:50.789145,11037,0
UChXOhG9bRDb3vSTg-qkPAZg,Gweilo-60,2019-03-02 02:34:51.676384,11037,1
UChXOhG9bRDb3vSTg-qkPAZg,Gweilo-60,2019-03-02 02:33:51.115616,11036,0
UChXOhG9bRDb3vSTg-qkPAZg,Gweilo-60,2019-03-02 02:32:51.080638,11036,0
UChXOhG9bRDb3vSTg-qkPAZg,Gweilo-60,2019-03-02 02:31:52.556266,11036,0
UChXOhG9bRDb3vSTg-qkPAZg,Gweilo-60,2019-03-02 02:30:51.361572,11036,0
UChXOhG9bRDb3vSTg-qkPAZg,Gweilo-60,2019-03-02 02:29:51.019796,11036,0
UChXOhG9bRDb3vSTg-qkPAZg,Gweilo-60,2019-03-02 02:28:51.290296,11036,0
UChXOhG9bRDb3vSTg-qkPAZg,Gweilo-60,2019-03-02 02:27:51.526457,11036,0
UChXOhG9bRDb3vSTg-qkPAZg,Gweilo-60,2019-03-02 02:26:51.643174,11036,0
UChXOhG9bRDb3vSTg-qkPAZg,Gweilo-60,2019-03-02 02:25:52.315057,11036,0
UChXOhG9bRDb3vSTg-qkPAZg,Gweilo-60,2019-03-02 02:24:51.443714,11036,0
UChXOhG9bRDb3vSTg-qkPAZg,Gweilo-60,2019-03-02 02:23:51.066853,11036,0
UChXOhG9bRDb3vSTg-qkPAZg,Gweilo-60,2019-03-02 02:22:51.678593,11036,0
UChXOhG9bRDb3vSTg-qkPAZg,Gweilo-60,2019-03-02 02:21:51.710653,11036,0
UChXOhG9bRDb3vSTg-qkPAZg,Gweilo-60,2019-03-02 02:20:51.369763,11036,0
UChXOhG9bRDb3vSTg-qkPAZg,Gweilo-60,2019-03-02 02:19:51.373037,11036,0
UChXOhG9bRDb3vSTg-qkPAZg,Gweilo-60,2019-03-02 02:18:51.208089,11036,0
UChXOhG9bRDb3vSTg-qkPAZg,Gweilo-60,2019-03-02 02:17:51.413942,11036,0
UChXOhG9bRDb3vSTg-qkPAZg,Gweilo-60,2019-03-02 02:16:51.520688,11036,0
UChXOhG9bRDb3vSTg-qkPAZg,Gweilo-60,2019-03-02 02:15:51.485825,11036,0
UChXOhG9bRDb3vSTg-qkPAZg,Gweilo-60,2019-03-02 02:14:51.489318,11036,0
UChXOhG9bRDb3vSTg-qkPAZg,Gweilo-60,2019-03-02 02:13:51.329685,11036,0
UChXOhG9bRDb3vSTg-qkPAZg,Gweilo-60,2019-03-02 02:12:51.369969,11036,0
UChXOhG9bRDb3vSTg-qkPAZg,Gweilo-60,2019-03-02 02:11:51.13317,11036,0
UChXOhG9bRDb3vSTg-qkPAZg,Gweilo-60,2019-03-02 02:10:51.699097,11036,0
UChXOhG9bRDb3vSTg-qkPAZg,Gweilo-60,2019-03-02 02:09:51.174904,11036,0
UChXOhG9bRDb3vSTg-qkPAZg,Gweilo-60,2019-03-02 02:08:51.205706,11036,0
UChXOhG9bRDb3vSTg-qkPAZg,Gweilo-60,2019-03-02 02:07:51.096007,11036,0
UChXOhG9bRDb3vSTg-qkPAZg,Gweilo-60,2019-03-02 02:06:50.852242,11036,0
UChXOhG9bRDb3vSTg-qkPAZg,Gweilo-60,2019-03-02 02:05:52.010589,11036,0
UChXOhG9bRDb3vSTg-qkPAZg,Gweilo-60,2019-03-02 02:04:51.230234,11036,0
UChXOhG9bRDb3vSTg-qkPAZg,Gweilo-60,2019-03-02 02:03:51.079323,11036,0
UChXOhG9bRDb3vSTg-qkPAZg,Gweilo-60,2019-03-02 02:02:51.782869,11036,0
UChXOhG9bRDb3vSTg-qkPAZg,Gweilo-60,2019-03-02 02:01:51.234761,11036,0
UChXOhG9bRDb3vSTg-qkPAZg,Gweilo-60,2019-03-02 02:00:51.201268,11036,0
UChXOhG9bRDb3vSTg-qkPAZg,Gweilo-60,2019-03-02 01:59:51.134151,11036,0
UChXOhG9bRDb3vSTg-qkPAZg,Gweilo-60,2019-03-02 01:58:50.847975,11036,0
UChXOhG9bRDb3vSTg-qkPAZg,Gweilo-60,2019-03-02 01:57:51.35712,11036,0
UChXOhG9bRDb3vSTg-qkPAZg,Gweilo-60,2019-03-02 01:56:51.336762,11036,0
UChXOhG9bRDb3vSTg-qkPAZg,Gweilo-60,2019-03-02 01:55:50.989291,11036,0
UChXOhG9bRDb3vSTg-qkPAZg,Gweilo-60,2019-03-02 01:54:51.212545,11036,0
UChXOhG9bRDb3vSTg-qkPAZg,Gweilo-60,2019-03-02 01:53:51.300101,11036,0
UChXOhG9bRDb3vSTg-qkPAZg,Gweilo-60,2019-03-02 01:52:51.594166,11036,0
UChXOhG9bRDb3vSTg-qkPAZg,Gweilo-60,2019-03-02 01:51:51.658044,11036,0
UChXOhG9bRDb3vSTg-qkPAZg,Gweilo-60,2019-03-02 01:50:51.280387,11036,0
UChXOhG9bRDb3vSTg-qkPAZg,Gweilo-60,2019-03-02 01:49:51.316105,11036,0
UChXOhG9bRDb3vSTg-qkPAZg,Gweilo-60,2019-03-02 01:48:51.529286,11036,0
UChXOhG9bRDb3vSTg-qkPAZg,Gweilo-60,2019-03-02 01:47:50.631486,11036,0
UChXOhG9bRDb3vSTg-qkPAZg,Gweilo-60,2019-03-02 01:46:50.70821,11036,0
UChXOhG9bRDb3vSTg-qkPAZg,Gweilo-60,2019-03-02 01:45:50.633809,11036,0
UChXOhG9bRDb3vSTg-qkPAZg,Gweilo-60,2019-03-02 01:44:50.506103,11036,0
UChXOhG9bRDb3vSTg-qkPAZg,Gweilo-60,2019-03-02 01:43:51.24552,11036,0
UChXOhG9bRDb3vSTg-qkPAZg,Gweilo-60,2019-03-02 01:42:51.014263,11036,0
UChXOhG9bRDb3vSTg-qkPAZg,Gweilo-60,2019-03-02 01:41:51.107469,11036,0
UChXOhG9bRDb3vSTg-qkPAZg,Gweilo-60,2019-03-02 01:40:51.013959,11036,0
UChXOhG9bRDb3vSTg-qkPAZg,Gweilo-60,2019-03-02 01:39:51.605938,11036,0
UChXOhG9bRDb3vSTg-qkPAZg,Gweilo-60,2019-03-02 01:38:51.352181,11036,0
UChXOhG9bRDb3vSTg-qkPAZg,Gweilo-60,2019-03-02 01:37:51.158854,11036,0
UChXOhG9bRDb3vSTg-qkPAZg,Gweilo-60,2019-03-02 01:36:51.049773,11036,0
UChXOhG9bRDb3vSTg-qkPAZg,Gweilo-60,2019-03-02 01:35:51.383937,11036,1
UChXOhG9bRDb3vSTg-qkPAZg,Gweilo-60,2019-03-02 01:34:51.756168,11035,0
UChXOhG9bRDb3vSTg-qkPAZg,Gweilo-60,2019-03-02 01:33:51.098049,11035,0
UChXOhG9bRDb3vSTg-qkPAZg,Gweilo-60,2019-03-02 01:32:50.991091,11035,0
UChXOhG9bRDb3vSTg-qkPAZg,Gweilo-60,2019-03-02 01:31:50.977241,11035,0
UChXOhG9bRDb3vSTg-qkPAZg,Gweilo-60,2019-03-02 01:30:50.850414,11035,0
UChXOhG9bRDb3vSTg-qkPAZg,Gweilo-60,2019-03-02 01:29:51.928934,11035,0
UChXOhG9bRDb3vSTg-qkPAZg,Gweilo-60,2019-03-02 01:28:50.913264,11035,0
UChXOhG9bRDb3vSTg-qkPAZg,Gweilo-60,2019-03-02 01:27:51.473737,11035,0
UChXOhG9bRDb3vSTg-qkPAZg,Gweilo-60,2019-03-02 01:26:51.063837,11035,0
UChXOhG9bRDb3vSTg-qkPAZg,Gweilo-60,2019-03-02 01:25:50.839252,11035,0
UChXOhG9bRDb3vSTg-qkPAZg,Gweilo-60,2019-03-02 01:24:51.144372,11035,0
UChXOhG9bRDb3vSTg-qkPAZg,Gweilo-60,2019-03-02 01:23:51.198288,11035,0
UChXOhG9bRDb3vSTg-qkPAZg,Gweilo-60,2019-03-02 01:22:50.928287,11035,0
UChXOhG9bRDb3vSTg-qkPAZg,Gweilo-60,2019-03-02 01:21:51.275887,11035,0
UChXOhG9bRDb3vSTg-qkPAZg,Gweilo-60,2019-03-02 01:20:51.103828,11035,0
UChXOhG9bRDb3vSTg-qkPAZg,Gweilo-60,2019-03-02 01:19:51.551834,11035,0
UChXOhG9bRDb3vSTg-qkPAZg,Gweilo-60,2019-03-02 01:18:50.747224,11035,0
UChXOhG9bRDb3vSTg-qkPAZg,Gweilo-60,2019-03-02 01:17:51.212123,11035,1
UChXOhG9bRDb3vSTg-qkPAZg,Gweilo-60,2019-03-02 01:16:51.407815,11034,0
UChXOhG9bRDb3vSTg-qkPAZg,Gweilo-60,2019-03-02 01:15:51.137359,11034,0
UChXOhG9bRDb3vSTg-qkPAZg,Gweilo-60,2019-03-02 01:14:51.19714,11034,0
UChXOhG9bRDb3vSTg-qkPAZg,Gweilo-60,2019-03-02 01:13:51.927589,11034,0
UChXOhG9bRDb3vSTg-qkPAZg,Gweilo-60,2019-03-02 01:12:51.214705,11034,0
UChXOhG9bRDb3vSTg-qkPAZg,Gweilo-60,2019-03-02 01:11:51.471046,11034,0
UChXOhG9bRDb3vSTg-qkPAZg,Gweilo-60,2019-03-02 01:10:51.673694,11034,0
UChXOhG9bRDb3vSTg-qkPAZg,Gweilo-60,2019-03-02 01:09:51.057332,11034,0
UChXOhG9bRDb3vSTg-qkPAZg,Gweilo-60,2019-03-02 01:08:51.569697,11034,0
UChXOhG9bRDb3vSTg-qkPAZg,Gweilo-60,2019-03-02 01:07:50.921013,11034,0
UChXOhG9bRDb3vSTg-qkPAZg,Gweilo-60,2019-03-02 01:06:50.469456,11034,0
UChXOhG9bRDb3vSTg-qkPAZg,Gweilo-60,2019-03-02 01:05:51.186874,11034,0
UChXOhG9bRDb3vSTg-qkPAZg,Gweilo-60,2019-03-02 01:04:51.292104,11034,0
UChXOhG9bRDb3vSTg-qkPAZg,Gweilo-60,2019-03-02 01:03:51.852501,11034,0
UChXOhG9bRDb3vSTg-qkPAZg,Gweilo-60,2019-03-02 01:02:51.484226,11034,0
UChXOhG9bRDb3vSTg-qkPAZg,Gweilo-60,2019-03-02 01:01:51.256623,11034,0
UChXOhG9bRDb3vSTg-qkPAZg,Gweilo-60,2019-03-02 01:00:51.033398,11034,0
UChXOhG9bRDb3vSTg-qkPAZg,Gweilo-60,2019-03-02 00:59:50.894706,11034,0
UChXOhG9bRDb3vSTg-qkPAZg,Gweilo-60,2019-03-02 00:58:51.312546,11034,0
UChXOhG9bRDb3vSTg-qkPAZg,Gweilo-60,2019-03-02 00:57:52.293487,11034,0
UChXOhG9bRDb3vSTg-qkPAZg,Gweilo-60,2019-03-02 00:56:51.073848,11034,0
UChXOhG9bRDb3vSTg-qkPAZg,Gweilo-60,2019-03-02 00:55:51.44368,11034,0
UChXOhG9bRDb3vSTg-qkPAZg,Gweilo-60,2019-03-02 00:54:51.245203,11034,0
UChXOhG9bRDb3vSTg-qkPAZg,Gweilo-60,2019-03-02 00:53:51.112767,11034,0
UChXOhG9bRDb3vSTg-qkPAZg,Gweilo-60,2019-03-02 00:52:50.930159,11034,-1
UChXOhG9bRDb3vSTg-qkPAZg,Gweilo-60,2019-03-02 00:51:51.086481,11035,0
UChXOhG9bRDb3vSTg-qkPAZg,Gweilo-60,2019-03-02 00:50:51.168355,11035,0
UChXOhG9bRDb3vSTg-qkPAZg,Gweilo-60,2019-03-02 00:49:51.266882,11035,0
UChXOhG9bRDb3vSTg-qkPAZg,Gweilo-60,2019-03-02 00:48:51.349017,11035,0
UChXOhG9bRDb3vSTg-qkPAZg,Gweilo-60,2019-03-02 00:47:50.98334,11035,0
UChXOhG9bRDb3vSTg-qkPAZg,Gweilo-60,2019-03-02 00:46:51.105413,11035,0
UChXOhG9bRDb3vSTg-qkPAZg,Gweilo-60,2019-03-02 00:45:51.096143,11035,0
UChXOhG9bRDb3vSTg-qkPAZg,Gweilo-60,2019-03-02 00:44:51.459864,11035,0
UChXOhG9bRDb3vSTg-qkPAZg,Gweilo-60,2019-03-02 00:43:50.642905,11035,0
UChXOhG9bRDb3vSTg-qkPAZg,Gweilo-60,2019-03-02 00:42:51.052877,11035,0
UChXOhG9bRDb3vSTg-qkPAZg,Gweilo-60,2019-03-02 00:41:50.899286,11035,0
UChXOhG9bRDb3vSTg-qkPAZg,Gweilo-60,2019-03-02 00:40:51.78823,11035,0
UChXOhG9bRDb3vSTg-qkPAZg,Gweilo-60,2019-03-02 00:39:51.519959,11035,0
UChXOhG9bRDb3vSTg-qkPAZg,Gweilo-60,2019-03-02 00:38:51.300388,11035,0
UChXOhG9bRDb3vSTg-qkPAZg,Gweilo-60,2019-03-02 00:37:51.194852,11035,0
UChXOhG9bRDb3vSTg-qkPAZg,Gweilo-60,2019-03-02 00:36:51.245269,11035,0
UChXOhG9bRDb3vSTg-qkPAZg,Gweilo-60,2019-03-02 00:35:51.13077,11035,0
UChXOhG9bRDb3vSTg-qkPAZg,Gweilo-60,2019-03-02 00:34:50.739671,11035,0
UChXOhG9bRDb3vSTg-qkPAZg,Gweilo-60,2019-03-02 00:33:51.56293,11035,0
UChXOhG9bRDb3vSTg-qkPAZg,Gweilo-60,2019-03-02 00:32:51.693829,11035,0
UChXOhG9bRDb3vSTg-qkPAZg,Gweilo-60,2019-03-02 00:31:51.49845,11035,0
UChXOhG9bRDb3vSTg-qkPAZg,Gweilo-60,2019-03-02 00:30:50.87016,11035,0
UChXOhG9bRDb3vSTg-qkPAZg,Gweilo-60,2019-03-02 00:29:51.064555,11035,0
UChXOhG9bRDb3vSTg-qkPAZg,Gweilo-60,2019-03-02 00:28:51.000614,11035,0
UChXOhG9bRDb3vSTg-qkPAZg,Gweilo-60,2019-03-02 00:27:51.475916,11035,0
UChXOhG9bRDb3vSTg-qkPAZg,Gweilo-60,2019-03-02 00:26:51.088457,11035,0
UChXOhG9bRDb3vSTg-qkPAZg,Gweilo-60,2019-03-02 00:25:51.562055,11035,0
UChXOhG9bRDb3vSTg-qkPAZg,Gweilo-60,2019-03-02 00:24:53.147345,11035,0
UChXOhG9bRDb3vSTg-qkPAZg,Gweilo-60,2019-03-02 00:23:51.519415,11035,0
UChXOhG9bRDb3vSTg-qkPAZg,Gweilo-60,2019-03-02 00:22:51.514861,11035,0
UChXOhG9bRDb3vSTg-qkPAZg,Gweilo-60,2019-03-02 00:21:51.346796,11035,0
UChXOhG9bRDb3vSTg-qkPAZg,Gweilo-60,2019-03-02 00:20:51.338305,11035,0
UChXOhG9bRDb3vSTg-qkPAZg,Gweilo-60,2019-03-02 00:19:51.06175,11035,0
UChXOhG9bRDb3vSTg-qkPAZg,Gweilo-60,2019-03-02 00:18:51.443245,11035,0
UChXOhG9bRDb3vSTg-qkPAZg,Gweilo-60,2019-03-02 00:17:51.581143,11035,0
UChXOhG9bRDb3vSTg-qkPAZg,Gweilo-60,2019-03-02 00:16:52.001187,11035,0
UChXOhG9bRDb3vSTg-qkPAZg,Gweilo-60,2019-03-02 00:15:51.216528,11035,0
UChXOhG9bRDb3vSTg-qkPAZg,Gweilo-60,2019-03-02 00:14:51.24894,11035,1
UChXOhG9bRDb3vSTg-qkPAZg,Gweilo-60,2019-03-02 00:13:51.318314,11034,0
UChXOhG9bRDb3vSTg-qkPAZg,Gweilo-60,2019-03-02 00:12:51.282918,11034,0
UChXOhG9bRDb3vSTg-qkPAZg,Gweilo-60,2019-03-02 00:11:51.680874,11034,0
UChXOhG9bRDb3vSTg-qkPAZg,Gweilo-60,2019-03-02 00:10:51.700063,11034,0
UChXOhG9bRDb3vSTg-qkPAZg,Gweilo-60,2019-03-02 00:09:50.883386,11034,0
UChXOhG9bRDb3vSTg-qkPAZg,Gweilo-60,2019-03-02 00:08:50.870785,11034,0
UChXOhG9bRDb3vSTg-qkPAZg,Gweilo-60,2019-03-02 00:07:51.596511,11034,0
UChXOhG9bRDb3vSTg-qkPAZg,Gweilo-60,2019-03-02 00:06:51.408411,11034,0
UChXOhG9bRDb3vSTg-qkPAZg,Gweilo-60,2019-03-02 00:05:51.083004,11034,0
UChXOhG9bRDb3vSTg-qkPAZg,Gweilo-60,2019-03-02 00:04:50.866795,11034,0
UChXOhG9bRDb3vSTg-qkPAZg,Gweilo-60,2019-03-02 00:03:51.182099,11034,0
UChXOhG9bRDb3vSTg-qkPAZg,Gweilo-60,2019-03-02 00:02:51.096792,11034,0
UChXOhG9bRDb3vSTg-qkPAZg,Gweilo-60,2019-03-02 00:01:51.480259,11034,0
UChXOhG9bRDb3vSTg-qkPAZg,Gweilo-60,2019-03-02 00:00:51.003698,11034,0
UChXOhG9bRDb3vSTg-qkPAZg,Gweilo-60,2019-03-01 23:59:51.068684,11034,0
UChXOhG9bRDb3vSTg-qkPAZg,Gweilo-60,2019-03-01 23:58:52.659743,11034,0
UChXOhG9bRDb3vSTg-qkPAZg,Gweilo-60,2019-03-01 23:57:51.186885,11034,0
UChXOhG9bRDb3vSTg-qkPAZg,Gweilo-60,2019-03-01 23:56:51.271353,11034,0
UChXOhG9bRDb3vSTg-qkPAZg,Gweilo-60,2019-03-01 23:55:51.281322,11034,0
UChXOhG9bRDb3vSTg-qkPAZg,Gweilo-60,2019-03-01 23:54:51.024378,11034,0
UChXOhG9bRDb3vSTg-qkPAZg,Gweilo-60,2019-03-01 23:53:51.27651,11034,0
UChXOhG9bRDb3vSTg-qkPAZg,Gweilo-60,2019-03-01 23:52:50.686109,11034,0
UChXOhG9bRDb3vSTg-qkPAZg,Gweilo-60,2019-03-01 23:51:51.527781,11034,0
UChXOhG9bRDb3vSTg-qkPAZg,Gweilo-60,2019-03-01 23:50:51.563287,11034,0
UChXOhG9bRDb3vSTg-qkPAZg,Gweilo-60,2019-03-01 23:49:51.249322,11034,0
UChXOhG9bRDb3vSTg-qkPAZg,Gweilo-60,2019-03-01 23:48:50.901589,11034,0
UChXOhG9bRDb3vSTg-qkPAZg,Gweilo-60,2019-03-01 23:47:51.298728,11034,0
UChXOhG9bRDb3vSTg-qkPAZg,Gweilo-60,2019-03-01 23:46:50.655213,11034,0
UChXOhG9bRDb3vSTg-qkPAZg,Gweilo-60,2019-03-01 23:45:51.247334,11034,0
UChXOhG9bRDb3vSTg-qkPAZg,Gweilo-60,2019-03-01 23:44:50.918479,11034,0
UChXOhG9bRDb3vSTg-qkPAZg,Gweilo-60,2019-03-01 23:43:51.066467,11034,0
UChXOhG9bRDb3vSTg-qkPAZg,Gweilo-60,2019-03-01 23:42:51.111348,11034,0
UChXOhG9bRDb3vSTg-qkPAZg,Gweilo-60,2019-03-01 23:41:51.519827,11034,0
UChXOhG9bRDb3vSTg-qkPAZg,Gweilo-60,2019-03-01 23:40:50.984673,11034,0
UChXOhG9bRDb3vSTg-qkPAZg,Gweilo-60,2019-03-01 23:39:51.441021,11034,0
UChXOhG9bRDb3vSTg-qkPAZg,Gweilo-60,2019-03-01 23:38:50.820365,11034,0
UChXOhG9bRDb3vSTg-qkPAZg,Gweilo-60,2019-03-01 23:37:50.913875,11034,0
UChXOhG9bRDb3vSTg-qkPAZg,Gweilo-60,2019-03-01 23:36:51.201213,11034,0
UChXOhG9bRDb3vSTg-qkPAZg,Gweilo-60,2019-03-01 23:35:51.074546,11034,0
UChXOhG9bRDb3vSTg-qkPAZg,Gweilo-60,2019-03-01 23:34:51.198084,11034,0
UChXOhG9bRDb3vSTg-qkPAZg,Gweilo-60,2019-03-01 23:33:51.217832,11034,0
UChXOhG9bRDb3vSTg-qkPAZg,Gweilo-60,2019-03-01 23:32:51.155756,11034,0
UChXOhG9bRDb3vSTg-qkPAZg,Gweilo-60,2019-03-01 23:31:50.961728,11034,0
UChXOhG9bRDb3vSTg-qkPAZg,Gweilo-60,2019-03-01 23:30:51.826727,11034,0
UChXOhG9bRDb3vSTg-qkPAZg,Gweilo-60,2019-03-01 23:29:50.852455,11034,0
UChXOhG9bRDb3vSTg-qkPAZg,Gweilo-60,2019-03-01 23:28:51.331674,11034,0
UChXOhG9bRDb3vSTg-qkPAZg,Gweilo-60,2019-03-01 23:27:51.844462,11034,0
UChXOhG9bRDb3vSTg-qkPAZg,Gweilo-60,2019-03-01 23:26:51.232792,11034,0
UChXOhG9bRDb3vSTg-qkPAZg,Gweilo-60,2019-03-01 23:25:51.410327,11034,0
UChXOhG9bRDb3vSTg-qkPAZg,Gweilo-60,2019-03-01 23:24:51.019431,11034,0
UChXOhG9bRDb3vSTg-qkPAZg,Gweilo-60,2019-03-01 23:23:50.79051,11034,0
UChXOhG9bRDb3vSTg-qkPAZg,Gweilo-60,2019-03-01 23:22:51.238129,11034,0
UChXOhG9bRDb3vSTg-qkPAZg,Gweilo-60,2019-03-01 23:21:51.147072,11034,0
UChXOhG9bRDb3vSTg-qkPAZg,Gweilo-60,2019-03-01 23:20:51.390306,11034,0
UChXOhG9bRDb3vSTg-qkPAZg,Gweilo-60,2019-03-01 23:19:50.769224,11034,0
UChXOhG9bRDb3vSTg-qkPAZg,Gweilo-60,2019-03-01 23:18:51.008123,11034,0
UChXOhG9bRDb3vSTg-qkPAZg,Gweilo-60,2019-03-01 23:17:51.65516,11034,0
UChXOhG9bRDb3vSTg-qkPAZg,Gweilo-60,2019-03-01 23:16:51.181002,11034,0
UChXOhG9bRDb3vSTg-qkPAZg,Gweilo-60,2019-03-01 23:15:51.201849,11034,0
UChXOhG9bRDb3vSTg-qkPAZg,Gweilo-60,2019-03-01 23:14:51.555528,11034,0
UChXOhG9bRDb3vSTg-qkPAZg,Gweilo-60,2019-03-01 23:13:51.588268,11034,0
UChXOhG9bRDb3vSTg-qkPAZg,Gweilo-60,2019-03-01 23:12:51.512457,11034,0
UChXOhG9bRDb3vSTg-qkPAZg,Gweilo-60,2019-03-01 23:11:52.49088,11034,0
UChXOhG9bRDb3vSTg-qkPAZg,Gweilo-60,2019-03-01 23:10:50.951512,11034,0
UChXOhG9bRDb3vSTg-qkPAZg,Gweilo-60,2019-03-01 23:09:51.895842,11034,0
UChXOhG9bRDb3vSTg-qkPAZg,Gweilo-60,2019-03-01 23:08:51.437444,11034,0
UChXOhG9bRDb3vSTg-qkPAZg,Gweilo-60,2019-03-01 23:07:50.832117,11034,0
UChXOhG9bRDb3vSTg-qkPAZg,Gweilo-60,2019-03-01 23:06:52.051644,11034,0
UChXOhG9bRDb3vSTg-qkPAZg,Gweilo-60,2019-03-01 23:05:52.804213,11034,0
UChXOhG9bRDb3vSTg-qkPAZg,Gweilo-60,2019-03-01 23:04:51.572148,11034,0
UChXOhG9bRDb3vSTg-qkPAZg,Gweilo-60,2019-03-01 23:03:52.069162,11034,0
UChXOhG9bRDb3vSTg-qkPAZg,Gweilo-60,2019-03-01 23:02:51.255282,11034,0
UChXOhG9bRDb3vSTg-qkPAZg,Gweilo-60,2019-03-01 23:01:51.777175,11034,0
UChXOhG9bRDb3vSTg-qkPAZg,Gweilo-60,2019-03-01 23:00:51.025588,11034,0
UChXOhG9bRDb3vSTg-qkPAZg,Gweilo-60,2019-03-01 22:59:51.777635,11034,0
UChXOhG9bRDb3vSTg-qkPAZg,Gweilo-60,2019-03-01 22:58:51.042097,11034,0
UChXOhG9bRDb3vSTg-qkPAZg,Gweilo-60,2019-03-01 22:57:51.371949,11034,0
UChXOhG9bRDb3vSTg-qkPAZg,Gweilo-60,2019-03-01 22:56:51.914363,11034,0
UChXOhG9bRDb3vSTg-qkPAZg,Gweilo-60,2019-03-01 22:55:51.109605,11034,0
UChXOhG9bRDb3vSTg-qkPAZg,Gweilo-60,2019-03-01 22:54:51.262102,11034,0
UChXOhG9bRDb3vSTg-qkPAZg,Gweilo-60,2019-03-01 22:53:50.946737,11034,0
UChXOhG9bRDb3vSTg-qkPAZg,Gweilo-60,2019-03-01 22:52:51.86972,11034,0
UChXOhG9bRDb3vSTg-qkPAZg,Gweilo-60,2019-03-01 22:51:51.211376,11034,0
UChXOhG9bRDb3vSTg-qkPAZg,Gweilo-60,2019-03-01 22:50:51.841953,11034,0
UChXOhG9bRDb3vSTg-qkPAZg,Gweilo-60,2019-03-01 22:49:51.326915,11034,0
UChXOhG9bRDb3vSTg-qkPAZg,Gweilo-60,2019-03-01 22:48:51.316531,11034,0
UChXOhG9bRDb3vSTg-qkPAZg,Gweilo-60,2019-03-01 22:47:51.307697,11034,0
UChXOhG9bRDb3vSTg-qkPAZg,Gweilo-60,2019-03-01 22:46:51.353451,11034,0
UChXOhG9bRDb3vSTg-qkPAZg,Gweilo-60,2019-03-01 22:45:51.496923,11034,0
UChXOhG9bRDb3vSTg-qkPAZg,Gweilo-60,2019-03-01 22:44:51.441453,11034,0
UChXOhG9bRDb3vSTg-qkPAZg,Gweilo-60,2019-03-01 22:43:51.185137,11034,0
UChXOhG9bRDb3vSTg-qkPAZg,Gweilo-60,2019-03-01 22:42:51.794187,11034,0
UChXOhG9bRDb3vSTg-qkPAZg,Gweilo-60,2019-03-01 22:41:51.463776,11034,0
UChXOhG9bRDb3vSTg-qkPAZg,Gweilo-60,2019-03-01 22:40:51.339315,11034,0
UChXOhG9bRDb3vSTg-qkPAZg,Gweilo-60,2019-03-01 22:39:51.482636,11034,0
UChXOhG9bRDb3vSTg-qkPAZg,Gweilo-60,2019-03-01 22:38:51.212977,11034,0
UChXOhG9bRDb3vSTg-qkPAZg,Gweilo-60,2019-03-01 22:37:51.781337,11034,0
UChXOhG9bRDb3vSTg-qkPAZg,Gweilo-60,2019-03-01 22:36:51.476006,11034,0
UChXOhG9bRDb3vSTg-qkPAZg,Gweilo-60,2019-03-01 22:35:51.688281,11034,0
UChXOhG9bRDb3vSTg-qkPAZg,Gweilo-60,2019-03-01 22:34:51.29468,11034,0
UChXOhG9bRDb3vSTg-qkPAZg,Gweilo-60,2019-03-01 22:33:51.053687,11034,0
UChXOhG9bRDb3vSTg-qkPAZg,Gweilo-60,2019-03-01 22:32:51.545452,11034,0
UChXOhG9bRDb3vSTg-qkPAZg,Gweilo-60,2019-03-01 22:31:50.895317,11034,0
UChXOhG9bRDb3vSTg-qkPAZg,Gweilo-60,2019-03-01 22:30:51.469164,11034,0
UChXOhG9bRDb3vSTg-qkPAZg,Gweilo-60,2019-03-01 22:29:51.18549,11034,0
UChXOhG9bRDb3vSTg-qkPAZg,Gweilo-60,2019-03-01 22:28:52.141302,11034,0
UChXOhG9bRDb3vSTg-qkPAZg,Gweilo-60,2019-03-01 22:27:51.453482,11034,0
UChXOhG9bRDb3vSTg-qkPAZg,Gweilo-60,2019-03-01 22:26:51.703896,11034,0
UChXOhG9bRDb3vSTg-qkPAZg,Gweilo-60,2019-03-01 22:25:51.885878,11034,0
UChXOhG9bRDb3vSTg-qkPAZg,Gweilo-60,2019-03-01 22:24:51.097926,11034,0
UChXOhG9bRDb3vSTg-qkPAZg,Gweilo-60,2019-03-01 22:23:52.644102,11034,0
UChXOhG9bRDb3vSTg-qkPAZg,Gweilo-60,2019-03-01 22:22:52.076133,11034,0
UChXOhG9bRDb3vSTg-qkPAZg,Gweilo-60,2019-03-01 22:21:51.441934,11034,0
UChXOhG9bRDb3vSTg-qkPAZg,Gweilo-60,2019-03-01 22:20:51.253598,11034,0
UChXOhG9bRDb3vSTg-qkPAZg,Gweilo-60,2019-03-01 22:19:52.02993,11034,0
UChXOhG9bRDb3vSTg-qkPAZg,Gweilo-60,2019-03-01 22:18:51.462368,11034,0
UChXOhG9bRDb3vSTg-qkPAZg,Gweilo-60,2019-03-01 22:17:51.533253,11034,0
UChXOhG9bRDb3vSTg-qkPAZg,Gweilo-60,2019-03-01 22:16:51.472993,11034,0
UChXOhG9bRDb3vSTg-qkPAZg,Gweilo-60,2019-03-01 22:15:52.03928,11034,0
UChXOhG9bRDb3vSTg-qkPAZg,Gweilo-60,2019-03-01 22:14:51.628164,11034,0
UChXOhG9bRDb3vSTg-qkPAZg,Gweilo-60,2019-03-01 22:13:51.320053,11034,0
UChXOhG9bRDb3vSTg-qkPAZg,Gweilo-60,2019-03-01 22:12:51.201413,11034,0
UChXOhG9bRDb3vSTg-qkPAZg,Gweilo-60,2019-03-01 22:11:51.401446,11034,0
UChXOhG9bRDb3vSTg-qkPAZg,Gweilo-60,2019-03-01 22:10:51.39032,11034,0
UChXOhG9bRDb3vSTg-qkPAZg,Gweilo-60,2019-03-01 22:09:52.059306,11034,0
UChXOhG9bRDb3vSTg-qkPAZg,Gweilo-60,2019-03-01 22:08:52.003354,11034,0
UChXOhG9bRDb3vSTg-qkPAZg,Gweilo-60,2019-03-01 22:07:51.516451,11034,0
UChXOhG9bRDb3vSTg-qkPAZg,Gweilo-60,2019-03-01 22:06:51.66677,11034,0
UChXOhG9bRDb3vSTg-qkPAZg,Gweilo-60,2019-03-01 22:05:52.014174,11034,0
UChXOhG9bRDb3vSTg-qkPAZg,Gweilo-60,2019-03-01 22:04:51.427364,11034,0
UChXOhG9bRDb3vSTg-qkPAZg,Gweilo-60,2019-03-01 22:03:51.742347,11034,0
UChXOhG9bRDb3vSTg-qkPAZg,Gweilo-60,2019-03-01 22:02:51.458702,11034,0
UChXOhG9bRDb3vSTg-qkPAZg,Gweilo-60,2019-03-01 22:01:51.39201,11034,0
UChXOhG9bRDb3vSTg-qkPAZg,Gweilo-60,2019-03-01 22:00:51.530968,11034,0
UChXOhG9bRDb3vSTg-qkPAZg,Gweilo-60,2019-03-01 21:59:51.355754,11034,0
UChXOhG9bRDb3vSTg-qkPAZg,Gweilo-60,2019-03-01 21:58:51.384292,11034,0
UChXOhG9bRDb3vSTg-qkPAZg,Gweilo-60,2019-03-01 21:57:52.793224,11034,0
UChXOhG9bRDb3vSTg-qkPAZg,Gweilo-60,2019-03-01 21:56:51.63843,11034,0
UChXOhG9bRDb3vSTg-qkPAZg,Gweilo-60,2019-03-01 21:55:51.182786,11034,0
UChXOhG9bRDb3vSTg-qkPAZg,Gweilo-60,2019-03-01 21:54:51.702802,11034,0
UChXOhG9bRDb3vSTg-qkPAZg,Gweilo-60,2019-03-01 21:53:52.361221,11034,0
UChXOhG9bRDb3vSTg-qkPAZg,Gweilo-60,2019-03-01 21:52:52.020829,11034,0
UChXOhG9bRDb3vSTg-qkPAZg,Gweilo-60,2019-03-01 21:51:51.447043,11034,0
UChXOhG9bRDb3vSTg-qkPAZg,Gweilo-60,2019-03-01 21:50:50.898312,11034,0
UChXOhG9bRDb3vSTg-qkPAZg,Gweilo-60,2019-03-01 21:49:51.444007,11034,0
UChXOhG9bRDb3vSTg-qkPAZg,Gweilo-60,2019-03-01 21:48:51.963833,11034,0
UChXOhG9bRDb3vSTg-qkPAZg,Gweilo-60,2019-03-01 21:47:51.647597,11034,0
UChXOhG9bRDb3vSTg-qkPAZg,Gweilo-60,2019-03-01 21:46:52.031768,11034,0
UChXOhG9bRDb3vSTg-qkPAZg,Gweilo-60,2019-03-01 21:45:51.709989,11034,0
UChXOhG9bRDb3vSTg-qkPAZg,Gweilo-60,2019-03-01 21:44:52.18362,11034,0
UChXOhG9bRDb3vSTg-qkPAZg,Gweilo-60,2019-03-01 21:43:51.66272,11034,0
UChXOhG9bRDb3vSTg-qkPAZg,Gweilo-60,2019-03-01 21:42:51.741124,11034,0
UChXOhG9bRDb3vSTg-qkPAZg,Gweilo-60,2019-03-01 21:41:51.99483,11034,0
UChXOhG9bRDb3vSTg-qkPAZg,Gweilo-60,2019-03-01 21:40:52.092993,11034,0
UChXOhG9bRDb3vSTg-qkPAZg,Gweilo-60,2019-03-01 21:39:51.973256,11034,0
UChXOhG9bRDb3vSTg-qkPAZg,Gweilo-60,2019-03-01 21:38:51.67788,11034,0
UChXOhG9bRDb3vSTg-qkPAZg,Gweilo-60,2019-03-01 21:37:51.528195,11034,0
UChXOhG9bRDb3vSTg-qkPAZg,Gweilo-60,2019-03-01 21:36:51.629573,11034,0
UChXOhG9bRDb3vSTg-qkPAZg,Gweilo-60,2019-03-01 21:35:52.240929,11034,0
UChXOhG9bRDb3vSTg-qkPAZg,Gweilo-60,2019-03-01 21:34:51.520502,11034,0
UChXOhG9bRDb3vSTg-qkPAZg,Gweilo-60,2019-03-01 21:33:52.453355,11034,0
UChXOhG9bRDb3vSTg-qkPAZg,Gweilo-60,2019-03-01 21:32:51.255729,11034,0
UChXOhG9bRDb3vSTg-qkPAZg,Gweilo-60,2019-03-01 21:31:51.462721,11034,0
UChXOhG9bRDb3vSTg-qkPAZg,Gweilo-60,2019-03-01 21:30:51.215459,11034,0
UChXOhG9bRDb3vSTg-qkPAZg,Gweilo-60,2019-03-01 21:29:51.313745,11034,0
UChXOhG9bRDb3vSTg-qkPAZg,Gweilo-60,2019-03-01 21:28:51.636212,11034,0
UChXOhG9bRDb3vSTg-qkPAZg,Gweilo-60,2019-03-01 21:27:51.527851,11034,0
UChXOhG9bRDb3vSTg-qkPAZg,Gweilo-60,2019-03-01 21:26:51.511028,11034,0
UChXOhG9bRDb3vSTg-qkPAZg,Gweilo-60,2019-03-01 21:25:51.310769,11034,0
UChXOhG9bRDb3vSTg-qkPAZg,Gweilo-60,2019-03-01 21:24:52.011657,11034,0
UChXOhG9bRDb3vSTg-qkPAZg,Gweilo-60,2019-03-01 21:23:51.648699,11034,0
UChXOhG9bRDb3vSTg-qkPAZg,Gweilo-60,2019-03-01 21:22:50.929164,11034,0
UChXOhG9bRDb3vSTg-qkPAZg,Gweilo-60,2019-03-01 21:21:52.018343,11034,0
UChXOhG9bRDb3vSTg-qkPAZg,Gweilo-60,2019-03-01 21:20:51.044292,11034,0
UChXOhG9bRDb3vSTg-qkPAZg,Gweilo-60,2019-03-01 21:19:51.613106,11034,0
UChXOhG9bRDb3vSTg-qkPAZg,Gweilo-60,2019-03-01 21:18:51.086836,11034,0
UChXOhG9bRDb3vSTg-qkPAZg,Gweilo-60,2019-03-01 21:17:51.809277,11034,0
UChXOhG9bRDb3vSTg-qkPAZg,Gweilo-60,2019-03-01 21:16:51.652748,11034,0
UChXOhG9bRDb3vSTg-qkPAZg,Gweilo-60,2019-03-01 21:15:51.528701,11034,0
UChXOhG9bRDb3vSTg-qkPAZg,Gweilo-60,2019-03-01 21:14:51.187759,11034,0
UChXOhG9bRDb3vSTg-qkPAZg,Gweilo-60,2019-03-01 21:13:51.437952,11034,0
UChXOhG9bRDb3vSTg-qkPAZg,Gweilo-60,2019-03-01 21:12:51.056796,11034,0
UChXOhG9bRDb3vSTg-qkPAZg,Gweilo-60,2019-03-01 21:11:51.819926,11034,0
UChXOhG9bRDb3vSTg-qkPAZg,Gweilo-60,2019-03-01 21:10:51.10125,11034,0
UChXOhG9bRDb3vSTg-qkPAZg,Gweilo-60,2019-03-01 21:09:51.504393,11034,0
UChXOhG9bRDb3vSTg-qkPAZg,Gweilo-60,2019-03-01 21:08:51.474319,11034,0
UChXOhG9bRDb3vSTg-qkPAZg,Gweilo-60,2019-03-01 21:07:51.203899,11034,0
UChXOhG9bRDb3vSTg-qkPAZg,Gweilo-60,2019-03-01 21:06:51.427975,11034,0
UChXOhG9bRDb3vSTg-qkPAZg,Gweilo-60,2019-03-01 21:05:51.49671,11034,0
UChXOhG9bRDb3vSTg-qkPAZg,Gweilo-60,2019-03-01 21:04:51.138411,11034,0
UChXOhG9bRDb3vSTg-qkPAZg,Gweilo-60,2019-03-01 21:02:50.852818,11034,0
UChXOhG9bRDb3vSTg-qkPAZg,Gweilo-60,2019-03-01 21:01:51.436725,11034,0
UChXOhG9bRDb3vSTg-qkPAZg,Gweilo-60,2019-03-01 21:00:51.004666,11034,0
UChXOhG9bRDb3vSTg-qkPAZg,Gweilo-60,2019-03-01 20:59:51.304206,11034,0
UChXOhG9bRDb3vSTg-qkPAZg,Gweilo-60,2019-03-01 20:58:51.752444,11034,0
UChXOhG9bRDb3vSTg-qkPAZg,Gweilo-60,2019-03-01 20:57:51.713006,11034,0
UChXOhG9bRDb3vSTg-qkPAZg,Gweilo-60,2019-03-01 20:56:51.717589,11034,0
UChXOhG9bRDb3vSTg-qkPAZg,Gweilo-60,2019-03-01 20:55:52.377309,11034,0
UChXOhG9bRDb3vSTg-qkPAZg,Gweilo-60,2019-03-01 20:54:51.391869,11034,0
UChXOhG9bRDb3vSTg-qkPAZg,Gweilo-60,2019-03-01 20:53:51.48402,11034,0
UChXOhG9bRDb3vSTg-qkPAZg,Gweilo-60,2019-03-01 20:52:51.526578,11034,0
UChXOhG9bRDb3vSTg-qkPAZg,Gweilo-60,2019-03-01 20:51:51.351827,11034,0
UChXOhG9bRDb3vSTg-qkPAZg,Gweilo-60,2019-03-01 20:50:51.363172,11034,0
UChXOhG9bRDb3vSTg-qkPAZg,Gweilo-60,2019-03-01 20:49:51.172398,11034,0
UChXOhG9bRDb3vSTg-qkPAZg,Gweilo-60,2019-03-01 20:48:51.376111,11034,0
UChXOhG9bRDb3vSTg-qkPAZg,Gweilo-60,2019-03-01 20:47:51.544046,11034,0
UChXOhG9bRDb3vSTg-qkPAZg,Gweilo-60,2019-03-01 20:46:51.671386,11034,0
UChXOhG9bRDb3vSTg-qkPAZg,Gweilo-60,2019-03-01 20:45:51.509522,11034,0
UChXOhG9bRDb3vSTg-qkPAZg,Gweilo-60,2019-03-01 20:44:52.116266,11034,0
UChXOhG9bRDb3vSTg-qkPAZg,Gweilo-60,2019-03-01 20:43:51.42446,11034,0
UChXOhG9bRDb3vSTg-qkPAZg,Gweilo-60,2019-03-01 20:42:51.852594,11034,0
UChXOhG9bRDb3vSTg-qkPAZg,Gweilo-60,2019-03-01 20:41:50.698677,11034,0
UChXOhG9bRDb3vSTg-qkPAZg,Gweilo-60,2019-03-01 20:40:51.331671,11034,0
UChXOhG9bRDb3vSTg-qkPAZg,Gweilo-60,2019-03-01 20:39:51.416024,11034,0
UChXOhG9bRDb3vSTg-qkPAZg,Gweilo-60,2019-03-01 20:38:51.351135,11034,0
UChXOhG9bRDb3vSTg-qkPAZg,Gweilo-60,2019-03-01 20:37:51.724404,11034,0
UChXOhG9bRDb3vSTg-qkPAZg,Gweilo-60,2019-03-01 20:36:51.265926,11034,0
UChXOhG9bRDb3vSTg-qkPAZg,Gweilo-60,2019-03-01 20:35:51.533287,11034,0
UChXOhG9bRDb3vSTg-qkPAZg,Gweilo-60,2019-03-01 20:34:51.479296,11034,0
UChXOhG9bRDb3vSTg-qkPAZg,Gweilo-60,2019-03-01 20:33:51.409463,11034,0
UChXOhG9bRDb3vSTg-qkPAZg,Gweilo-60,2019-03-01 20:32:51.575062,11034,0
UChXOhG9bRDb3vSTg-qkPAZg,Gweilo-60,2019-03-01 20:31:51.596102,11034,0
UChXOhG9bRDb3vSTg-qkPAZg,Gweilo-60,2019-03-01 20:30:51.45611,11034,0
UChXOhG9bRDb3vSTg-qkPAZg,Gweilo-60,2019-03-01 20:29:51.444398,11034,0
UChXOhG9bRDb3vSTg-qkPAZg,Gweilo-60,2019-03-01 20:28:51.469878,11034,0
UChXOhG9bRDb3vSTg-qkPAZg,Gweilo-60,2019-03-01 20:27:51.489006,11034,0
UChXOhG9bRDb3vSTg-qkPAZg,Gweilo-60,2019-03-01 20:26:51.181406,11034,0
UChXOhG9bRDb3vSTg-qkPAZg,Gweilo-60,2019-03-01 20:25:51.363162,11034,0
UChXOhG9bRDb3vSTg-qkPAZg,Gweilo-60,2019-03-01 20:24:52.244759,11034,0
UChXOhG9bRDb3vSTg-qkPAZg,Gweilo-60,2019-03-01 20:23:51.530867,11034,0
UChXOhG9bRDb3vSTg-qkPAZg,Gweilo-60,2019-03-01 20:22:51.214785,11034,0
UChXOhG9bRDb3vSTg-qkPAZg,Gweilo-60,2019-03-01 20:21:51.234795,11034,0
UChXOhG9bRDb3vSTg-qkPAZg,Gweilo-60,2019-03-01 20:20:51.424411,11034,0
UChXOhG9bRDb3vSTg-qkPAZg,Gweilo-60,2019-03-01 20:19:51.811811,11034,0
UChXOhG9bRDb3vSTg-qkPAZg,Gweilo-60,2019-03-01 20:18:51.417902,11034,0
UChXOhG9bRDb3vSTg-qkPAZg,Gweilo-60,2019-03-01 20:17:51.569776,11034,1
UChXOhG9bRDb3vSTg-qkPAZg,Gweilo-60,2019-03-01 20:16:51.089461,11033,0
UChXOhG9bRDb3vSTg-qkPAZg,Gweilo-60,2019-03-01 20:15:51.898259,11033,0
UChXOhG9bRDb3vSTg-qkPAZg,Gweilo-60,2019-03-01 20:14:51.038626,11033,0
UChXOhG9bRDb3vSTg-qkPAZg,Gweilo-60,2019-03-01 20:13:51.374951,11033,0
UChXOhG9bRDb3vSTg-qkPAZg,Gweilo-60,2019-03-01 20:12:54.276943,11033,0
UChXOhG9bRDb3vSTg-qkPAZg,Gweilo-60,2019-03-01 20:11:51.149685,11033,0
UChXOhG9bRDb3vSTg-qkPAZg,Gweilo-60,2019-03-01 20:10:51.493238,11033,0
UChXOhG9bRDb3vSTg-qkPAZg,Gweilo-60,2019-03-01 20:09:51.498003,11033,0
UChXOhG9bRDb3vSTg-qkPAZg,Gweilo-60,2019-03-01 20:08:51.923808,11033,0
UChXOhG9bRDb3vSTg-qkPAZg,Gweilo-60,2019-03-01 20:07:51.568208,11033,0
UChXOhG9bRDb3vSTg-qkPAZg,Gweilo-60,2019-03-01 20:06:51.588479,11033,0
UChXOhG9bRDb3vSTg-qkPAZg,Gweilo-60,2019-03-01 20:05:51.484427,11033,0
UChXOhG9bRDb3vSTg-qkPAZg,Gweilo-60,2019-03-01 20:04:51.337761,11033,0
UChXOhG9bRDb3vSTg-qkPAZg,Gweilo-60,2019-03-01 20:03:51.180894,11033,0
UChXOhG9bRDb3vSTg-qkPAZg,Gweilo-60,2019-03-01 20:02:51.334183,11033,0
UChXOhG9bRDb3vSTg-qkPAZg,Gweilo-60,2019-03-01 20:01:51.796601,11033,0
UChXOhG9bRDb3vSTg-qkPAZg,Gweilo-60,2019-03-01 20:00:51.53228,11033,0
UChXOhG9bRDb3vSTg-qkPAZg,Gweilo-60,2019-03-01 19:59:51.288268,11033,0
UChXOhG9bRDb3vSTg-qkPAZg,Gweilo-60,2019-03-01 19:58:51.956648,11033,0
UChXOhG9bRDb3vSTg-qkPAZg,Gweilo-60,2019-03-01 19:57:51.862572,11033,0
UChXOhG9bRDb3vSTg-qkPAZg,Gweilo-60,2019-03-01 19:56:51.180769,11033,0
UChXOhG9bRDb3vSTg-qkPAZg,Gweilo-60,2019-03-01 19:55:51.901801,11033,0
UChXOhG9bRDb3vSTg-qkPAZg,Gweilo-60,2019-03-01 19:54:51.021957,11033,0
UChXOhG9bRDb3vSTg-qkPAZg,Gweilo-60,2019-03-01 19:53:51.509635,11033,0
UChXOhG9bRDb3vSTg-qkPAZg,Gweilo-60,2019-03-01 19:52:51.289229,11033,0
UChXOhG9bRDb3vSTg-qkPAZg,Gweilo-60,2019-03-01 19:51:51.215805,11033,0
UChXOhG9bRDb3vSTg-qkPAZg,Gweilo-60,2019-03-01 19:50:51.664024,11033,0
UChXOhG9bRDb3vSTg-qkPAZg,Gweilo-60,2019-03-01 19:49:51.394271,11033,0
UChXOhG9bRDb3vSTg-qkPAZg,Gweilo-60,2019-03-01 19:48:51.512152,11033,0
UChXOhG9bRDb3vSTg-qkPAZg,Gweilo-60,2019-03-01 19:47:51.474886,11033,0
UChXOhG9bRDb3vSTg-qkPAZg,Gweilo-60,2019-03-01 19:46:51.537739,11033,0
UChXOhG9bRDb3vSTg-qkPAZg,Gweilo-60,2019-03-01 19:45:51.018128,11033,0
UChXOhG9bRDb3vSTg-qkPAZg,Gweilo-60,2019-03-01 19:44:51.628282,11033,0
UChXOhG9bRDb3vSTg-qkPAZg,Gweilo-60,2019-03-01 19:43:51.569142,11033,0
UChXOhG9bRDb3vSTg-qkPAZg,Gweilo-60,2019-03-01 19:42:51.5585,11033,0
UChXOhG9bRDb3vSTg-qkPAZg,Gweilo-60,2019-03-01 19:41:50.959264,11033,0
UChXOhG9bRDb3vSTg-qkPAZg,Gweilo-60,2019-03-01 19:40:51.814571,11033,0
UChXOhG9bRDb3vSTg-qkPAZg,Gweilo-60,2019-03-01 19:39:51.166466,11033,0
UChXOhG9bRDb3vSTg-qkPAZg,Gweilo-60,2019-03-01 19:38:51.169004,11033,0
UChXOhG9bRDb3vSTg-qkPAZg,Gweilo-60,2019-03-01 19:37:51.367776,11033,0
UChXOhG9bRDb3vSTg-qkPAZg,Gweilo-60,2019-03-01 19:36:51.643924,11033,0
UChXOhG9bRDb3vSTg-qkPAZg,Gweilo-60,2019-03-01 19:35:51.166788,11033,0
UChXOhG9bRDb3vSTg-qkPAZg,Gweilo-60,2019-03-01 19:34:53.806937,11033,0
UChXOhG9bRDb3vSTg-qkPAZg,Gweilo-60,2019-03-01 19:33:52.071411,11033,0
UChXOhG9bRDb3vSTg-qkPAZg,Gweilo-60,2019-03-01 19:32:52.012102,11033,0
UChXOhG9bRDb3vSTg-qkPAZg,Gweilo-60,2019-03-01 19:31:51.656188,11033,0
UChXOhG9bRDb3vSTg-qkPAZg,Gweilo-60,2019-03-01 19:30:50.971368,11033,0
UChXOhG9bRDb3vSTg-qkPAZg,Gweilo-60,2019-03-01 19:29:51.607386,11033,0
UChXOhG9bRDb3vSTg-qkPAZg,Gweilo-60,2019-03-01 19:28:52.106799,11033,0
UChXOhG9bRDb3vSTg-qkPAZg,Gweilo-60,2019-03-01 19:27:52.111391,11033,0
UChXOhG9bRDb3vSTg-qkPAZg,Gweilo-60,2019-03-01 19:26:51.293007,11033,0
UChXOhG9bRDb3vSTg-qkPAZg,Gweilo-60,2019-03-01 19:25:52.00687,11033,0
UChXOhG9bRDb3vSTg-qkPAZg,Gweilo-60,2019-03-01 19:24:51.630709,11033,0
UChXOhG9bRDb3vSTg-qkPAZg,Gweilo-60,2019-03-01 19:23:51.387429,11033,0
UChXOhG9bRDb3vSTg-qkPAZg,Gweilo-60,2019-03-01 19:22:51.981914,11033,0
UChXOhG9bRDb3vSTg-qkPAZg,Gweilo-60,2019-03-01 19:21:51.605435,11033,0
UChXOhG9bRDb3vSTg-qkPAZg,Gweilo-60,2019-03-01 19:20:51.233006,11033,0
UChXOhG9bRDb3vSTg-qkPAZg,Gweilo-60,2019-03-01 19:19:51.613501,11033,0
UChXOhG9bRDb3vSTg-qkPAZg,Gweilo-60,2019-03-01 19:18:51.359515,11033,0
UChXOhG9bRDb3vSTg-qkPAZg,Gweilo-60,2019-03-01 19:17:51.385659,11033,0
UChXOhG9bRDb3vSTg-qkPAZg,Gweilo-60,2019-03-01 19:16:51.565592,11033,0
UChXOhG9bRDb3vSTg-qkPAZg,Gweilo-60,2019-03-01 19:15:51.039922,11033,0
UChXOhG9bRDb3vSTg-qkPAZg,Gweilo-60,2019-03-01 19:14:51.043358,11033,0
UChXOhG9bRDb3vSTg-qkPAZg,Gweilo-60,2019-03-01 19:13:51.365097,11033,0
UChXOhG9bRDb3vSTg-qkPAZg,Gweilo-60,2019-03-01 19:12:51.525782,11033,0
UChXOhG9bRDb3vSTg-qkPAZg,Gweilo-60,2019-03-01 19:11:51.817815,11033,0
UChXOhG9bRDb3vSTg-qkPAZg,Gweilo-60,2019-03-01 19:10:51.709618,11033,0
UChXOhG9bRDb3vSTg-qkPAZg,Gweilo-60,2019-03-01 19:09:51.728192,11033,0
UChXOhG9bRDb3vSTg-qkPAZg,Gweilo-60,2019-03-01 19:08:52.159219,11033,0
UChXOhG9bRDb3vSTg-qkPAZg,Gweilo-60,2019-03-01 19:07:51.289288,11033,0
UChXOhG9bRDb3vSTg-qkPAZg,Gweilo-60,2019-03-01 19:06:50.750916,11033,0
UChXOhG9bRDb3vSTg-qkPAZg,Gweilo-60,2019-03-01 19:05:52.191106,11033,0
UChXOhG9bRDb3vSTg-qkPAZg,Gweilo-60,2019-03-01 19:04:51.652679,11033,0
UChXOhG9bRDb3vSTg-qkPAZg,Gweilo-60,2019-03-01 19:03:51.595321,11033,0
UChXOhG9bRDb3vSTg-qkPAZg,Gweilo-60,2019-03-01 19:02:52.14572,11033,0
UChXOhG9bRDb3vSTg-qkPAZg,Gweilo-60,2019-03-01 19:01:51.11285,11033,0
UChXOhG9bRDb3vSTg-qkPAZg,Gweilo-60,2019-03-01 19:00:51.187136,11033,0
UChXOhG9bRDb3vSTg-qkPAZg,Gweilo-60,2019-03-01 18:59:51.000694,11033,0
UChXOhG9bRDb3vSTg-qkPAZg,Gweilo-60,2019-03-01 18:58:52.399879,11033,0
UChXOhG9bRDb3vSTg-qkPAZg,Gweilo-60,2019-03-01 18:57:52.328207,11033,0
UChXOhG9bRDb3vSTg-qkPAZg,Gweilo-60,2019-03-01 18:56:51.710823,11033,0
UChXOhG9bRDb3vSTg-qkPAZg,Gweilo-60,2019-03-01 18:55:51.664478,11033,0
UChXOhG9bRDb3vSTg-qkPAZg,Gweilo-60,2019-03-01 18:54:50.901282,11033,0
UChXOhG9bRDb3vSTg-qkPAZg,Gweilo-60,2019-03-01 18:53:51.236433,11033,0
UChXOhG9bRDb3vSTg-qkPAZg,Gweilo-60,2019-03-01 18:52:51.261798,11033,0
UChXOhG9bRDb3vSTg-qkPAZg,Gweilo-60,2019-03-01 18:51:52.466136,11033,0
UChXOhG9bRDb3vSTg-qkPAZg,Gweilo-60,2019-03-01 18:50:51.2291,11033,0
UChXOhG9bRDb3vSTg-qkPAZg,Gweilo-60,2019-03-01 18:49:51.28642,11033,0
UChXOhG9bRDb3vSTg-qkPAZg,Gweilo-60,2019-03-01 18:48:50.898103,11033,0
UChXOhG9bRDb3vSTg-qkPAZg,Gweilo-60,2019-03-01 18:47:51.472065,11033,0
UChXOhG9bRDb3vSTg-qkPAZg,Gweilo-60,2019-03-01 18:46:52.01367,11033,0
UChXOhG9bRDb3vSTg-qkPAZg,Gweilo-60,2019-03-01 18:45:51.365119,11033,0
UChXOhG9bRDb3vSTg-qkPAZg,Gweilo-60,2019-03-01 18:44:52.15417,11033,0
UChXOhG9bRDb3vSTg-qkPAZg,Gweilo-60,2019-03-01 18:43:51.272852,11033,0
UChXOhG9bRDb3vSTg-qkPAZg,Gweilo-60,2019-03-01 18:42:51.706005,11033,0
UChXOhG9bRDb3vSTg-qkPAZg,Gweilo-60,2019-03-01 18:41:51.638047,11033,0
UChXOhG9bRDb3vSTg-qkPAZg,Gweilo-60,2019-03-01 18:40:52.01437,11033,0
UChXOhG9bRDb3vSTg-qkPAZg,Gweilo-60,2019-03-01 18:39:51.290387,11033,0
UChXOhG9bRDb3vSTg-qkPAZg,Gweilo-60,2019-03-01 18:38:51.255519,11033,0
UChXOhG9bRDb3vSTg-qkPAZg,Gweilo-60,2019-03-01 18:37:51.313179,11033,0
UChXOhG9bRDb3vSTg-qkPAZg,Gweilo-60,2019-03-01 18:36:51.000167,11033,0
UChXOhG9bRDb3vSTg-qkPAZg,Gweilo-60,2019-03-01 18:35:51.413958,11033,0
UChXOhG9bRDb3vSTg-qkPAZg,Gweilo-60,2019-03-01 18:34:51.909893,11033,0
UChXOhG9bRDb3vSTg-qkPAZg,Gweilo-60,2019-03-01 18:33:51.337104,11033,0
UChXOhG9bRDb3vSTg-qkPAZg,Gweilo-60,2019-03-01 18:32:51.442691,11033,0
UChXOhG9bRDb3vSTg-qkPAZg,Gweilo-60,2019-03-01 18:31:51.051787,11033,0
UChXOhG9bRDb3vSTg-qkPAZg,Gweilo-60,2019-03-01 18:30:51.785234,11033,0
UChXOhG9bRDb3vSTg-qkPAZg,Gweilo-60,2019-03-01 18:29:51.407232,11033,0
UChXOhG9bRDb3vSTg-qkPAZg,Gweilo-60,2019-03-01 18:28:51.043022,11033,0
UChXOhG9bRDb3vSTg-qkPAZg,Gweilo-60,2019-03-01 18:27:51.244134,11033,0
UChXOhG9bRDb3vSTg-qkPAZg,Gweilo-60,2019-03-01 18:26:51.255947,11033,0
UChXOhG9bRDb3vSTg-qkPAZg,Gweilo-60,2019-03-01 18:25:51.370313,11033,0
UChXOhG9bRDb3vSTg-qkPAZg,Gweilo-60,2019-03-01 18:24:51.021916,11033,0
UChXOhG9bRDb3vSTg-qkPAZg,Gweilo-60,2019-03-01 18:23:51.634377,11033,0
UChXOhG9bRDb3vSTg-qkPAZg,Gweilo-60,2019-03-01 18:22:51.313941,11033,0
UChXOhG9bRDb3vSTg-qkPAZg,Gweilo-60,2019-03-01 18:21:51.454583,11033,0
UChXOhG9bRDb3vSTg-qkPAZg,Gweilo-60,2019-03-01 18:20:51.849614,11033,0
UChXOhG9bRDb3vSTg-qkPAZg,Gweilo-60,2019-03-01 18:19:51.23505,11033,0
UChXOhG9bRDb3vSTg-qkPAZg,Gweilo-60,2019-03-01 18:18:51.853975,11033,0
UChXOhG9bRDb3vSTg-qkPAZg,Gweilo-60,2019-03-01 18:17:51.86701,11033,0
UChXOhG9bRDb3vSTg-qkPAZg,Gweilo-60,2019-03-01 18:16:51.450034,11033,0
UChXOhG9bRDb3vSTg-qkPAZg,Gweilo-60,2019-03-01 18:15:51.479245,11033,0
UChXOhG9bRDb3vSTg-qkPAZg,Gweilo-60,2019-03-01 18:14:51.604441,11033,0
UChXOhG9bRDb3vSTg-qkPAZg,Gweilo-60,2019-03-01 18:13:51.299025,11033,0
UChXOhG9bRDb3vSTg-qkPAZg,Gweilo-60,2019-03-01 18:12:51.930027,11033,0
UChXOhG9bRDb3vSTg-qkPAZg,Gweilo-60,2019-03-01 18:11:51.48822,11033,0
UChXOhG9bRDb3vSTg-qkPAZg,Gweilo-60,2019-03-01 18:10:51.665375,11033,0
UChXOhG9bRDb3vSTg-qkPAZg,Gweilo-60,2019-03-01 18:09:51.221507,11033,0
UChXOhG9bRDb3vSTg-qkPAZg,Gweilo-60,2019-03-01 18:08:51.260736,11033,0
UChXOhG9bRDb3vSTg-qkPAZg,Gweilo-60,2019-03-01 18:07:51.612979,11033,0
UChXOhG9bRDb3vSTg-qkPAZg,Gweilo-60,2019-03-01 18:06:51.921485,11033,0
UChXOhG9bRDb3vSTg-qkPAZg,Gweilo-60,2019-03-01 18:05:52.350085,11033,0
UChXOhG9bRDb3vSTg-qkPAZg,Gweilo-60,2019-03-01 18:04:51.742861,11033,1
UChXOhG9bRDb3vSTg-qkPAZg,Gweilo-60,2019-03-01 18:03:51.909867,11032,0
UChXOhG9bRDb3vSTg-qkPAZg,Gweilo-60,2019-03-01 18:02:51.986138,11032,0
UChXOhG9bRDb3vSTg-qkPAZg,Gweilo-60,2019-03-01 18:01:51.760261,11032,0
UChXOhG9bRDb3vSTg-qkPAZg,Gweilo-60,2019-03-01 18:00:51.342224,11032,0
UChXOhG9bRDb3vSTg-qkPAZg,Gweilo-60,2019-03-01 17:59:51.176756,11032,0
UChXOhG9bRDb3vSTg-qkPAZg,Gweilo-60,2019-03-01 17:58:51.121058,11032,0
UChXOhG9bRDb3vSTg-qkPAZg,Gweilo-60,2019-03-01 17:57:51.603903,11032,0
UChXOhG9bRDb3vSTg-qkPAZg,Gweilo-60,2019-03-01 17:56:51.599545,11032,0
UChXOhG9bRDb3vSTg-qkPAZg,Gweilo-60,2019-03-01 17:55:51.189045,11032,0
UChXOhG9bRDb3vSTg-qkPAZg,Gweilo-60,2019-03-01 17:54:51.193499,11032,0
UChXOhG9bRDb3vSTg-qkPAZg,Gweilo-60,2019-03-01 17:53:51.445767,11032,0
UChXOhG9bRDb3vSTg-qkPAZg,Gweilo-60,2019-03-01 17:52:52.084972,11032,0
UChXOhG9bRDb3vSTg-qkPAZg,Gweilo-60,2019-03-01 17:51:51.346725,11032,0
UChXOhG9bRDb3vSTg-qkPAZg,Gweilo-60,2019-03-01 17:50:51.357729,11032,0
UChXOhG9bRDb3vSTg-qkPAZg,Gweilo-60,2019-03-01 17:49:51.272602,11032,0
UChXOhG9bRDb3vSTg-qkPAZg,Gweilo-60,2019-03-01 17:48:51.623436,11032,0
UChXOhG9bRDb3vSTg-qkPAZg,Gweilo-60,2019-03-01 17:47:51.232856,11032,0
UChXOhG9bRDb3vSTg-qkPAZg,Gweilo-60,2019-03-01 17:46:51.84632,11032,0
UChXOhG9bRDb3vSTg-qkPAZg,Gweilo-60,2019-03-01 17:45:50.844946,11032,0
UChXOhG9bRDb3vSTg-qkPAZg,Gweilo-60,2019-03-01 17:44:52.424661,11032,0
UChXOhG9bRDb3vSTg-qkPAZg,Gweilo-60,2019-03-01 17:43:52.075606,11032,0
UChXOhG9bRDb3vSTg-qkPAZg,Gweilo-60,2019-03-01 17:42:51.851658,11032,0
UChXOhG9bRDb3vSTg-qkPAZg,Gweilo-60,2019-03-01 17:41:51.010401,11032,0
UChXOhG9bRDb3vSTg-qkPAZg,Gweilo-60,2019-03-01 17:40:51.764911,11032,0
UChXOhG9bRDb3vSTg-qkPAZg,Gweilo-60,2019-03-01 17:39:51.417205,11032,0
UChXOhG9bRDb3vSTg-qkPAZg,Gweilo-60,2019-03-01 17:38:51.14636,11032,0
UChXOhG9bRDb3vSTg-qkPAZg,Gweilo-60,2019-03-01 17:37:51.160239,11032,0
UChXOhG9bRDb3vSTg-qkPAZg,Gweilo-60,2019-03-01 17:36:51.353999,11032,0
UChXOhG9bRDb3vSTg-qkPAZg,Gweilo-60,2019-03-01 17:35:51.923957,11032,0
UChXOhG9bRDb3vSTg-qkPAZg,Gweilo-60,2019-03-01 17:34:51.61731,11032,0
UChXOhG9bRDb3vSTg-qkPAZg,Gweilo-60,2019-03-01 17:33:51.311389,11032,0
UChXOhG9bRDb3vSTg-qkPAZg,Gweilo-60,2019-03-01 17:32:51.304532,11032,0
UChXOhG9bRDb3vSTg-qkPAZg,Gweilo-60,2019-03-01 17:31:51.301512,11032,0
UChXOhG9bRDb3vSTg-qkPAZg,Gweilo-60,2019-03-01 17:30:51.092345,11032,0
UChXOhG9bRDb3vSTg-qkPAZg,Gweilo-60,2019-03-01 17:29:54.710153,11032,0
UChXOhG9bRDb3vSTg-qkPAZg,Gweilo-60,2019-03-01 17:28:51.817587,11032,0
UChXOhG9bRDb3vSTg-qkPAZg,Gweilo-60,2019-03-01 17:27:51.275604,11032,0
UChXOhG9bRDb3vSTg-qkPAZg,Gweilo-60,2019-03-01 17:26:51.16698,11032,0
UChXOhG9bRDb3vSTg-qkPAZg,Gweilo-60,2019-03-01 17:25:51.690682,11032,0
UChXOhG9bRDb3vSTg-qkPAZg,Gweilo-60,2019-03-01 17:24:52.033027,11032,0
UChXOhG9bRDb3vSTg-qkPAZg,Gweilo-60,2019-03-01 17:23:51.543901,11032,0
UChXOhG9bRDb3vSTg-qkPAZg,Gweilo-60,2019-03-01 17:22:51.7212,11032,0
UChXOhG9bRDb3vSTg-qkPAZg,Gweilo-60,2019-03-01 17:21:51.415344,11032,0
UChXOhG9bRDb3vSTg-qkPAZg,Gweilo-60,2019-03-01 17:20:51.105126,11032,0
UChXOhG9bRDb3vSTg-qkPAZg,Gweilo-60,2019-03-01 17:19:51.061161,11032,0
UChXOhG9bRDb3vSTg-qkPAZg,Gweilo-60,2019-03-01 17:18:51.493634,11032,0
UChXOhG9bRDb3vSTg-qkPAZg,Gweilo-60,2019-03-01 17:17:51.879979,11032,0
UChXOhG9bRDb3vSTg-qkPAZg,Gweilo-60,2019-03-01 17:16:51.453084,11032,0
UChXOhG9bRDb3vSTg-qkPAZg,Gweilo-60,2019-03-01 17:15:51.294276,11032,0
UChXOhG9bRDb3vSTg-qkPAZg,Gweilo-60,2019-03-01 17:14:51.160155,11032,0
UChXOhG9bRDb3vSTg-qkPAZg,Gweilo-60,2019-03-01 17:13:51.37908,11032,0
UChXOhG9bRDb3vSTg-qkPAZg,Gweilo-60,2019-03-01 17:12:51.679648,11032,0
UChXOhG9bRDb3vSTg-qkPAZg,Gweilo-60,2019-03-01 17:11:50.893085,11032,0
UChXOhG9bRDb3vSTg-qkPAZg,Gweilo-60,2019-03-01 17:10:51.363999,11032,0
UChXOhG9bRDb3vSTg-qkPAZg,Gweilo-60,2019-03-01 17:09:50.964712,11032,0
UChXOhG9bRDb3vSTg-qkPAZg,Gweilo-60,2019-03-01 17:08:51.319765,11032,0
UChXOhG9bRDb3vSTg-qkPAZg,Gweilo-60,2019-03-01 17:07:50.681399,11032,0
UChXOhG9bRDb3vSTg-qkPAZg,Gweilo-60,2019-03-01 17:06:51.667817,11032,0
UChXOhG9bRDb3vSTg-qkPAZg,Gweilo-60,2019-03-01 17:05:51.747551,11032,0
UChXOhG9bRDb3vSTg-qkPAZg,Gweilo-60,2019-03-01 17:04:51.565116,11032,0
UChXOhG9bRDb3vSTg-qkPAZg,Gweilo-60,2019-03-01 17:03:52.164606,11032,0
UChXOhG9bRDb3vSTg-qkPAZg,Gweilo-60,2019-03-01 17:02:51.660392,11032,0
UChXOhG9bRDb3vSTg-qkPAZg,Gweilo-60,2019-03-01 17:01:50.879647,11032,0
UChXOhG9bRDb3vSTg-qkPAZg,Gweilo-60,2019-03-01 17:00:51.491726,11032,0
UChXOhG9bRDb3vSTg-qkPAZg,Gweilo-60,2019-03-01 16:59:51.382739,11032,0
UChXOhG9bRDb3vSTg-qkPAZg,Gweilo-60,2019-03-01 16:58:51.022292,11032,0
UChXOhG9bRDb3vSTg-qkPAZg,Gweilo-60,2019-03-01 16:57:51.595922,11032,0
UChXOhG9bRDb3vSTg-qkPAZg,Gweilo-60,2019-03-01 16:56:50.997304,11032,0
UChXOhG9bRDb3vSTg-qkPAZg,Gweilo-60,2019-03-01 16:55:51.303084,11032,0
UChXOhG9bRDb3vSTg-qkPAZg,Gweilo-60,2019-03-01 16:54:51.40773,11032,0
UChXOhG9bRDb3vSTg-qkPAZg,Gweilo-60,2019-03-01 16:53:51.794753,11032,0
UChXOhG9bRDb3vSTg-qkPAZg,Gweilo-60,2019-03-01 16:52:51.638013,11032,0
UChXOhG9bRDb3vSTg-qkPAZg,Gweilo-60,2019-03-01 16:51:51.50488,11032,0
UChXOhG9bRDb3vSTg-qkPAZg,Gweilo-60,2019-03-01 16:50:51.322527,11032,0
UChXOhG9bRDb3vSTg-qkPAZg,Gweilo-60,2019-03-01 16:49:51.39824,11032,0
UChXOhG9bRDb3vSTg-qkPAZg,Gweilo-60,2019-03-01 16:48:50.807183,11032,0
UChXOhG9bRDb3vSTg-qkPAZg,Gweilo-60,2019-03-01 16:47:51.049476,11032,0
UChXOhG9bRDb3vSTg-qkPAZg,Gweilo-60,2019-03-01 16:46:51.170184,11032,0
UChXOhG9bRDb3vSTg-qkPAZg,Gweilo-60,2019-03-01 16:45:51.070795,11032,0
UChXOhG9bRDb3vSTg-qkPAZg,Gweilo-60,2019-03-01 16:44:51.378207,11032,0
UChXOhG9bRDb3vSTg-qkPAZg,Gweilo-60,2019-03-01 16:43:50.952151,11032,0
UChXOhG9bRDb3vSTg-qkPAZg,Gweilo-60,2019-03-01 16:42:50.89919,11032,0
UChXOhG9bRDb3vSTg-qkPAZg,Gweilo-60,2019-03-01 16:41:51.659488,11032,0
UChXOhG9bRDb3vSTg-qkPAZg,Gweilo-60,2019-03-01 16:40:51.385161,11032,0
UChXOhG9bRDb3vSTg-qkPAZg,Gweilo-60,2019-03-01 16:39:51.278018,11032,0
UChXOhG9bRDb3vSTg-qkPAZg,Gweilo-60,2019-03-01 16:38:51.68415,11032,0
UChXOhG9bRDb3vSTg-qkPAZg,Gweilo-60,2019-03-01 16:37:51.064836,11032,0
UChXOhG9bRDb3vSTg-qkPAZg,Gweilo-60,2019-03-01 16:36:51.417123,11032,0
UChXOhG9bRDb3vSTg-qkPAZg,Gweilo-60,2019-03-01 16:35:50.859079,11032,0
UChXOhG9bRDb3vSTg-qkPAZg,Gweilo-60,2019-03-01 16:34:52.01674,11032,0
UChXOhG9bRDb3vSTg-qkPAZg,Gweilo-60,2019-03-01 16:33:51.200527,11032,0
UChXOhG9bRDb3vSTg-qkPAZg,Gweilo-60,2019-03-01 16:32:51.276209,11032,0
UChXOhG9bRDb3vSTg-qkPAZg,Gweilo-60,2019-03-01 16:31:51.16682,11032,0
UChXOhG9bRDb3vSTg-qkPAZg,Gweilo-60,2019-03-01 16:30:51.143615,11032,0
UChXOhG9bRDb3vSTg-qkPAZg,Gweilo-60,2019-03-01 16:29:51.046721,11032,0
UChXOhG9bRDb3vSTg-qkPAZg,Gweilo-60,2019-03-01 16:28:51.037814,11032,0
UChXOhG9bRDb3vSTg-qkPAZg,Gweilo-60,2019-03-01 16:27:50.927282,11032,0
UChXOhG9bRDb3vSTg-qkPAZg,Gweilo-60,2019-03-01 16:26:51.461933,11032,0
UChXOhG9bRDb3vSTg-qkPAZg,Gweilo-60,2019-03-01 16:25:51.320887,11032,0
UChXOhG9bRDb3vSTg-qkPAZg,Gweilo-60,2019-03-01 16:24:51.552377,11032,0
UChXOhG9bRDb3vSTg-qkPAZg,Gweilo-60,2019-03-01 16:23:51.4125,11032,1
UChXOhG9bRDb3vSTg-qkPAZg,Gweilo-60,2019-03-01 16:22:51.215468,11031,0
UChXOhG9bRDb3vSTg-qkPAZg,Gweilo-60,2019-03-01 16:21:51.801607,11031,0
UChXOhG9bRDb3vSTg-qkPAZg,Gweilo-60,2019-03-01 16:20:51.140255,11031,0
UChXOhG9bRDb3vSTg-qkPAZg,Gweilo-60,2019-03-01 16:19:51.657142,11031,0
UChXOhG9bRDb3vSTg-qkPAZg,Gweilo-60,2019-03-01 16:18:51.30618,11031,0
UChXOhG9bRDb3vSTg-qkPAZg,Gweilo-60,2019-03-01 16:17:51.271432,11031,0
UChXOhG9bRDb3vSTg-qkPAZg,Gweilo-60,2019-03-01 16:16:51.34493,11031,0
UChXOhG9bRDb3vSTg-qkPAZg,Gweilo-60,2019-03-01 16:15:51.468033,11031,0
UChXOhG9bRDb3vSTg-qkPAZg,Gweilo-60,2019-03-01 16:14:51.226863,11031,0
UChXOhG9bRDb3vSTg-qkPAZg,Gweilo-60,2019-03-01 16:13:51.590186,11031,0
UChXOhG9bRDb3vSTg-qkPAZg,Gweilo-60,2019-03-01 16:12:51.692269,11031,0
UChXOhG9bRDb3vSTg-qkPAZg,Gweilo-60,2019-03-01 16:11:50.956226,11031,0
UChXOhG9bRDb3vSTg-qkPAZg,Gweilo-60,2019-03-01 16:10:51.76307,11031,0
UChXOhG9bRDb3vSTg-qkPAZg,Gweilo-60,2019-03-01 16:09:51.745461,11031,0
UChXOhG9bRDb3vSTg-qkPAZg,Gweilo-60,2019-03-01 16:08:51.09967,11031,0
UChXOhG9bRDb3vSTg-qkPAZg,Gweilo-60,2019-03-01 16:07:50.718711,11031,0
UChXOhG9bRDb3vSTg-qkPAZg,Gweilo-60,2019-03-01 16:06:54.910599,11031,0
UChXOhG9bRDb3vSTg-qkPAZg,Gweilo-60,2019-03-01 16:05:51.785146,11031,0
UChXOhG9bRDb3vSTg-qkPAZg,Gweilo-60,2019-03-01 16:04:51.48563,11031,0
UChXOhG9bRDb3vSTg-qkPAZg,Gweilo-60,2019-03-01 16:03:51.012881,11031,0
UChXOhG9bRDb3vSTg-qkPAZg,Gweilo-60,2019-03-01 16:02:51.471538,11031,0
UChXOhG9bRDb3vSTg-qkPAZg,Gweilo-60,2019-03-01 16:01:51.572501,11031,0
UChXOhG9bRDb3vSTg-qkPAZg,Gweilo-60,2019-03-01 16:00:51.71867,11031,0
UChXOhG9bRDb3vSTg-qkPAZg,Gweilo-60,2019-03-01 15:59:51.050005,11031,0
UChXOhG9bRDb3vSTg-qkPAZg,Gweilo-60,2019-03-01 15:58:51.23031,11031,0
UChXOhG9bRDb3vSTg-qkPAZg,Gweilo-60,2019-03-01 15:57:50.934185,11031,0
UChXOhG9bRDb3vSTg-qkPAZg,Gweilo-60,2019-03-01 15:56:51.284454,11031,0
UChXOhG9bRDb3vSTg-qkPAZg,Gweilo-60,2019-03-01 15:55:51.030161,11031,0
UChXOhG9bRDb3vSTg-qkPAZg,Gweilo-60,2019-03-01 15:54:51.111752,11031,0
UChXOhG9bRDb3vSTg-qkPAZg,Gweilo-60,2019-03-01 15:53:51.257487,11031,0
UChXOhG9bRDb3vSTg-qkPAZg,Gweilo-60,2019-03-01 15:52:51.180341,11031,0
UChXOhG9bRDb3vSTg-qkPAZg,Gweilo-60,2019-03-01 15:51:50.774812,11031,0
UChXOhG9bRDb3vSTg-qkPAZg,Gweilo-60,2019-03-01 15:50:50.815643,11031,0
UChXOhG9bRDb3vSTg-qkPAZg,Gweilo-60,2019-03-01 15:49:51.283049,11031,0
UChXOhG9bRDb3vSTg-qkPAZg,Gweilo-60,2019-03-01 15:48:51.305878,11031,0
UChXOhG9bRDb3vSTg-qkPAZg,Gweilo-60,2019-03-01 15:47:51.699689,11031,0
UChXOhG9bRDb3vSTg-qkPAZg,Gweilo-60,2019-03-01 15:46:51.295468,11031,0
UChXOhG9bRDb3vSTg-qkPAZg,Gweilo-60,2019-03-01 15:45:51.544258,11031,0
UChXOhG9bRDb3vSTg-qkPAZg,Gweilo-60,2019-03-01 15:44:51.199376,11031,0
UChXOhG9bRDb3vSTg-qkPAZg,Gweilo-60,2019-03-01 15:43:51.281252,11031,0
UChXOhG9bRDb3vSTg-qkPAZg,Gweilo-60,2019-03-01 15:42:51.33627,11031,0
UChXOhG9bRDb3vSTg-qkPAZg,Gweilo-60,2019-03-01 15:41:51.918755,11031,0
UChXOhG9bRDb3vSTg-qkPAZg,Gweilo-60,2019-03-01 15:40:51.021341,11031,0
UChXOhG9bRDb3vSTg-qkPAZg,Gweilo-60,2019-03-01 15:39:50.725315,11031,0
UChXOhG9bRDb3vSTg-qkPAZg,Gweilo-60,2019-03-01 15:38:51.358719,11031,0
UChXOhG9bRDb3vSTg-qkPAZg,Gweilo-60,2019-03-01 15:37:51.506258,11031,0
UChXOhG9bRDb3vSTg-qkPAZg,Gweilo-60,2019-03-01 15:36:51.52667,11031,0
UChXOhG9bRDb3vSTg-qkPAZg,Gweilo-60,2019-03-01 15:35:51.224473,11031,0
UChXOhG9bRDb3vSTg-qkPAZg,Gweilo-60,2019-03-01 15:34:51.383243,11031,0
UChXOhG9bRDb3vSTg-qkPAZg,Gweilo-60,2019-03-01 15:33:51.071064,11031,0
UChXOhG9bRDb3vSTg-qkPAZg,Gweilo-60,2019-03-01 15:32:51.558226,11031,0
UChXOhG9bRDb3vSTg-qkPAZg,Gweilo-60,2019-03-01 15:31:51.335069,11031,0
UChXOhG9bRDb3vSTg-qkPAZg,Gweilo-60,2019-03-01 15:30:51.75917,11031,0
UChXOhG9bRDb3vSTg-qkPAZg,Gweilo-60,2019-03-01 15:29:51.128775,11031,0
UChXOhG9bRDb3vSTg-qkPAZg,Gweilo-60,2019-03-01 15:28:51.387582,11031,0
UChXOhG9bRDb3vSTg-qkPAZg,Gweilo-60,2019-03-01 15:27:51.434158,11031,0
UChXOhG9bRDb3vSTg-qkPAZg,Gweilo-60,2019-03-01 15:26:51.358746,11031,0
UChXOhG9bRDb3vSTg-qkPAZg,Gweilo-60,2019-03-01 15:25:51.083599,11031,0
UChXOhG9bRDb3vSTg-qkPAZg,Gweilo-60,2019-03-01 15:24:50.909856,11031,0
UChXOhG9bRDb3vSTg-qkPAZg,Gweilo-60,2019-03-01 15:23:51.245392,11031,0
UChXOhG9bRDb3vSTg-qkPAZg,Gweilo-60,2019-03-01 15:22:51.497804,11031,0
UChXOhG9bRDb3vSTg-qkPAZg,Gweilo-60,2019-03-01 15:21:51.695969,11031,0
UChXOhG9bRDb3vSTg-qkPAZg,Gweilo-60,2019-03-01 15:20:51.776683,11031,0
UChXOhG9bRDb3vSTg-qkPAZg,Gweilo-60,2019-03-01 15:19:51.124552,11031,0
UChXOhG9bRDb3vSTg-qkPAZg,Gweilo-60,2019-03-01 15:18:51.865084,11031,0
UChXOhG9bRDb3vSTg-qkPAZg,Gweilo-60,2019-03-01 15:17:51.665767,11031,0
UChXOhG9bRDb3vSTg-qkPAZg,Gweilo-60,2019-03-01 15:16:50.731317,11031,0
UChXOhG9bRDb3vSTg-qkPAZg,Gweilo-60,2019-03-01 15:15:50.946509,11031,0
UChXOhG9bRDb3vSTg-qkPAZg,Gweilo-60,2019-03-01 15:14:50.786948,11031,0
UChXOhG9bRDb3vSTg-qkPAZg,Gweilo-60,2019-03-01 15:13:51.36964,11031,0
UChXOhG9bRDb3vSTg-qkPAZg,Gweilo-60,2019-03-01 15:12:52.337055,11031,0
UChXOhG9bRDb3vSTg-qkPAZg,Gweilo-60,2019-03-01 15:11:51.451194,11031,0
UChXOhG9bRDb3vSTg-qkPAZg,Gweilo-60,2019-03-01 15:10:51.676069,11031,0
UChXOhG9bRDb3vSTg-qkPAZg,Gweilo-60,2019-03-01 15:09:50.95604,11031,0
UChXOhG9bRDb3vSTg-qkPAZg,Gweilo-60,2019-03-01 15:08:51.0674,11031,0
UChXOhG9bRDb3vSTg-qkPAZg,Gweilo-60,2019-03-01 15:07:50.815897,11031,0
UChXOhG9bRDb3vSTg-qkPAZg,Gweilo-60,2019-03-01 15:06:50.919031,11031,0
UChXOhG9bRDb3vSTg-qkPAZg,Gweilo-60,2019-03-01 15:05:51.688143,11031,0
UChXOhG9bRDb3vSTg-qkPAZg,Gweilo-60,2019-03-01 15:04:51.188902,11031,0
UChXOhG9bRDb3vSTg-qkPAZg,Gweilo-60,2019-03-01 15:03:51.159181,11031,0
UChXOhG9bRDb3vSTg-qkPAZg,Gweilo-60,2019-03-01 15:02:50.937723,11031,0
UChXOhG9bRDb3vSTg-qkPAZg,Gweilo-60,2019-03-01 15:01:51.416581,11031,0
UChXOhG9bRDb3vSTg-qkPAZg,Gweilo-60,2019-03-01 15:00:51.381322,11031,0
UChXOhG9bRDb3vSTg-qkPAZg,Gweilo-60,2019-03-01 14:59:52.498812,11031,0
UChXOhG9bRDb3vSTg-qkPAZg,Gweilo-60,2019-03-01 14:58:51.97627,11031,0
UChXOhG9bRDb3vSTg-qkPAZg,Gweilo-60,2019-03-01 14:57:51.150268,11031,0
UChXOhG9bRDb3vSTg-qkPAZg,Gweilo-60,2019-03-01 14:56:51.40163,11031,0
UChXOhG9bRDb3vSTg-qkPAZg,Gweilo-60,2019-03-01 14:55:50.746968,11031,0
UChXOhG9bRDb3vSTg-qkPAZg,Gweilo-60,2019-03-01 14:54:51.384993,11031,0
UChXOhG9bRDb3vSTg-qkPAZg,Gweilo-60,2019-03-01 14:53:51.506083,11031,0
UChXOhG9bRDb3vSTg-qkPAZg,Gweilo-60,2019-03-01 14:52:51.035008,11031,0
UChXOhG9bRDb3vSTg-qkPAZg,Gweilo-60,2019-03-01 14:51:51.364898,11031,0
UChXOhG9bRDb3vSTg-qkPAZg,Gweilo-60,2019-03-01 14:50:51.828011,11031,0
UChXOhG9bRDb3vSTg-qkPAZg,Gweilo-60,2019-03-01 14:49:50.864102,11031,0
UChXOhG9bRDb3vSTg-qkPAZg,Gweilo-60,2019-03-01 14:48:51.707373,11031,0
UChXOhG9bRDb3vSTg-qkPAZg,Gweilo-60,2019-03-01 14:47:51.310687,11031,0
UChXOhG9bRDb3vSTg-qkPAZg,Gweilo-60,2019-03-01 14:46:51.049307,11031,0
UChXOhG9bRDb3vSTg-qkPAZg,Gweilo-60,2019-03-01 14:45:51.114983,11031,0
UChXOhG9bRDb3vSTg-qkPAZg,Gweilo-60,2019-03-01 14:44:51.101491,11031,0
UChXOhG9bRDb3vSTg-qkPAZg,Gweilo-60,2019-03-01 14:43:51.243678,11031,0
UChXOhG9bRDb3vSTg-qkPAZg,Gweilo-60,2019-03-01 14:42:50.716462,11031,0
UChXOhG9bRDb3vSTg-qkPAZg,Gweilo-60,2019-03-01 14:41:51.483833,11031,0
UChXOhG9bRDb3vSTg-qkPAZg,Gweilo-60,2019-03-01 14:40:51.064032,11031,0
UChXOhG9bRDb3vSTg-qkPAZg,Gweilo-60,2019-03-01 14:39:51.217523,11031,0
UChXOhG9bRDb3vSTg-qkPAZg,Gweilo-60,2019-03-01 14:38:51.106222,11031,0
UChXOhG9bRDb3vSTg-qkPAZg,Gweilo-60,2019-03-01 14:37:51.27625,11031,0
UChXOhG9bRDb3vSTg-qkPAZg,Gweilo-60,2019-03-01 14:36:51.416452,11031,0
UChXOhG9bRDb3vSTg-qkPAZg,Gweilo-60,2019-03-01 14:35:51.249447,11031,0
UChXOhG9bRDb3vSTg-qkPAZg,Gweilo-60,2019-03-01 14:34:51.173956,11031,0
UChXOhG9bRDb3vSTg-qkPAZg,Gweilo-60,2019-03-01 14:33:51.309079,11031,0
UChXOhG9bRDb3vSTg-qkPAZg,Gweilo-60,2019-03-01 14:32:50.903003,11031,0
UChXOhG9bRDb3vSTg-qkPAZg,Gweilo-60,2019-03-01 14:31:51.524372,11031,0
UChXOhG9bRDb3vSTg-qkPAZg,Gweilo-60,2019-03-01 14:30:51.269989,11031,0
UChXOhG9bRDb3vSTg-qkPAZg,Gweilo-60,2019-03-01 14:29:53.843058,11031,0
UChXOhG9bRDb3vSTg-qkPAZg,Gweilo-60,2019-03-01 14:28:51.014805,11031,0
UChXOhG9bRDb3vSTg-qkPAZg,Gweilo-60,2019-03-01 14:27:50.98162,11031,0
UChXOhG9bRDb3vSTg-qkPAZg,Gweilo-60,2019-03-01 14:26:51.119443,11031,0
UChXOhG9bRDb3vSTg-qkPAZg,Gweilo-60,2019-03-01 14:25:50.838099,11031,0
UChXOhG9bRDb3vSTg-qkPAZg,Gweilo-60,2019-03-01 14:24:51.271059,11031,0
UChXOhG9bRDb3vSTg-qkPAZg,Gweilo-60,2019-03-01 14:23:51.86829,11031,0
UChXOhG9bRDb3vSTg-qkPAZg,Gweilo-60,2019-03-01 14:22:51.452398,11031,0
UChXOhG9bRDb3vSTg-qkPAZg,Gweilo-60,2019-03-01 14:21:51.664488,11031,0
UChXOhG9bRDb3vSTg-qkPAZg,Gweilo-60,2019-03-01 14:20:51.156187,11031,0
UChXOhG9bRDb3vSTg-qkPAZg,Gweilo-60,2019-03-01 14:19:51.631368,11031,1
UChXOhG9bRDb3vSTg-qkPAZg,Gweilo-60,2019-03-01 14:18:50.985838,11030,0
UChXOhG9bRDb3vSTg-qkPAZg,Gweilo-60,2019-03-01 14:17:51.265226,11030,0
UChXOhG9bRDb3vSTg-qkPAZg,Gweilo-60,2019-03-01 14:16:51.086026,11030,0
UChXOhG9bRDb3vSTg-qkPAZg,Gweilo-60,2019-03-01 14:15:50.86415,11030,0
UChXOhG9bRDb3vSTg-qkPAZg,Gweilo-60,2019-03-01 14:14:51.247307,11030,0
UChXOhG9bRDb3vSTg-qkPAZg,Gweilo-60,2019-03-01 14:13:51.660647,11030,0
UChXOhG9bRDb3vSTg-qkPAZg,Gweilo-60,2019-03-01 14:12:51.45062,11030,0
UChXOhG9bRDb3vSTg-qkPAZg,Gweilo-60,2019-03-01 14:11:51.460012,11030,0
UChXOhG9bRDb3vSTg-qkPAZg,Gweilo-60,2019-03-01 14:10:51.734963,11030,0
UChXOhG9bRDb3vSTg-qkPAZg,Gweilo-60,2019-03-01 14:09:51.45327,11030,0
UChXOhG9bRDb3vSTg-qkPAZg,Gweilo-60,2019-03-01 14:08:50.805497,11030,0
UChXOhG9bRDb3vSTg-qkPAZg,Gweilo-60,2019-03-01 14:07:51.076506,11030,0
UChXOhG9bRDb3vSTg-qkPAZg,Gweilo-60,2019-03-01 14:06:51.335593,11030,0
UChXOhG9bRDb3vSTg-qkPAZg,Gweilo-60,2019-03-01 14:05:51.014687,11030,0
UChXOhG9bRDb3vSTg-qkPAZg,Gweilo-60,2019-03-01 14:04:51.144854,11030,0
UChXOhG9bRDb3vSTg-qkPAZg,Gweilo-60,2019-03-01 14:03:51.11518,11030,0
UChXOhG9bRDb3vSTg-qkPAZg,Gweilo-60,2019-03-01 14:02:51.803712,11030,0
UChXOhG9bRDb3vSTg-qkPAZg,Gweilo-60,2019-03-01 14:01:51.259511,11030,0
UChXOhG9bRDb3vSTg-qkPAZg,Gweilo-60,2019-03-01 14:00:51.346698,11030,0
UChXOhG9bRDb3vSTg-qkPAZg,Gweilo-60,2019-03-01 13:59:51.334334,11030,0
UChXOhG9bRDb3vSTg-qkPAZg,Gweilo-60,2019-03-01 13:58:51.479058,11030,0
UChXOhG9bRDb3vSTg-qkPAZg,Gweilo-60,2019-03-01 13:57:51.621698,11030,0
UChXOhG9bRDb3vSTg-qkPAZg,Gweilo-60,2019-03-01 13:56:51.104758,11030,0
UChXOhG9bRDb3vSTg-qkPAZg,Gweilo-60,2019-03-01 13:55:51.209394,11030,0
UChXOhG9bRDb3vSTg-qkPAZg,Gweilo-60,2019-03-01 13:54:51.173741,11030,0
UChXOhG9bRDb3vSTg-qkPAZg,Gweilo-60,2019-03-01 13:53:51.352932,11030,0
UChXOhG9bRDb3vSTg-qkPAZg,Gweilo-60,2019-03-01 13:52:51.903242,11030,0
UChXOhG9bRDb3vSTg-qkPAZg,Gweilo-60,2019-03-01 13:51:51.483725,11030,0
UChXOhG9bRDb3vSTg-qkPAZg,Gweilo-60,2019-03-01 13:50:51.184463,11030,0
UChXOhG9bRDb3vSTg-qkPAZg,Gweilo-60,2019-03-01 13:49:51.4093,11030,0
UChXOhG9bRDb3vSTg-qkPAZg,Gweilo-60,2019-03-01 13:48:51.208736,11030,0
UChXOhG9bRDb3vSTg-qkPAZg,Gweilo-60,2019-03-01 13:47:51.379768,11030,0
UChXOhG9bRDb3vSTg-qkPAZg,Gweilo-60,2019-03-01 13:46:51.358792,11030,0
UChXOhG9bRDb3vSTg-qkPAZg,Gweilo-60,2019-03-01 13:45:51.059324,11030,0
UChXOhG9bRDb3vSTg-qkPAZg,Gweilo-60,2019-03-01 13:44:50.971655,11030,0
UChXOhG9bRDb3vSTg-qkPAZg,Gweilo-60,2019-03-01 13:43:51.24975,11030,0
UChXOhG9bRDb3vSTg-qkPAZg,Gweilo-60,2019-03-01 13:42:51.136963,11030,0
UChXOhG9bRDb3vSTg-qkPAZg,Gweilo-60,2019-03-01 13:41:51.356465,11030,0
UChXOhG9bRDb3vSTg-qkPAZg,Gweilo-60,2019-03-01 13:40:51.583396,11030,0
UChXOhG9bRDb3vSTg-qkPAZg,Gweilo-60,2019-03-01 13:39:50.799817,11030,0
UChXOhG9bRDb3vSTg-qkPAZg,Gweilo-60,2019-03-01 13:38:51.042282,11030,0
UChXOhG9bRDb3vSTg-qkPAZg,Gweilo-60,2019-03-01 13:37:51.561665,11030,0
UChXOhG9bRDb3vSTg-qkPAZg,Gweilo-60,2019-03-01 13:36:51.969197,11030,0
UChXOhG9bRDb3vSTg-qkPAZg,Gweilo-60,2019-03-01 13:35:51.244413,11030,0
UChXOhG9bRDb3vSTg-qkPAZg,Gweilo-60,2019-03-01 13:34:51.075128,11030,0
UChXOhG9bRDb3vSTg-qkPAZg,Gweilo-60,2019-03-01 13:33:51.541209,11030,0
UChXOhG9bRDb3vSTg-qkPAZg,Gweilo-60,2019-03-01 13:32:51.130822,11030,0
UChXOhG9bRDb3vSTg-qkPAZg,Gweilo-60,2019-03-01 13:31:51.194572,11030,0
UChXOhG9bRDb3vSTg-qkPAZg,Gweilo-60,2019-03-01 13:30:51.115394,11030,0
UChXOhG9bRDb3vSTg-qkPAZg,Gweilo-60,2019-03-01 13:29:51.372537,11030,0
UChXOhG9bRDb3vSTg-qkPAZg,Gweilo-60,2019-03-01 13:28:52.094337,11030,0
UChXOhG9bRDb3vSTg-qkPAZg,Gweilo-60,2019-03-01 13:27:50.933329,11030,0
UChXOhG9bRDb3vSTg-qkPAZg,Gweilo-60,2019-03-01 13:26:51.104258,11030,0
UChXOhG9bRDb3vSTg-qkPAZg,Gweilo-60,2019-03-01 13:25:51.077116,11030,0
UChXOhG9bRDb3vSTg-qkPAZg,Gweilo-60,2019-03-01 13:24:51.20418,11030,0
UChXOhG9bRDb3vSTg-qkPAZg,Gweilo-60,2019-03-01 13:23:52.202192,11030,0
UChXOhG9bRDb3vSTg-qkPAZg,Gweilo-60,2019-03-01 13:22:50.834927,11030,0
UChXOhG9bRDb3vSTg-qkPAZg,Gweilo-60,2019-03-01 13:21:51.269191,11030,0
UChXOhG9bRDb3vSTg-qkPAZg,Gweilo-60,2019-03-01 13:20:51.816789,11030,0
UChXOhG9bRDb3vSTg-qkPAZg,Gweilo-60,2019-03-01 13:19:51.06415,11030,0
UChXOhG9bRDb3vSTg-qkPAZg,Gweilo-60,2019-03-01 13:18:51.390436,11030,0
UChXOhG9bRDb3vSTg-qkPAZg,Gweilo-60,2019-03-01 13:17:51.457897,11030,0
UChXOhG9bRDb3vSTg-qkPAZg,Gweilo-60,2019-03-01 13:16:51.312556,11030,0
UChXOhG9bRDb3vSTg-qkPAZg,Gweilo-60,2019-03-01 13:15:51.582929,11030,0
UChXOhG9bRDb3vSTg-qkPAZg,Gweilo-60,2019-03-01 13:14:50.720771,11030,0
UChXOhG9bRDb3vSTg-qkPAZg,Gweilo-60,2019-03-01 13:13:51.206878,11030,0
UChXOhG9bRDb3vSTg-qkPAZg,Gweilo-60,2019-03-01 13:12:51.294415,11030,0
UChXOhG9bRDb3vSTg-qkPAZg,Gweilo-60,2019-03-01 13:11:51.755407,11030,0
UChXOhG9bRDb3vSTg-qkPAZg,Gweilo-60,2019-03-01 13:10:51.659331,11030,0
UChXOhG9bRDb3vSTg-qkPAZg,Gweilo-60,2019-03-01 13:09:51.480595,11030,0
UChXOhG9bRDb3vSTg-qkPAZg,Gweilo-60,2019-03-01 13:08:50.842967,11030,0
UChXOhG9bRDb3vSTg-qkPAZg,Gweilo-60,2019-03-01 13:07:51.067686,11030,0
UChXOhG9bRDb3vSTg-qkPAZg,Gweilo-60,2019-03-01 13:06:50.948671,11030,0
UChXOhG9bRDb3vSTg-qkPAZg,Gweilo-60,2019-03-01 13:05:51.316975,11030,0
UChXOhG9bRDb3vSTg-qkPAZg,Gweilo-60,2019-03-01 13:04:51.716237,11030,0
UChXOhG9bRDb3vSTg-qkPAZg,Gweilo-60,2019-03-01 13:03:50.776823,11030,0
UChXOhG9bRDb3vSTg-qkPAZg,Gweilo-60,2019-03-01 13:02:51.221505,11030,0
UChXOhG9bRDb3vSTg-qkPAZg,Gweilo-60,2019-03-01 13:01:51.537124,11030,0
UChXOhG9bRDb3vSTg-qkPAZg,Gweilo-60,2019-03-01 13:00:51.332547,11030,0
UChXOhG9bRDb3vSTg-qkPAZg,Gweilo-60,2019-03-01 12:59:51.220688,11030,0
UChXOhG9bRDb3vSTg-qkPAZg,Gweilo-60,2019-03-01 12:58:51.196747,11030,0
UChXOhG9bRDb3vSTg-qkPAZg,Gweilo-60,2019-03-01 12:57:51.560383,11030,0
UChXOhG9bRDb3vSTg-qkPAZg,Gweilo-60,2019-03-01 12:56:51.058371,11030,0
UChXOhG9bRDb3vSTg-qkPAZg,Gweilo-60,2019-03-01 12:55:51.525224,11030,0
UChXOhG9bRDb3vSTg-qkPAZg,Gweilo-60,2019-03-01 12:54:50.918656,11030,0
UChXOhG9bRDb3vSTg-qkPAZg,Gweilo-60,2019-03-01 12:53:51.201386,11030,0
UChXOhG9bRDb3vSTg-qkPAZg,Gweilo-60,2019-03-01 12:52:52.357984,11030,0
UChXOhG9bRDb3vSTg-qkPAZg,Gweilo-60,2019-03-01 12:51:51.653066,11030,0
UChXOhG9bRDb3vSTg-qkPAZg,Gweilo-60,2019-03-01 12:50:51.243631,11030,0
UChXOhG9bRDb3vSTg-qkPAZg,Gweilo-60,2019-03-01 12:49:51.163709,11030,0
UChXOhG9bRDb3vSTg-qkPAZg,Gweilo-60,2019-03-01 12:48:51.188482,11030,0
UChXOhG9bRDb3vSTg-qkPAZg,Gweilo-60,2019-03-01 12:47:51.549949,11030,0
UChXOhG9bRDb3vSTg-qkPAZg,Gweilo-60,2019-03-01 12:46:51.675201,11030,0
UChXOhG9bRDb3vSTg-qkPAZg,Gweilo-60,2019-03-01 12:45:51.11661,11030,0
UChXOhG9bRDb3vSTg-qkPAZg,Gweilo-60,2019-03-01 12:44:51.66659,11030,0
UChXOhG9bRDb3vSTg-qkPAZg,Gweilo-60,2019-03-01 12:43:51.102582,11030,0
UChXOhG9bRDb3vSTg-qkPAZg,Gweilo-60,2019-03-01 12:42:50.931319,11030,0
UChXOhG9bRDb3vSTg-qkPAZg,Gweilo-60,2019-03-01 12:41:50.903644,11030,0
UChXOhG9bRDb3vSTg-qkPAZg,Gweilo-60,2019-03-01 12:40:51.629742,11030,0
UChXOhG9bRDb3vSTg-qkPAZg,Gweilo-60,2019-03-01 12:39:50.992554,11030,0
UChXOhG9bRDb3vSTg-qkPAZg,Gweilo-60,2019-03-01 12:38:51.380593,11030,0
UChXOhG9bRDb3vSTg-qkPAZg,Gweilo-60,2019-03-01 12:37:50.622825,11030,0
UChXOhG9bRDb3vSTg-qkPAZg,Gweilo-60,2019-03-01 12:36:51.012587,11030,0
UChXOhG9bRDb3vSTg-qkPAZg,Gweilo-60,2019-03-01 12:35:51.787822,11030,0
UChXOhG9bRDb3vSTg-qkPAZg,Gweilo-60,2019-03-01 12:34:51.28646,11030,0
UChXOhG9bRDb3vSTg-qkPAZg,Gweilo-60,2019-03-01 12:33:51.677898,11030,0
UChXOhG9bRDb3vSTg-qkPAZg,Gweilo-60,2019-03-01 12:32:51.183328,11030,0
UChXOhG9bRDb3vSTg-qkPAZg,Gweilo-60,2019-03-01 12:31:51.560946,11030,0
UChXOhG9bRDb3vSTg-qkPAZg,Gweilo-60,2019-03-01 12:30:51.355163,11030,0
UChXOhG9bRDb3vSTg-qkPAZg,Gweilo-60,2019-03-01 12:29:52.986493,11030,0
UChXOhG9bRDb3vSTg-qkPAZg,Gweilo-60,2019-03-01 12:28:50.995408,11030,0
UChXOhG9bRDb3vSTg-qkPAZg,Gweilo-60,2019-03-01 12:27:50.996763,11030,0
UChXOhG9bRDb3vSTg-qkPAZg,Gweilo-60,2019-03-01 12:26:51.207287,11030,0
UChXOhG9bRDb3vSTg-qkPAZg,Gweilo-60,2019-03-01 12:25:51.474672,11030,0
UChXOhG9bRDb3vSTg-qkPAZg,Gweilo-60,2019-03-01 12:24:51.646631,11030,0
UChXOhG9bRDb3vSTg-qkPAZg,Gweilo-60,2019-03-01 12:23:51.058453,11030,0
UChXOhG9bRDb3vSTg-qkPAZg,Gweilo-60,2019-03-01 12:22:51.317935,11030,0
UChXOhG9bRDb3vSTg-qkPAZg,Gweilo-60,2019-03-01 12:21:51.530838,11030,0
UChXOhG9bRDb3vSTg-qkPAZg,Gweilo-60,2019-03-01 12:20:51.344032,11030,0
UChXOhG9bRDb3vSTg-qkPAZg,Gweilo-60,2019-03-01 12:19:51.237696,11030,0
UChXOhG9bRDb3vSTg-qkPAZg,Gweilo-60,2019-03-01 12:18:51.681781,11030,0
UChXOhG9bRDb3vSTg-qkPAZg,Gweilo-60,2019-03-01 12:17:51.644266,11030,0
UChXOhG9bRDb3vSTg-qkPAZg,Gweilo-60,2019-03-01 12:16:51.053341,11030,0
UChXOhG9bRDb3vSTg-qkPAZg,Gweilo-60,2019-03-01 12:15:51.57541,11030,0
UChXOhG9bRDb3vSTg-qkPAZg,Gweilo-60,2019-03-01 12:14:51.906498,11030,0
UChXOhG9bRDb3vSTg-qkPAZg,Gweilo-60,2019-03-01 12:13:50.972226,11030,0
UChXOhG9bRDb3vSTg-qkPAZg,Gweilo-60,2019-03-01 12:12:51.276557,11030,0
UChXOhG9bRDb3vSTg-qkPAZg,Gweilo-60,2019-03-01 12:11:51.251073,11030,0
UChXOhG9bRDb3vSTg-qkPAZg,Gweilo-60,2019-03-01 12:10:50.99677,11030,0
UChXOhG9bRDb3vSTg-qkPAZg,Gweilo-60,2019-03-01 12:09:51.309851,11030,0
UChXOhG9bRDb3vSTg-qkPAZg,Gweilo-60,2019-03-01 12:08:52.024761,11030,0
UChXOhG9bRDb3vSTg-qkPAZg,Gweilo-60,2019-03-01 12:07:50.722459,11030,0
UChXOhG9bRDb3vSTg-qkPAZg,Gweilo-60,2019-03-01 12:06:51.143621,11030,0
UChXOhG9bRDb3vSTg-qkPAZg,Gweilo-60,2019-03-01 12:05:51.340264,11030,0
UChXOhG9bRDb3vSTg-qkPAZg,Gweilo-60,2019-03-01 12:04:51.197226,11030,0
UChXOhG9bRDb3vSTg-qkPAZg,Gweilo-60,2019-03-01 12:03:51.59346,11030,0
UChXOhG9bRDb3vSTg-qkPAZg,Gweilo-60,2019-03-01 12:02:52.040182,11030,0
UChXOhG9bRDb3vSTg-qkPAZg,Gweilo-60,2019-03-01 12:01:50.977189,11030,0
UChXOhG9bRDb3vSTg-qkPAZg,Gweilo-60,2019-03-01 12:00:51.288134,11030,0
UChXOhG9bRDb3vSTg-qkPAZg,Gweilo-60,2019-03-01 11:59:51.000534,11030,0
UChXOhG9bRDb3vSTg-qkPAZg,Gweilo-60,2019-03-01 11:58:50.960145,11030,0
UChXOhG9bRDb3vSTg-qkPAZg,Gweilo-60,2019-03-01 11:57:51.437018,11030,0
UChXOhG9bRDb3vSTg-qkPAZg,Gweilo-60,2019-03-01 11:56:51.075139,11030,0
UChXOhG9bRDb3vSTg-qkPAZg,Gweilo-60,2019-03-01 11:55:51.043909,11030,0
UChXOhG9bRDb3vSTg-qkPAZg,Gweilo-60,2019-03-01 11:54:51.667518,11030,0
UChXOhG9bRDb3vSTg-qkPAZg,Gweilo-60,2019-03-01 11:53:51.599728,11030,0
UChXOhG9bRDb3vSTg-qkPAZg,Gweilo-60,2019-03-01 11:52:51.433633,11030,0
UChXOhG9bRDb3vSTg-qkPAZg,Gweilo-60,2019-03-01 11:51:51.311038,11030,0
UChXOhG9bRDb3vSTg-qkPAZg,Gweilo-60,2019-03-01 11:50:51.078581,11030,0
UChXOhG9bRDb3vSTg-qkPAZg,Gweilo-60,2019-03-01 11:49:51.423559,11030,0
UChXOhG9bRDb3vSTg-qkPAZg,Gweilo-60,2019-03-01 11:48:51.355066,11030,0
UChXOhG9bRDb3vSTg-qkPAZg,Gweilo-60,2019-03-01 11:47:51.590409,11030,0
UChXOhG9bRDb3vSTg-qkPAZg,Gweilo-60,2019-03-01 11:46:52.498902,11030,0
UChXOhG9bRDb3vSTg-qkPAZg,Gweilo-60,2019-03-01 11:45:51.088649,11030,0
UChXOhG9bRDb3vSTg-qkPAZg,Gweilo-60,2019-03-01 11:44:51.261367,11030,0
UChXOhG9bRDb3vSTg-qkPAZg,Gweilo-60,2019-03-01 11:43:51.635361,11030,0
UChXOhG9bRDb3vSTg-qkPAZg,Gweilo-60,2019-03-01 11:42:51.664863,11030,0
UChXOhG9bRDb3vSTg-qkPAZg,Gweilo-60,2019-03-01 11:41:51.606048,11030,0
UChXOhG9bRDb3vSTg-qkPAZg,Gweilo-60,2019-03-01 11:40:51.378669,11030,0
UChXOhG9bRDb3vSTg-qkPAZg,Gweilo-60,2019-03-01 11:39:51.058032,11030,0
UChXOhG9bRDb3vSTg-qkPAZg,Gweilo-60,2019-03-01 11:38:51.108088,11030,0
UChXOhG9bRDb3vSTg-qkPAZg,Gweilo-60,2019-03-01 11:37:50.987423,11030,0
UChXOhG9bRDb3vSTg-qkPAZg,Gweilo-60,2019-03-01 11:36:51.164828,11030,0
UChXOhG9bRDb3vSTg-qkPAZg,Gweilo-60,2019-03-01 11:35:51.249292,11030,0
UChXOhG9bRDb3vSTg-qkPAZg,Gweilo-60,2019-03-01 11:34:51.119549,11030,0
UChXOhG9bRDb3vSTg-qkPAZg,Gweilo-60,2019-03-01 11:33:51.236429,11030,0
UChXOhG9bRDb3vSTg-qkPAZg,Gweilo-60,2019-03-01 11:32:51.296989,11030,0
UChXOhG9bRDb3vSTg-qkPAZg,Gweilo-60,2019-03-01 11:31:51.783253,11030,0
UChXOhG9bRDb3vSTg-qkPAZg,Gweilo-60,2019-03-01 11:30:50.998123,11030,0
UChXOhG9bRDb3vSTg-qkPAZg,Gweilo-60,2019-03-01 11:29:51.221871,11030,0
UChXOhG9bRDb3vSTg-qkPAZg,Gweilo-60,2019-03-01 11:28:50.846231,11030,0
UChXOhG9bRDb3vSTg-qkPAZg,Gweilo-60,2019-03-01 11:27:51.414094,11030,0
UChXOhG9bRDb3vSTg-qkPAZg,Gweilo-60,2019-03-01 11:26:50.987935,11030,0
UChXOhG9bRDb3vSTg-qkPAZg,Gweilo-60,2019-03-01 11:25:51.745975,11030,0
UChXOhG9bRDb3vSTg-qkPAZg,Gweilo-60,2019-03-01 11:24:51.413809,11030,0
UChXOhG9bRDb3vSTg-qkPAZg,Gweilo-60,2019-03-01 11:23:51.0758,11030,0
UChXOhG9bRDb3vSTg-qkPAZg,Gweilo-60,2019-03-01 11:22:51.152175,11030,0
UChXOhG9bRDb3vSTg-qkPAZg,Gweilo-60,2019-03-01 11:21:51.569456,11030,0
UChXOhG9bRDb3vSTg-qkPAZg,Gweilo-60,2019-03-01 11:20:52.085337,11030,0
UChXOhG9bRDb3vSTg-qkPAZg,Gweilo-60,2019-03-01 11:19:51.356573,11030,0
UChXOhG9bRDb3vSTg-qkPAZg,Gweilo-60,2019-03-01 11:18:51.55921,11030,0
UChXOhG9bRDb3vSTg-qkPAZg,Gweilo-60,2019-03-01 11:17:51.396255,11030,0
UChXOhG9bRDb3vSTg-qkPAZg,Gweilo-60,2019-03-01 11:16:51.349638,11030,0
UChXOhG9bRDb3vSTg-qkPAZg,Gweilo-60,2019-03-01 11:15:51.032339,11030,0
UChXOhG9bRDb3vSTg-qkPAZg,Gweilo-60,2019-03-01 11:14:50.646765,11030,0
UChXOhG9bRDb3vSTg-qkPAZg,Gweilo-60,2019-03-01 11:13:51.23199,11030,0
UChXOhG9bRDb3vSTg-qkPAZg,Gweilo-60,2019-03-01 11:12:51.973097,11030,0
UChXOhG9bRDb3vSTg-qkPAZg,Gweilo-60,2019-03-01 11:11:51.552584,11030,0
UChXOhG9bRDb3vSTg-qkPAZg,Gweilo-60,2019-03-01 11:10:51.337073,11030,0
UChXOhG9bRDb3vSTg-qkPAZg,Gweilo-60,2019-03-01 11:09:51.496043,11030,0
UChXOhG9bRDb3vSTg-qkPAZg,Gweilo-60,2019-03-01 11:08:51.867122,11030,0
UChXOhG9bRDb3vSTg-qkPAZg,Gweilo-60,2019-03-01 11:07:51.555312,11030,0
UChXOhG9bRDb3vSTg-qkPAZg,Gweilo-60,2019-03-01 11:06:51.338184,11030,0
UChXOhG9bRDb3vSTg-qkPAZg,Gweilo-60,2019-03-01 11:05:51.744129,11030,0
UChXOhG9bRDb3vSTg-qkPAZg,Gweilo-60,2019-03-01 11:04:50.882174,11030,0
UChXOhG9bRDb3vSTg-qkPAZg,Gweilo-60,2019-03-01 11:03:51.054863,11030,0
UChXOhG9bRDb3vSTg-qkPAZg,Gweilo-60,2019-03-01 11:02:51.517737,11030,0
UChXOhG9bRDb3vSTg-qkPAZg,Gweilo-60,2019-03-01 11:01:51.275632,11030,0
UChXOhG9bRDb3vSTg-qkPAZg,Gweilo-60,2019-03-01 11:00:51.348748,11030,0
UChXOhG9bRDb3vSTg-qkPAZg,Gweilo-60,2019-03-01 10:59:51.908083,11030,0
UChXOhG9bRDb3vSTg-qkPAZg,Gweilo-60,2019-03-01 10:58:51.42307,11030,0
UChXOhG9bRDb3vSTg-qkPAZg,Gweilo-60,2019-03-01 10:57:51.28811,11030,0
UChXOhG9bRDb3vSTg-qkPAZg,Gweilo-60,2019-03-01 10:56:51.242988,11030,0
UChXOhG9bRDb3vSTg-qkPAZg,Gweilo-60,2019-03-01 10:55:51.477988,11030,0
UChXOhG9bRDb3vSTg-qkPAZg,Gweilo-60,2019-03-01 10:54:51.386218,11030,0
UChXOhG9bRDb3vSTg-qkPAZg,Gweilo-60,2019-03-01 10:53:51.304157,11030,0
UChXOhG9bRDb3vSTg-qkPAZg,Gweilo-60,2019-03-01 10:52:51.275825,11030,0
UChXOhG9bRDb3vSTg-qkPAZg,Gweilo-60,2019-03-01 10:51:51.182794,11030,0
UChXOhG9bRDb3vSTg-qkPAZg,Gweilo-60,2019-03-01 10:50:51.309925,11030,0
UChXOhG9bRDb3vSTg-qkPAZg,Gweilo-60,2019-03-01 10:49:51.391643,11030,0
UChXOhG9bRDb3vSTg-qkPAZg,Gweilo-60,2019-03-01 10:48:51.556594,11030,0
UChXOhG9bRDb3vSTg-qkPAZg,Gweilo-60,2019-03-01 10:47:51.815545,11030,0
UChXOhG9bRDb3vSTg-qkPAZg,Gweilo-60,2019-03-01 10:46:50.923728,11030,0
UChXOhG9bRDb3vSTg-qkPAZg,Gweilo-60,2019-03-01 10:45:50.976153,11030,0
UChXOhG9bRDb3vSTg-qkPAZg,Gweilo-60,2019-03-01 10:44:50.712942,11030,0
UChXOhG9bRDb3vSTg-qkPAZg,Gweilo-60,2019-03-01 10:43:51.644689,11030,0
UChXOhG9bRDb3vSTg-qkPAZg,Gweilo-60,2019-03-01 10:42:51.293592,11030,0
UChXOhG9bRDb3vSTg-qkPAZg,Gweilo-60,2019-03-01 10:41:51.27144,11030,0
UChXOhG9bRDb3vSTg-qkPAZg,Gweilo-60,2019-03-01 10:40:51.327501,11030,0
UChXOhG9bRDb3vSTg-qkPAZg,Gweilo-60,2019-03-01 10:39:50.937331,11030,0
UChXOhG9bRDb3vSTg-qkPAZg,Gweilo-60,2019-03-01 10:38:51.456642,11030,0
UChXOhG9bRDb3vSTg-qkPAZg,Gweilo-60,2019-03-01 10:37:51.47565,11030,0
UChXOhG9bRDb3vSTg-qkPAZg,Gweilo-60,2019-03-01 10:36:51.684589,11030,0
UChXOhG9bRDb3vSTg-qkPAZg,Gweilo-60,2019-03-01 10:35:51.580884,11030,0
UChXOhG9bRDb3vSTg-qkPAZg,Gweilo-60,2019-03-01 10:34:51.494295,11030,0
UChXOhG9bRDb3vSTg-qkPAZg,Gweilo-60,2019-03-01 10:33:51.25377,11030,0
UChXOhG9bRDb3vSTg-qkPAZg,Gweilo-60,2019-03-01 10:32:50.993289,11030,0
UChXOhG9bRDb3vSTg-qkPAZg,Gweilo-60,2019-03-01 10:31:51.45424,11030,0
UChXOhG9bRDb3vSTg-qkPAZg,Gweilo-60,2019-03-01 10:30:51.35522,11030,0
UChXOhG9bRDb3vSTg-qkPAZg,Gweilo-60,2019-03-01 10:29:51.248078,11030,0
UChXOhG9bRDb3vSTg-qkPAZg,Gweilo-60,2019-03-01 10:28:51.529205,11030,0
UChXOhG9bRDb3vSTg-qkPAZg,Gweilo-60,2019-03-01 10:27:50.83704,11030,0
UChXOhG9bRDb3vSTg-qkPAZg,Gweilo-60,2019-03-01 10:26:50.916341,11030,0
UChXOhG9bRDb3vSTg-qkPAZg,Gweilo-60,2019-03-01 10:25:51.326417,11030,0
UChXOhG9bRDb3vSTg-qkPAZg,Gweilo-60,2019-03-01 10:24:51.037944,11030,0
UChXOhG9bRDb3vSTg-qkPAZg,Gweilo-60,2019-03-01 10:23:51.047603,11030,1
UChXOhG9bRDb3vSTg-qkPAZg,Gweilo-60,2019-03-01 10:22:50.670253,11029,0
UChXOhG9bRDb3vSTg-qkPAZg,Gweilo-60,2019-03-01 10:21:51.233929,11029,0
UChXOhG9bRDb3vSTg-qkPAZg,Gweilo-60,2019-03-01 10:20:51.215007,11029,0
UChXOhG9bRDb3vSTg-qkPAZg,Gweilo-60,2019-03-01 10:19:50.987263,11029,0
UChXOhG9bRDb3vSTg-qkPAZg,Gweilo-60,2019-03-01 10:18:51.239405,11029,0
UChXOhG9bRDb3vSTg-qkPAZg,Gweilo-60,2019-03-01 10:17:50.947277,11029,0
UChXOhG9bRDb3vSTg-qkPAZg,Gweilo-60,2019-03-01 10:16:50.758838,11029,0
UChXOhG9bRDb3vSTg-qkPAZg,Gweilo-60,2019-03-01 10:15:51.061362,11029,0
UChXOhG9bRDb3vSTg-qkPAZg,Gweilo-60,2019-03-01 10:14:51.778563,11029,0
UChXOhG9bRDb3vSTg-qkPAZg,Gweilo-60,2019-03-01 10:13:50.74339,11029,0
UChXOhG9bRDb3vSTg-qkPAZg,Gweilo-60,2019-03-01 10:12:51.200492,11029,0
UChXOhG9bRDb3vSTg-qkPAZg,Gweilo-60,2019-03-01 10:11:51.668267,11029,0
UChXOhG9bRDb3vSTg-qkPAZg,Gweilo-60,2019-03-01 10:10:51.363253,11029,0
UChXOhG9bRDb3vSTg-qkPAZg,Gweilo-60,2019-03-01 10:09:51.579314,11029,0
UChXOhG9bRDb3vSTg-qkPAZg,Gweilo-60,2019-03-01 10:08:51.197394,11029,0
UChXOhG9bRDb3vSTg-qkPAZg,Gweilo-60,2019-03-01 10:07:51.534367,11029,0
UChXOhG9bRDb3vSTg-qkPAZg,Gweilo-60,2019-03-01 10:06:51.440462,11029,0
UChXOhG9bRDb3vSTg-qkPAZg,Gweilo-60,2019-03-01 10:05:51.463295,11029,0
UChXOhG9bRDb3vSTg-qkPAZg,Gweilo-60,2019-03-01 10:04:51.140678,11029,0
UChXOhG9bRDb3vSTg-qkPAZg,Gweilo-60,2019-03-01 10:03:51.034299,11029,0
UChXOhG9bRDb3vSTg-qkPAZg,Gweilo-60,2019-03-01 10:02:51.277202,11029,0
UChXOhG9bRDb3vSTg-qkPAZg,Gweilo-60,2019-03-01 10:01:51.051491,11029,0
UChXOhG9bRDb3vSTg-qkPAZg,Gweilo-60,2019-03-01 10:00:51.389772,11029,0
UChXOhG9bRDb3vSTg-qkPAZg,Gweilo-60,2019-03-01 09:59:51.280236,11029,0
UChXOhG9bRDb3vSTg-qkPAZg,Gweilo-60,2019-03-01 09:58:51.309881,11029,0
UChXOhG9bRDb3vSTg-qkPAZg,Gweilo-60,2019-03-01 09:57:51.028549,11029,0
UChXOhG9bRDb3vSTg-qkPAZg,Gweilo-60,2019-03-01 09:56:51.179517,11029,0
UChXOhG9bRDb3vSTg-qkPAZg,Gweilo-60,2019-03-01 09:55:51.256626,11029,0
UChXOhG9bRDb3vSTg-qkPAZg,Gweilo-60,2019-03-01 09:54:51.776398,11029,0
UChXOhG9bRDb3vSTg-qkPAZg,Gweilo-60,2019-03-01 09:53:51.888463,11029,0
UChXOhG9bRDb3vSTg-qkPAZg,Gweilo-60,2019-03-01 09:52:51.250088,11029,0
UChXOhG9bRDb3vSTg-qkPAZg,Gweilo-60,2019-03-01 09:51:51.413209,11029,0
UChXOhG9bRDb3vSTg-qkPAZg,Gweilo-60,2019-03-01 09:50:50.883205,11029,0
UChXOhG9bRDb3vSTg-qkPAZg,Gweilo-60,2019-03-01 09:49:51.187199,11029,0
UChXOhG9bRDb3vSTg-qkPAZg,Gweilo-60,2019-03-01 09:48:51.14564,11029,0
UChXOhG9bRDb3vSTg-qkPAZg,Gweilo-60,2019-03-01 09:47:51.417469,11029,0
UChXOhG9bRDb3vSTg-qkPAZg,Gweilo-60,2019-03-01 09:46:51.374072,11029,0
UChXOhG9bRDb3vSTg-qkPAZg,Gweilo-60,2019-03-01 09:45:50.99286,11029,0
UChXOhG9bRDb3vSTg-qkPAZg,Gweilo-60,2019-03-01 09:44:51.369392,11029,0
UChXOhG9bRDb3vSTg-qkPAZg,Gweilo-60,2019-03-01 09:43:51.813322,11029,0
UChXOhG9bRDb3vSTg-qkPAZg,Gweilo-60,2019-03-01 09:42:50.938161,11029,0
UChXOhG9bRDb3vSTg-qkPAZg,Gweilo-60,2019-03-01 09:41:51.453604,11029,0
UChXOhG9bRDb3vSTg-qkPAZg,Gweilo-60,2019-03-01 09:40:51.211924,11029,0
UChXOhG9bRDb3vSTg-qkPAZg,Gweilo-60,2019-03-01 09:39:51.759102,11029,0
UChXOhG9bRDb3vSTg-qkPAZg,Gweilo-60,2019-03-01 09:38:51.532265,11029,0
UChXOhG9bRDb3vSTg-qkPAZg,Gweilo-60,2019-03-01 09:37:51.362847,11029,0
UChXOhG9bRDb3vSTg-qkPAZg,Gweilo-60,2019-03-01 09:36:50.968499,11029,0
UChXOhG9bRDb3vSTg-qkPAZg,Gweilo-60,2019-03-01 09:35:51.717105,11029,0
UChXOhG9bRDb3vSTg-qkPAZg,Gweilo-60,2019-03-01 09:34:51.68488,11029,0
UChXOhG9bRDb3vSTg-qkPAZg,Gweilo-60,2019-03-01 09:33:51.104471,11029,0
UChXOhG9bRDb3vSTg-qkPAZg,Gweilo-60,2019-03-01 09:32:51.459795,11029,0
UChXOhG9bRDb3vSTg-qkPAZg,Gweilo-60,2019-03-01 09:31:51.203431,11029,0
UChXOhG9bRDb3vSTg-qkPAZg,Gweilo-60,2019-03-01 09:30:52.180063,11029,0
UChXOhG9bRDb3vSTg-qkPAZg,Gweilo-60,2019-03-01 09:29:51.849141,11029,0
UChXOhG9bRDb3vSTg-qkPAZg,Gweilo-60,2019-03-01 09:28:50.768097,11029,0
UChXOhG9bRDb3vSTg-qkPAZg,Gweilo-60,2019-03-01 09:27:51.524302,11029,0
UChXOhG9bRDb3vSTg-qkPAZg,Gweilo-60,2019-03-01 09:26:51.149941,11029,0
UChXOhG9bRDb3vSTg-qkPAZg,Gweilo-60,2019-03-01 09:25:51.062093,11029,0
UChXOhG9bRDb3vSTg-qkPAZg,Gweilo-60,2019-03-01 09:24:51.300035,11029,0
UChXOhG9bRDb3vSTg-qkPAZg,Gweilo-60,2019-03-01 09:23:51.151823,11029,0
UChXOhG9bRDb3vSTg-qkPAZg,Gweilo-60,2019-03-01 09:22:50.881303,11029,0
UChXOhG9bRDb3vSTg-qkPAZg,Gweilo-60,2019-03-01 09:21:51.606206,11029,0
UChXOhG9bRDb3vSTg-qkPAZg,Gweilo-60,2019-03-01 09:20:51.920371,11029,0
UChXOhG9bRDb3vSTg-qkPAZg,Gweilo-60,2019-03-01 09:19:51.142675,11029,0
UChXOhG9bRDb3vSTg-qkPAZg,Gweilo-60,2019-03-01 09:18:51.741678,11029,0
UChXOhG9bRDb3vSTg-qkPAZg,Gweilo-60,2019-03-01 09:17:51.617285,11029,0
UChXOhG9bRDb3vSTg-qkPAZg,Gweilo-60,2019-03-01 09:16:51.199045,11029,0
UChXOhG9bRDb3vSTg-qkPAZg,Gweilo-60,2019-03-01 09:15:51.077191,11029,0
UChXOhG9bRDb3vSTg-qkPAZg,Gweilo-60,2019-03-01 09:14:51.515719,11029,0
UChXOhG9bRDb3vSTg-qkPAZg,Gweilo-60,2019-03-01 09:13:51.388655,11029,0
UChXOhG9bRDb3vSTg-qkPAZg,Gweilo-60,2019-03-01 09:12:51.075413,11029,0
UChXOhG9bRDb3vSTg-qkPAZg,Gweilo-60,2019-03-01 09:11:50.812251,11029,0
UChXOhG9bRDb3vSTg-qkPAZg,Gweilo-60,2019-03-01 09:10:51.407139,11029,0
UChXOhG9bRDb3vSTg-qkPAZg,Gweilo-60,2019-03-01 09:09:51.235273,11029,0
UChXOhG9bRDb3vSTg-qkPAZg,Gweilo-60,2019-03-01 09:08:51.576294,11029,0
UChXOhG9bRDb3vSTg-qkPAZg,Gweilo-60,2019-03-01 09:07:50.868545,11029,0
UChXOhG9bRDb3vSTg-qkPAZg,Gweilo-60,2019-03-01 09:06:51.137384,11029,0
UChXOhG9bRDb3vSTg-qkPAZg,Gweilo-60,2019-03-01 09:05:51.905914,11029,0
UChXOhG9bRDb3vSTg-qkPAZg,Gweilo-60,2019-03-01 09:04:51.287541,11029,0
UChXOhG9bRDb3vSTg-qkPAZg,Gweilo-60,2019-03-01 09:03:50.797785,11029,0
UChXOhG9bRDb3vSTg-qkPAZg,Gweilo-60,2019-03-01 09:02:51.122402,11029,0
UChXOhG9bRDb3vSTg-qkPAZg,Gweilo-60,2019-03-01 09:01:50.780263,11029,0
UChXOhG9bRDb3vSTg-qkPAZg,Gweilo-60,2019-03-01 09:00:51.320114,11029,0
UChXOhG9bRDb3vSTg-qkPAZg,Gweilo-60,2019-03-01 08:59:51.159981,11029,0
UChXOhG9bRDb3vSTg-qkPAZg,Gweilo-60,2019-03-01 08:58:51.480828,11029,0
UChXOhG9bRDb3vSTg-qkPAZg,Gweilo-60,2019-03-01 08:57:50.942261,11029,0
UChXOhG9bRDb3vSTg-qkPAZg,Gweilo-60,2019-03-01 08:56:50.694217,11029,0
UChXOhG9bRDb3vSTg-qkPAZg,Gweilo-60,2019-03-01 08:55:50.506745,11029,0
UChXOhG9bRDb3vSTg-qkPAZg,Gweilo-60,2019-03-01 08:54:51.071975,11029,0
UChXOhG9bRDb3vSTg-qkPAZg,Gweilo-60,2019-03-01 08:53:51.042064,11029,0
UChXOhG9bRDb3vSTg-qkPAZg,Gweilo-60,2019-03-01 08:52:51.1447,11029,0
UChXOhG9bRDb3vSTg-qkPAZg,Gweilo-60,2019-03-01 08:51:51.522573,11029,0
UChXOhG9bRDb3vSTg-qkPAZg,Gweilo-60,2019-03-01 08:50:51.054254,11029,0
UChXOhG9bRDb3vSTg-qkPAZg,Gweilo-60,2019-03-01 08:49:51.536202,11029,0
UChXOhG9bRDb3vSTg-qkPAZg,Gweilo-60,2019-03-01 08:48:51.624442,11029,0
UChXOhG9bRDb3vSTg-qkPAZg,Gweilo-60,2019-03-01 08:47:51.269428,11029,0
UChXOhG9bRDb3vSTg-qkPAZg,Gweilo-60,2019-03-01 08:46:51.393957,11029,0
UChXOhG9bRDb3vSTg-qkPAZg,Gweilo-60,2019-03-01 08:45:51.599859,11029,0
UChXOhG9bRDb3vSTg-qkPAZg,Gweilo-60,2019-03-01 08:44:52.130003,11029,0
UChXOhG9bRDb3vSTg-qkPAZg,Gweilo-60,2019-03-01 08:43:52.060075,11029,0
UChXOhG9bRDb3vSTg-qkPAZg,Gweilo-60,2019-03-01 08:42:51.877461,11029,0
UChXOhG9bRDb3vSTg-qkPAZg,Gweilo-60,2019-03-01 08:41:51.564874,11029,0
UChXOhG9bRDb3vSTg-qkPAZg,Gweilo-60,2019-03-01 08:40:51.140865,11029,0
UChXOhG9bRDb3vSTg-qkPAZg,Gweilo-60,2019-03-01 08:39:50.932937,11029,0
UChXOhG9bRDb3vSTg-qkPAZg,Gweilo-60,2019-03-01 08:38:51.164575,11029,0
UChXOhG9bRDb3vSTg-qkPAZg,Gweilo-60,2019-03-01 08:37:51.270112,11029,0
UChXOhG9bRDb3vSTg-qkPAZg,Gweilo-60,2019-03-01 08:36:51.010427,11029,0
UChXOhG9bRDb3vSTg-qkPAZg,Gweilo-60,2019-03-01 08:35:51.387764,11029,0
UChXOhG9bRDb3vSTg-qkPAZg,Gweilo-60,2019-03-01 08:34:51.752682,11029,0
UChXOhG9bRDb3vSTg-qkPAZg,Gweilo-60,2019-03-01 08:33:51.629749,11029,0
UChXOhG9bRDb3vSTg-qkPAZg,Gweilo-60,2019-03-01 08:32:51.25849,11029,0
UChXOhG9bRDb3vSTg-qkPAZg,Gweilo-60,2019-03-01 08:31:51.001437,11029,0
UChXOhG9bRDb3vSTg-qkPAZg,Gweilo-60,2019-03-01 08:30:51.145064,11029,0
UChXOhG9bRDb3vSTg-qkPAZg,Gweilo-60,2019-03-01 08:29:51.084505,11029,0
UChXOhG9bRDb3vSTg-qkPAZg,Gweilo-60,2019-03-01 08:28:51.07733,11029,0
UChXOhG9bRDb3vSTg-qkPAZg,Gweilo-60,2019-03-01 08:27:51.632589,11029,0
UChXOhG9bRDb3vSTg-qkPAZg,Gweilo-60,2019-03-01 08:26:51.276382,11029,0
UChXOhG9bRDb3vSTg-qkPAZg,Gweilo-60,2019-03-01 08:25:51.299211,11029,0
UChXOhG9bRDb3vSTg-qkPAZg,Gweilo-60,2019-03-01 08:24:50.977874,11029,0
UChXOhG9bRDb3vSTg-qkPAZg,Gweilo-60,2019-03-01 08:23:50.848881,11029,0
UChXOhG9bRDb3vSTg-qkPAZg,Gweilo-60,2019-03-01 08:22:52.687482,11029,0
UChXOhG9bRDb3vSTg-qkPAZg,Gweilo-60,2019-03-01 08:21:51.62025,11029,1
UChXOhG9bRDb3vSTg-qkPAZg,Gweilo-60,2019-03-01 08:20:51.743166,11028,0
UChXOhG9bRDb3vSTg-qkPAZg,Gweilo-60,2019-03-01 08:19:50.533826,11028,0
UChXOhG9bRDb3vSTg-qkPAZg,Gweilo-60,2019-03-01 08:18:51.371767,11028,0
UChXOhG9bRDb3vSTg-qkPAZg,Gweilo-60,2019-03-01 08:17:51.308776,11028,0
UChXOhG9bRDb3vSTg-qkPAZg,Gweilo-60,2019-03-01 08:16:51.173599,11028,0
UChXOhG9bRDb3vSTg-qkPAZg,Gweilo-60,2019-03-01 08:15:51.02505,11028,0
UChXOhG9bRDb3vSTg-qkPAZg,Gweilo-60,2019-03-01 08:14:51.63808,11028,0
UChXOhG9bRDb3vSTg-qkPAZg,Gweilo-60,2019-03-01 08:13:50.623261,11028,0
UChXOhG9bRDb3vSTg-qkPAZg,Gweilo-60,2019-03-01 08:12:51.094452,11028,0
UChXOhG9bRDb3vSTg-qkPAZg,Gweilo-60,2019-03-01 08:11:51.435321,11028,0
UChXOhG9bRDb3vSTg-qkPAZg,Gweilo-60,2019-03-01 08:10:51.378506,11028,0
UChXOhG9bRDb3vSTg-qkPAZg,Gweilo-60,2019-03-01 08:09:50.796923,11028,0
UChXOhG9bRDb3vSTg-qkPAZg,Gweilo-60,2019-03-01 08:08:51.339751,11028,0
UChXOhG9bRDb3vSTg-qkPAZg,Gweilo-60,2019-03-01 08:07:51.398603,11028,0
UChXOhG9bRDb3vSTg-qkPAZg,Gweilo-60,2019-03-01 08:06:51.389075,11028,0
UChXOhG9bRDb3vSTg-qkPAZg,Gweilo-60,2019-03-01 08:05:51.254695,11028,0
UChXOhG9bRDb3vSTg-qkPAZg,Gweilo-60,2019-03-01 08:04:50.839558,11028,0
UChXOhG9bRDb3vSTg-qkPAZg,Gweilo-60,2019-03-01 08:03:51.167725,11028,0
UChXOhG9bRDb3vSTg-qkPAZg,Gweilo-60,2019-03-01 08:02:51.11719,11028,0
UChXOhG9bRDb3vSTg-qkPAZg,Gweilo-60,2019-03-01 08:01:50.879302,11028,0
UChXOhG9bRDb3vSTg-qkPAZg,Gweilo-60,2019-03-01 08:00:52.300416,11028,0
UChXOhG9bRDb3vSTg-qkPAZg,Gweilo-60,2019-03-01 07:59:51.749021,11028,0
UChXOhG9bRDb3vSTg-qkPAZg,Gweilo-60,2019-03-01 07:58:51.173394,11028,0
UChXOhG9bRDb3vSTg-qkPAZg,Gweilo-60,2019-03-01 07:57:51.316557,11028,0
UChXOhG9bRDb3vSTg-qkPAZg,Gweilo-60,2019-03-01 07:56:52.119181,11028,0
UChXOhG9bRDb3vSTg-qkPAZg,Gweilo-60,2019-03-01 07:55:51.074198,11028,0
UChXOhG9bRDb3vSTg-qkPAZg,Gweilo-60,2019-03-01 07:54:51.682162,11028,0
UChXOhG9bRDb3vSTg-qkPAZg,Gweilo-60,2019-03-01 07:53:51.353951,11028,0
UChXOhG9bRDb3vSTg-qkPAZg,Gweilo-60,2019-03-01 07:52:51.588846,11028,0
UChXOhG9bRDb3vSTg-qkPAZg,Gweilo-60,2019-03-01 07:51:53.121506,11028,0
UChXOhG9bRDb3vSTg-qkPAZg,Gweilo-60,2019-03-01 07:50:51.537858,11028,0
UChXOhG9bRDb3vSTg-qkPAZg,Gweilo-60,2019-03-01 07:49:51.888057,11028,0
UChXOhG9bRDb3vSTg-qkPAZg,Gweilo-60,2019-03-01 07:48:50.996761,11028,0
UChXOhG9bRDb3vSTg-qkPAZg,Gweilo-60,2019-03-01 07:47:51.222995,11028,0
UChXOhG9bRDb3vSTg-qkPAZg,Gweilo-60,2019-03-01 07:46:51.110099,11028,0
UChXOhG9bRDb3vSTg-qkPAZg,Gweilo-60,2019-03-01 07:45:51.238228,11028,0
UChXOhG9bRDb3vSTg-qkPAZg,Gweilo-60,2019-03-01 07:44:51.231083,11028,0
UChXOhG9bRDb3vSTg-qkPAZg,Gweilo-60,2019-03-01 07:43:51.133076,11028,0
UChXOhG9bRDb3vSTg-qkPAZg,Gweilo-60,2019-03-01 07:42:51.499357,11028,0
UChXOhG9bRDb3vSTg-qkPAZg,Gweilo-60,2019-03-01 07:41:50.996547,11028,0
UChXOhG9bRDb3vSTg-qkPAZg,Gweilo-60,2019-03-01 07:40:51.424045,11028,0
UChXOhG9bRDb3vSTg-qkPAZg,Gweilo-60,2019-03-01 07:39:51.013043,11028,0
UChXOhG9bRDb3vSTg-qkPAZg,Gweilo-60,2019-03-01 07:38:51.35291,11028,0
UChXOhG9bRDb3vSTg-qkPAZg,Gweilo-60,2019-03-01 07:37:51.286762,11028,0
UChXOhG9bRDb3vSTg-qkPAZg,Gweilo-60,2019-03-01 07:36:51.582639,11028,0
UChXOhG9bRDb3vSTg-qkPAZg,Gweilo-60,2019-03-01 07:35:51.593384,11028,0
UChXOhG9bRDb3vSTg-qkPAZg,Gweilo-60,2019-03-01 07:34:51.152705,11028,0
UChXOhG9bRDb3vSTg-qkPAZg,Gweilo-60,2019-03-01 07:33:51.047829,11028,0
UChXOhG9bRDb3vSTg-qkPAZg,Gweilo-60,2019-03-01 07:32:51.291333,11028,0
UChXOhG9bRDb3vSTg-qkPAZg,Gweilo-60,2019-03-01 07:31:51.213145,11028,0
UChXOhG9bRDb3vSTg-qkPAZg,Gweilo-60,2019-03-01 07:30:50.891887,11028,0
UChXOhG9bRDb3vSTg-qkPAZg,Gweilo-60,2019-03-01 07:29:51.598207,11028,0
UChXOhG9bRDb3vSTg-qkPAZg,Gweilo-60,2019-03-01 07:28:51.1869,11028,0
UChXOhG9bRDb3vSTg-qkPAZg,Gweilo-60,2019-03-01 07:27:51.671295,11028,0
UChXOhG9bRDb3vSTg-qkPAZg,Gweilo-60,2019-03-01 07:26:51.238092,11028,0
UChXOhG9bRDb3vSTg-qkPAZg,Gweilo-60,2019-03-01 07:25:51.665335,11028,0
UChXOhG9bRDb3vSTg-qkPAZg,Gweilo-60,2019-03-01 07:24:51.361494,11028,0
UChXOhG9bRDb3vSTg-qkPAZg,Gweilo-60,2019-03-01 07:23:51.061001,11028,0
UChXOhG9bRDb3vSTg-qkPAZg,Gweilo-60,2019-03-01 07:22:51.179102,11028,0
UChXOhG9bRDb3vSTg-qkPAZg,Gweilo-60,2019-03-01 07:21:50.878521,11028,0
UChXOhG9bRDb3vSTg-qkPAZg,Gweilo-60,2019-03-01 07:20:52.027645,11028,0
UChXOhG9bRDb3vSTg-qkPAZg,Gweilo-60,2019-03-01 07:19:51.263615,11028,0
UChXOhG9bRDb3vSTg-qkPAZg,Gweilo-60,2019-03-01 07:18:50.845971,11028,0
UChXOhG9bRDb3vSTg-qkPAZg,Gweilo-60,2019-03-01 07:17:50.800419,11028,0
UChXOhG9bRDb3vSTg-qkPAZg,Gweilo-60,2019-03-01 07:16:50.884647,11028,0
UChXOhG9bRDb3vSTg-qkPAZg,Gweilo-60,2019-03-01 07:15:51.288367,11028,0
UChXOhG9bRDb3vSTg-qkPAZg,Gweilo-60,2019-03-01 07:14:51.78245,11028,0
UChXOhG9bRDb3vSTg-qkPAZg,Gweilo-60,2019-03-01 07:13:50.873606,11028,0
UChXOhG9bRDb3vSTg-qkPAZg,Gweilo-60,2019-03-01 07:12:51.209773,11028,0
UChXOhG9bRDb3vSTg-qkPAZg,Gweilo-60,2019-03-01 07:11:52.028225,11028,0
UChXOhG9bRDb3vSTg-qkPAZg,Gweilo-60,2019-03-01 07:10:51.282828,11028,0
UChXOhG9bRDb3vSTg-qkPAZg,Gweilo-60,2019-03-01 07:09:51.442969,11028,0
UChXOhG9bRDb3vSTg-qkPAZg,Gweilo-60,2019-03-01 07:08:51.192218,11028,0
UChXOhG9bRDb3vSTg-qkPAZg,Gweilo-60,2019-03-01 07:07:51.082832,11028,0
UChXOhG9bRDb3vSTg-qkPAZg,Gweilo-60,2019-03-01 07:06:51.168479,11028,0
UChXOhG9bRDb3vSTg-qkPAZg,Gweilo-60,2019-03-01 07:05:51.503629,11028,0
UChXOhG9bRDb3vSTg-qkPAZg,Gweilo-60,2019-03-01 07:04:51.245332,11028,0
UChXOhG9bRDb3vSTg-qkPAZg,Gweilo-60,2019-03-01 07:03:50.832604,11028,0
UChXOhG9bRDb3vSTg-qkPAZg,Gweilo-60,2019-03-01 07:02:51.736395,11028,0
UChXOhG9bRDb3vSTg-qkPAZg,Gweilo-60,2019-03-01 07:01:50.813502,11028,0
UChXOhG9bRDb3vSTg-qkPAZg,Gweilo-60,2019-03-01 07:00:51.236288,11028,0
UChXOhG9bRDb3vSTg-qkPAZg,Gweilo-60,2019-03-01 06:59:51.422865,11028,0
UChXOhG9bRDb3vSTg-qkPAZg,Gweilo-60,2019-03-01 06:58:51.382072,11028,0
UChXOhG9bRDb3vSTg-qkPAZg,Gweilo-60,2019-03-01 06:57:51.077177,11028,0
UChXOhG9bRDb3vSTg-qkPAZg,Gweilo-60,2019-03-01 06:56:51.23643,11028,0
UChXOhG9bRDb3vSTg-qkPAZg,Gweilo-60,2019-03-01 06:55:51.161794,11028,0
UChXOhG9bRDb3vSTg-qkPAZg,Gweilo-60,2019-03-01 06:54:51.158181,11028,0
UChXOhG9bRDb3vSTg-qkPAZg,Gweilo-60,2019-03-01 06:53:51.34965,11028,0
UChXOhG9bRDb3vSTg-qkPAZg,Gweilo-60,2019-03-01 06:52:51.272956,11028,0
UChXOhG9bRDb3vSTg-qkPAZg,Gweilo-60,2019-03-01 06:51:51.761352,11028,0
UChXOhG9bRDb3vSTg-qkPAZg,Gweilo-60,2019-03-01 06:50:51.694545,11028,0
UChXOhG9bRDb3vSTg-qkPAZg,Gweilo-60,2019-03-01 06:49:51.328198,11028,0
UChXOhG9bRDb3vSTg-qkPAZg,Gweilo-60,2019-03-01 06:48:50.625627,11028,0
UChXOhG9bRDb3vSTg-qkPAZg,Gweilo-60,2019-03-01 06:47:51.429056,11028,0
UChXOhG9bRDb3vSTg-qkPAZg,Gweilo-60,2019-03-01 06:46:51.253728,11028,0
UChXOhG9bRDb3vSTg-qkPAZg,Gweilo-60,2019-03-01 06:45:50.818555,11028,0
UChXOhG9bRDb3vSTg-qkPAZg,Gweilo-60,2019-03-01 06:44:51.949082,11028,0
UChXOhG9bRDb3vSTg-qkPAZg,Gweilo-60,2019-03-01 06:43:51.310351,11028,0
UChXOhG9bRDb3vSTg-qkPAZg,Gweilo-60,2019-03-01 06:42:51.619663,11028,0
UChXOhG9bRDb3vSTg-qkPAZg,Gweilo-60,2019-03-01 06:41:50.821839,11028,0
UChXOhG9bRDb3vSTg-qkPAZg,Gweilo-60,2019-03-01 06:40:51.110591,11028,0
UChXOhG9bRDb3vSTg-qkPAZg,Gweilo-60,2019-03-01 06:39:51.140714,11028,0
UChXOhG9bRDb3vSTg-qkPAZg,Gweilo-60,2019-03-01 06:38:51.387692,11028,0
UChXOhG9bRDb3vSTg-qkPAZg,Gweilo-60,2019-03-01 06:37:52.440832,11028,0
UChXOhG9bRDb3vSTg-qkPAZg,Gweilo-60,2019-03-01 06:36:50.91479,11028,0
UChXOhG9bRDb3vSTg-qkPAZg,Gweilo-60,2019-03-01 06:35:50.770466,11028,0
UChXOhG9bRDb3vSTg-qkPAZg,Gweilo-60,2019-03-01 06:34:51.139216,11028,0
UChXOhG9bRDb3vSTg-qkPAZg,Gweilo-60,2019-03-01 06:33:51.467966,11028,0
UChXOhG9bRDb3vSTg-qkPAZg,Gweilo-60,2019-03-01 06:32:51.916933,11028,0
UChXOhG9bRDb3vSTg-qkPAZg,Gweilo-60,2019-03-01 06:31:51.77676,11028,0
UChXOhG9bRDb3vSTg-qkPAZg,Gweilo-60,2019-03-01 06:30:50.830001,11028,0
UChXOhG9bRDb3vSTg-qkPAZg,Gweilo-60,2019-03-01 06:29:51.288618,11028,0
UChXOhG9bRDb3vSTg-qkPAZg,Gweilo-60,2019-03-01 06:28:51.756363,11028,0
UChXOhG9bRDb3vSTg-qkPAZg,Gweilo-60,2019-03-01 06:27:51.295976,11028,0
UChXOhG9bRDb3vSTg-qkPAZg,Gweilo-60,2019-03-01 06:26:50.970953,11028,0
UChXOhG9bRDb3vSTg-qkPAZg,Gweilo-60,2019-03-01 06:25:51.306749,11028,0
UChXOhG9bRDb3vSTg-qkPAZg,Gweilo-60,2019-03-01 06:24:51.028679,11028,0
UChXOhG9bRDb3vSTg-qkPAZg,Gweilo-60,2019-03-01 06:23:51.340473,11028,0
UChXOhG9bRDb3vSTg-qkPAZg,Gweilo-60,2019-03-01 06:22:51.314342,11028,0
UChXOhG9bRDb3vSTg-qkPAZg,Gweilo-60,2019-03-01 06:21:51.338557,11028,0
UChXOhG9bRDb3vSTg-qkPAZg,Gweilo-60,2019-03-01 06:20:51.433442,11028,0
UChXOhG9bRDb3vSTg-qkPAZg,Gweilo-60,2019-03-01 06:19:51.087351,11028,0
UChXOhG9bRDb3vSTg-qkPAZg,Gweilo-60,2019-03-01 06:18:51.842528,11028,0
UChXOhG9bRDb3vSTg-qkPAZg,Gweilo-60,2019-03-01 06:17:50.904897,11028,0
UChXOhG9bRDb3vSTg-qkPAZg,Gweilo-60,2019-03-01 06:16:51.826128,11028,0
UChXOhG9bRDb3vSTg-qkPAZg,Gweilo-60,2019-03-01 06:15:50.649734,11028,0
UChXOhG9bRDb3vSTg-qkPAZg,Gweilo-60,2019-03-01 06:14:51.132907,11028,0
UChXOhG9bRDb3vSTg-qkPAZg,Gweilo-60,2019-03-01 06:13:51.193912,11028,0
UChXOhG9bRDb3vSTg-qkPAZg,Gweilo-60,2019-03-01 06:12:51.385297,11028,0
UChXOhG9bRDb3vSTg-qkPAZg,Gweilo-60,2019-03-01 06:11:51.001522,11028,0
UChXOhG9bRDb3vSTg-qkPAZg,Gweilo-60,2019-03-01 06:10:51.476351,11028,0
UChXOhG9bRDb3vSTg-qkPAZg,Gweilo-60,2019-03-01 06:09:50.917035,11028,0
UChXOhG9bRDb3vSTg-qkPAZg,Gweilo-60,2019-03-01 06:08:51.891564,11028,0
UChXOhG9bRDb3vSTg-qkPAZg,Gweilo-60,2019-03-01 06:07:51.184973,11028,0
UChXOhG9bRDb3vSTg-qkPAZg,Gweilo-60,2019-03-01 06:06:52.168872,11028,0
UChXOhG9bRDb3vSTg-qkPAZg,Gweilo-60,2019-03-01 06:05:51.491459,11028,0
UChXOhG9bRDb3vSTg-qkPAZg,Gweilo-60,2019-03-01 06:04:51.930416,11028,0
UChXOhG9bRDb3vSTg-qkPAZg,Gweilo-60,2019-03-01 06:03:51.516884,11028,0
UChXOhG9bRDb3vSTg-qkPAZg,Gweilo-60,2019-03-01 06:02:51.4694,11028,0
UChXOhG9bRDb3vSTg-qkPAZg,Gweilo-60,2019-03-01 06:01:50.907186,11028,0
UChXOhG9bRDb3vSTg-qkPAZg,Gweilo-60,2019-03-01 06:00:51.624248,11028,0
UChXOhG9bRDb3vSTg-qkPAZg,Gweilo-60,2019-03-01 05:59:51.428259,11028,0
UChXOhG9bRDb3vSTg-qkPAZg,Gweilo-60,2019-03-01 05:58:52.115789,11028,0
UChXOhG9bRDb3vSTg-qkPAZg,Gweilo-60,2019-03-01 05:57:51.251453,11028,0
UChXOhG9bRDb3vSTg-qkPAZg,Gweilo-60,2019-03-01 05:56:51.026981,11028,0
UChXOhG9bRDb3vSTg-qkPAZg,Gweilo-60,2019-03-01 05:55:51.275399,11028,0
UChXOhG9bRDb3vSTg-qkPAZg,Gweilo-60,2019-03-01 05:54:51.367951,11028,0
UChXOhG9bRDb3vSTg-qkPAZg,Gweilo-60,2019-03-01 05:53:51.380535,11028,0
UChXOhG9bRDb3vSTg-qkPAZg,Gweilo-60,2019-03-01 05:52:51.686007,11028,0
UChXOhG9bRDb3vSTg-qkPAZg,Gweilo-60,2019-03-01 05:51:51.116933,11028,0
UChXOhG9bRDb3vSTg-qkPAZg,Gweilo-60,2019-03-01 05:50:51.002781,11028,0
UChXOhG9bRDb3vSTg-qkPAZg,Gweilo-60,2019-03-01 05:49:51.56885,11028,0
UChXOhG9bRDb3vSTg-qkPAZg,Gweilo-60,2019-03-01 05:48:51.571459,11028,0
UChXOhG9bRDb3vSTg-qkPAZg,Gweilo-60,2019-03-01 05:47:51.502473,11028,0
UChXOhG9bRDb3vSTg-qkPAZg,Gweilo-60,2019-03-01 05:46:50.792779,11028,0
UChXOhG9bRDb3vSTg-qkPAZg,Gweilo-60,2019-03-01 05:45:51.777065,11028,0
UChXOhG9bRDb3vSTg-qkPAZg,Gweilo-60,2019-03-01 05:44:51.84909,11028,0
UChXOhG9bRDb3vSTg-qkPAZg,Gweilo-60,2019-03-01 05:43:51.373591,11028,0
UChXOhG9bRDb3vSTg-qkPAZg,Gweilo-60,2019-03-01 05:42:51.614971,11028,0
UChXOhG9bRDb3vSTg-qkPAZg,Gweilo-60,2019-03-01 05:41:52.136099,11028,0
UChXOhG9bRDb3vSTg-qkPAZg,Gweilo-60,2019-03-01 05:40:51.902578,11028,0
UChXOhG9bRDb3vSTg-qkPAZg,Gweilo-60,2019-03-01 05:39:51.464999,11028,0
UChXOhG9bRDb3vSTg-qkPAZg,Gweilo-60,2019-03-01 05:38:51.354755,11028,0
UChXOhG9bRDb3vSTg-qkPAZg,Gweilo-60,2019-03-01 05:37:51.463976,11028,0
UChXOhG9bRDb3vSTg-qkPAZg,Gweilo-60,2019-03-01 05:36:50.865714,11028,0
UChXOhG9bRDb3vSTg-qkPAZg,Gweilo-60,2019-03-01 05:35:51.398911,11028,0
UChXOhG9bRDb3vSTg-qkPAZg,Gweilo-60,2019-03-01 05:34:50.892446,11028,0
UChXOhG9bRDb3vSTg-qkPAZg,Gweilo-60,2019-03-01 05:33:51.318588,11028,0
UChXOhG9bRDb3vSTg-qkPAZg,Gweilo-60,2019-03-01 05:32:51.597163,11028,0
UChXOhG9bRDb3vSTg-qkPAZg,Gweilo-60,2019-03-01 05:31:51.220239,11028,0
UChXOhG9bRDb3vSTg-qkPAZg,Gweilo-60,2019-03-01 05:30:51.190777,11028,0
UChXOhG9bRDb3vSTg-qkPAZg,Gweilo-60,2019-03-01 05:29:50.801996,11028,0
UChXOhG9bRDb3vSTg-qkPAZg,Gweilo-60,2019-03-01 05:28:51.02975,11028,0
UChXOhG9bRDb3vSTg-qkPAZg,Gweilo-60,2019-03-01 05:27:51.195061,11028,0
UChXOhG9bRDb3vSTg-qkPAZg,Gweilo-60,2019-03-01 05:26:50.764823,11028,0
UChXOhG9bRDb3vSTg-qkPAZg,Gweilo-60,2019-03-01 05:25:51.107821,11028,0
UChXOhG9bRDb3vSTg-qkPAZg,Gweilo-60,2019-03-01 05:24:51.292982,11028,0
UChXOhG9bRDb3vSTg-qkPAZg,Gweilo-60,2019-03-01 05:23:50.924214,11028,0
UChXOhG9bRDb3vSTg-qkPAZg,Gweilo-60,2019-03-01 05:22:50.966299,11028,0
UChXOhG9bRDb3vSTg-qkPAZg,Gweilo-60,2019-03-01 05:21:51.267954,11028,0
UChXOhG9bRDb3vSTg-qkPAZg,Gweilo-60,2019-03-01 05:20:50.89535,11028,0
UChXOhG9bRDb3vSTg-qkPAZg,Gweilo-60,2019-03-01 05:19:50.982547,11028,0
UChXOhG9bRDb3vSTg-qkPAZg,Gweilo-60,2019-03-01 05:18:50.727619,11028,0
UChXOhG9bRDb3vSTg-qkPAZg,Gweilo-60,2019-03-01 05:17:51.247958,11028,0
UChXOhG9bRDb3vSTg-qkPAZg,Gweilo-60,2019-03-01 05:16:51.05723,11028,0
UChXOhG9bRDb3vSTg-qkPAZg,Gweilo-60,2019-03-01 05:15:51.060442,11028,0
UChXOhG9bRDb3vSTg-qkPAZg,Gweilo-60,2019-03-01 05:14:51.111337,11028,0
UChXOhG9bRDb3vSTg-qkPAZg,Gweilo-60,2019-03-01 05:13:50.64543,11028,0
UChXOhG9bRDb3vSTg-qkPAZg,Gweilo-60,2019-03-01 05:12:51.791111,11028,0
UChXOhG9bRDb3vSTg-qkPAZg,Gweilo-60,2019-03-01 05:11:51.975241,11028,0
UChXOhG9bRDb3vSTg-qkPAZg,Gweilo-60,2019-03-01 05:10:50.904768,11028,0
UChXOhG9bRDb3vSTg-qkPAZg,Gweilo-60,2019-03-01 05:09:51.626032,11028,0
UChXOhG9bRDb3vSTg-qkPAZg,Gweilo-60,2019-03-01 05:08:50.906377,11028,0
UChXOhG9bRDb3vSTg-qkPAZg,Gweilo-60,2019-03-01 05:07:51.267716,11028,0
UChXOhG9bRDb3vSTg-qkPAZg,Gweilo-60,2019-03-01 05:06:51.818821,11028,0
UChXOhG9bRDb3vSTg-qkPAZg,Gweilo-60,2019-03-01 05:05:51.464148,11028,0
UChXOhG9bRDb3vSTg-qkPAZg,Gweilo-60,2019-03-01 05:04:51.304743,11028,0
UChXOhG9bRDb3vSTg-qkPAZg,Gweilo-60,2019-03-01 05:03:51.104659,11028,0
UChXOhG9bRDb3vSTg-qkPAZg,Gweilo-60,2019-03-01 05:02:51.491836,11028,0
UChXOhG9bRDb3vSTg-qkPAZg,Gweilo-60,2019-03-01 05:01:51.434394,11028,0
UChXOhG9bRDb3vSTg-qkPAZg,Gweilo-60,2019-03-01 05:00:50.692226,11028,0
UChXOhG9bRDb3vSTg-qkPAZg,Gweilo-60,2019-03-01 04:59:51.377764,11028,0
UChXOhG9bRDb3vSTg-qkPAZg,Gweilo-60,2019-03-01 04:58:51.355879,11028,0
UChXOhG9bRDb3vSTg-qkPAZg,Gweilo-60,2019-03-01 04:57:51.161685,11028,0
UChXOhG9bRDb3vSTg-qkPAZg,Gweilo-60,2019-03-01 04:56:51.04221,11028,0
UChXOhG9bRDb3vSTg-qkPAZg,Gweilo-60,2019-03-01 04:55:51.662325,11028,0
UChXOhG9bRDb3vSTg-qkPAZg,Gweilo-60,2019-03-01 04:54:50.847289,11028,0
UChXOhG9bRDb3vSTg-qkPAZg,Gweilo-60,2019-03-01 04:53:50.774833,11028,0
UChXOhG9bRDb3vSTg-qkPAZg,Gweilo-60,2019-03-01 04:52:50.981142,11028,0
UChXOhG9bRDb3vSTg-qkPAZg,Gweilo-60,2019-03-01 04:51:51.255711,11028,0
UChXOhG9bRDb3vSTg-qkPAZg,Gweilo-60,2019-03-01 04:50:51.508842,11028,0
UChXOhG9bRDb3vSTg-qkPAZg,Gweilo-60,2019-03-01 04:49:51.299856,11028,0
UChXOhG9bRDb3vSTg-qkPAZg,Gweilo-60,2019-03-01 04:48:51.454411,11028,0
UChXOhG9bRDb3vSTg-qkPAZg,Gweilo-60,2019-03-01 04:47:51.204587,11028,0
UChXOhG9bRDb3vSTg-qkPAZg,Gweilo-60,2019-03-01 04:46:50.979943,11028,0
UChXOhG9bRDb3vSTg-qkPAZg,Gweilo-60,2019-03-01 04:45:51.337721,11028,0
UChXOhG9bRDb3vSTg-qkPAZg,Gweilo-60,2019-03-01 04:44:51.189154,11028,0
UChXOhG9bRDb3vSTg-qkPAZg,Gweilo-60,2019-03-01 04:43:51.602469,11028,0
UChXOhG9bRDb3vSTg-qkPAZg,Gweilo-60,2019-03-01 04:42:51.589181,11028,0
UChXOhG9bRDb3vSTg-qkPAZg,Gweilo-60,2019-03-01 04:41:51.057241,11028,0
UChXOhG9bRDb3vSTg-qkPAZg,Gweilo-60,2019-03-01 04:40:51.741774,11028,0
UChXOhG9bRDb3vSTg-qkPAZg,Gweilo-60,2019-03-01 04:39:55.220081,11028,0
UChXOhG9bRDb3vSTg-qkPAZg,Gweilo-60,2019-03-01 04:38:50.962207,11028,0
UChXOhG9bRDb3vSTg-qkPAZg,Gweilo-60,2019-03-01 04:37:51.212791,11028,0
UChXOhG9bRDb3vSTg-qkPAZg,Gweilo-60,2019-03-01 04:36:51.487908,11028,0
UChXOhG9bRDb3vSTg-qkPAZg,Gweilo-60,2019-03-01 04:35:50.979375,11028,0
UChXOhG9bRDb3vSTg-qkPAZg,Gweilo-60,2019-03-01 04:34:51.076462,11028,0
UChXOhG9bRDb3vSTg-qkPAZg,Gweilo-60,2019-03-01 04:33:51.006244,11028,0
UChXOhG9bRDb3vSTg-qkPAZg,Gweilo-60,2019-03-01 04:32:51.459596,11028,0
UChXOhG9bRDb3vSTg-qkPAZg,Gweilo-60,2019-03-01 04:31:51.917061,11028,0
UChXOhG9bRDb3vSTg-qkPAZg,Gweilo-60,2019-03-01 04:30:51.364361,11028,0
UChXOhG9bRDb3vSTg-qkPAZg,Gweilo-60,2019-03-01 04:29:50.935307,11028,0
UChXOhG9bRDb3vSTg-qkPAZg,Gweilo-60,2019-03-01 04:28:51.843751,11028,0
UChXOhG9bRDb3vSTg-qkPAZg,Gweilo-60,2019-03-01 04:27:51.388773,11028,0
UChXOhG9bRDb3vSTg-qkPAZg,Gweilo-60,2019-03-01 04:26:50.8804,11028,0
UChXOhG9bRDb3vSTg-qkPAZg,Gweilo-60,2019-03-01 04:25:51.7771,11028,0
UChXOhG9bRDb3vSTg-qkPAZg,Gweilo-60,2019-03-01 04:24:51.090625,11028,0
UChXOhG9bRDb3vSTg-qkPAZg,Gweilo-60,2019-03-01 04:23:51.488107,11028,0
UChXOhG9bRDb3vSTg-qkPAZg,Gweilo-60,2019-03-01 04:22:51.350093,11028,0
UChXOhG9bRDb3vSTg-qkPAZg,Gweilo-60,2019-03-01 04:21:51.008091,11028,0
UChXOhG9bRDb3vSTg-qkPAZg,Gweilo-60,2019-03-01 04:20:51.267318,11028,0
UChXOhG9bRDb3vSTg-qkPAZg,Gweilo-60,2019-03-01 04:19:51.38046,11028,0
UChXOhG9bRDb3vSTg-qkPAZg,Gweilo-60,2019-03-01 04:18:51.138642,11028,0
UChXOhG9bRDb3vSTg-qkPAZg,Gweilo-60,2019-03-01 04:17:52.452523,11028,0
UChXOhG9bRDb3vSTg-qkPAZg,Gweilo-60,2019-03-01 04:16:51.513416,11028,0
UChXOhG9bRDb3vSTg-qkPAZg,Gweilo-60,2019-03-01 04:15:54.452375,11028,0
UChXOhG9bRDb3vSTg-qkPAZg,Gweilo-60,2019-03-01 04:14:51.666744,11028,0
UChXOhG9bRDb3vSTg-qkPAZg,Gweilo-60,2019-03-01 04:13:51.268353,11028,0
UChXOhG9bRDb3vSTg-qkPAZg,Gweilo-60,2019-03-01 04:12:50.71225,11028,0
UChXOhG9bRDb3vSTg-qkPAZg,Gweilo-60,2019-03-01 04:11:50.819095,11028,0
UChXOhG9bRDb3vSTg-qkPAZg,Gweilo-60,2019-03-01 04:10:50.8947,11028,0
UChXOhG9bRDb3vSTg-qkPAZg,Gweilo-60,2019-03-01 04:09:51.354252,11028,0
UChXOhG9bRDb3vSTg-qkPAZg,Gweilo-60,2019-03-01 04:08:51.215687,11028,0
UChXOhG9bRDb3vSTg-qkPAZg,Gweilo-60,2019-03-01 04:07:51.540226,11028,0
UChXOhG9bRDb3vSTg-qkPAZg,Gweilo-60,2019-03-01 04:06:50.793879,11028,0
UChXOhG9bRDb3vSTg-qkPAZg,Gweilo-60,2019-03-01 04:05:50.900773,11028,0
UChXOhG9bRDb3vSTg-qkPAZg,Gweilo-60,2019-03-01 04:04:51.719369,11028,0
UChXOhG9bRDb3vSTg-qkPAZg,Gweilo-60,2019-03-01 04:03:52.092926,11028,0
UChXOhG9bRDb3vSTg-qkPAZg,Gweilo-60,2019-03-01 04:02:50.848911,11028,0
UChXOhG9bRDb3vSTg-qkPAZg,Gweilo-60,2019-03-01 04:01:51.752243,11028,0
UChXOhG9bRDb3vSTg-qkPAZg,Gweilo-60,2019-03-01 04:00:51.096378,11028,0
UChXOhG9bRDb3vSTg-qkPAZg,Gweilo-60,2019-03-01 03:59:50.936264,11028,0
UChXOhG9bRDb3vSTg-qkPAZg,Gweilo-60,2019-03-01 03:58:51.672475,11028,0
UChXOhG9bRDb3vSTg-qkPAZg,Gweilo-60,2019-03-01 03:57:50.758846,11028,0
UChXOhG9bRDb3vSTg-qkPAZg,Gweilo-60,2019-03-01 03:56:51.445239,11028,0
UChXOhG9bRDb3vSTg-qkPAZg,Gweilo-60,2019-03-01 03:55:51.217269,11028,0
UChXOhG9bRDb3vSTg-qkPAZg,Gweilo-60,2019-03-01 03:54:51.188124,11028,0
UChXOhG9bRDb3vSTg-qkPAZg,Gweilo-60,2019-03-01 03:53:51.161304,11028,0
UChXOhG9bRDb3vSTg-qkPAZg,Gweilo-60,2019-03-01 03:52:51.805157,11028,0
UChXOhG9bRDb3vSTg-qkPAZg,Gweilo-60,2019-03-01 03:51:51.132195,11028,0
UChXOhG9bRDb3vSTg-qkPAZg,Gweilo-60,2019-03-01 03:50:51.376186,11028,0
UChXOhG9bRDb3vSTg-qkPAZg,Gweilo-60,2019-03-01 03:49:51.828008,11028,0
UChXOhG9bRDb3vSTg-qkPAZg,Gweilo-60,2019-03-01 03:48:50.745769,11028,0
UChXOhG9bRDb3vSTg-qkPAZg,Gweilo-60,2019-03-01 03:47:50.818772,11028,0
UChXOhG9bRDb3vSTg-qkPAZg,Gweilo-60,2019-03-01 03:46:51.325773,11028,0
UChXOhG9bRDb3vSTg-qkPAZg,Gweilo-60,2019-03-01 03:45:51.970469,11028,0
UChXOhG9bRDb3vSTg-qkPAZg,Gweilo-60,2019-03-01 03:44:50.981293,11028,0
UChXOhG9bRDb3vSTg-qkPAZg,Gweilo-60,2019-03-01 03:43:53.822333,11028,0
UChXOhG9bRDb3vSTg-qkPAZg,Gweilo-60,2019-03-01 03:42:50.914155,11028,0
UChXOhG9bRDb3vSTg-qkPAZg,Gweilo-60,2019-03-01 03:41:50.987609,11028,0
UChXOhG9bRDb3vSTg-qkPAZg,Gweilo-60,2019-03-01 03:40:50.949372,11028,0
UChXOhG9bRDb3vSTg-qkPAZg,Gweilo-60,2019-03-01 03:39:50.828233,11028,0
UChXOhG9bRDb3vSTg-qkPAZg,Gweilo-60,2019-03-01 03:38:51.072289,11028,0
UChXOhG9bRDb3vSTg-qkPAZg,Gweilo-60,2019-03-01 03:37:50.981842,11028,0
UChXOhG9bRDb3vSTg-qkPAZg,Gweilo-60,2019-03-01 03:36:51.667781,11028,0
UChXOhG9bRDb3vSTg-qkPAZg,Gweilo-60,2019-03-01 03:35:51.783921,11028,0
UChXOhG9bRDb3vSTg-qkPAZg,Gweilo-60,2019-03-01 03:34:50.944521,11028,0
UChXOhG9bRDb3vSTg-qkPAZg,Gweilo-60,2019-03-01 03:33:51.738063,11028,0
UChXOhG9bRDb3vSTg-qkPAZg,Gweilo-60,2019-03-01 03:32:51.517786,11028,0
UChXOhG9bRDb3vSTg-qkPAZg,Gweilo-60,2019-03-01 03:31:51.454705,11028,0
UChXOhG9bRDb3vSTg-qkPAZg,Gweilo-60,2019-03-01 03:30:51.441279,11028,0
UChXOhG9bRDb3vSTg-qkPAZg,Gweilo-60,2019-03-01 03:29:51.923725,11028,0
UChXOhG9bRDb3vSTg-qkPAZg,Gweilo-60,2019-03-01 03:28:51.662955,11028,0
UChXOhG9bRDb3vSTg-qkPAZg,Gweilo-60,2019-03-01 03:27:50.823934,11028,0
UChXOhG9bRDb3vSTg-qkPAZg,Gweilo-60,2019-03-01 03:26:50.580356,11028,0
UChXOhG9bRDb3vSTg-qkPAZg,Gweilo-60,2019-03-01 03:25:50.527075,11028,0
UChXOhG9bRDb3vSTg-qkPAZg,Gweilo-60,2019-03-01 03:24:50.520584,11028,0
UChXOhG9bRDb3vSTg-qkPAZg,Gweilo-60,2019-03-01 03:23:50.8993,11028,0
UChXOhG9bRDb3vSTg-qkPAZg,Gweilo-60,2019-03-01 03:22:50.765674,11028,0
UChXOhG9bRDb3vSTg-qkPAZg,Gweilo-60,2019-03-01 03:21:51.31348,11028,0
UChXOhG9bRDb3vSTg-qkPAZg,Gweilo-60,2019-03-01 03:20:51.035125,11028,0
UChXOhG9bRDb3vSTg-qkPAZg,Gweilo-60,2019-03-01 03:19:51.983051,11028,1
UChXOhG9bRDb3vSTg-qkPAZg,Gweilo-60,2019-03-01 03:18:50.552214,11027,0
UChXOhG9bRDb3vSTg-qkPAZg,Gweilo-60,2019-03-01 03:17:51.01256,11027,0
UChXOhG9bRDb3vSTg-qkPAZg,Gweilo-60,2019-03-01 03:16:50.660048,11027,0
UChXOhG9bRDb3vSTg-qkPAZg,Gweilo-60,2019-03-01 03:15:50.844371,11027,0
UChXOhG9bRDb3vSTg-qkPAZg,Gweilo-60,2019-03-01 03:14:50.961,11027,0
UChXOhG9bRDb3vSTg-qkPAZg,Gweilo-60,2019-03-01 03:13:51.737229,11027,0
UChXOhG9bRDb3vSTg-qkPAZg,Gweilo-60,2019-03-01 03:12:52.303307,11027,0
UChXOhG9bRDb3vSTg-qkPAZg,Gweilo-60,2019-03-01 03:11:50.993018,11027,0
UChXOhG9bRDb3vSTg-qkPAZg,Gweilo-60,2019-03-01 03:10:51.318925,11027,0
UChXOhG9bRDb3vSTg-qkPAZg,Gweilo-60,2019-03-01 03:09:50.705488,11027,0
UChXOhG9bRDb3vSTg-qkPAZg,Gweilo-60,2019-03-01 03:08:51.063131,11027,0
UChXOhG9bRDb3vSTg-qkPAZg,Gweilo-60,2019-03-01 03:07:51.275288,11027,0
UChXOhG9bRDb3vSTg-qkPAZg,Gweilo-60,2019-03-01 03:06:50.765179,11027,0
UChXOhG9bRDb3vSTg-qkPAZg,Gweilo-60,2019-03-01 03:05:51.146138,11027,0
UChXOhG9bRDb3vSTg-qkPAZg,Gweilo-60,2019-03-01 03:04:50.985183,11027,0
UChXOhG9bRDb3vSTg-qkPAZg,Gweilo-60,2019-03-01 03:03:51.419187,11027,0
UChXOhG9bRDb3vSTg-qkPAZg,Gweilo-60,2019-03-01 03:02:51.971421,11027,0
UChXOhG9bRDb3vSTg-qkPAZg,Gweilo-60,2019-03-01 03:01:51.088447,11027,0
UChXOhG9bRDb3vSTg-qkPAZg,Gweilo-60,2019-03-01 03:00:51.116388,11027,0
UChXOhG9bRDb3vSTg-qkPAZg,Gweilo-60,2019-03-01 02:59:50.930905,11027,0
UChXOhG9bRDb3vSTg-qkPAZg,Gweilo-60,2019-03-01 02:58:51.528528,11027,0
UChXOhG9bRDb3vSTg-qkPAZg,Gweilo-60,2019-03-01 02:57:50.486217,11027,0
UChXOhG9bRDb3vSTg-qkPAZg,Gweilo-60,2019-03-01 02:56:50.63627,11027,0
UChXOhG9bRDb3vSTg-qkPAZg,Gweilo-60,2019-03-01 02:55:51.23238,11027,0
UChXOhG9bRDb3vSTg-qkPAZg,Gweilo-60,2019-03-01 02:54:51.749108,11027,0
UChXOhG9bRDb3vSTg-qkPAZg,Gweilo-60,2019-03-01 02:53:51.098962,11027,0
UChXOhG9bRDb3vSTg-qkPAZg,Gweilo-60,2019-03-01 02:52:51.24943,11027,0
UChXOhG9bRDb3vSTg-qkPAZg,Gweilo-60,2019-03-01 02:51:51.065304,11027,0
UChXOhG9bRDb3vSTg-qkPAZg,Gweilo-60,2019-03-01 02:50:51.726301,11027,0
UChXOhG9bRDb3vSTg-qkPAZg,Gweilo-60,2019-03-01 02:49:50.857393,11027,1
UChXOhG9bRDb3vSTg-qkPAZg,Gweilo-60,2019-03-01 02:48:52.08023,11026,0
UChXOhG9bRDb3vSTg-qkPAZg,Gweilo-60,2019-03-01 02:47:51.124494,11026,0
UChXOhG9bRDb3vSTg-qkPAZg,Gweilo-60,2019-03-01 02:46:51.269159,11026,0
UChXOhG9bRDb3vSTg-qkPAZg,Gweilo-60,2019-03-01 02:45:50.884963,11026,0
UChXOhG9bRDb3vSTg-qkPAZg,Gweilo-60,2019-03-01 02:44:51.505436,11026,0
UChXOhG9bRDb3vSTg-qkPAZg,Gweilo-60,2019-03-01 02:43:51.621966,11026,1
UChXOhG9bRDb3vSTg-qkPAZg,Gweilo-60,2019-03-01 02:42:51.336344,11025,0
UChXOhG9bRDb3vSTg-qkPAZg,Gweilo-60,2019-03-01 02:41:51.14935,11025,0
UChXOhG9bRDb3vSTg-qkPAZg,Gweilo-60,2019-03-01 02:40:50.95851,11025,0
UChXOhG9bRDb3vSTg-qkPAZg,Gweilo-60,2019-03-01 02:39:51.16164,11025,0
UChXOhG9bRDb3vSTg-qkPAZg,Gweilo-60,2019-03-01 02:38:51.104301,11025,0
UChXOhG9bRDb3vSTg-qkPAZg,Gweilo-60,2019-03-01 02:37:53.938532,11025,0
UChXOhG9bRDb3vSTg-qkPAZg,Gweilo-60,2019-03-01 02:36:50.993818,11025,0
UChXOhG9bRDb3vSTg-qkPAZg,Gweilo-60,2019-03-01 02:35:51.351857,11025,0
UChXOhG9bRDb3vSTg-qkPAZg,Gweilo-60,2019-03-01 02:34:50.88807,11025,0
UChXOhG9bRDb3vSTg-qkPAZg,Gweilo-60,2019-03-01 02:33:50.944603,11025,0
UChXOhG9bRDb3vSTg-qkPAZg,Gweilo-60,2019-03-01 02:32:51.562582,11025,0
UChXOhG9bRDb3vSTg-qkPAZg,Gweilo-60,2019-03-01 02:31:52.325972,11025,0
UChXOhG9bRDb3vSTg-qkPAZg,Gweilo-60,2019-03-01 02:30:51.296913,11025,0
UChXOhG9bRDb3vSTg-qkPAZg,Gweilo-60,2019-03-01 02:29:51.851711,11025,0
UChXOhG9bRDb3vSTg-qkPAZg,Gweilo-60,2019-03-01 02:28:50.943661,11025,0
UChXOhG9bRDb3vSTg-qkPAZg,Gweilo-60,2019-03-01 02:27:51.005119,11025,0
UChXOhG9bRDb3vSTg-qkPAZg,Gweilo-60,2019-03-01 02:26:51.374202,11025,0
UChXOhG9bRDb3vSTg-qkPAZg,Gweilo-60,2019-03-01 02:25:51.352341,11025,0
UChXOhG9bRDb3vSTg-qkPAZg,Gweilo-60,2019-03-01 02:24:51.016388,11025,0
UChXOhG9bRDb3vSTg-qkPAZg,Gweilo-60,2019-03-01 02:23:50.788079,11025,0
UChXOhG9bRDb3vSTg-qkPAZg,Gweilo-60,2019-03-01 02:22:52.365366,11025,0
UChXOhG9bRDb3vSTg-qkPAZg,Gweilo-60,2019-03-01 02:21:50.910279,11025,0
UChXOhG9bRDb3vSTg-qkPAZg,Gweilo-60,2019-03-01 02:20:50.984591,11025,1
UChXOhG9bRDb3vSTg-qkPAZg,Gweilo-60,2019-03-01 02:19:50.954603,11024,0
UChXOhG9bRDb3vSTg-qkPAZg,Gweilo-60,2019-03-01 02:18:51.573956,11024,0
UChXOhG9bRDb3vSTg-qkPAZg,Gweilo-60,2019-03-01 02:17:51.002409,11024,0
UChXOhG9bRDb3vSTg-qkPAZg,Gweilo-60,2019-03-01 02:16:51.125056,11024,0
UChXOhG9bRDb3vSTg-qkPAZg,Gweilo-60,2019-03-01 02:15:51.239614,11024,0
UChXOhG9bRDb3vSTg-qkPAZg,Gweilo-60,2019-03-01 02:14:51.159702,11024,0
UChXOhG9bRDb3vSTg-qkPAZg,Gweilo-60,2019-03-01 02:13:50.878926,11024,0
UChXOhG9bRDb3vSTg-qkPAZg,Gweilo-60,2019-03-01 02:12:51.560768,11024,0
UChXOhG9bRDb3vSTg-qkPAZg,Gweilo-60,2019-03-01 02:11:51.031949,11024,0
UChXOhG9bRDb3vSTg-qkPAZg,Gweilo-60,2019-03-01 02:10:50.538987,11024,0
UChXOhG9bRDb3vSTg-qkPAZg,Gweilo-60,2019-03-01 02:09:51.123637,11024,0
UChXOhG9bRDb3vSTg-qkPAZg,Gweilo-60,2019-03-01 02:08:51.272091,11024,0
UChXOhG9bRDb3vSTg-qkPAZg,Gweilo-60,2019-03-01 02:07:50.78349,11024,0
UChXOhG9bRDb3vSTg-qkPAZg,Gweilo-60,2019-03-01 02:06:51.3554,11024,0
UChXOhG9bRDb3vSTg-qkPAZg,Gweilo-60,2019-03-01 02:05:51.496833,11024,0
UChXOhG9bRDb3vSTg-qkPAZg,Gweilo-60,2019-03-01 02:04:51.217458,11024,0
UChXOhG9bRDb3vSTg-qkPAZg,Gweilo-60,2019-03-01 02:03:51.226783,11024,0
UChXOhG9bRDb3vSTg-qkPAZg,Gweilo-60,2019-03-01 02:02:51.327737,11024,0
UChXOhG9bRDb3vSTg-qkPAZg,Gweilo-60,2019-03-01 02:01:50.828691,11024,0
UChXOhG9bRDb3vSTg-qkPAZg,Gweilo-60,2019-03-01 02:00:51.748098,11024,0
UChXOhG9bRDb3vSTg-qkPAZg,Gweilo-60,2019-03-01 01:59:51.244077,11024,0
UChXOhG9bRDb3vSTg-qkPAZg,Gweilo-60,2019-03-01 01:58:51.2124,11024,0
UChXOhG9bRDb3vSTg-qkPAZg,Gweilo-60,2019-03-01 01:57:51.095558,11024,0
UChXOhG9bRDb3vSTg-qkPAZg,Gweilo-60,2019-03-01 01:56:51.010651,11024,0
UChXOhG9bRDb3vSTg-qkPAZg,Gweilo-60,2019-03-01 01:55:51.368789,11024,0
UChXOhG9bRDb3vSTg-qkPAZg,Gweilo-60,2019-03-01 01:54:50.84848,11024,0
UChXOhG9bRDb3vSTg-qkPAZg,Gweilo-60,2019-03-01 01:53:50.80332,11024,0
UChXOhG9bRDb3vSTg-qkPAZg,Gweilo-60,2019-03-01 01:52:51.273748,11024,0
UChXOhG9bRDb3vSTg-qkPAZg,Gweilo-60,2019-03-01 01:51:51.118601,11024,0
UChXOhG9bRDb3vSTg-qkPAZg,Gweilo-60,2019-03-01 01:50:51.103041,11024,0
UChXOhG9bRDb3vSTg-qkPAZg,Gweilo-60,2019-03-01 01:49:51.335547,11024,0
UChXOhG9bRDb3vSTg-qkPAZg,Gweilo-60,2019-03-01 01:48:50.899159,11024,0
UChXOhG9bRDb3vSTg-qkPAZg,Gweilo-60,2019-03-01 01:47:51.060781,11024,0
UChXOhG9bRDb3vSTg-qkPAZg,Gweilo-60,2019-03-01 01:46:50.907044,11024,0
UChXOhG9bRDb3vSTg-qkPAZg,Gweilo-60,2019-03-01 01:45:50.989477,11024,0
UChXOhG9bRDb3vSTg-qkPAZg,Gweilo-60,2019-03-01 01:44:51.316272,11024,0
UChXOhG9bRDb3vSTg-qkPAZg,Gweilo-60,2019-03-01 01:43:51.52983,11024,0
UChXOhG9bRDb3vSTg-qkPAZg,Gweilo-60,2019-03-01 01:42:50.994787,11024,0
UChXOhG9bRDb3vSTg-qkPAZg,Gweilo-60,2019-03-01 01:41:51.7845,11024,0
UChXOhG9bRDb3vSTg-qkPAZg,Gweilo-60,2019-03-01 01:40:51.023332,11024,0
UChXOhG9bRDb3vSTg-qkPAZg,Gweilo-60,2019-03-01 01:39:50.881299,11024,0
UChXOhG9bRDb3vSTg-qkPAZg,Gweilo-60,2019-03-01 01:38:51.089605,11024,0
UChXOhG9bRDb3vSTg-qkPAZg,Gweilo-60,2019-03-01 01:37:51.604538,11024,0
UChXOhG9bRDb3vSTg-qkPAZg,Gweilo-60,2019-03-01 01:36:51.725821,11024,0
UChXOhG9bRDb3vSTg-qkPAZg,Gweilo-60,2019-03-01 01:35:50.839127,11024,0
UChXOhG9bRDb3vSTg-qkPAZg,Gweilo-60,2019-03-01 01:34:51.062991,11024,0
UChXOhG9bRDb3vSTg-qkPAZg,Gweilo-60,2019-03-01 01:33:51.229387,11024,0
UChXOhG9bRDb3vSTg-qkPAZg,Gweilo-60,2019-03-01 01:32:51.112743,11024,0
UChXOhG9bRDb3vSTg-qkPAZg,Gweilo-60,2019-03-01 01:31:51.321943,11024,0
UChXOhG9bRDb3vSTg-qkPAZg,Gweilo-60,2019-03-01 01:30:50.995386,11024,0
UChXOhG9bRDb3vSTg-qkPAZg,Gweilo-60,2019-03-01 01:29:50.956542,11024,0
UChXOhG9bRDb3vSTg-qkPAZg,Gweilo-60,2019-03-01 01:28:51.836684,11024,0
UChXOhG9bRDb3vSTg-qkPAZg,Gweilo-60,2019-03-01 01:27:50.876979,11024,0
UChXOhG9bRDb3vSTg-qkPAZg,Gweilo-60,2019-03-01 01:26:52.051382,11024,0
UChXOhG9bRDb3vSTg-qkPAZg,Gweilo-60,2019-03-01 01:25:51.008507,11024,0
UChXOhG9bRDb3vSTg-qkPAZg,Gweilo-60,2019-03-01 01:24:51.296842,11024,0
UChXOhG9bRDb3vSTg-qkPAZg,Gweilo-60,2019-03-01 01:23:51.118746,11024,0
UChXOhG9bRDb3vSTg-qkPAZg,Gweilo-60,2019-03-01 01:22:51.31658,11024,0
UChXOhG9bRDb3vSTg-qkPAZg,Gweilo-60,2019-03-01 01:21:50.431362,11024,0
UChXOhG9bRDb3vSTg-qkPAZg,Gweilo-60,2019-03-01 01:20:51.168998,11024,0
UChXOhG9bRDb3vSTg-qkPAZg,Gweilo-60,2019-03-01 01:19:51.266576,11024,0
UChXOhG9bRDb3vSTg-qkPAZg,Gweilo-60,2019-03-01 01:18:50.369741,11024,0
UChXOhG9bRDb3vSTg-qkPAZg,Gweilo-60,2019-03-01 01:17:51.060491,11024,0
UChXOhG9bRDb3vSTg-qkPAZg,Gweilo-60,2019-03-01 01:16:50.406573,11024,0
UChXOhG9bRDb3vSTg-qkPAZg,Gweilo-60,2019-03-01 01:15:51.004782,11024,0
UChXOhG9bRDb3vSTg-qkPAZg,Gweilo-60,2019-03-01 01:14:51.43587,11024,0
UChXOhG9bRDb3vSTg-qkPAZg,Gweilo-60,2019-03-01 01:13:50.720491,11024,0
UChXOhG9bRDb3vSTg-qkPAZg,Gweilo-60,2019-03-01 01:12:50.933658,11024,0
UChXOhG9bRDb3vSTg-qkPAZg,Gweilo-60,2019-03-01 01:11:51.894076,11024,0
UChXOhG9bRDb3vSTg-qkPAZg,Gweilo-60,2019-03-01 01:10:51.876559,11024,0
UChXOhG9bRDb3vSTg-qkPAZg,Gweilo-60,2019-03-01 01:09:51.25123,11024,0
UChXOhG9bRDb3vSTg-qkPAZg,Gweilo-60,2019-03-01 01:08:51.540298,11024,0
UChXOhG9bRDb3vSTg-qkPAZg,Gweilo-60,2019-03-01 01:07:51.166217,11024,0
UChXOhG9bRDb3vSTg-qkPAZg,Gweilo-60,2019-03-01 01:06:50.93602,11024,0
UChXOhG9bRDb3vSTg-qkPAZg,Gweilo-60,2019-03-01 01:05:51.100539,11024,0
UChXOhG9bRDb3vSTg-qkPAZg,Gweilo-60,2019-03-01 01:04:51.537622,11024,0
UChXOhG9bRDb3vSTg-qkPAZg,Gweilo-60,2019-03-01 01:03:50.99537,11024,0
UChXOhG9bRDb3vSTg-qkPAZg,Gweilo-60,2019-03-01 01:02:51.68811,11024,0
UChXOhG9bRDb3vSTg-qkPAZg,Gweilo-60,2019-03-01 01:01:51.380619,11024,0
UChXOhG9bRDb3vSTg-qkPAZg,Gweilo-60,2019-03-01 01:00:51.821998,11024,0
UChXOhG9bRDb3vSTg-qkPAZg,Gweilo-60,2019-03-01 00:59:51.144846,11024,0
UChXOhG9bRDb3vSTg-qkPAZg,Gweilo-60,2019-03-01 00:58:50.951219,11024,0
UChXOhG9bRDb3vSTg-qkPAZg,Gweilo-60,2019-03-01 00:57:51.712329,11024,0
UChXOhG9bRDb3vSTg-qkPAZg,Gweilo-60,2019-03-01 00:56:50.740509,11024,0
UChXOhG9bRDb3vSTg-qkPAZg,Gweilo-60,2019-03-01 00:55:50.790642,11024,0
UChXOhG9bRDb3vSTg-qkPAZg,Gweilo-60,2019-03-01 00:54:51.174027,11024,0
UChXOhG9bRDb3vSTg-qkPAZg,Gweilo-60,2019-03-01 00:53:51.308,11024,0
UChXOhG9bRDb3vSTg-qkPAZg,Gweilo-60,2019-03-01 00:52:51.038484,11024,0
UChXOhG9bRDb3vSTg-qkPAZg,Gweilo-60,2019-03-01 00:51:51.788025,11024,0
UChXOhG9bRDb3vSTg-qkPAZg,Gweilo-60,2019-03-01 00:50:51.717159,11024,0
UChXOhG9bRDb3vSTg-qkPAZg,Gweilo-60,2019-03-01 00:49:51.223457,11024,0
UChXOhG9bRDb3vSTg-qkPAZg,Gweilo-60,2019-03-01 00:48:51.118284,11024,0
UChXOhG9bRDb3vSTg-qkPAZg,Gweilo-60,2019-03-01 00:47:50.989126,11024,0
UChXOhG9bRDb3vSTg-qkPAZg,Gweilo-60,2019-03-01 00:46:50.763632,11024,0
UChXOhG9bRDb3vSTg-qkPAZg,Gweilo-60,2019-03-01 00:45:50.946439,11024,1
UChXOhG9bRDb3vSTg-qkPAZg,Gweilo-60,2019-03-01 00:44:51.053946,11023,0
UChXOhG9bRDb3vSTg-qkPAZg,Gweilo-60,2019-03-01 00:43:51.509137,11023,0
UChXOhG9bRDb3vSTg-qkPAZg,Gweilo-60,2019-03-01 00:42:54.56839,11023,0
UChXOhG9bRDb3vSTg-qkPAZg,Gweilo-60,2019-03-01 00:41:51.642952,11023,0
UChXOhG9bRDb3vSTg-qkPAZg,Gweilo-60,2019-03-01 00:40:51.062775,11023,0
UChXOhG9bRDb3vSTg-qkPAZg,Gweilo-60,2019-03-01 00:39:50.984381,11023,0
UChXOhG9bRDb3vSTg-qkPAZg,Gweilo-60,2019-03-01 00:38:51.40646,11023,0
UChXOhG9bRDb3vSTg-qkPAZg,Gweilo-60,2019-03-01 00:37:50.868977,11023,0
UChXOhG9bRDb3vSTg-qkPAZg,Gweilo-60,2019-03-01 00:36:51.124087,11023,0
UChXOhG9bRDb3vSTg-qkPAZg,Gweilo-60,2019-03-01 00:35:51.393963,11023,0
UChXOhG9bRDb3vSTg-qkPAZg,Gweilo-60,2019-03-01 00:34:51.58048,11023,0
UChXOhG9bRDb3vSTg-qkPAZg,Gweilo-60,2019-03-01 00:33:51.005499,11023,0
UChXOhG9bRDb3vSTg-qkPAZg,Gweilo-60,2019-03-01 00:32:51.529156,11023,0
UChXOhG9bRDb3vSTg-qkPAZg,Gweilo-60,2019-03-01 00:31:51.045417,11023,0
UChXOhG9bRDb3vSTg-qkPAZg,Gweilo-60,2019-03-01 00:30:51.057177,11023,0
UChXOhG9bRDb3vSTg-qkPAZg,Gweilo-60,2019-03-01 00:29:51.079329,11023,0
UChXOhG9bRDb3vSTg-qkPAZg,Gweilo-60,2019-03-01 00:28:51.180113,11023,0
UChXOhG9bRDb3vSTg-qkPAZg,Gweilo-60,2019-03-01 00:27:51.40115,11023,0
UChXOhG9bRDb3vSTg-qkPAZg,Gweilo-60,2019-03-01 00:26:51.160587,11023,0
UChXOhG9bRDb3vSTg-qkPAZg,Gweilo-60,2019-03-01 00:25:52.29646,11023,0
UChXOhG9bRDb3vSTg-qkPAZg,Gweilo-60,2019-03-01 00:24:50.989009,11023,0
UChXOhG9bRDb3vSTg-qkPAZg,Gweilo-60,2019-03-01 00:23:50.704489,11023,0
UChXOhG9bRDb3vSTg-qkPAZg,Gweilo-60,2019-03-01 00:22:51.443252,11023,0
UChXOhG9bRDb3vSTg-qkPAZg,Gweilo-60,2019-03-01 00:21:51.525862,11023,0
UChXOhG9bRDb3vSTg-qkPAZg,Gweilo-60,2019-03-01 00:20:50.775918,11023,0
UChXOhG9bRDb3vSTg-qkPAZg,Gweilo-60,2019-03-01 00:19:50.934391,11023,0
UChXOhG9bRDb3vSTg-qkPAZg,Gweilo-60,2019-03-01 00:18:51.731244,11023,0
UChXOhG9bRDb3vSTg-qkPAZg,Gweilo-60,2019-03-01 00:17:51.361797,11023,0
UChXOhG9bRDb3vSTg-qkPAZg,Gweilo-60,2019-03-01 00:16:50.65458,11023,0
UChXOhG9bRDb3vSTg-qkPAZg,Gweilo-60,2019-03-01 00:15:51.298474,11023,0
UChXOhG9bRDb3vSTg-qkPAZg,Gweilo-60,2019-03-01 00:14:50.499443,11023,0
UChXOhG9bRDb3vSTg-qkPAZg,Gweilo-60,2019-03-01 00:13:51.401874,11023,0
UChXOhG9bRDb3vSTg-qkPAZg,Gweilo-60,2019-03-01 00:12:51.714973,11023,1
UChXOhG9bRDb3vSTg-qkPAZg,Gweilo-60,2019-03-01 00:11:51.78686,11022,0
UChXOhG9bRDb3vSTg-qkPAZg,Gweilo-60,2019-03-01 00:10:51.091112,11022,0
UChXOhG9bRDb3vSTg-qkPAZg,Gweilo-60,2019-03-01 00:09:51.653477,11022,0
UChXOhG9bRDb3vSTg-qkPAZg,Gweilo-60,2019-03-01 00:08:51.235725,11022,0
UChXOhG9bRDb3vSTg-qkPAZg,Gweilo-60,2019-03-01 00:07:52.653788,11022,0
UChXOhG9bRDb3vSTg-qkPAZg,Gweilo-60,2019-03-01 00:06:51.582033,11022,0
UChXOhG9bRDb3vSTg-qkPAZg,Gweilo-60,2019-03-01 00:05:51.415539,11022,0
UChXOhG9bRDb3vSTg-qkPAZg,Gweilo-60,2019-03-01 00:04:51.029826,11022,1
UChXOhG9bRDb3vSTg-qkPAZg,Gweilo-60,2019-03-01 00:03:51.319841,11021,0
UChXOhG9bRDb3vSTg-qkPAZg,Gweilo-60,2019-03-01 00:02:51.370421,11021,0
UChXOhG9bRDb3vSTg-qkPAZg,Gweilo-60,2019-03-01 00:01:51.576716,11021,0
UChXOhG9bRDb3vSTg-qkPAZg,Gweilo-60,2019-03-01 00:00:51.714925,11021,0
UChXOhG9bRDb3vSTg-qkPAZg,Gweilo-60,2019-02-28 23:59:51.216261,11021,0
UChXOhG9bRDb3vSTg-qkPAZg,Gweilo-60,2019-02-28 23:58:51.784685,11021,0
UChXOhG9bRDb3vSTg-qkPAZg,Gweilo-60,2019-02-28 23:57:51.624898,11021,0
UChXOhG9bRDb3vSTg-qkPAZg,Gweilo-60,2019-02-28 23:56:51.7225,11021,0
UChXOhG9bRDb3vSTg-qkPAZg,Gweilo-60,2019-02-28 23:55:51.218787,11021,0
UChXOhG9bRDb3vSTg-qkPAZg,Gweilo-60,2019-02-28 23:54:51.185593,11021,0
UChXOhG9bRDb3vSTg-qkPAZg,Gweilo-60,2019-02-28 23:53:51.621332,11021,0
UChXOhG9bRDb3vSTg-qkPAZg,Gweilo-60,2019-02-28 23:52:51.234522,11021,0
UChXOhG9bRDb3vSTg-qkPAZg,Gweilo-60,2019-02-28 23:51:51.164104,11021,0
UChXOhG9bRDb3vSTg-qkPAZg,Gweilo-60,2019-02-28 23:50:51.612057,11021,0
UChXOhG9bRDb3vSTg-qkPAZg,Gweilo-60,2019-02-28 23:49:51.857404,11021,0
UChXOhG9bRDb3vSTg-qkPAZg,Gweilo-60,2019-02-28 23:48:51.538189,11021,0
UChXOhG9bRDb3vSTg-qkPAZg,Gweilo-60,2019-02-28 23:47:50.868287,11021,0
UChXOhG9bRDb3vSTg-qkPAZg,Gweilo-60,2019-02-28 23:46:51.823023,11021,0
UChXOhG9bRDb3vSTg-qkPAZg,Gweilo-60,2019-02-28 23:45:51.313361,11021,0
UChXOhG9bRDb3vSTg-qkPAZg,Gweilo-60,2019-02-28 23:44:51.096092,11021,0
UChXOhG9bRDb3vSTg-qkPAZg,Gweilo-60,2019-02-28 23:43:51.065779,11021,0
UChXOhG9bRDb3vSTg-qkPAZg,Gweilo-60,2019-02-28 23:42:51.176137,11021,0
UChXOhG9bRDb3vSTg-qkPAZg,Gweilo-60,2019-02-28 23:41:51.490596,11021,0
UChXOhG9bRDb3vSTg-qkPAZg,Gweilo-60,2019-02-28 23:40:51.28216,11021,0
UChXOhG9bRDb3vSTg-qkPAZg,Gweilo-60,2019-02-28 23:39:51.675791,11021,0
UChXOhG9bRDb3vSTg-qkPAZg,Gweilo-60,2019-02-28 23:38:51.513702,11021,0
UChXOhG9bRDb3vSTg-qkPAZg,Gweilo-60,2019-02-28 23:37:51.055078,11021,0
UChXOhG9bRDb3vSTg-qkPAZg,Gweilo-60,2019-02-28 23:36:51.103585,11021,0
UChXOhG9bRDb3vSTg-qkPAZg,Gweilo-60,2019-02-28 23:35:51.752677,11021,0
UChXOhG9bRDb3vSTg-qkPAZg,Gweilo-60,2019-02-28 23:34:51.131595,11021,0
UChXOhG9bRDb3vSTg-qkPAZg,Gweilo-60,2019-02-28 23:33:51.276927,11021,0
UChXOhG9bRDb3vSTg-qkPAZg,Gweilo-60,2019-02-28 23:32:51.224584,11021,0
UChXOhG9bRDb3vSTg-qkPAZg,Gweilo-60,2019-02-28 23:31:51.167394,11021,0
UChXOhG9bRDb3vSTg-qkPAZg,Gweilo-60,2019-02-28 23:30:51.35031,11021,0
UChXOhG9bRDb3vSTg-qkPAZg,Gweilo-60,2019-02-28 23:29:51.205784,11021,0
UChXOhG9bRDb3vSTg-qkPAZg,Gweilo-60,2019-02-28 23:28:51.045362,11021,0
UChXOhG9bRDb3vSTg-qkPAZg,Gweilo-60,2019-02-28 23:27:51.237251,11021,0
UChXOhG9bRDb3vSTg-qkPAZg,Gweilo-60,2019-02-28 23:26:51.116191,11021,0
UChXOhG9bRDb3vSTg-qkPAZg,Gweilo-60,2019-02-28 23:25:51.088654,11021,0
UChXOhG9bRDb3vSTg-qkPAZg,Gweilo-60,2019-02-28 23:24:50.701101,11021,0
UChXOhG9bRDb3vSTg-qkPAZg,Gweilo-60,2019-02-28 23:23:51.436449,11021,0
UChXOhG9bRDb3vSTg-qkPAZg,Gweilo-60,2019-02-28 23:22:51.5309,11021,0
UChXOhG9bRDb3vSTg-qkPAZg,Gweilo-60,2019-02-28 23:21:51.511319,11021,0
UChXOhG9bRDb3vSTg-qkPAZg,Gweilo-60,2019-02-28 23:20:51.028898,11021,0
UChXOhG9bRDb3vSTg-qkPAZg,Gweilo-60,2019-02-28 23:19:51.810149,11021,0
UChXOhG9bRDb3vSTg-qkPAZg,Gweilo-60,2019-02-28 23:18:51.800154,11021,0
UChXOhG9bRDb3vSTg-qkPAZg,Gweilo-60,2019-02-28 23:17:51.520675,11021,0
UChXOhG9bRDb3vSTg-qkPAZg,Gweilo-60,2019-02-28 23:16:51.503865,11021,0
UChXOhG9bRDb3vSTg-qkPAZg,Gweilo-60,2019-02-28 23:15:52.398544,11021,0
UChXOhG9bRDb3vSTg-qkPAZg,Gweilo-60,2019-02-28 23:14:51.299682,11021,0
UChXOhG9bRDb3vSTg-qkPAZg,Gweilo-60,2019-02-28 23:13:51.231536,11021,0
UChXOhG9bRDb3vSTg-qkPAZg,Gweilo-60,2019-02-28 23:12:51.24566,11021,0
UChXOhG9bRDb3vSTg-qkPAZg,Gweilo-60,2019-02-28 23:11:51.042497,11021,0
UChXOhG9bRDb3vSTg-qkPAZg,Gweilo-60,2019-02-28 23:10:51.194085,11021,0
UChXOhG9bRDb3vSTg-qkPAZg,Gweilo-60,2019-02-28 23:09:52.192106,11021,0
UChXOhG9bRDb3vSTg-qkPAZg,Gweilo-60,2019-02-28 23:08:51.254322,11021,0
UChXOhG9bRDb3vSTg-qkPAZg,Gweilo-60,2019-02-28 23:07:50.736393,11021,0
UChXOhG9bRDb3vSTg-qkPAZg,Gweilo-60,2019-02-28 23:06:51.33322,11021,0
UChXOhG9bRDb3vSTg-qkPAZg,Gweilo-60,2019-02-28 23:05:51.592257,11021,0
UChXOhG9bRDb3vSTg-qkPAZg,Gweilo-60,2019-02-28 23:04:51.092162,11021,0
UChXOhG9bRDb3vSTg-qkPAZg,Gweilo-60,2019-02-28 23:03:51.1837,11021,0
UChXOhG9bRDb3vSTg-qkPAZg,Gweilo-60,2019-02-28 23:02:51.399308,11021,0
UChXOhG9bRDb3vSTg-qkPAZg,Gweilo-60,2019-02-28 23:01:51.019999,11021,0
UChXOhG9bRDb3vSTg-qkPAZg,Gweilo-60,2019-02-28 23:00:51.489144,11021,0
UChXOhG9bRDb3vSTg-qkPAZg,Gweilo-60,2019-02-28 22:59:51.158474,11021,1
UChXOhG9bRDb3vSTg-qkPAZg,Gweilo-60,2019-02-28 22:58:51.156327,11020,0
UChXOhG9bRDb3vSTg-qkPAZg,Gweilo-60,2019-02-28 22:57:50.872309,11020,0
UChXOhG9bRDb3vSTg-qkPAZg,Gweilo-60,2019-02-28 22:56:51.440748,11020,0
UChXOhG9bRDb3vSTg-qkPAZg,Gweilo-60,2019-02-28 22:55:51.261747,11020,0
UChXOhG9bRDb3vSTg-qkPAZg,Gweilo-60,2019-02-28 22:54:51.887668,11020,0
UChXOhG9bRDb3vSTg-qkPAZg,Gweilo-60,2019-02-28 22:53:51.725756,11020,0
UChXOhG9bRDb3vSTg-qkPAZg,Gweilo-60,2019-02-28 22:52:51.404162,11020,0
UChXOhG9bRDb3vSTg-qkPAZg,Gweilo-60,2019-02-28 22:51:51.047938,11020,0
UChXOhG9bRDb3vSTg-qkPAZg,Gweilo-60,2019-02-28 22:50:51.022039,11020,0
UChXOhG9bRDb3vSTg-qkPAZg,Gweilo-60,2019-02-28 22:49:50.801243,11020,0
UChXOhG9bRDb3vSTg-qkPAZg,Gweilo-60,2019-02-28 22:48:51.442499,11020,0
UChXOhG9bRDb3vSTg-qkPAZg,Gweilo-60,2019-02-28 22:47:51.724662,11020,0
UChXOhG9bRDb3vSTg-qkPAZg,Gweilo-60,2019-02-28 22:46:51.836389,11020,0
UChXOhG9bRDb3vSTg-qkPAZg,Gweilo-60,2019-02-28 22:45:51.515117,11020,0
UChXOhG9bRDb3vSTg-qkPAZg,Gweilo-60,2019-02-28 22:44:51.820036,11020,0
UChXOhG9bRDb3vSTg-qkPAZg,Gweilo-60,2019-02-28 22:43:52.248251,11020,0
UChXOhG9bRDb3vSTg-qkPAZg,Gweilo-60,2019-02-28 22:42:51.414249,11020,0
UChXOhG9bRDb3vSTg-qkPAZg,Gweilo-60,2019-02-28 22:41:51.333678,11020,0
UChXOhG9bRDb3vSTg-qkPAZg,Gweilo-60,2019-02-28 22:40:51.624675,11020,0
UChXOhG9bRDb3vSTg-qkPAZg,Gweilo-60,2019-02-28 22:39:51.351623,11020,0
UChXOhG9bRDb3vSTg-qkPAZg,Gweilo-60,2019-02-28 22:38:51.731224,11020,0
UChXOhG9bRDb3vSTg-qkPAZg,Gweilo-60,2019-02-28 22:37:51.299939,11020,0
UChXOhG9bRDb3vSTg-qkPAZg,Gweilo-60,2019-02-28 22:36:51.71758,11020,0
UChXOhG9bRDb3vSTg-qkPAZg,Gweilo-60,2019-02-28 22:35:51.556695,11020,0
UChXOhG9bRDb3vSTg-qkPAZg,Gweilo-60,2019-02-28 22:34:51.649558,11020,0
UChXOhG9bRDb3vSTg-qkPAZg,Gweilo-60,2019-02-28 22:33:51.421298,11020,1
UChXOhG9bRDb3vSTg-qkPAZg,Gweilo-60,2019-02-28 22:32:51.102322,11019,0
UChXOhG9bRDb3vSTg-qkPAZg,Gweilo-60,2019-02-28 22:31:51.641963,11019,0
UChXOhG9bRDb3vSTg-qkPAZg,Gweilo-60,2019-02-28 22:30:51.555385,11019,0
UChXOhG9bRDb3vSTg-qkPAZg,Gweilo-60,2019-02-28 22:29:51.71872,11019,0
UChXOhG9bRDb3vSTg-qkPAZg,Gweilo-60,2019-02-28 22:28:51.920494,11019,0
UChXOhG9bRDb3vSTg-qkPAZg,Gweilo-60,2019-02-28 22:27:51.658131,11019,0
UChXOhG9bRDb3vSTg-qkPAZg,Gweilo-60,2019-02-28 22:26:51.293282,11019,0
UChXOhG9bRDb3vSTg-qkPAZg,Gweilo-60,2019-02-28 22:25:51.769404,11019,0
UChXOhG9bRDb3vSTg-qkPAZg,Gweilo-60,2019-02-28 22:24:51.580617,11019,0
UChXOhG9bRDb3vSTg-qkPAZg,Gweilo-60,2019-02-28 22:23:51.29586,11019,0
UChXOhG9bRDb3vSTg-qkPAZg,Gweilo-60,2019-02-28 22:22:51.309831,11019,0
UChXOhG9bRDb3vSTg-qkPAZg,Gweilo-60,2019-02-28 22:21:51.19771,11019,0
UChXOhG9bRDb3vSTg-qkPAZg,Gweilo-60,2019-02-28 22:20:51.567511,11019,0
UChXOhG9bRDb3vSTg-qkPAZg,Gweilo-60,2019-02-28 22:19:52.463422,11019,0
UChXOhG9bRDb3vSTg-qkPAZg,Gweilo-60,2019-02-28 22:18:51.223172,11019,0
UChXOhG9bRDb3vSTg-qkPAZg,Gweilo-60,2019-02-28 22:17:51.031209,11019,0
UChXOhG9bRDb3vSTg-qkPAZg,Gweilo-60,2019-02-28 22:16:51.316318,11019,0
UChXOhG9bRDb3vSTg-qkPAZg,Gweilo-60,2019-02-28 22:15:51.610711,11019,0
UChXOhG9bRDb3vSTg-qkPAZg,Gweilo-60,2019-02-28 22:14:51.173078,11019,0
UChXOhG9bRDb3vSTg-qkPAZg,Gweilo-60,2019-02-28 22:13:51.414027,11019,0
UChXOhG9bRDb3vSTg-qkPAZg,Gweilo-60,2019-02-28 22:12:52.165864,11019,0
UChXOhG9bRDb3vSTg-qkPAZg,Gweilo-60,2019-02-28 22:11:51.736496,11019,0
UChXOhG9bRDb3vSTg-qkPAZg,Gweilo-60,2019-02-28 22:10:51.564908,11019,0
UChXOhG9bRDb3vSTg-qkPAZg,Gweilo-60,2019-02-28 22:09:51.158657,11019,0
UChXOhG9bRDb3vSTg-qkPAZg,Gweilo-60,2019-02-28 22:08:51.794928,11019,0
UChXOhG9bRDb3vSTg-qkPAZg,Gweilo-60,2019-02-28 22:07:51.353712,11019,0
UChXOhG9bRDb3vSTg-qkPAZg,Gweilo-60,2019-02-28 22:06:52.244122,11019,0
UChXOhG9bRDb3vSTg-qkPAZg,Gweilo-60,2019-02-28 22:05:54.533609,11019,0
UChXOhG9bRDb3vSTg-qkPAZg,Gweilo-60,2019-02-28 22:04:51.734751,11019,0
UChXOhG9bRDb3vSTg-qkPAZg,Gweilo-60,2019-02-28 22:03:51.505728,11019,0
UChXOhG9bRDb3vSTg-qkPAZg,Gweilo-60,2019-02-28 22:02:51.207231,11019,0
UChXOhG9bRDb3vSTg-qkPAZg,Gweilo-60,2019-02-28 22:01:52.278779,11019,0
UChXOhG9bRDb3vSTg-qkPAZg,Gweilo-60,2019-02-28 22:00:51.674884,11019,0
UChXOhG9bRDb3vSTg-qkPAZg,Gweilo-60,2019-02-28 21:59:51.477755,11019,0
UChXOhG9bRDb3vSTg-qkPAZg,Gweilo-60,2019-02-28 21:58:51.512959,11019,0
UChXOhG9bRDb3vSTg-qkPAZg,Gweilo-60,2019-02-28 21:57:51.338899,11019,1
UChXOhG9bRDb3vSTg-qkPAZg,Gweilo-60,2019-02-28 21:56:51.821841,11018,0
UChXOhG9bRDb3vSTg-qkPAZg,Gweilo-60,2019-02-28 21:55:51.548051,11018,0
UChXOhG9bRDb3vSTg-qkPAZg,Gweilo-60,2019-02-28 21:54:51.32973,11018,0
UChXOhG9bRDb3vSTg-qkPAZg,Gweilo-60,2019-02-28 21:53:51.294568,11018,0
UChXOhG9bRDb3vSTg-qkPAZg,Gweilo-60,2019-02-28 21:52:51.283825,11018,0
UChXOhG9bRDb3vSTg-qkPAZg,Gweilo-60,2019-02-28 21:51:51.61023,11018,0
UChXOhG9bRDb3vSTg-qkPAZg,Gweilo-60,2019-02-28 21:50:51.684492,11018,0
UChXOhG9bRDb3vSTg-qkPAZg,Gweilo-60,2019-02-28 21:49:52.456249,11018,0
UChXOhG9bRDb3vSTg-qkPAZg,Gweilo-60,2019-02-28 21:48:51.371352,11018,0
UChXOhG9bRDb3vSTg-qkPAZg,Gweilo-60,2019-02-28 21:47:51.218304,11018,0
UChXOhG9bRDb3vSTg-qkPAZg,Gweilo-60,2019-02-28 21:46:51.701213,11018,0
UChXOhG9bRDb3vSTg-qkPAZg,Gweilo-60,2019-02-28 21:45:51.75693,11018,0
UChXOhG9bRDb3vSTg-qkPAZg,Gweilo-60,2019-02-28 21:44:51.675627,11018,0
UChXOhG9bRDb3vSTg-qkPAZg,Gweilo-60,2019-02-28 21:43:51.156318,11018,0
UChXOhG9bRDb3vSTg-qkPAZg,Gweilo-60,2019-02-28 21:42:51.091348,11018,0
UChXOhG9bRDb3vSTg-qkPAZg,Gweilo-60,2019-02-28 21:41:51.966,11018,0
UChXOhG9bRDb3vSTg-qkPAZg,Gweilo-60,2019-02-28 21:40:51.080782,11018,0
UChXOhG9bRDb3vSTg-qkPAZg,Gweilo-60,2019-02-28 21:39:51.388411,11018,-1
UChXOhG9bRDb3vSTg-qkPAZg,Gweilo-60,2019-02-28 21:38:51.268306,11019,0
UChXOhG9bRDb3vSTg-qkPAZg,Gweilo-60,2019-02-28 21:37:52.088339,11019,0
UChXOhG9bRDb3vSTg-qkPAZg,Gweilo-60,2019-02-28 21:36:51.730229,11019,0
UChXOhG9bRDb3vSTg-qkPAZg,Gweilo-60,2019-02-28 21:35:51.320523,11019,1
UChXOhG9bRDb3vSTg-qkPAZg,Gweilo-60,2019-02-28 21:34:52.54672,11018,0
UChXOhG9bRDb3vSTg-qkPAZg,Gweilo-60,2019-02-28 21:33:51.785837,11018,0
UChXOhG9bRDb3vSTg-qkPAZg,Gweilo-60,2019-02-28 21:32:52.509388,11018,0
UChXOhG9bRDb3vSTg-qkPAZg,Gweilo-60,2019-02-28 21:31:51.742966,11018,0
UChXOhG9bRDb3vSTg-qkPAZg,Gweilo-60,2019-02-28 21:30:51.210937,11018,0
UChXOhG9bRDb3vSTg-qkPAZg,Gweilo-60,2019-02-28 21:29:51.677863,11018,0
UChXOhG9bRDb3vSTg-qkPAZg,Gweilo-60,2019-02-28 21:28:50.920741,11018,0
UChXOhG9bRDb3vSTg-qkPAZg,Gweilo-60,2019-02-28 21:27:51.963937,11018,0
UChXOhG9bRDb3vSTg-qkPAZg,Gweilo-60,2019-02-28 21:26:51.644174,11018,0
UChXOhG9bRDb3vSTg-qkPAZg,Gweilo-60,2019-02-28 21:25:51.232229,11018,0
UChXOhG9bRDb3vSTg-qkPAZg,Gweilo-60,2019-02-28 21:24:51.561573,11018,0
UChXOhG9bRDb3vSTg-qkPAZg,Gweilo-60,2019-02-28 21:23:52.027959,11018,0
UChXOhG9bRDb3vSTg-qkPAZg,Gweilo-60,2019-02-28 21:22:50.728732,11018,0
UChXOhG9bRDb3vSTg-qkPAZg,Gweilo-60,2019-02-28 21:21:51.252677,11018,0
UChXOhG9bRDb3vSTg-qkPAZg,Gweilo-60,2019-02-28 21:20:52.276804,11018,0
UChXOhG9bRDb3vSTg-qkPAZg,Gweilo-60,2019-02-28 21:19:51.472677,11018,0
UChXOhG9bRDb3vSTg-qkPAZg,Gweilo-60,2019-02-28 21:18:51.514439,11018,0
UChXOhG9bRDb3vSTg-qkPAZg,Gweilo-60,2019-02-28 21:17:52.140738,11018,0
UChXOhG9bRDb3vSTg-qkPAZg,Gweilo-60,2019-02-28 21:16:52.128994,11018,0
UChXOhG9bRDb3vSTg-qkPAZg,Gweilo-60,2019-02-28 21:15:51.432929,11018,0
UChXOhG9bRDb3vSTg-qkPAZg,Gweilo-60,2019-02-28 21:14:51.211771,11018,0
UChXOhG9bRDb3vSTg-qkPAZg,Gweilo-60,2019-02-28 21:13:51.339902,11018,0
UChXOhG9bRDb3vSTg-qkPAZg,Gweilo-60,2019-02-28 21:12:51.636147,11018,0
UChXOhG9bRDb3vSTg-qkPAZg,Gweilo-60,2019-02-28 21:11:51.564105,11018,0
UChXOhG9bRDb3vSTg-qkPAZg,Gweilo-60,2019-02-28 21:10:51.64428,11018,0
UChXOhG9bRDb3vSTg-qkPAZg,Gweilo-60,2019-02-28 21:09:51.508534,11018,0
UChXOhG9bRDb3vSTg-qkPAZg,Gweilo-60,2019-02-28 21:08:51.225319,11018,0
UChXOhG9bRDb3vSTg-qkPAZg,Gweilo-60,2019-02-28 21:07:51.815156,11018,0
UChXOhG9bRDb3vSTg-qkPAZg,Gweilo-60,2019-02-28 21:06:51.571298,11018,0
UChXOhG9bRDb3vSTg-qkPAZg,Gweilo-60,2019-02-28 21:05:50.912483,11018,0
UChXOhG9bRDb3vSTg-qkPAZg,Gweilo-60,2019-02-28 21:04:51.359437,11018,0
UChXOhG9bRDb3vSTg-qkPAZg,Gweilo-60,2019-02-28 21:03:51.45542,11018,0
UChXOhG9bRDb3vSTg-qkPAZg,Gweilo-60,2019-02-28 21:02:51.745526,11018,0
UChXOhG9bRDb3vSTg-qkPAZg,Gweilo-60,2019-02-28 21:01:51.543971,11018,0
UChXOhG9bRDb3vSTg-qkPAZg,Gweilo-60,2019-02-28 21:00:51.006426,11018,0
UChXOhG9bRDb3vSTg-qkPAZg,Gweilo-60,2019-02-28 20:59:51.225582,11018,0
UChXOhG9bRDb3vSTg-qkPAZg,Gweilo-60,2019-02-28 20:58:51.53618,11018,0
UChXOhG9bRDb3vSTg-qkPAZg,Gweilo-60,2019-02-28 20:57:51.099285,11018,0
UChXOhG9bRDb3vSTg-qkPAZg,Gweilo-60,2019-02-28 20:56:51.889408,11018,0
UChXOhG9bRDb3vSTg-qkPAZg,Gweilo-60,2019-02-28 20:55:51.226056,11018,-1
UChXOhG9bRDb3vSTg-qkPAZg,Gweilo-60,2019-02-28 20:54:50.920967,11019,0
UChXOhG9bRDb3vSTg-qkPAZg,Gweilo-60,2019-02-28 20:53:51.277936,11019,0
UChXOhG9bRDb3vSTg-qkPAZg,Gweilo-60,2019-02-28 20:52:51.978501,11019,0
UChXOhG9bRDb3vSTg-qkPAZg,Gweilo-60,2019-02-28 20:51:50.917321,11019,0
UChXOhG9bRDb3vSTg-qkPAZg,Gweilo-60,2019-02-28 20:50:51.577301,11019,0
UChXOhG9bRDb3vSTg-qkPAZg,Gweilo-60,2019-02-28 20:49:51.703144,11019,0
UChXOhG9bRDb3vSTg-qkPAZg,Gweilo-60,2019-02-28 20:48:51.23929,11019,0
UChXOhG9bRDb3vSTg-qkPAZg,Gweilo-60,2019-02-28 20:47:51.599204,11019,0
UChXOhG9bRDb3vSTg-qkPAZg,Gweilo-60,2019-02-28 20:46:54.446967,11019,0
UChXOhG9bRDb3vSTg-qkPAZg,Gweilo-60,2019-02-28 20:45:51.84427,11019,0
UChXOhG9bRDb3vSTg-qkPAZg,Gweilo-60,2019-02-28 20:44:52.407114,11019,0
UChXOhG9bRDb3vSTg-qkPAZg,Gweilo-60,2019-02-28 20:43:51.193137,11019,0
UChXOhG9bRDb3vSTg-qkPAZg,Gweilo-60,2019-02-28 20:42:51.268702,11019,0
UChXOhG9bRDb3vSTg-qkPAZg,Gweilo-60,2019-02-28 20:41:51.203033,11019,0
UChXOhG9bRDb3vSTg-qkPAZg,Gweilo-60,2019-02-28 20:40:51.357598,11019,0
UChXOhG9bRDb3vSTg-qkPAZg,Gweilo-60,2019-02-28 20:39:51.667064,11019,0
UChXOhG9bRDb3vSTg-qkPAZg,Gweilo-60,2019-02-28 20:38:50.889776,11019,0
UChXOhG9bRDb3vSTg-qkPAZg,Gweilo-60,2019-02-28 20:37:51.843316,11019,0
UChXOhG9bRDb3vSTg-qkPAZg,Gweilo-60,2019-02-28 20:36:52.208531,11019,0
UChXOhG9bRDb3vSTg-qkPAZg,Gweilo-60,2019-02-28 20:35:51.813243,11019,0
UChXOhG9bRDb3vSTg-qkPAZg,Gweilo-60,2019-02-28 20:34:51.090844,11019,0
UChXOhG9bRDb3vSTg-qkPAZg,Gweilo-60,2019-02-28 20:33:51.262383,11019,0
UChXOhG9bRDb3vSTg-qkPAZg,Gweilo-60,2019-02-28 20:32:51.352517,11019,0
UChXOhG9bRDb3vSTg-qkPAZg,Gweilo-60,2019-02-28 20:31:51.855117,11019,0
UChXOhG9bRDb3vSTg-qkPAZg,Gweilo-60,2019-02-28 20:30:52.378908,11019,0
UChXOhG9bRDb3vSTg-qkPAZg,Gweilo-60,2019-02-28 20:29:52.169994,11019,0
UChXOhG9bRDb3vSTg-qkPAZg,Gweilo-60,2019-02-28 20:28:51.109063,11019,0
UChXOhG9bRDb3vSTg-qkPAZg,Gweilo-60,2019-02-28 20:27:51.540676,11019,0
UChXOhG9bRDb3vSTg-qkPAZg,Gweilo-60,2019-02-28 20:26:51.277495,11019,0
UChXOhG9bRDb3vSTg-qkPAZg,Gweilo-60,2019-02-28 20:25:51.622957,11019,0
UChXOhG9bRDb3vSTg-qkPAZg,Gweilo-60,2019-02-28 20:24:50.852548,11019,0
UChXOhG9bRDb3vSTg-qkPAZg,Gweilo-60,2019-02-28 20:23:52.01142,11019,0
UChXOhG9bRDb3vSTg-qkPAZg,Gweilo-60,2019-02-28 20:22:51.056487,11019,0
UChXOhG9bRDb3vSTg-qkPAZg,Gweilo-60,2019-02-28 20:21:51.556868,11019,0
UChXOhG9bRDb3vSTg-qkPAZg,Gweilo-60,2019-02-28 20:20:51.278451,11019,0
UChXOhG9bRDb3vSTg-qkPAZg,Gweilo-60,2019-02-28 20:19:51.404931,11019,0
UChXOhG9bRDb3vSTg-qkPAZg,Gweilo-60,2019-02-28 20:18:51.33721,11019,0
UChXOhG9bRDb3vSTg-qkPAZg,Gweilo-60,2019-02-28 20:17:51.488021,11019,0
UChXOhG9bRDb3vSTg-qkPAZg,Gweilo-60,2019-02-28 20:16:51.568657,11019,0
UChXOhG9bRDb3vSTg-qkPAZg,Gweilo-60,2019-02-28 20:15:51.354972,11019,0
UChXOhG9bRDb3vSTg-qkPAZg,Gweilo-60,2019-02-28 20:14:51.411549,11019,0
UChXOhG9bRDb3vSTg-qkPAZg,Gweilo-60,2019-02-28 20:13:51.74501,11019,0
UChXOhG9bRDb3vSTg-qkPAZg,Gweilo-60,2019-02-28 20:12:51.307948,11019,0
UChXOhG9bRDb3vSTg-qkPAZg,Gweilo-60,2019-02-28 20:11:52.052324,11019,0
UChXOhG9bRDb3vSTg-qkPAZg,Gweilo-60,2019-02-28 20:10:50.912766,11019,0
UChXOhG9bRDb3vSTg-qkPAZg,Gweilo-60,2019-02-28 20:09:51.321939,11019,0
UChXOhG9bRDb3vSTg-qkPAZg,Gweilo-60,2019-02-28 20:08:50.949797,11019,0
UChXOhG9bRDb3vSTg-qkPAZg,Gweilo-60,2019-02-28 20:07:51.084669,11019,0
UChXOhG9bRDb3vSTg-qkPAZg,Gweilo-60,2019-02-28 20:06:50.885778,11019,0
UChXOhG9bRDb3vSTg-qkPAZg,Gweilo-60,2019-02-28 20:05:54.457382,11019,0
UChXOhG9bRDb3vSTg-qkPAZg,Gweilo-60,2019-02-28 20:04:50.920031,11019,0
UChXOhG9bRDb3vSTg-qkPAZg,Gweilo-60,2019-02-28 20:03:51.645367,11019,0
UChXOhG9bRDb3vSTg-qkPAZg,Gweilo-60,2019-02-28 20:02:51.566813,11019,0
UChXOhG9bRDb3vSTg-qkPAZg,Gweilo-60,2019-02-28 20:01:51.253365,11019,0
UChXOhG9bRDb3vSTg-qkPAZg,Gweilo-60,2019-02-28 20:00:51.752872,11019,-1
UChXOhG9bRDb3vSTg-qkPAZg,Gweilo-60,2019-02-28 19:59:51.526653,11020,0
UChXOhG9bRDb3vSTg-qkPAZg,Gweilo-60,2019-02-28 19:58:51.035365,11020,0
UChXOhG9bRDb3vSTg-qkPAZg,Gweilo-60,2019-02-28 19:57:50.733715,11020,-1
UChXOhG9bRDb3vSTg-qkPAZg,Gweilo-60,2019-02-28 19:56:51.600634,11021,0
UChXOhG9bRDb3vSTg-qkPAZg,Gweilo-60,2019-02-28 19:55:50.862997,11021,0
UChXOhG9bRDb3vSTg-qkPAZg,Gweilo-60,2019-02-28 19:54:51.3545,11021,0
UChXOhG9bRDb3vSTg-qkPAZg,Gweilo-60,2019-02-28 19:53:51.455832,11021,0
UChXOhG9bRDb3vSTg-qkPAZg,Gweilo-60,2019-02-28 19:52:51.279208,11021,0
UChXOhG9bRDb3vSTg-qkPAZg,Gweilo-60,2019-02-28 19:51:50.720271,11021,0
UChXOhG9bRDb3vSTg-qkPAZg,Gweilo-60,2019-02-28 19:50:51.442065,11021,0
UChXOhG9bRDb3vSTg-qkPAZg,Gweilo-60,2019-02-28 19:49:51.425087,11021,0
UChXOhG9bRDb3vSTg-qkPAZg,Gweilo-60,2019-02-28 19:48:51.71454,11021,0
UChXOhG9bRDb3vSTg-qkPAZg,Gweilo-60,2019-02-28 19:47:50.802006,11021,1
UChXOhG9bRDb3vSTg-qkPAZg,Gweilo-60,2019-02-28 19:46:51.40269,11020,0
UChXOhG9bRDb3vSTg-qkPAZg,Gweilo-60,2019-02-28 19:45:51.482007,11020,0
UChXOhG9bRDb3vSTg-qkPAZg,Gweilo-60,2019-02-28 19:44:50.76546,11020,0
UChXOhG9bRDb3vSTg-qkPAZg,Gweilo-60,2019-02-28 19:43:51.435601,11020,0
UChXOhG9bRDb3vSTg-qkPAZg,Gweilo-60,2019-02-28 19:42:50.780966,11020,0
UChXOhG9bRDb3vSTg-qkPAZg,Gweilo-60,2019-02-28 19:41:50.808971,11020,0
UChXOhG9bRDb3vSTg-qkPAZg,Gweilo-60,2019-02-28 19:40:51.188918,11020,0
UChXOhG9bRDb3vSTg-qkPAZg,Gweilo-60,2019-02-28 19:39:50.406137,11020,0
UChXOhG9bRDb3vSTg-qkPAZg,Gweilo-60,2019-02-28 19:38:51.172102,11020,0
UChXOhG9bRDb3vSTg-qkPAZg,Gweilo-60,2019-02-28 19:37:51.234658,11020,0
UChXOhG9bRDb3vSTg-qkPAZg,Gweilo-60,2019-02-28 19:36:51.588897,11020,0
UChXOhG9bRDb3vSTg-qkPAZg,Gweilo-60,2019-02-28 19:35:51.230721,11020,0
UChXOhG9bRDb3vSTg-qkPAZg,Gweilo-60,2019-02-28 19:34:51.841216,11020,0
UChXOhG9bRDb3vSTg-qkPAZg,Gweilo-60,2019-02-28 19:33:51.501876,11020,0
UChXOhG9bRDb3vSTg-qkPAZg,Gweilo-60,2019-02-28 19:32:51.49216,11020,0
UChXOhG9bRDb3vSTg-qkPAZg,Gweilo-60,2019-02-28 19:31:52.155942,11020,0
UChXOhG9bRDb3vSTg-qkPAZg,Gweilo-60,2019-02-28 19:30:51.871933,11020,0
UChXOhG9bRDb3vSTg-qkPAZg,Gweilo-60,2019-02-28 19:29:51.278993,11020,0
UChXOhG9bRDb3vSTg-qkPAZg,Gweilo-60,2019-02-28 19:28:51.387435,11020,0
UChXOhG9bRDb3vSTg-qkPAZg,Gweilo-60,2019-02-28 19:27:51.41012,11020,0
UChXOhG9bRDb3vSTg-qkPAZg,Gweilo-60,2019-02-28 19:26:51.170875,11020,0
UChXOhG9bRDb3vSTg-qkPAZg,Gweilo-60,2019-02-28 19:25:51.037832,11020,0
UChXOhG9bRDb3vSTg-qkPAZg,Gweilo-60,2019-02-28 19:24:50.777229,11020,0
UChXOhG9bRDb3vSTg-qkPAZg,Gweilo-60,2019-02-28 19:23:51.699054,11020,0
UChXOhG9bRDb3vSTg-qkPAZg,Gweilo-60,2019-02-28 19:22:50.708424,11020,0
UChXOhG9bRDb3vSTg-qkPAZg,Gweilo-60,2019-02-28 19:21:51.14397,11020,0
UChXOhG9bRDb3vSTg-qkPAZg,Gweilo-60,2019-02-28 19:20:50.454093,11020,0
UChXOhG9bRDb3vSTg-qkPAZg,Gweilo-60,2019-02-28 19:19:51.282963,11020,0
UChXOhG9bRDb3vSTg-qkPAZg,Gweilo-60,2019-02-28 19:18:51.412711,11020,0
UChXOhG9bRDb3vSTg-qkPAZg,Gweilo-60,2019-02-28 19:17:50.971972,11020,0
UChXOhG9bRDb3vSTg-qkPAZg,Gweilo-60,2019-02-28 19:16:51.457221,11020,0
UChXOhG9bRDb3vSTg-qkPAZg,Gweilo-60,2019-02-28 19:15:51.086564,11020,0
UChXOhG9bRDb3vSTg-qkPAZg,Gweilo-60,2019-02-28 19:14:51.595408,11020,0
UChXOhG9bRDb3vSTg-qkPAZg,Gweilo-60,2019-02-28 19:13:51.165419,11020,0
UChXOhG9bRDb3vSTg-qkPAZg,Gweilo-60,2019-02-28 19:12:50.850384,11020,0
UChXOhG9bRDb3vSTg-qkPAZg,Gweilo-60,2019-02-28 19:11:50.961251,11020,0
UChXOhG9bRDb3vSTg-qkPAZg,Gweilo-60,2019-02-28 19:10:50.8983,11020,0
UChXOhG9bRDb3vSTg-qkPAZg,Gweilo-60,2019-02-28 19:09:51.23189,11020,0
UChXOhG9bRDb3vSTg-qkPAZg,Gweilo-60,2019-02-28 19:08:51.553806,11020,0
UChXOhG9bRDb3vSTg-qkPAZg,Gweilo-60,2019-02-28 19:07:50.726986,11020,0
UChXOhG9bRDb3vSTg-qkPAZg,Gweilo-60,2019-02-28 19:06:50.906562,11020,0
UChXOhG9bRDb3vSTg-qkPAZg,Gweilo-60,2019-02-28 19:05:51.13957,11020,0
UChXOhG9bRDb3vSTg-qkPAZg,Gweilo-60,2019-02-28 19:04:51.441126,11020,0
UChXOhG9bRDb3vSTg-qkPAZg,Gweilo-60,2019-02-28 19:03:50.993128,11020,0
UChXOhG9bRDb3vSTg-qkPAZg,Gweilo-60,2019-02-28 19:02:51.542358,11020,0
UChXOhG9bRDb3vSTg-qkPAZg,Gweilo-60,2019-02-28 19:01:51.571614,11020,0
UChXOhG9bRDb3vSTg-qkPAZg,Gweilo-60,2019-02-28 19:00:50.9768,11020,0
UChXOhG9bRDb3vSTg-qkPAZg,Gweilo-60,2019-02-28 18:59:51.006013,11020,0
UChXOhG9bRDb3vSTg-qkPAZg,Gweilo-60,2019-02-28 18:58:50.974054,11020,0
UChXOhG9bRDb3vSTg-qkPAZg,Gweilo-60,2019-02-28 18:57:51.237297,11020,0
UChXOhG9bRDb3vSTg-qkPAZg,Gweilo-60,2019-02-28 18:56:50.848545,11020,0
UChXOhG9bRDb3vSTg-qkPAZg,Gweilo-60,2019-02-28 18:55:50.842163,11020,0
UChXOhG9bRDb3vSTg-qkPAZg,Gweilo-60,2019-02-28 18:54:51.264544,11020,0
UChXOhG9bRDb3vSTg-qkPAZg,Gweilo-60,2019-02-28 18:53:51.026932,11020,0
UChXOhG9bRDb3vSTg-qkPAZg,Gweilo-60,2019-02-28 18:52:51.688788,11020,0
UChXOhG9bRDb3vSTg-qkPAZg,Gweilo-60,2019-02-28 18:51:50.895943,11020,0
UChXOhG9bRDb3vSTg-qkPAZg,Gweilo-60,2019-02-28 18:50:51.531468,11020,0
UChXOhG9bRDb3vSTg-qkPAZg,Gweilo-60,2019-02-28 18:49:51.515587,11020,0
UChXOhG9bRDb3vSTg-qkPAZg,Gweilo-60,2019-02-28 18:48:51.290998,11020,0
UChXOhG9bRDb3vSTg-qkPAZg,Gweilo-60,2019-02-28 18:47:51.556068,11020,0
UChXOhG9bRDb3vSTg-qkPAZg,Gweilo-60,2019-02-28 18:46:51.074862,11020,0
UChXOhG9bRDb3vSTg-qkPAZg,Gweilo-60,2019-02-28 18:45:51.10427,11020,0
UChXOhG9bRDb3vSTg-qkPAZg,Gweilo-60,2019-02-28 18:44:51.075962,11020,0
UChXOhG9bRDb3vSTg-qkPAZg,Gweilo-60,2019-02-28 18:43:51.442413,11020,0
UChXOhG9bRDb3vSTg-qkPAZg,Gweilo-60,2019-02-28 18:42:50.626801,11020,0
UChXOhG9bRDb3vSTg-qkPAZg,Gweilo-60,2019-02-28 18:41:51.608999,11020,0
UChXOhG9bRDb3vSTg-qkPAZg,Gweilo-60,2019-02-28 18:40:51.041743,11020,0
UChXOhG9bRDb3vSTg-qkPAZg,Gweilo-60,2019-02-28 18:39:50.680813,11020,0
UChXOhG9bRDb3vSTg-qkPAZg,Gweilo-60,2019-02-28 18:38:51.011431,11020,0
UChXOhG9bRDb3vSTg-qkPAZg,Gweilo-60,2019-02-28 18:37:51.623435,11020,0
UChXOhG9bRDb3vSTg-qkPAZg,Gweilo-60,2019-02-28 18:36:50.848719,11020,0
UChXOhG9bRDb3vSTg-qkPAZg,Gweilo-60,2019-02-28 18:35:51.43711,11020,0
UChXOhG9bRDb3vSTg-qkPAZg,Gweilo-60,2019-02-28 18:34:51.691641,11020,0
UChXOhG9bRDb3vSTg-qkPAZg,Gweilo-60,2019-02-28 18:33:51.347545,11020,0
UChXOhG9bRDb3vSTg-qkPAZg,Gweilo-60,2019-02-28 18:32:51.325718,11020,0
UChXOhG9bRDb3vSTg-qkPAZg,Gweilo-60,2019-02-28 18:31:51.195637,11020,0
UChXOhG9bRDb3vSTg-qkPAZg,Gweilo-60,2019-02-28 18:30:51.214834,11020,0
UChXOhG9bRDb3vSTg-qkPAZg,Gweilo-60,2019-02-28 18:29:52.071243,11020,0
UChXOhG9bRDb3vSTg-qkPAZg,Gweilo-60,2019-02-28 18:28:50.980589,11020,0
UChXOhG9bRDb3vSTg-qkPAZg,Gweilo-60,2019-02-28 18:27:51.35466,11020,0
UChXOhG9bRDb3vSTg-qkPAZg,Gweilo-60,2019-02-28 18:26:51.187608,11020,0
UChXOhG9bRDb3vSTg-qkPAZg,Gweilo-60,2019-02-28 18:25:50.848274,11020,0
UChXOhG9bRDb3vSTg-qkPAZg,Gweilo-60,2019-02-28 18:24:51.097836,11020,0
UChXOhG9bRDb3vSTg-qkPAZg,Gweilo-60,2019-02-28 18:23:51.432904,11020,0
UChXOhG9bRDb3vSTg-qkPAZg,Gweilo-60,2019-02-28 18:22:50.978082,11020,0
UChXOhG9bRDb3vSTg-qkPAZg,Gweilo-60,2019-02-28 18:21:51.380834,11020,0
UChXOhG9bRDb3vSTg-qkPAZg,Gweilo-60,2019-02-28 18:20:52.324035,11020,0
UChXOhG9bRDb3vSTg-qkPAZg,Gweilo-60,2019-02-28 18:19:51.164367,11020,0
UChXOhG9bRDb3vSTg-qkPAZg,Gweilo-60,2019-02-28 18:18:51.363413,11020,0
UChXOhG9bRDb3vSTg-qkPAZg,Gweilo-60,2019-02-28 18:17:51.188899,11020,0
UChXOhG9bRDb3vSTg-qkPAZg,Gweilo-60,2019-02-28 18:16:51.399483,11020,0
UChXOhG9bRDb3vSTg-qkPAZg,Gweilo-60,2019-02-28 18:15:51.006218,11020,0
UChXOhG9bRDb3vSTg-qkPAZg,Gweilo-60,2019-02-28 18:14:51.208485,11020,0
UChXOhG9bRDb3vSTg-qkPAZg,Gweilo-60,2019-02-28 18:13:51.577005,11020,0
UChXOhG9bRDb3vSTg-qkPAZg,Gweilo-60,2019-02-28 18:12:51.419448,11020,0
UChXOhG9bRDb3vSTg-qkPAZg,Gweilo-60,2019-02-28 18:11:51.368104,11020,0
UChXOhG9bRDb3vSTg-qkPAZg,Gweilo-60,2019-02-28 18:10:51.067843,11020,0
UChXOhG9bRDb3vSTg-qkPAZg,Gweilo-60,2019-02-28 18:09:51.340606,11020,0
UChXOhG9bRDb3vSTg-qkPAZg,Gweilo-60,2019-02-28 18:08:51.34137,11020,0
UChXOhG9bRDb3vSTg-qkPAZg,Gweilo-60,2019-02-28 18:07:50.992434,11020,0
UChXOhG9bRDb3vSTg-qkPAZg,Gweilo-60,2019-02-28 18:06:51.213506,11020,0
UChXOhG9bRDb3vSTg-qkPAZg,Gweilo-60,2019-02-28 18:05:51.30007,11020,0
UChXOhG9bRDb3vSTg-qkPAZg,Gweilo-60,2019-02-28 18:04:51.331795,11020,0
UChXOhG9bRDb3vSTg-qkPAZg,Gweilo-60,2019-02-28 18:03:51.475955,11020,0
UChXOhG9bRDb3vSTg-qkPAZg,Gweilo-60,2019-02-28 18:02:51.700047,11020,0
UChXOhG9bRDb3vSTg-qkPAZg,Gweilo-60,2019-02-28 18:01:51.923166,11020,0
UChXOhG9bRDb3vSTg-qkPAZg,Gweilo-60,2019-02-28 18:00:51.237935,11020,0
UChXOhG9bRDb3vSTg-qkPAZg,Gweilo-60,2019-02-28 17:59:51.500515,11020,0
UChXOhG9bRDb3vSTg-qkPAZg,Gweilo-60,2019-02-28 17:58:51.014459,11020,0
UChXOhG9bRDb3vSTg-qkPAZg,Gweilo-60,2019-02-28 17:57:51.37801,11020,0
UChXOhG9bRDb3vSTg-qkPAZg,Gweilo-60,2019-02-28 17:56:51.063447,11020,0
UChXOhG9bRDb3vSTg-qkPAZg,Gweilo-60,2019-02-28 17:55:51.795159,11020,0
UChXOhG9bRDb3vSTg-qkPAZg,Gweilo-60,2019-02-28 17:54:50.72232,11020,0
UChXOhG9bRDb3vSTg-qkPAZg,Gweilo-60,2019-02-28 17:53:51.48164,11020,0
UChXOhG9bRDb3vSTg-qkPAZg,Gweilo-60,2019-02-28 17:52:51.148524,11020,0
UChXOhG9bRDb3vSTg-qkPAZg,Gweilo-60,2019-02-28 17:51:50.941283,11020,0
UChXOhG9bRDb3vSTg-qkPAZg,Gweilo-60,2019-02-28 17:50:51.115513,11020,0
UChXOhG9bRDb3vSTg-qkPAZg,Gweilo-60,2019-02-28 17:49:51.374622,11020,0
UChXOhG9bRDb3vSTg-qkPAZg,Gweilo-60,2019-02-28 17:48:51.084856,11020,0
UChXOhG9bRDb3vSTg-qkPAZg,Gweilo-60,2019-02-28 17:47:51.087273,11020,0
UChXOhG9bRDb3vSTg-qkPAZg,Gweilo-60,2019-02-28 17:46:51.151973,11020,0
UChXOhG9bRDb3vSTg-qkPAZg,Gweilo-60,2019-02-28 17:45:51.51139,11020,0
UChXOhG9bRDb3vSTg-qkPAZg,Gweilo-60,2019-02-28 17:44:51.916623,11020,0
UChXOhG9bRDb3vSTg-qkPAZg,Gweilo-60,2019-02-28 17:43:51.691481,11020,0
UChXOhG9bRDb3vSTg-qkPAZg,Gweilo-60,2019-02-28 17:42:50.934029,11020,0
UChXOhG9bRDb3vSTg-qkPAZg,Gweilo-60,2019-02-28 17:41:51.573097,11020,0
UChXOhG9bRDb3vSTg-qkPAZg,Gweilo-60,2019-02-28 17:40:51.158316,11020,0
UChXOhG9bRDb3vSTg-qkPAZg,Gweilo-60,2019-02-28 17:39:50.703403,11020,0
UChXOhG9bRDb3vSTg-qkPAZg,Gweilo-60,2019-02-28 17:38:51.293783,11020,0
UChXOhG9bRDb3vSTg-qkPAZg,Gweilo-60,2019-02-28 17:37:51.241368,11020,0
UChXOhG9bRDb3vSTg-qkPAZg,Gweilo-60,2019-02-28 17:36:51.382141,11020,0
UChXOhG9bRDb3vSTg-qkPAZg,Gweilo-60,2019-02-28 17:35:51.256189,11020,0
UChXOhG9bRDb3vSTg-qkPAZg,Gweilo-60,2019-02-28 17:34:50.687338,11020,0
UChXOhG9bRDb3vSTg-qkPAZg,Gweilo-60,2019-02-28 17:33:51.624225,11020,0
UChXOhG9bRDb3vSTg-qkPAZg,Gweilo-60,2019-02-28 17:32:51.3528,11020,0
UChXOhG9bRDb3vSTg-qkPAZg,Gweilo-60,2019-02-28 17:31:51.124026,11020,0
UChXOhG9bRDb3vSTg-qkPAZg,Gweilo-60,2019-02-28 17:30:51.591467,11020,0
UChXOhG9bRDb3vSTg-qkPAZg,Gweilo-60,2019-02-28 17:29:51.574197,11020,0
UChXOhG9bRDb3vSTg-qkPAZg,Gweilo-60,2019-02-28 17:28:51.294911,11020,0
UChXOhG9bRDb3vSTg-qkPAZg,Gweilo-60,2019-02-28 17:27:51.57759,11020,0
UChXOhG9bRDb3vSTg-qkPAZg,Gweilo-60,2019-02-28 17:26:51.435762,11020,0
UChXOhG9bRDb3vSTg-qkPAZg,Gweilo-60,2019-02-28 17:25:51.319287,11020,0
UChXOhG9bRDb3vSTg-qkPAZg,Gweilo-60,2019-02-28 17:24:50.919497,11020,0
UChXOhG9bRDb3vSTg-qkPAZg,Gweilo-60,2019-02-28 17:23:51.52459,11020,0
UChXOhG9bRDb3vSTg-qkPAZg,Gweilo-60,2019-02-28 17:22:50.810765,11020,0
UChXOhG9bRDb3vSTg-qkPAZg,Gweilo-60,2019-02-28 17:21:51.217873,11020,0
UChXOhG9bRDb3vSTg-qkPAZg,Gweilo-60,2019-02-28 17:20:51.064456,11020,0
UChXOhG9bRDb3vSTg-qkPAZg,Gweilo-60,2019-02-28 17:19:50.915865,11020,0
UChXOhG9bRDb3vSTg-qkPAZg,Gweilo-60,2019-02-28 17:18:51.129463,11020,0
UChXOhG9bRDb3vSTg-qkPAZg,Gweilo-60,2019-02-28 17:17:50.945425,11020,0
UChXOhG9bRDb3vSTg-qkPAZg,Gweilo-60,2019-02-28 17:16:50.649517,11020,0
UChXOhG9bRDb3vSTg-qkPAZg,Gweilo-60,2019-02-28 17:15:50.809922,11020,0
UChXOhG9bRDb3vSTg-qkPAZg,Gweilo-60,2019-02-28 17:14:50.863305,11020,0
UChXOhG9bRDb3vSTg-qkPAZg,Gweilo-60,2019-02-28 17:13:51.342294,11020,0
UChXOhG9bRDb3vSTg-qkPAZg,Gweilo-60,2019-02-28 17:12:50.980409,11020,0
UChXOhG9bRDb3vSTg-qkPAZg,Gweilo-60,2019-02-28 17:11:51.158106,11020,0
UChXOhG9bRDb3vSTg-qkPAZg,Gweilo-60,2019-02-28 17:10:51.273158,11020,0
UChXOhG9bRDb3vSTg-qkPAZg,Gweilo-60,2019-02-28 17:09:50.821219,11020,0
UChXOhG9bRDb3vSTg-qkPAZg,Gweilo-60,2019-02-28 17:08:50.824538,11020,0
UChXOhG9bRDb3vSTg-qkPAZg,Gweilo-60,2019-02-28 17:07:51.047406,11020,0
UChXOhG9bRDb3vSTg-qkPAZg,Gweilo-60,2019-02-28 17:06:51.403077,11020,0
UChXOhG9bRDb3vSTg-qkPAZg,Gweilo-60,2019-02-28 17:05:50.84458,11020,0
UChXOhG9bRDb3vSTg-qkPAZg,Gweilo-60,2019-02-28 17:04:51.849879,11020,0
UChXOhG9bRDb3vSTg-qkPAZg,Gweilo-60,2019-02-28 17:03:51.06785,11020,0
UChXOhG9bRDb3vSTg-qkPAZg,Gweilo-60,2019-02-28 17:02:51.287195,11020,0
UChXOhG9bRDb3vSTg-qkPAZg,Gweilo-60,2019-02-28 17:01:51.26056,11020,0
UChXOhG9bRDb3vSTg-qkPAZg,Gweilo-60,2019-02-28 17:00:50.883664,11020,0
UChXOhG9bRDb3vSTg-qkPAZg,Gweilo-60,2019-02-28 16:59:51.277286,11020,0
UChXOhG9bRDb3vSTg-qkPAZg,Gweilo-60,2019-02-28 16:58:50.971135,11020,0
UChXOhG9bRDb3vSTg-qkPAZg,Gweilo-60,2019-02-28 16:57:50.958457,11020,0
UChXOhG9bRDb3vSTg-qkPAZg,Gweilo-60,2019-02-28 16:56:51.691207,11020,-1
UChXOhG9bRDb3vSTg-qkPAZg,Gweilo-60,2019-02-28 16:55:51.610899,11021,0
UChXOhG9bRDb3vSTg-qkPAZg,Gweilo-60,2019-02-28 16:54:50.950339,11021,0
UChXOhG9bRDb3vSTg-qkPAZg,Gweilo-60,2019-02-28 16:53:50.575735,11021,0
UChXOhG9bRDb3vSTg-qkPAZg,Gweilo-60,2019-02-28 16:52:51.429573,11021,0
UChXOhG9bRDb3vSTg-qkPAZg,Gweilo-60,2019-02-28 16:51:51.273137,11021,0
UChXOhG9bRDb3vSTg-qkPAZg,Gweilo-60,2019-02-28 16:50:51.209915,11021,0
UChXOhG9bRDb3vSTg-qkPAZg,Gweilo-60,2019-02-28 16:49:51.078138,11021,0
UChXOhG9bRDb3vSTg-qkPAZg,Gweilo-60,2019-02-28 16:48:50.819313,11021,0
UChXOhG9bRDb3vSTg-qkPAZg,Gweilo-60,2019-02-28 16:47:51.884834,11021,0
UChXOhG9bRDb3vSTg-qkPAZg,Gweilo-60,2019-02-28 16:46:50.66342,11021,0
UChXOhG9bRDb3vSTg-qkPAZg,Gweilo-60,2019-02-28 16:45:51.258724,11021,0
UChXOhG9bRDb3vSTg-qkPAZg,Gweilo-60,2019-02-28 16:44:51.060008,11021,0
UChXOhG9bRDb3vSTg-qkPAZg,Gweilo-60,2019-02-28 16:43:50.98965,11021,0
UChXOhG9bRDb3vSTg-qkPAZg,Gweilo-60,2019-02-28 16:42:51.004195,11021,0
UChXOhG9bRDb3vSTg-qkPAZg,Gweilo-60,2019-02-28 16:41:51.213968,11021,0
UChXOhG9bRDb3vSTg-qkPAZg,Gweilo-60,2019-02-28 16:40:50.877262,11021,0
UChXOhG9bRDb3vSTg-qkPAZg,Gweilo-60,2019-02-28 16:39:50.306142,11021,0
UChXOhG9bRDb3vSTg-qkPAZg,Gweilo-60,2019-02-28 16:38:51.259741,11021,0
UChXOhG9bRDb3vSTg-qkPAZg,Gweilo-60,2019-02-28 16:37:51.421,11021,0
UChXOhG9bRDb3vSTg-qkPAZg,Gweilo-60,2019-02-28 16:36:50.616445,11021,0
UChXOhG9bRDb3vSTg-qkPAZg,Gweilo-60,2019-02-28 16:35:51.409722,11021,0
UChXOhG9bRDb3vSTg-qkPAZg,Gweilo-60,2019-02-28 16:34:51.132542,11021,0
UChXOhG9bRDb3vSTg-qkPAZg,Gweilo-60,2019-02-28 16:33:51.278585,11021,0
UChXOhG9bRDb3vSTg-qkPAZg,Gweilo-60,2019-02-28 16:32:51.104785,11021,0
UChXOhG9bRDb3vSTg-qkPAZg,Gweilo-60,2019-02-28 16:31:50.742149,11021,0
UChXOhG9bRDb3vSTg-qkPAZg,Gweilo-60,2019-02-28 16:30:51.209787,11021,0
UChXOhG9bRDb3vSTg-qkPAZg,Gweilo-60,2019-02-28 16:29:50.929057,11021,0
UChXOhG9bRDb3vSTg-qkPAZg,Gweilo-60,2019-02-28 16:28:50.955468,11021,1
UChXOhG9bRDb3vSTg-qkPAZg,Gweilo-60,2019-02-28 16:27:50.700987,11020,0
UChXOhG9bRDb3vSTg-qkPAZg,Gweilo-60,2019-02-28 16:26:50.89464,11020,0
UChXOhG9bRDb3vSTg-qkPAZg,Gweilo-60,2019-02-28 16:25:51.358345,11020,0
UChXOhG9bRDb3vSTg-qkPAZg,Gweilo-60,2019-02-28 16:24:51.242769,11020,0
UChXOhG9bRDb3vSTg-qkPAZg,Gweilo-60,2019-02-28 16:23:51.471356,11020,0
UChXOhG9bRDb3vSTg-qkPAZg,Gweilo-60,2019-02-28 16:22:51.452426,11020,0
UChXOhG9bRDb3vSTg-qkPAZg,Gweilo-60,2019-02-28 16:21:51.794506,11020,0
UChXOhG9bRDb3vSTg-qkPAZg,Gweilo-60,2019-02-28 16:20:51.383361,11020,0
UChXOhG9bRDb3vSTg-qkPAZg,Gweilo-60,2019-02-28 16:19:52.051567,11020,0
UChXOhG9bRDb3vSTg-qkPAZg,Gweilo-60,2019-02-28 16:18:50.963122,11020,0
UChXOhG9bRDb3vSTg-qkPAZg,Gweilo-60,2019-02-28 16:17:51.617937,11020,0
UChXOhG9bRDb3vSTg-qkPAZg,Gweilo-60,2019-02-28 16:16:51.129283,11020,1
UChXOhG9bRDb3vSTg-qkPAZg,Gweilo-60,2019-02-28 16:15:51.00361,11019,0
UChXOhG9bRDb3vSTg-qkPAZg,Gweilo-60,2019-02-28 16:14:51.221883,11019,0
UChXOhG9bRDb3vSTg-qkPAZg,Gweilo-60,2019-02-28 16:13:50.948972,11019,0
UChXOhG9bRDb3vSTg-qkPAZg,Gweilo-60,2019-02-28 16:12:51.240486,11019,0
UChXOhG9bRDb3vSTg-qkPAZg,Gweilo-60,2019-02-28 16:11:51.302175,11019,0
UChXOhG9bRDb3vSTg-qkPAZg,Gweilo-60,2019-02-28 16:10:51.336901,11019,0
UChXOhG9bRDb3vSTg-qkPAZg,Gweilo-60,2019-02-28 16:09:50.93457,11019,0
UChXOhG9bRDb3vSTg-qkPAZg,Gweilo-60,2019-02-28 16:08:51.127027,11019,0
UChXOhG9bRDb3vSTg-qkPAZg,Gweilo-60,2019-02-28 16:07:53.402522,11019,0
UChXOhG9bRDb3vSTg-qkPAZg,Gweilo-60,2019-02-28 16:06:50.862778,11019,0
UChXOhG9bRDb3vSTg-qkPAZg,Gweilo-60,2019-02-28 16:05:51.447977,11019,0
UChXOhG9bRDb3vSTg-qkPAZg,Gweilo-60,2019-02-28 16:04:51.418378,11019,0
UChXOhG9bRDb3vSTg-qkPAZg,Gweilo-60,2019-02-28 16:03:51.540068,11019,0
UChXOhG9bRDb3vSTg-qkPAZg,Gweilo-60,2019-02-28 16:02:51.299647,11019,0
UChXOhG9bRDb3vSTg-qkPAZg,Gweilo-60,2019-02-28 16:01:51.5294,11019,0
UChXOhG9bRDb3vSTg-qkPAZg,Gweilo-60,2019-02-28 16:00:50.98162,11019,0
UChXOhG9bRDb3vSTg-qkPAZg,Gweilo-60,2019-02-28 15:59:52.740615,11019,0
UChXOhG9bRDb3vSTg-qkPAZg,Gweilo-60,2019-02-28 15:58:50.847799,11019,0
UChXOhG9bRDb3vSTg-qkPAZg,Gweilo-60,2019-02-28 15:57:51.818869,11019,0
UChXOhG9bRDb3vSTg-qkPAZg,Gweilo-60,2019-02-28 15:56:51.223588,11019,0
UChXOhG9bRDb3vSTg-qkPAZg,Gweilo-60,2019-02-28 15:55:51.060778,11019,0
UChXOhG9bRDb3vSTg-qkPAZg,Gweilo-60,2019-02-28 15:54:51.367311,11019,0
UChXOhG9bRDb3vSTg-qkPAZg,Gweilo-60,2019-02-28 15:53:50.819608,11019,0
UChXOhG9bRDb3vSTg-qkPAZg,Gweilo-60,2019-02-28 15:52:50.848618,11019,0
UChXOhG9bRDb3vSTg-qkPAZg,Gweilo-60,2019-02-28 15:51:51.741984,11019,0
UChXOhG9bRDb3vSTg-qkPAZg,Gweilo-60,2019-02-28 15:50:51.166179,11019,0
UChXOhG9bRDb3vSTg-qkPAZg,Gweilo-60,2019-02-28 15:49:50.99931,11019,0
UChXOhG9bRDb3vSTg-qkPAZg,Gweilo-60,2019-02-28 15:48:51.071715,11019,0
UChXOhG9bRDb3vSTg-qkPAZg,Gweilo-60,2019-02-28 15:47:50.803161,11019,0
UChXOhG9bRDb3vSTg-qkPAZg,Gweilo-60,2019-02-28 15:46:51.110576,11019,0
UChXOhG9bRDb3vSTg-qkPAZg,Gweilo-60,2019-02-28 15:45:51.463843,11019,0
UChXOhG9bRDb3vSTg-qkPAZg,Gweilo-60,2019-02-28 15:44:51.04849,11019,0
UChXOhG9bRDb3vSTg-qkPAZg,Gweilo-60,2019-02-28 15:43:51.596772,11019,0
UChXOhG9bRDb3vSTg-qkPAZg,Gweilo-60,2019-02-28 15:42:51.534032,11019,0
UChXOhG9bRDb3vSTg-qkPAZg,Gweilo-60,2019-02-28 15:41:51.523131,11019,0
UChXOhG9bRDb3vSTg-qkPAZg,Gweilo-60,2019-02-28 15:40:51.185513,11019,0
UChXOhG9bRDb3vSTg-qkPAZg,Gweilo-60,2019-02-28 15:39:50.868473,11019,0
UChXOhG9bRDb3vSTg-qkPAZg,Gweilo-60,2019-02-28 15:38:50.828674,11019,0
UChXOhG9bRDb3vSTg-qkPAZg,Gweilo-60,2019-02-28 15:37:51.703251,11019,0
UChXOhG9bRDb3vSTg-qkPAZg,Gweilo-60,2019-02-28 15:36:51.289005,11019,0
UChXOhG9bRDb3vSTg-qkPAZg,Gweilo-60,2019-02-28 15:35:50.866237,11019,0
UChXOhG9bRDb3vSTg-qkPAZg,Gweilo-60,2019-02-28 15:34:51.236523,11019,0
UChXOhG9bRDb3vSTg-qkPAZg,Gweilo-60,2019-02-28 15:33:51.800357,11019,0
UChXOhG9bRDb3vSTg-qkPAZg,Gweilo-60,2019-02-28 15:32:51.166523,11019,0
UChXOhG9bRDb3vSTg-qkPAZg,Gweilo-60,2019-02-28 15:31:51.62996,11019,0
UChXOhG9bRDb3vSTg-qkPAZg,Gweilo-60,2019-02-28 15:30:51.954802,11019,0
UChXOhG9bRDb3vSTg-qkPAZg,Gweilo-60,2019-02-28 15:29:51.119312,11019,0
UChXOhG9bRDb3vSTg-qkPAZg,Gweilo-60,2019-02-28 15:28:51.173002,11019,0
UChXOhG9bRDb3vSTg-qkPAZg,Gweilo-60,2019-02-28 15:27:51.692497,11019,0
UChXOhG9bRDb3vSTg-qkPAZg,Gweilo-60,2019-02-28 15:26:50.564959,11019,0
UChXOhG9bRDb3vSTg-qkPAZg,Gweilo-60,2019-02-28 15:25:50.720377,11019,0
UChXOhG9bRDb3vSTg-qkPAZg,Gweilo-60,2019-02-28 15:24:51.874722,11019,0
UChXOhG9bRDb3vSTg-qkPAZg,Gweilo-60,2019-02-28 15:23:50.897316,11019,0
UChXOhG9bRDb3vSTg-qkPAZg,Gweilo-60,2019-02-28 15:22:50.748522,11019,0
UChXOhG9bRDb3vSTg-qkPAZg,Gweilo-60,2019-02-28 15:21:50.932744,11019,0
UChXOhG9bRDb3vSTg-qkPAZg,Gweilo-60,2019-02-28 15:20:51.248431,11019,0
UChXOhG9bRDb3vSTg-qkPAZg,Gweilo-60,2019-02-28 15:19:51.359421,11019,0
UChXOhG9bRDb3vSTg-qkPAZg,Gweilo-60,2019-02-28 15:18:50.697861,11019,0
UChXOhG9bRDb3vSTg-qkPAZg,Gweilo-60,2019-02-28 15:17:51.347903,11019,0
UChXOhG9bRDb3vSTg-qkPAZg,Gweilo-60,2019-02-28 15:16:51.009626,11019,0
UChXOhG9bRDb3vSTg-qkPAZg,Gweilo-60,2019-02-28 15:15:51.854348,11019,0
UChXOhG9bRDb3vSTg-qkPAZg,Gweilo-60,2019-02-28 15:14:51.088755,11019,0
UChXOhG9bRDb3vSTg-qkPAZg,Gweilo-60,2019-02-28 15:13:51.193871,11019,0
UChXOhG9bRDb3vSTg-qkPAZg,Gweilo-60,2019-02-28 15:12:51.244912,11019,0
UChXOhG9bRDb3vSTg-qkPAZg,Gweilo-60,2019-02-28 15:11:50.49527,11019,0
UChXOhG9bRDb3vSTg-qkPAZg,Gweilo-60,2019-02-28 15:10:50.944902,11019,0
UChXOhG9bRDb3vSTg-qkPAZg,Gweilo-60,2019-02-28 15:09:51.237929,11019,0
UChXOhG9bRDb3vSTg-qkPAZg,Gweilo-60,2019-02-28 15:08:50.836924,11019,0
UChXOhG9bRDb3vSTg-qkPAZg,Gweilo-60,2019-02-28 15:07:50.744978,11019,0
UChXOhG9bRDb3vSTg-qkPAZg,Gweilo-60,2019-02-28 15:06:51.477874,11019,0
UChXOhG9bRDb3vSTg-qkPAZg,Gweilo-60,2019-02-28 15:05:51.323398,11019,0
UChXOhG9bRDb3vSTg-qkPAZg,Gweilo-60,2019-02-28 15:04:50.930657,11019,0
UChXOhG9bRDb3vSTg-qkPAZg,Gweilo-60,2019-02-28 15:03:51.356939,11019,0
UChXOhG9bRDb3vSTg-qkPAZg,Gweilo-60,2019-02-28 15:02:51.299449,11019,0
UChXOhG9bRDb3vSTg-qkPAZg,Gweilo-60,2019-02-28 15:01:51.592415,11019,0
UChXOhG9bRDb3vSTg-qkPAZg,Gweilo-60,2019-02-28 15:00:51.884173,11019,0
UChXOhG9bRDb3vSTg-qkPAZg,Gweilo-60,2019-02-28 14:59:51.309915,11019,0
UChXOhG9bRDb3vSTg-qkPAZg,Gweilo-60,2019-02-28 14:58:50.8156,11019,0
UChXOhG9bRDb3vSTg-qkPAZg,Gweilo-60,2019-02-28 14:57:51.233955,11019,0
UChXOhG9bRDb3vSTg-qkPAZg,Gweilo-60,2019-02-28 14:56:50.940375,11019,0
UChXOhG9bRDb3vSTg-qkPAZg,Gweilo-60,2019-02-28 14:55:51.540918,11019,0
UChXOhG9bRDb3vSTg-qkPAZg,Gweilo-60,2019-02-28 14:54:51.426392,11019,0
UChXOhG9bRDb3vSTg-qkPAZg,Gweilo-60,2019-02-28 14:53:51.114116,11019,0
UChXOhG9bRDb3vSTg-qkPAZg,Gweilo-60,2019-02-28 14:52:51.128202,11019,0
UChXOhG9bRDb3vSTg-qkPAZg,Gweilo-60,2019-02-28 14:51:51.470537,11019,0
UChXOhG9bRDb3vSTg-qkPAZg,Gweilo-60,2019-02-28 14:50:50.853125,11019,0
UChXOhG9bRDb3vSTg-qkPAZg,Gweilo-60,2019-02-28 14:49:50.975805,11019,0
UChXOhG9bRDb3vSTg-qkPAZg,Gweilo-60,2019-02-28 14:48:51.276703,11019,0
UChXOhG9bRDb3vSTg-qkPAZg,Gweilo-60,2019-02-28 14:47:51.025031,11019,0
UChXOhG9bRDb3vSTg-qkPAZg,Gweilo-60,2019-02-28 14:46:51.732294,11019,0
UChXOhG9bRDb3vSTg-qkPAZg,Gweilo-60,2019-02-28 14:45:51.069865,11019,0
UChXOhG9bRDb3vSTg-qkPAZg,Gweilo-60,2019-02-28 14:44:50.949912,11019,0
UChXOhG9bRDb3vSTg-qkPAZg,Gweilo-60,2019-02-28 14:43:51.257706,11019,0
UChXOhG9bRDb3vSTg-qkPAZg,Gweilo-60,2019-02-28 14:42:51.30375,11019,0
UChXOhG9bRDb3vSTg-qkPAZg,Gweilo-60,2019-02-28 14:41:51.300216,11019,0
UChXOhG9bRDb3vSTg-qkPAZg,Gweilo-60,2019-02-28 14:40:51.187647,11019,0
UChXOhG9bRDb3vSTg-qkPAZg,Gweilo-60,2019-02-28 14:39:50.878701,11019,0
UChXOhG9bRDb3vSTg-qkPAZg,Gweilo-60,2019-02-28 14:38:51.095816,11019,0
UChXOhG9bRDb3vSTg-qkPAZg,Gweilo-60,2019-02-28 14:37:50.987963,11019,0
UChXOhG9bRDb3vSTg-qkPAZg,Gweilo-60,2019-02-28 14:36:50.923786,11019,0
UChXOhG9bRDb3vSTg-qkPAZg,Gweilo-60,2019-02-28 14:35:51.267866,11019,0
UChXOhG9bRDb3vSTg-qkPAZg,Gweilo-60,2019-02-28 14:34:51.299906,11019,0
UChXOhG9bRDb3vSTg-qkPAZg,Gweilo-60,2019-02-28 14:33:51.1905,11019,0
UChXOhG9bRDb3vSTg-qkPAZg,Gweilo-60,2019-02-28 14:32:51.114863,11019,0
UChXOhG9bRDb3vSTg-qkPAZg,Gweilo-60,2019-02-28 14:31:51.387767,11019,0
UChXOhG9bRDb3vSTg-qkPAZg,Gweilo-60,2019-02-28 14:30:51.055986,11019,0
UChXOhG9bRDb3vSTg-qkPAZg,Gweilo-60,2019-02-28 14:29:51.93333,11019,0
UChXOhG9bRDb3vSTg-qkPAZg,Gweilo-60,2019-02-28 14:28:51.300055,11019,0
UChXOhG9bRDb3vSTg-qkPAZg,Gweilo-60,2019-02-28 14:27:50.863111,11019,0
UChXOhG9bRDb3vSTg-qkPAZg,Gweilo-60,2019-02-28 14:26:50.824649,11019,0
UChXOhG9bRDb3vSTg-qkPAZg,Gweilo-60,2019-02-28 14:25:50.780587,11019,0
UChXOhG9bRDb3vSTg-qkPAZg,Gweilo-60,2019-02-28 14:24:51.382441,11019,0
UChXOhG9bRDb3vSTg-qkPAZg,Gweilo-60,2019-02-28 14:23:51.121322,11019,0
UChXOhG9bRDb3vSTg-qkPAZg,Gweilo-60,2019-02-28 14:22:51.69401,11019,0
UChXOhG9bRDb3vSTg-qkPAZg,Gweilo-60,2019-02-28 14:21:51.169668,11019,0
UChXOhG9bRDb3vSTg-qkPAZg,Gweilo-60,2019-02-28 14:20:50.920437,11019,0
UChXOhG9bRDb3vSTg-qkPAZg,Gweilo-60,2019-02-28 14:19:50.744712,11019,0
UChXOhG9bRDb3vSTg-qkPAZg,Gweilo-60,2019-02-28 14:18:50.985206,11019,0
UChXOhG9bRDb3vSTg-qkPAZg,Gweilo-60,2019-02-28 14:17:51.058281,11019,0
UChXOhG9bRDb3vSTg-qkPAZg,Gweilo-60,2019-02-28 14:16:50.830076,11019,0
UChXOhG9bRDb3vSTg-qkPAZg,Gweilo-60,2019-02-28 14:15:50.694585,11019,0
UChXOhG9bRDb3vSTg-qkPAZg,Gweilo-60,2019-02-28 14:14:51.171345,11019,0
UChXOhG9bRDb3vSTg-qkPAZg,Gweilo-60,2019-02-28 14:13:50.641423,11019,0
UChXOhG9bRDb3vSTg-qkPAZg,Gweilo-60,2019-02-28 14:12:50.985215,11019,0
UChXOhG9bRDb3vSTg-qkPAZg,Gweilo-60,2019-02-28 14:11:51.478799,11019,0
UChXOhG9bRDb3vSTg-qkPAZg,Gweilo-60,2019-02-28 14:10:51.051011,11019,0
UChXOhG9bRDb3vSTg-qkPAZg,Gweilo-60,2019-02-28 14:09:51.192481,11019,0
UChXOhG9bRDb3vSTg-qkPAZg,Gweilo-60,2019-02-28 14:08:50.677403,11019,0
UChXOhG9bRDb3vSTg-qkPAZg,Gweilo-60,2019-02-28 14:07:51.053271,11019,0
UChXOhG9bRDb3vSTg-qkPAZg,Gweilo-60,2019-02-28 14:06:51.74526,11019,0
UChXOhG9bRDb3vSTg-qkPAZg,Gweilo-60,2019-02-28 14:05:51.278783,11019,0
UChXOhG9bRDb3vSTg-qkPAZg,Gweilo-60,2019-02-28 14:04:51.12864,11019,0
UChXOhG9bRDb3vSTg-qkPAZg,Gweilo-60,2019-02-28 14:03:51.048076,11019,0
UChXOhG9bRDb3vSTg-qkPAZg,Gweilo-60,2019-02-28 14:02:50.550785,11019,0
UChXOhG9bRDb3vSTg-qkPAZg,Gweilo-60,2019-02-28 14:01:50.831991,11019,0
UChXOhG9bRDb3vSTg-qkPAZg,Gweilo-60,2019-02-28 14:00:51.172243,11019,0
UChXOhG9bRDb3vSTg-qkPAZg,Gweilo-60,2019-02-28 13:59:51.020773,11019,1
UChXOhG9bRDb3vSTg-qkPAZg,Gweilo-60,2019-02-28 13:58:51.625323,11018,0
UChXOhG9bRDb3vSTg-qkPAZg,Gweilo-60,2019-02-28 13:57:51.838884,11018,0
UChXOhG9bRDb3vSTg-qkPAZg,Gweilo-60,2019-02-28 13:56:50.797655,11018,0
UChXOhG9bRDb3vSTg-qkPAZg,Gweilo-60,2019-02-28 13:55:51.017092,11018,0
UChXOhG9bRDb3vSTg-qkPAZg,Gweilo-60,2019-02-28 13:54:51.832587,11018,0
UChXOhG9bRDb3vSTg-qkPAZg,Gweilo-60,2019-02-28 13:53:51.085451,11018,0
UChXOhG9bRDb3vSTg-qkPAZg,Gweilo-60,2019-02-28 13:52:51.51725,11018,0
UChXOhG9bRDb3vSTg-qkPAZg,Gweilo-60,2019-02-28 13:51:50.954581,11018,0
UChXOhG9bRDb3vSTg-qkPAZg,Gweilo-60,2019-02-28 13:50:50.662513,11018,0
UChXOhG9bRDb3vSTg-qkPAZg,Gweilo-60,2019-02-28 13:49:51.032372,11018,0
UChXOhG9bRDb3vSTg-qkPAZg,Gweilo-60,2019-02-28 13:48:52.372876,11018,0
UChXOhG9bRDb3vSTg-qkPAZg,Gweilo-60,2019-02-28 13:47:50.869144,11018,0
UChXOhG9bRDb3vSTg-qkPAZg,Gweilo-60,2019-02-28 13:46:51.223178,11018,0
UChXOhG9bRDb3vSTg-qkPAZg,Gweilo-60,2019-02-28 13:45:51.481184,11018,0
UChXOhG9bRDb3vSTg-qkPAZg,Gweilo-60,2019-02-28 13:44:51.024946,11018,0
UChXOhG9bRDb3vSTg-qkPAZg,Gweilo-60,2019-02-28 13:43:50.991503,11018,-1
UChXOhG9bRDb3vSTg-qkPAZg,Gweilo-60,2019-02-28 13:42:51.605958,11019,0
UChXOhG9bRDb3vSTg-qkPAZg,Gweilo-60,2019-02-28 13:41:50.744402,11019,0
UChXOhG9bRDb3vSTg-qkPAZg,Gweilo-60,2019-02-28 13:40:51.353073,11019,0
UChXOhG9bRDb3vSTg-qkPAZg,Gweilo-60,2019-02-28 13:39:50.900819,11019,0
UChXOhG9bRDb3vSTg-qkPAZg,Gweilo-60,2019-02-28 13:38:50.941688,11019,0
UChXOhG9bRDb3vSTg-qkPAZg,Gweilo-60,2019-02-28 13:37:51.336757,11019,0
UChXOhG9bRDb3vSTg-qkPAZg,Gweilo-60,2019-02-28 13:36:50.838853,11019,0
UChXOhG9bRDb3vSTg-qkPAZg,Gweilo-60,2019-02-28 13:35:51.600362,11019,0
UChXOhG9bRDb3vSTg-qkPAZg,Gweilo-60,2019-02-28 13:34:51.212448,11019,0
UChXOhG9bRDb3vSTg-qkPAZg,Gweilo-60,2019-02-28 13:33:51.664484,11019,0
UChXOhG9bRDb3vSTg-qkPAZg,Gweilo-60,2019-02-28 13:32:50.849499,11019,0
UChXOhG9bRDb3vSTg-qkPAZg,Gweilo-60,2019-02-28 13:31:51.062299,11019,0
UChXOhG9bRDb3vSTg-qkPAZg,Gweilo-60,2019-02-28 13:30:51.485612,11019,0
UChXOhG9bRDb3vSTg-qkPAZg,Gweilo-60,2019-02-28 13:29:51.490202,11019,0
UChXOhG9bRDb3vSTg-qkPAZg,Gweilo-60,2019-02-28 13:28:51.578351,11019,0
UChXOhG9bRDb3vSTg-qkPAZg,Gweilo-60,2019-02-28 13:27:51.443038,11019,0
UChXOhG9bRDb3vSTg-qkPAZg,Gweilo-60,2019-02-28 13:26:51.298748,11019,0
UChXOhG9bRDb3vSTg-qkPAZg,Gweilo-60,2019-02-28 13:25:51.420465,11019,0
UChXOhG9bRDb3vSTg-qkPAZg,Gweilo-60,2019-02-28 13:24:50.692151,11019,0
UChXOhG9bRDb3vSTg-qkPAZg,Gweilo-60,2019-02-28 13:23:51.382048,11019,0
UChXOhG9bRDb3vSTg-qkPAZg,Gweilo-60,2019-02-28 13:22:51.644473,11019,0
UChXOhG9bRDb3vSTg-qkPAZg,Gweilo-60,2019-02-28 13:21:51.399966,11019,0
UChXOhG9bRDb3vSTg-qkPAZg,Gweilo-60,2019-02-28 13:20:50.924516,11019,0
UChXOhG9bRDb3vSTg-qkPAZg,Gweilo-60,2019-02-28 13:19:50.989237,11019,0
UChXOhG9bRDb3vSTg-qkPAZg,Gweilo-60,2019-02-28 13:18:51.030077,11019,0
UChXOhG9bRDb3vSTg-qkPAZg,Gweilo-60,2019-02-28 13:17:51.389263,11019,0
UChXOhG9bRDb3vSTg-qkPAZg,Gweilo-60,2019-02-28 13:16:51.445991,11019,0
UChXOhG9bRDb3vSTg-qkPAZg,Gweilo-60,2019-02-28 13:15:50.934775,11019,0
UChXOhG9bRDb3vSTg-qkPAZg,Gweilo-60,2019-02-28 13:14:51.162502,11019,0
UChXOhG9bRDb3vSTg-qkPAZg,Gweilo-60,2019-02-28 13:13:51.005669,11019,0
UChXOhG9bRDb3vSTg-qkPAZg,Gweilo-60,2019-02-28 13:12:51.321036,11019,0
UChXOhG9bRDb3vSTg-qkPAZg,Gweilo-60,2019-02-28 13:11:50.895614,11019,0
UChXOhG9bRDb3vSTg-qkPAZg,Gweilo-60,2019-02-28 13:10:51.477192,11019,0
UChXOhG9bRDb3vSTg-qkPAZg,Gweilo-60,2019-02-28 13:09:51.307458,11019,0
UChXOhG9bRDb3vSTg-qkPAZg,Gweilo-60,2019-02-28 13:08:51.22961,11019,0
UChXOhG9bRDb3vSTg-qkPAZg,Gweilo-60,2019-02-28 13:07:50.546079,11019,0
UChXOhG9bRDb3vSTg-qkPAZg,Gweilo-60,2019-02-28 13:06:51.358191,11019,0
UChXOhG9bRDb3vSTg-qkPAZg,Gweilo-60,2019-02-28 13:05:50.732693,11019,0
UChXOhG9bRDb3vSTg-qkPAZg,Gweilo-60,2019-02-28 13:04:50.892356,11019,0
UChXOhG9bRDb3vSTg-qkPAZg,Gweilo-60,2019-02-28 13:03:51.029788,11019,0
UChXOhG9bRDb3vSTg-qkPAZg,Gweilo-60,2019-02-28 13:02:50.973585,11019,0
UChXOhG9bRDb3vSTg-qkPAZg,Gweilo-60,2019-02-28 13:01:50.840582,11019,0
UChXOhG9bRDb3vSTg-qkPAZg,Gweilo-60,2019-02-28 13:00:51.277681,11019,0
UChXOhG9bRDb3vSTg-qkPAZg,Gweilo-60,2019-02-28 12:59:50.805521,11019,0
UChXOhG9bRDb3vSTg-qkPAZg,Gweilo-60,2019-02-28 12:58:51.274245,11019,0
UChXOhG9bRDb3vSTg-qkPAZg,Gweilo-60,2019-02-28 12:57:52.000851,11019,0
UChXOhG9bRDb3vSTg-qkPAZg,Gweilo-60,2019-02-28 12:56:51.061773,11019,0
UChXOhG9bRDb3vSTg-qkPAZg,Gweilo-60,2019-02-28 12:55:50.960516,11019,0
UChXOhG9bRDb3vSTg-qkPAZg,Gweilo-60,2019-02-28 12:54:50.818584,11019,0
UChXOhG9bRDb3vSTg-qkPAZg,Gweilo-60,2019-02-28 12:53:51.404057,11019,0
UChXOhG9bRDb3vSTg-qkPAZg,Gweilo-60,2019-02-28 12:52:51.086105,11019,0
UChXOhG9bRDb3vSTg-qkPAZg,Gweilo-60,2019-02-28 12:51:50.937647,11019,0
UChXOhG9bRDb3vSTg-qkPAZg,Gweilo-60,2019-02-28 12:50:50.938384,11019,0
UChXOhG9bRDb3vSTg-qkPAZg,Gweilo-60,2019-02-28 12:49:51.176302,11019,0
UChXOhG9bRDb3vSTg-qkPAZg,Gweilo-60,2019-02-28 12:48:51.373902,11019,0
UChXOhG9bRDb3vSTg-qkPAZg,Gweilo-60,2019-02-28 12:47:51.347421,11019,0
UChXOhG9bRDb3vSTg-qkPAZg,Gweilo-60,2019-02-28 12:46:51.480062,11019,0
UChXOhG9bRDb3vSTg-qkPAZg,Gweilo-60,2019-02-28 12:45:50.956301,11019,0
UChXOhG9bRDb3vSTg-qkPAZg,Gweilo-60,2019-02-28 12:44:51.341649,11019,0
UChXOhG9bRDb3vSTg-qkPAZg,Gweilo-60,2019-02-28 12:43:51.094402,11019,0
UChXOhG9bRDb3vSTg-qkPAZg,Gweilo-60,2019-02-28 12:42:51.031365,11019,0
UChXOhG9bRDb3vSTg-qkPAZg,Gweilo-60,2019-02-28 12:41:51.626707,11019,0
UChXOhG9bRDb3vSTg-qkPAZg,Gweilo-60,2019-02-28 12:40:51.451727,11019,0
UChXOhG9bRDb3vSTg-qkPAZg,Gweilo-60,2019-02-28 12:39:50.805009,11019,0
UChXOhG9bRDb3vSTg-qkPAZg,Gweilo-60,2019-02-28 12:38:51.275298,11019,0
UChXOhG9bRDb3vSTg-qkPAZg,Gweilo-60,2019-02-28 12:37:51.050069,11019,0
UChXOhG9bRDb3vSTg-qkPAZg,Gweilo-60,2019-02-28 12:36:51.263774,11019,0
UChXOhG9bRDb3vSTg-qkPAZg,Gweilo-60,2019-02-28 12:35:50.863616,11019,0
UChXOhG9bRDb3vSTg-qkPAZg,Gweilo-60,2019-02-28 12:34:51.216596,11019,0
UChXOhG9bRDb3vSTg-qkPAZg,Gweilo-60,2019-02-28 12:33:50.962657,11019,0
UChXOhG9bRDb3vSTg-qkPAZg,Gweilo-60,2019-02-28 12:32:51.296271,11019,0
UChXOhG9bRDb3vSTg-qkPAZg,Gweilo-60,2019-02-28 12:31:51.043443,11019,0
UChXOhG9bRDb3vSTg-qkPAZg,Gweilo-60,2019-02-28 12:30:51.115424,11019,0
UChXOhG9bRDb3vSTg-qkPAZg,Gweilo-60,2019-02-28 12:29:51.006061,11019,0
UChXOhG9bRDb3vSTg-qkPAZg,Gweilo-60,2019-02-28 12:28:51.520684,11019,0
UChXOhG9bRDb3vSTg-qkPAZg,Gweilo-60,2019-02-28 12:27:51.207016,11019,0
UChXOhG9bRDb3vSTg-qkPAZg,Gweilo-60,2019-02-28 12:26:50.857001,11019,0
UChXOhG9bRDb3vSTg-qkPAZg,Gweilo-60,2019-02-28 12:25:51.124064,11019,0
UChXOhG9bRDb3vSTg-qkPAZg,Gweilo-60,2019-02-28 12:24:51.348194,11019,0
UChXOhG9bRDb3vSTg-qkPAZg,Gweilo-60,2019-02-28 12:23:50.872631,11019,0
UChXOhG9bRDb3vSTg-qkPAZg,Gweilo-60,2019-02-28 12:22:50.608076,11019,0
UChXOhG9bRDb3vSTg-qkPAZg,Gweilo-60,2019-02-28 12:21:50.904164,11019,0
UChXOhG9bRDb3vSTg-qkPAZg,Gweilo-60,2019-02-28 12:20:50.972212,11019,0
UChXOhG9bRDb3vSTg-qkPAZg,Gweilo-60,2019-02-28 12:19:51.854611,11019,1
UChXOhG9bRDb3vSTg-qkPAZg,Gweilo-60,2019-02-28 12:18:50.546516,11018,0
UChXOhG9bRDb3vSTg-qkPAZg,Gweilo-60,2019-02-28 12:17:51.000571,11018,0
UChXOhG9bRDb3vSTg-qkPAZg,Gweilo-60,2019-02-28 12:16:50.748799,11018,0
UChXOhG9bRDb3vSTg-qkPAZg,Gweilo-60,2019-02-28 12:15:51.56918,11018,0
UChXOhG9bRDb3vSTg-qkPAZg,Gweilo-60,2019-02-28 12:14:51.526678,11018,0
UChXOhG9bRDb3vSTg-qkPAZg,Gweilo-60,2019-02-28 12:13:51.336066,11018,0
UChXOhG9bRDb3vSTg-qkPAZg,Gweilo-60,2019-02-28 12:12:51.021889,11018,0
UChXOhG9bRDb3vSTg-qkPAZg,Gweilo-60,2019-02-28 12:11:51.434344,11018,0
UChXOhG9bRDb3vSTg-qkPAZg,Gweilo-60,2019-02-28 12:10:50.977253,11018,0
UChXOhG9bRDb3vSTg-qkPAZg,Gweilo-60,2019-02-28 12:09:50.930165,11018,0
UChXOhG9bRDb3vSTg-qkPAZg,Gweilo-60,2019-02-28 12:08:51.424303,11018,0
UChXOhG9bRDb3vSTg-qkPAZg,Gweilo-60,2019-02-28 12:07:50.412152,11018,0
UChXOhG9bRDb3vSTg-qkPAZg,Gweilo-60,2019-02-28 12:06:51.090368,11018,0
UChXOhG9bRDb3vSTg-qkPAZg,Gweilo-60,2019-02-28 12:05:50.988613,11018,0
UChXOhG9bRDb3vSTg-qkPAZg,Gweilo-60,2019-02-28 12:04:51.670942,11018,0
UChXOhG9bRDb3vSTg-qkPAZg,Gweilo-60,2019-02-28 12:03:51.935756,11018,0
UChXOhG9bRDb3vSTg-qkPAZg,Gweilo-60,2019-02-28 12:02:51.122684,11018,0
UChXOhG9bRDb3vSTg-qkPAZg,Gweilo-60,2019-02-28 12:01:51.27322,11018,0
UChXOhG9bRDb3vSTg-qkPAZg,Gweilo-60,2019-02-28 12:00:51.398751,11018,0
UChXOhG9bRDb3vSTg-qkPAZg,Gweilo-60,2019-02-28 11:59:50.694002,11018,0
UChXOhG9bRDb3vSTg-qkPAZg,Gweilo-60,2019-02-28 11:58:51.009921,11018,0
UChXOhG9bRDb3vSTg-qkPAZg,Gweilo-60,2019-02-28 11:57:50.569103,11018,0
UChXOhG9bRDb3vSTg-qkPAZg,Gweilo-60,2019-02-28 11:56:50.895101,11018,0
UChXOhG9bRDb3vSTg-qkPAZg,Gweilo-60,2019-02-28 11:55:52.036734,11018,0
UChXOhG9bRDb3vSTg-qkPAZg,Gweilo-60,2019-02-28 11:54:50.762687,11018,0
UChXOhG9bRDb3vSTg-qkPAZg,Gweilo-60,2019-02-28 11:53:51.096375,11018,0
UChXOhG9bRDb3vSTg-qkPAZg,Gweilo-60,2019-02-28 11:52:50.804749,11018,0
UChXOhG9bRDb3vSTg-qkPAZg,Gweilo-60,2019-02-28 11:51:51.306893,11018,0
UChXOhG9bRDb3vSTg-qkPAZg,Gweilo-60,2019-02-28 11:50:51.336517,11018,0
UChXOhG9bRDb3vSTg-qkPAZg,Gweilo-60,2019-02-28 11:49:51.165091,11018,0
UChXOhG9bRDb3vSTg-qkPAZg,Gweilo-60,2019-02-28 11:48:51.351962,11018,0
UChXOhG9bRDb3vSTg-qkPAZg,Gweilo-60,2019-02-28 11:47:51.64381,11018,0
UChXOhG9bRDb3vSTg-qkPAZg,Gweilo-60,2019-02-28 11:46:51.019661,11018,0
UChXOhG9bRDb3vSTg-qkPAZg,Gweilo-60,2019-02-28 11:45:50.492044,11018,0
UChXOhG9bRDb3vSTg-qkPAZg,Gweilo-60,2019-02-28 11:44:50.709092,11018,0
UChXOhG9bRDb3vSTg-qkPAZg,Gweilo-60,2019-02-28 11:43:50.758398,11018,0
UChXOhG9bRDb3vSTg-qkPAZg,Gweilo-60,2019-02-28 11:42:51.099272,11018,0
UChXOhG9bRDb3vSTg-qkPAZg,Gweilo-60,2019-02-28 11:41:50.586423,11018,0
UChXOhG9bRDb3vSTg-qkPAZg,Gweilo-60,2019-02-28 11:40:51.466403,11018,0
UChXOhG9bRDb3vSTg-qkPAZg,Gweilo-60,2019-02-28 11:39:51.37427,11018,0
UChXOhG9bRDb3vSTg-qkPAZg,Gweilo-60,2019-02-28 11:38:51.172663,11018,0
UChXOhG9bRDb3vSTg-qkPAZg,Gweilo-60,2019-02-28 11:37:51.330292,11018,0
UChXOhG9bRDb3vSTg-qkPAZg,Gweilo-60,2019-02-28 11:36:51.762255,11018,0
UChXOhG9bRDb3vSTg-qkPAZg,Gweilo-60,2019-02-28 11:35:50.589607,11018,0
UChXOhG9bRDb3vSTg-qkPAZg,Gweilo-60,2019-02-28 11:34:51.009379,11018,0
UChXOhG9bRDb3vSTg-qkPAZg,Gweilo-60,2019-02-28 11:33:50.770476,11018,0
UChXOhG9bRDb3vSTg-qkPAZg,Gweilo-60,2019-02-28 11:32:51.033022,11018,0
UChXOhG9bRDb3vSTg-qkPAZg,Gweilo-60,2019-02-28 11:31:51.377148,11018,0
UChXOhG9bRDb3vSTg-qkPAZg,Gweilo-60,2019-02-28 11:30:51.167658,11018,0
UChXOhG9bRDb3vSTg-qkPAZg,Gweilo-60,2019-02-28 11:29:51.08908,11018,0
UChXOhG9bRDb3vSTg-qkPAZg,Gweilo-60,2019-02-28 11:28:50.674366,11018,0
UChXOhG9bRDb3vSTg-qkPAZg,Gweilo-60,2019-02-28 11:27:51.012749,11018,0
UChXOhG9bRDb3vSTg-qkPAZg,Gweilo-60,2019-02-28 11:26:51.412806,11018,0
UChXOhG9bRDb3vSTg-qkPAZg,Gweilo-60,2019-02-28 11:25:51.289121,11018,0
UChXOhG9bRDb3vSTg-qkPAZg,Gweilo-60,2019-02-28 11:24:50.819456,11018,0
UChXOhG9bRDb3vSTg-qkPAZg,Gweilo-60,2019-02-28 11:23:50.870664,11018,0
UChXOhG9bRDb3vSTg-qkPAZg,Gweilo-60,2019-02-28 11:22:51.077201,11018,0
UChXOhG9bRDb3vSTg-qkPAZg,Gweilo-60,2019-02-28 11:21:50.901826,11018,0
UChXOhG9bRDb3vSTg-qkPAZg,Gweilo-60,2019-02-28 11:20:50.691523,11018,0
UChXOhG9bRDb3vSTg-qkPAZg,Gweilo-60,2019-02-28 11:19:51.709491,11018,0
UChXOhG9bRDb3vSTg-qkPAZg,Gweilo-60,2019-02-28 11:18:51.004821,11018,0
UChXOhG9bRDb3vSTg-qkPAZg,Gweilo-60,2019-02-28 11:17:51.350462,11018,0
UChXOhG9bRDb3vSTg-qkPAZg,Gweilo-60,2019-02-28 11:16:51.01954,11018,0
UChXOhG9bRDb3vSTg-qkPAZg,Gweilo-60,2019-02-28 11:15:50.744286,11018,0
UChXOhG9bRDb3vSTg-qkPAZg,Gweilo-60,2019-02-28 11:14:50.658141,11018,0
UChXOhG9bRDb3vSTg-qkPAZg,Gweilo-60,2019-02-28 11:13:50.623057,11018,0
UChXOhG9bRDb3vSTg-qkPAZg,Gweilo-60,2019-02-28 11:12:50.843865,11018,0
UChXOhG9bRDb3vSTg-qkPAZg,Gweilo-60,2019-02-28 11:11:50.496329,11018,0
UChXOhG9bRDb3vSTg-qkPAZg,Gweilo-60,2019-02-28 11:10:51.305649,11018,0
UChXOhG9bRDb3vSTg-qkPAZg,Gweilo-60,2019-02-28 11:09:51.758152,11018,0
UChXOhG9bRDb3vSTg-qkPAZg,Gweilo-60,2019-02-28 11:08:50.97647,11018,0
UChXOhG9bRDb3vSTg-qkPAZg,Gweilo-60,2019-02-28 11:07:51.184641,11018,0
UChXOhG9bRDb3vSTg-qkPAZg,Gweilo-60,2019-02-28 11:06:52.177167,11018,0
UChXOhG9bRDb3vSTg-qkPAZg,Gweilo-60,2019-02-28 11:05:51.817659,11018,0
UChXOhG9bRDb3vSTg-qkPAZg,Gweilo-60,2019-02-28 11:04:51.644176,11018,0
UChXOhG9bRDb3vSTg-qkPAZg,Gweilo-60,2019-02-28 11:03:52.464751,11018,0
UChXOhG9bRDb3vSTg-qkPAZg,Gweilo-60,2019-02-28 11:02:50.993184,11018,0
UChXOhG9bRDb3vSTg-qkPAZg,Gweilo-60,2019-02-28 11:01:51.01406,11018,0
UChXOhG9bRDb3vSTg-qkPAZg,Gweilo-60,2019-02-28 11:00:51.058062,11018,0
UChXOhG9bRDb3vSTg-qkPAZg,Gweilo-60,2019-02-28 10:59:51.344514,11018,0
UChXOhG9bRDb3vSTg-qkPAZg,Gweilo-60,2019-02-28 10:58:50.970596,11018,0
UChXOhG9bRDb3vSTg-qkPAZg,Gweilo-60,2019-02-28 10:57:51.190672,11018,0
UChXOhG9bRDb3vSTg-qkPAZg,Gweilo-60,2019-02-28 10:56:51.562884,11018,0
UChXOhG9bRDb3vSTg-qkPAZg,Gweilo-60,2019-02-28 10:55:50.978773,11018,0
UChXOhG9bRDb3vSTg-qkPAZg,Gweilo-60,2019-02-28 10:54:51.017575,11018,0
UChXOhG9bRDb3vSTg-qkPAZg,Gweilo-60,2019-02-28 10:53:50.543267,11018,0
UChXOhG9bRDb3vSTg-qkPAZg,Gweilo-60,2019-02-28 10:52:50.991216,11018,0
UChXOhG9bRDb3vSTg-qkPAZg,Gweilo-60,2019-02-28 10:51:51.185357,11018,0
UChXOhG9bRDb3vSTg-qkPAZg,Gweilo-60,2019-02-28 10:50:50.732766,11018,0
UChXOhG9bRDb3vSTg-qkPAZg,Gweilo-60,2019-02-28 10:49:51.61916,11018,0
UChXOhG9bRDb3vSTg-qkPAZg,Gweilo-60,2019-02-28 10:48:51.136332,11018,0
UChXOhG9bRDb3vSTg-qkPAZg,Gweilo-60,2019-02-28 10:47:50.628651,11018,0
UChXOhG9bRDb3vSTg-qkPAZg,Gweilo-60,2019-02-28 10:46:50.951904,11018,0
UChXOhG9bRDb3vSTg-qkPAZg,Gweilo-60,2019-02-28 10:45:51.375236,11018,0
UChXOhG9bRDb3vSTg-qkPAZg,Gweilo-60,2019-02-28 10:44:50.817508,11018,0
UChXOhG9bRDb3vSTg-qkPAZg,Gweilo-60,2019-02-28 10:43:51.262817,11018,0
UChXOhG9bRDb3vSTg-qkPAZg,Gweilo-60,2019-02-28 10:42:51.034669,11018,0
UChXOhG9bRDb3vSTg-qkPAZg,Gweilo-60,2019-02-28 10:41:51.081255,11018,0
UChXOhG9bRDb3vSTg-qkPAZg,Gweilo-60,2019-02-28 10:40:50.613714,11018,0
UChXOhG9bRDb3vSTg-qkPAZg,Gweilo-60,2019-02-28 10:39:51.10513,11018,0
UChXOhG9bRDb3vSTg-qkPAZg,Gweilo-60,2019-02-28 10:38:51.090319,11018,0
UChXOhG9bRDb3vSTg-qkPAZg,Gweilo-60,2019-02-28 10:37:50.968722,11018,0
UChXOhG9bRDb3vSTg-qkPAZg,Gweilo-60,2019-02-28 10:36:51.453355,11018,0
UChXOhG9bRDb3vSTg-qkPAZg,Gweilo-60,2019-02-28 10:35:51.008129,11018,0
UChXOhG9bRDb3vSTg-qkPAZg,Gweilo-60,2019-02-28 10:34:51.292062,11018,0
UChXOhG9bRDb3vSTg-qkPAZg,Gweilo-60,2019-02-28 10:33:50.806777,11018,0
UChXOhG9bRDb3vSTg-qkPAZg,Gweilo-60,2019-02-28 10:32:50.987579,11018,0
UChXOhG9bRDb3vSTg-qkPAZg,Gweilo-60,2019-02-28 10:31:51.063147,11018,0
UChXOhG9bRDb3vSTg-qkPAZg,Gweilo-60,2019-02-28 10:30:50.605744,11018,0
UChXOhG9bRDb3vSTg-qkPAZg,Gweilo-60,2019-02-28 10:29:50.750233,11018,0
UChXOhG9bRDb3vSTg-qkPAZg,Gweilo-60,2019-02-28 10:28:51.384143,11018,0
UChXOhG9bRDb3vSTg-qkPAZg,Gweilo-60,2019-02-28 10:27:50.93489,11018,0
UChXOhG9bRDb3vSTg-qkPAZg,Gweilo-60,2019-02-28 10:26:51.063874,11018,0
UChXOhG9bRDb3vSTg-qkPAZg,Gweilo-60,2019-02-28 10:25:50.957442,11018,0
UChXOhG9bRDb3vSTg-qkPAZg,Gweilo-60,2019-02-28 10:24:51.049482,11018,0
UChXOhG9bRDb3vSTg-qkPAZg,Gweilo-60,2019-02-28 10:23:50.85045,11018,0
UChXOhG9bRDb3vSTg-qkPAZg,Gweilo-60,2019-02-28 10:22:51.52408,11018,0
UChXOhG9bRDb3vSTg-qkPAZg,Gweilo-60,2019-02-28 10:21:50.591675,11018,0
UChXOhG9bRDb3vSTg-qkPAZg,Gweilo-60,2019-02-28 10:20:51.657203,11018,0
UChXOhG9bRDb3vSTg-qkPAZg,Gweilo-60,2019-02-28 10:19:50.503714,11018,0
UChXOhG9bRDb3vSTg-qkPAZg,Gweilo-60,2019-02-28 10:18:50.881278,11018,0
UChXOhG9bRDb3vSTg-qkPAZg,Gweilo-60,2019-02-28 10:17:50.717439,11018,0
UChXOhG9bRDb3vSTg-qkPAZg,Gweilo-60,2019-02-28 10:16:50.765852,11018,0
UChXOhG9bRDb3vSTg-qkPAZg,Gweilo-60,2019-02-28 10:15:50.943642,11018,0
UChXOhG9bRDb3vSTg-qkPAZg,Gweilo-60,2019-02-28 10:14:51.431908,11018,0
UChXOhG9bRDb3vSTg-qkPAZg,Gweilo-60,2019-02-28 10:13:51.00963,11018,0
UChXOhG9bRDb3vSTg-qkPAZg,Gweilo-60,2019-02-28 10:12:51.114675,11018,0
UChXOhG9bRDb3vSTg-qkPAZg,Gweilo-60,2019-02-28 10:11:50.692977,11018,0
UChXOhG9bRDb3vSTg-qkPAZg,Gweilo-60,2019-02-28 10:10:50.681002,11018,0
UChXOhG9bRDb3vSTg-qkPAZg,Gweilo-60,2019-02-28 10:09:51.002034,11018,0
UChXOhG9bRDb3vSTg-qkPAZg,Gweilo-60,2019-02-28 10:08:51.359698,11018,0
UChXOhG9bRDb3vSTg-qkPAZg,Gweilo-60,2019-02-28 10:07:50.666833,11018,0
UChXOhG9bRDb3vSTg-qkPAZg,Gweilo-60,2019-02-28 10:06:51.121805,11018,0
UChXOhG9bRDb3vSTg-qkPAZg,Gweilo-60,2019-02-28 10:05:50.808696,11018,0
UChXOhG9bRDb3vSTg-qkPAZg,Gweilo-60,2019-02-28 10:04:51.334127,11018,0
UChXOhG9bRDb3vSTg-qkPAZg,Gweilo-60,2019-02-28 10:03:51.299859,11018,0
UChXOhG9bRDb3vSTg-qkPAZg,Gweilo-60,2019-02-28 10:02:50.986814,11018,0
UChXOhG9bRDb3vSTg-qkPAZg,Gweilo-60,2019-02-28 10:01:51.039302,11018,0
UChXOhG9bRDb3vSTg-qkPAZg,Gweilo-60,2019-02-28 10:00:50.92022,11018,0
UChXOhG9bRDb3vSTg-qkPAZg,Gweilo-60,2019-02-28 09:59:51.034603,11018,0
UChXOhG9bRDb3vSTg-qkPAZg,Gweilo-60,2019-02-28 09:58:51.471061,11018,0
UChXOhG9bRDb3vSTg-qkPAZg,Gweilo-60,2019-02-28 09:57:51.321975,11018,0
UChXOhG9bRDb3vSTg-qkPAZg,Gweilo-60,2019-02-28 09:56:51.883364,11018,0
UChXOhG9bRDb3vSTg-qkPAZg,Gweilo-60,2019-02-28 09:55:51.467984,11018,0
UChXOhG9bRDb3vSTg-qkPAZg,Gweilo-60,2019-02-28 09:54:51.090609,11018,0
UChXOhG9bRDb3vSTg-qkPAZg,Gweilo-60,2019-02-28 09:53:51.093073,11018,0
UChXOhG9bRDb3vSTg-qkPAZg,Gweilo-60,2019-02-28 09:52:51.077208,11018,0
UChXOhG9bRDb3vSTg-qkPAZg,Gweilo-60,2019-02-28 09:51:51.256324,11018,0
UChXOhG9bRDb3vSTg-qkPAZg,Gweilo-60,2019-02-28 09:50:51.058202,11018,0
UChXOhG9bRDb3vSTg-qkPAZg,Gweilo-60,2019-02-28 09:49:51.563193,11018,0
UChXOhG9bRDb3vSTg-qkPAZg,Gweilo-60,2019-02-28 09:48:51.326057,11018,0
UChXOhG9bRDb3vSTg-qkPAZg,Gweilo-60,2019-02-28 09:47:51.238619,11018,0
UChXOhG9bRDb3vSTg-qkPAZg,Gweilo-60,2019-02-28 09:46:51.534431,11018,0
UChXOhG9bRDb3vSTg-qkPAZg,Gweilo-60,2019-02-28 09:45:51.336954,11018,0
UChXOhG9bRDb3vSTg-qkPAZg,Gweilo-60,2019-02-28 09:44:51.405798,11018,0
UChXOhG9bRDb3vSTg-qkPAZg,Gweilo-60,2019-02-28 09:43:51.069256,11018,0
UChXOhG9bRDb3vSTg-qkPAZg,Gweilo-60,2019-02-28 09:42:50.777245,11018,0
UChXOhG9bRDb3vSTg-qkPAZg,Gweilo-60,2019-02-28 09:41:51.483088,11018,0
UChXOhG9bRDb3vSTg-qkPAZg,Gweilo-60,2019-02-28 09:40:51.661887,11018,0
UChXOhG9bRDb3vSTg-qkPAZg,Gweilo-60,2019-02-28 09:39:51.336233,11018,0
UChXOhG9bRDb3vSTg-qkPAZg,Gweilo-60,2019-02-28 09:38:51.411687,11018,0
UChXOhG9bRDb3vSTg-qkPAZg,Gweilo-60,2019-02-28 09:37:51.757884,11018,0
UChXOhG9bRDb3vSTg-qkPAZg,Gweilo-60,2019-02-28 09:36:50.672279,11018,0
UChXOhG9bRDb3vSTg-qkPAZg,Gweilo-60,2019-02-28 09:35:51.132457,11018,0
UChXOhG9bRDb3vSTg-qkPAZg,Gweilo-60,2019-02-28 09:34:51.62787,11018,0
UChXOhG9bRDb3vSTg-qkPAZg,Gweilo-60,2019-02-28 09:33:50.650365,11018,0
UChXOhG9bRDb3vSTg-qkPAZg,Gweilo-60,2019-02-28 09:32:51.118553,11018,0
UChXOhG9bRDb3vSTg-qkPAZg,Gweilo-60,2019-02-28 09:31:51.421482,11018,0
UChXOhG9bRDb3vSTg-qkPAZg,Gweilo-60,2019-02-28 09:30:51.094994,11018,0
UChXOhG9bRDb3vSTg-qkPAZg,Gweilo-60,2019-02-28 09:29:51.214091,11018,0
UChXOhG9bRDb3vSTg-qkPAZg,Gweilo-60,2019-02-28 09:28:51.239302,11018,0
UChXOhG9bRDb3vSTg-qkPAZg,Gweilo-60,2019-02-28 09:27:51.68936,11018,0
UChXOhG9bRDb3vSTg-qkPAZg,Gweilo-60,2019-02-28 09:26:51.334305,11018,0
UChXOhG9bRDb3vSTg-qkPAZg,Gweilo-60,2019-02-28 09:25:51.571817,11018,0
UChXOhG9bRDb3vSTg-qkPAZg,Gweilo-60,2019-02-28 09:24:51.257436,11018,0
UChXOhG9bRDb3vSTg-qkPAZg,Gweilo-60,2019-02-28 09:23:51.127727,11018,0
UChXOhG9bRDb3vSTg-qkPAZg,Gweilo-60,2019-02-28 09:22:50.976577,11018,0
UChXOhG9bRDb3vSTg-qkPAZg,Gweilo-60,2019-02-28 09:21:51.592251,11018,0
UChXOhG9bRDb3vSTg-qkPAZg,Gweilo-60,2019-02-28 09:20:51.272058,11018,0
UChXOhG9bRDb3vSTg-qkPAZg,Gweilo-60,2019-02-28 09:19:51.564508,11018,0
UChXOhG9bRDb3vSTg-qkPAZg,Gweilo-60,2019-02-28 09:18:50.86141,11018,0
UChXOhG9bRDb3vSTg-qkPAZg,Gweilo-60,2019-02-28 09:17:51.251559,11018,0
UChXOhG9bRDb3vSTg-qkPAZg,Gweilo-60,2019-02-28 09:16:51.221058,11018,0
UChXOhG9bRDb3vSTg-qkPAZg,Gweilo-60,2019-02-28 09:15:51.126591,11018,0
UChXOhG9bRDb3vSTg-qkPAZg,Gweilo-60,2019-02-28 09:14:50.795375,11018,0
UChXOhG9bRDb3vSTg-qkPAZg,Gweilo-60,2019-02-28 09:13:50.787019,11018,0
UChXOhG9bRDb3vSTg-qkPAZg,Gweilo-60,2019-02-28 09:12:50.78749,11018,0
UChXOhG9bRDb3vSTg-qkPAZg,Gweilo-60,2019-02-28 09:11:51.007952,11018,0
UChXOhG9bRDb3vSTg-qkPAZg,Gweilo-60,2019-02-28 09:10:50.770856,11018,0
UChXOhG9bRDb3vSTg-qkPAZg,Gweilo-60,2019-02-28 09:09:51.254531,11018,0
UChXOhG9bRDb3vSTg-qkPAZg,Gweilo-60,2019-02-28 09:08:51.119086,11018,0
UChXOhG9bRDb3vSTg-qkPAZg,Gweilo-60,2019-02-28 09:07:50.461335,11018,0
UChXOhG9bRDb3vSTg-qkPAZg,Gweilo-60,2019-02-28 09:06:50.561139,11018,0
UChXOhG9bRDb3vSTg-qkPAZg,Gweilo-60,2019-02-28 09:05:52.191442,11018,0
UChXOhG9bRDb3vSTg-qkPAZg,Gweilo-60,2019-02-28 09:04:50.944236,11018,0
UChXOhG9bRDb3vSTg-qkPAZg,Gweilo-60,2019-02-28 09:03:50.624289,11018,0
UChXOhG9bRDb3vSTg-qkPAZg,Gweilo-60,2019-02-28 09:02:50.645365,11018,0
UChXOhG9bRDb3vSTg-qkPAZg,Gweilo-60,2019-02-28 09:01:51.21888,11018,0
UChXOhG9bRDb3vSTg-qkPAZg,Gweilo-60,2019-02-28 09:00:51.264681,11018,0
UChXOhG9bRDb3vSTg-qkPAZg,Gweilo-60,2019-02-28 08:59:50.908274,11018,0
UChXOhG9bRDb3vSTg-qkPAZg,Gweilo-60,2019-02-28 08:58:51.045677,11018,0
UChXOhG9bRDb3vSTg-qkPAZg,Gweilo-60,2019-02-28 08:57:50.745301,11018,0
UChXOhG9bRDb3vSTg-qkPAZg,Gweilo-60,2019-02-28 08:56:51.071439,11018,0
UChXOhG9bRDb3vSTg-qkPAZg,Gweilo-60,2019-02-28 08:55:50.835717,11018,0
UChXOhG9bRDb3vSTg-qkPAZg,Gweilo-60,2019-02-28 08:54:51.251497,11018,0
UChXOhG9bRDb3vSTg-qkPAZg,Gweilo-60,2019-02-28 08:53:50.850396,11018,0
UChXOhG9bRDb3vSTg-qkPAZg,Gweilo-60,2019-02-28 08:52:51.397896,11018,0
UChXOhG9bRDb3vSTg-qkPAZg,Gweilo-60,2019-02-28 08:51:51.14998,11018,0
UChXOhG9bRDb3vSTg-qkPAZg,Gweilo-60,2019-02-28 08:50:51.084075,11018,0
UChXOhG9bRDb3vSTg-qkPAZg,Gweilo-60,2019-02-28 08:49:51.326132,11018,0
UChXOhG9bRDb3vSTg-qkPAZg,Gweilo-60,2019-02-28 08:48:50.871231,11018,1
UChXOhG9bRDb3vSTg-qkPAZg,Gweilo-60,2019-02-28 08:47:50.735172,11017,0
UChXOhG9bRDb3vSTg-qkPAZg,Gweilo-60,2019-02-28 08:46:50.580284,11017,0
UChXOhG9bRDb3vSTg-qkPAZg,Gweilo-60,2019-02-28 08:45:50.748313,11017,0
UChXOhG9bRDb3vSTg-qkPAZg,Gweilo-60,2019-02-28 08:44:50.532585,11017,1
UChXOhG9bRDb3vSTg-qkPAZg,Gweilo-60,2019-02-28 08:43:50.700029,11016,0
UChXOhG9bRDb3vSTg-qkPAZg,Gweilo-60,2019-02-28 08:42:50.932238,11016,0
UChXOhG9bRDb3vSTg-qkPAZg,Gweilo-60,2019-02-28 08:41:51.072219,11016,0
UChXOhG9bRDb3vSTg-qkPAZg,Gweilo-60,2019-02-28 08:40:51.16157,11016,0
UChXOhG9bRDb3vSTg-qkPAZg,Gweilo-60,2019-02-28 08:39:52.111808,11016,0
UChXOhG9bRDb3vSTg-qkPAZg,Gweilo-60,2019-02-28 08:38:50.737597,11016,0
UChXOhG9bRDb3vSTg-qkPAZg,Gweilo-60,2019-02-28 08:37:50.737505,11016,0
UChXOhG9bRDb3vSTg-qkPAZg,Gweilo-60,2019-02-28 08:36:51.107586,11016,0
UChXOhG9bRDb3vSTg-qkPAZg,Gweilo-60,2019-02-28 08:35:50.793092,11016,0
UChXOhG9bRDb3vSTg-qkPAZg,Gweilo-60,2019-02-28 08:34:50.560019,11016,0
UChXOhG9bRDb3vSTg-qkPAZg,Gweilo-60,2019-02-28 08:33:50.434178,11016,0
UChXOhG9bRDb3vSTg-qkPAZg,Gweilo-60,2019-02-28 08:32:50.3926,11016,0
UChXOhG9bRDb3vSTg-qkPAZg,Gweilo-60,2019-02-28 08:31:51.270584,11016,0
UChXOhG9bRDb3vSTg-qkPAZg,Gweilo-60,2019-02-28 08:30:50.586563,11016,0
UChXOhG9bRDb3vSTg-qkPAZg,Gweilo-60,2019-02-28 08:29:51.201206,11016,0
UChXOhG9bRDb3vSTg-qkPAZg,Gweilo-60,2019-02-28 08:28:51.009249,11016,0
UChXOhG9bRDb3vSTg-qkPAZg,Gweilo-60,2019-02-28 08:27:50.814921,11016,0
UChXOhG9bRDb3vSTg-qkPAZg,Gweilo-60,2019-02-28 08:26:50.954683,11016,0
UChXOhG9bRDb3vSTg-qkPAZg,Gweilo-60,2019-02-28 08:25:50.888506,11016,0
UChXOhG9bRDb3vSTg-qkPAZg,Gweilo-60,2019-02-28 08:24:50.855706,11016,0
UChXOhG9bRDb3vSTg-qkPAZg,Gweilo-60,2019-02-28 08:23:50.717517,11016,0
UChXOhG9bRDb3vSTg-qkPAZg,Gweilo-60,2019-02-28 08:22:51.665465,11016,0
UChXOhG9bRDb3vSTg-qkPAZg,Gweilo-60,2019-02-28 08:21:51.003951,11016,0
UChXOhG9bRDb3vSTg-qkPAZg,Gweilo-60,2019-02-28 08:20:51.149522,11016,0
UChXOhG9bRDb3vSTg-qkPAZg,Gweilo-60,2019-02-28 08:19:50.599818,11016,0
UChXOhG9bRDb3vSTg-qkPAZg,Gweilo-60,2019-02-28 08:18:51.069608,11016,0
UChXOhG9bRDb3vSTg-qkPAZg,Gweilo-60,2019-02-28 08:17:52.483772,11016,0
UChXOhG9bRDb3vSTg-qkPAZg,Gweilo-60,2019-02-28 08:16:50.591774,11016,0
UChXOhG9bRDb3vSTg-qkPAZg,Gweilo-60,2019-02-28 08:15:50.962053,11016,0
UChXOhG9bRDb3vSTg-qkPAZg,Gweilo-60,2019-02-28 08:14:51.176114,11016,0
UChXOhG9bRDb3vSTg-qkPAZg,Gweilo-60,2019-02-28 08:13:51.237506,11016,0
UChXOhG9bRDb3vSTg-qkPAZg,Gweilo-60,2019-02-28 08:12:50.805446,11016,0
UChXOhG9bRDb3vSTg-qkPAZg,Gweilo-60,2019-02-28 08:11:50.942842,11016,0
UChXOhG9bRDb3vSTg-qkPAZg,Gweilo-60,2019-02-28 08:10:51.16528,11016,0
UChXOhG9bRDb3vSTg-qkPAZg,Gweilo-60,2019-02-28 08:09:50.662935,11016,0
UChXOhG9bRDb3vSTg-qkPAZg,Gweilo-60,2019-02-28 08:08:51.810917,11016,0
UChXOhG9bRDb3vSTg-qkPAZg,Gweilo-60,2019-02-28 08:07:50.637367,11016,0
UChXOhG9bRDb3vSTg-qkPAZg,Gweilo-60,2019-02-28 08:06:50.56024,11016,0
UChXOhG9bRDb3vSTg-qkPAZg,Gweilo-60,2019-02-28 08:05:50.804595,11016,0
UChXOhG9bRDb3vSTg-qkPAZg,Gweilo-60,2019-02-28 08:04:51.259059,11016,0
UChXOhG9bRDb3vSTg-qkPAZg,Gweilo-60,2019-02-28 08:03:51.427655,11016,0
UChXOhG9bRDb3vSTg-qkPAZg,Gweilo-60,2019-02-28 08:02:50.91545,11016,0
UChXOhG9bRDb3vSTg-qkPAZg,Gweilo-60,2019-02-28 08:01:51.470195,11016,0
UChXOhG9bRDb3vSTg-qkPAZg,Gweilo-60,2019-02-28 08:00:50.901646,11016,0
UChXOhG9bRDb3vSTg-qkPAZg,Gweilo-60,2019-02-28 07:59:50.788382,11016,0
UChXOhG9bRDb3vSTg-qkPAZg,Gweilo-60,2019-02-28 07:58:51.234214,11016,0
UChXOhG9bRDb3vSTg-qkPAZg,Gweilo-60,2019-02-28 07:57:51.058389,11016,0
UChXOhG9bRDb3vSTg-qkPAZg,Gweilo-60,2019-02-28 07:56:51.152905,11016,0
UChXOhG9bRDb3vSTg-qkPAZg,Gweilo-60,2019-02-28 07:55:50.509676,11016,0
UChXOhG9bRDb3vSTg-qkPAZg,Gweilo-60,2019-02-28 07:54:51.378015,11016,0
UChXOhG9bRDb3vSTg-qkPAZg,Gweilo-60,2019-02-28 07:53:51.689047,11016,0
UChXOhG9bRDb3vSTg-qkPAZg,Gweilo-60,2019-02-28 07:52:51.044455,11016,0
UChXOhG9bRDb3vSTg-qkPAZg,Gweilo-60,2019-02-28 07:51:51.264666,11016,0
UChXOhG9bRDb3vSTg-qkPAZg,Gweilo-60,2019-02-28 07:50:50.923345,11016,0
UChXOhG9bRDb3vSTg-qkPAZg,Gweilo-60,2019-02-28 07:49:51.098042,11016,0
UChXOhG9bRDb3vSTg-qkPAZg,Gweilo-60,2019-02-28 07:48:50.743246,11016,0
UChXOhG9bRDb3vSTg-qkPAZg,Gweilo-60,2019-02-28 07:47:50.888958,11016,0
UChXOhG9bRDb3vSTg-qkPAZg,Gweilo-60,2019-02-28 07:46:50.875174,11016,0
UChXOhG9bRDb3vSTg-qkPAZg,Gweilo-60,2019-02-28 07:45:50.792406,11016,0
UChXOhG9bRDb3vSTg-qkPAZg,Gweilo-60,2019-02-28 07:44:50.698301,11016,0
UChXOhG9bRDb3vSTg-qkPAZg,Gweilo-60,2019-02-28 07:43:51.008144,11016,0
UChXOhG9bRDb3vSTg-qkPAZg,Gweilo-60,2019-02-28 07:42:51.062976,11016,0
UChXOhG9bRDb3vSTg-qkPAZg,Gweilo-60,2019-02-28 07:41:51.940688,11016,0
UChXOhG9bRDb3vSTg-qkPAZg,Gweilo-60,2019-02-28 07:40:51.154351,11016,0
UChXOhG9bRDb3vSTg-qkPAZg,Gweilo-60,2019-02-28 07:39:51.051711,11016,0
UChXOhG9bRDb3vSTg-qkPAZg,Gweilo-60,2019-02-28 07:38:51.337127,11016,0
UChXOhG9bRDb3vSTg-qkPAZg,Gweilo-60,2019-02-28 07:37:50.954793,11016,0
UChXOhG9bRDb3vSTg-qkPAZg,Gweilo-60,2019-02-28 07:36:51.021897,11016,0
UChXOhG9bRDb3vSTg-qkPAZg,Gweilo-60,2019-02-28 07:35:51.585694,11016,0
UChXOhG9bRDb3vSTg-qkPAZg,Gweilo-60,2019-02-28 07:34:50.460372,11016,0
UChXOhG9bRDb3vSTg-qkPAZg,Gweilo-60,2019-02-28 07:33:50.885977,11016,0
UChXOhG9bRDb3vSTg-qkPAZg,Gweilo-60,2019-02-28 07:32:50.78608,11016,0
UChXOhG9bRDb3vSTg-qkPAZg,Gweilo-60,2019-02-28 07:31:50.949876,11016,0
UChXOhG9bRDb3vSTg-qkPAZg,Gweilo-60,2019-02-28 07:30:51.410218,11016,0
UChXOhG9bRDb3vSTg-qkPAZg,Gweilo-60,2019-02-28 07:29:51.071488,11016,0
UChXOhG9bRDb3vSTg-qkPAZg,Gweilo-60,2019-02-28 07:28:50.969942,11016,0
UChXOhG9bRDb3vSTg-qkPAZg,Gweilo-60,2019-02-28 07:27:51.127826,11016,0
UChXOhG9bRDb3vSTg-qkPAZg,Gweilo-60,2019-02-28 07:26:51.260176,11016,0
UChXOhG9bRDb3vSTg-qkPAZg,Gweilo-60,2019-02-28 07:25:50.980834,11016,0
UChXOhG9bRDb3vSTg-qkPAZg,Gweilo-60,2019-02-28 07:24:50.88089,11016,0
UChXOhG9bRDb3vSTg-qkPAZg,Gweilo-60,2019-02-28 07:23:51.075676,11016,0
UChXOhG9bRDb3vSTg-qkPAZg,Gweilo-60,2019-02-28 07:22:50.989257,11016,0
UChXOhG9bRDb3vSTg-qkPAZg,Gweilo-60,2019-02-28 07:21:50.991643,11016,0
UChXOhG9bRDb3vSTg-qkPAZg,Gweilo-60,2019-02-28 07:20:51.15906,11016,0
UChXOhG9bRDb3vSTg-qkPAZg,Gweilo-60,2019-02-28 07:19:51.512579,11016,0
UChXOhG9bRDb3vSTg-qkPAZg,Gweilo-60,2019-02-28 07:18:50.804363,11016,0
UChXOhG9bRDb3vSTg-qkPAZg,Gweilo-60,2019-02-28 07:17:51.243481,11016,0
UChXOhG9bRDb3vSTg-qkPAZg,Gweilo-60,2019-02-28 07:16:50.960949,11016,0
UChXOhG9bRDb3vSTg-qkPAZg,Gweilo-60,2019-02-28 07:15:50.783634,11016,0
UChXOhG9bRDb3vSTg-qkPAZg,Gweilo-60,2019-02-28 07:14:51.140756,11016,0
UChXOhG9bRDb3vSTg-qkPAZg,Gweilo-60,2019-02-28 07:13:51.55369,11016,0
UChXOhG9bRDb3vSTg-qkPAZg,Gweilo-60,2019-02-28 07:12:51.089287,11016,0
UChXOhG9bRDb3vSTg-qkPAZg,Gweilo-60,2019-02-28 07:11:51.55842,11016,0
UChXOhG9bRDb3vSTg-qkPAZg,Gweilo-60,2019-02-28 07:10:51.469624,11016,0
UChXOhG9bRDb3vSTg-qkPAZg,Gweilo-60,2019-02-28 07:09:51.02413,11016,0
UChXOhG9bRDb3vSTg-qkPAZg,Gweilo-60,2019-02-28 07:08:51.012889,11016,0
UChXOhG9bRDb3vSTg-qkPAZg,Gweilo-60,2019-02-28 07:07:51.10019,11016,0
UChXOhG9bRDb3vSTg-qkPAZg,Gweilo-60,2019-02-28 07:06:51.534361,11016,0
UChXOhG9bRDb3vSTg-qkPAZg,Gweilo-60,2019-02-28 07:05:50.818039,11016,0
UChXOhG9bRDb3vSTg-qkPAZg,Gweilo-60,2019-02-28 07:04:51.182861,11016,0
UChXOhG9bRDb3vSTg-qkPAZg,Gweilo-60,2019-02-28 07:03:51.035883,11016,0
UChXOhG9bRDb3vSTg-qkPAZg,Gweilo-60,2019-02-28 07:02:51.362321,11016,0
UChXOhG9bRDb3vSTg-qkPAZg,Gweilo-60,2019-02-28 07:01:51.057853,11016,0
UChXOhG9bRDb3vSTg-qkPAZg,Gweilo-60,2019-02-28 07:00:51.618739,11016,0
UChXOhG9bRDb3vSTg-qkPAZg,Gweilo-60,2019-02-28 06:59:51.207369,11016,0
UChXOhG9bRDb3vSTg-qkPAZg,Gweilo-60,2019-02-28 06:58:51.7508,11016,0
UChXOhG9bRDb3vSTg-qkPAZg,Gweilo-60,2019-02-28 06:57:51.451453,11016,0
UChXOhG9bRDb3vSTg-qkPAZg,Gweilo-60,2019-02-28 06:56:51.943333,11016,0
UChXOhG9bRDb3vSTg-qkPAZg,Gweilo-60,2019-02-28 06:55:50.951818,11016,0
UChXOhG9bRDb3vSTg-qkPAZg,Gweilo-60,2019-02-28 06:54:51.020394,11016,0
UChXOhG9bRDb3vSTg-qkPAZg,Gweilo-60,2019-02-28 06:53:50.869172,11016,0
UChXOhG9bRDb3vSTg-qkPAZg,Gweilo-60,2019-02-28 06:52:50.883571,11016,0
UChXOhG9bRDb3vSTg-qkPAZg,Gweilo-60,2019-02-28 06:51:51.500892,11016,0
UChXOhG9bRDb3vSTg-qkPAZg,Gweilo-60,2019-02-28 06:50:51.776474,11016,0
UChXOhG9bRDb3vSTg-qkPAZg,Gweilo-60,2019-02-28 06:49:51.291596,11016,0
UChXOhG9bRDb3vSTg-qkPAZg,Gweilo-60,2019-02-28 06:48:51.367018,11016,0
UChXOhG9bRDb3vSTg-qkPAZg,Gweilo-60,2019-02-28 06:47:50.580392,11016,0
UChXOhG9bRDb3vSTg-qkPAZg,Gweilo-60,2019-02-28 06:46:51.348156,11016,0
UChXOhG9bRDb3vSTg-qkPAZg,Gweilo-60,2019-02-28 06:45:50.817005,11016,0
UChXOhG9bRDb3vSTg-qkPAZg,Gweilo-60,2019-02-28 06:44:51.188732,11016,0
UChXOhG9bRDb3vSTg-qkPAZg,Gweilo-60,2019-02-28 06:43:50.859427,11016,0
UChXOhG9bRDb3vSTg-qkPAZg,Gweilo-60,2019-02-28 06:42:51.37823,11016,0
UChXOhG9bRDb3vSTg-qkPAZg,Gweilo-60,2019-02-28 06:41:50.982849,11016,0
UChXOhG9bRDb3vSTg-qkPAZg,Gweilo-60,2019-02-28 06:40:50.848782,11016,0
UChXOhG9bRDb3vSTg-qkPAZg,Gweilo-60,2019-02-28 06:39:51.35157,11016,0
UChXOhG9bRDb3vSTg-qkPAZg,Gweilo-60,2019-02-28 06:38:50.886502,11016,0
UChXOhG9bRDb3vSTg-qkPAZg,Gweilo-60,2019-02-28 06:37:51.171506,11016,0
UChXOhG9bRDb3vSTg-qkPAZg,Gweilo-60,2019-02-28 06:36:51.215004,11016,0
UChXOhG9bRDb3vSTg-qkPAZg,Gweilo-60,2019-02-28 06:35:51.079259,11016,0
UChXOhG9bRDb3vSTg-qkPAZg,Gweilo-60,2019-02-28 06:34:51.118674,11016,0
UChXOhG9bRDb3vSTg-qkPAZg,Gweilo-60,2019-02-28 06:33:50.99522,11016,0
UChXOhG9bRDb3vSTg-qkPAZg,Gweilo-60,2019-02-28 06:32:51.680555,11016,0
UChXOhG9bRDb3vSTg-qkPAZg,Gweilo-60,2019-02-28 06:31:50.955393,11016,0
UChXOhG9bRDb3vSTg-qkPAZg,Gweilo-60,2019-02-28 06:30:51.424944,11016,0
UChXOhG9bRDb3vSTg-qkPAZg,Gweilo-60,2019-02-28 06:29:51.153039,11016,0
UChXOhG9bRDb3vSTg-qkPAZg,Gweilo-60,2019-02-28 06:28:52.057041,11016,0
UChXOhG9bRDb3vSTg-qkPAZg,Gweilo-60,2019-02-28 06:27:50.877485,11016,0
UChXOhG9bRDb3vSTg-qkPAZg,Gweilo-60,2019-02-28 06:26:50.993824,11016,0
UChXOhG9bRDb3vSTg-qkPAZg,Gweilo-60,2019-02-28 06:25:51.186305,11016,0
UChXOhG9bRDb3vSTg-qkPAZg,Gweilo-60,2019-02-28 06:24:50.986888,11016,0
UChXOhG9bRDb3vSTg-qkPAZg,Gweilo-60,2019-02-28 06:23:51.983074,11016,0
UChXOhG9bRDb3vSTg-qkPAZg,Gweilo-60,2019-02-28 06:22:51.134793,11016,0
UChXOhG9bRDb3vSTg-qkPAZg,Gweilo-60,2019-02-28 06:21:51.032036,11016,0
UChXOhG9bRDb3vSTg-qkPAZg,Gweilo-60,2019-02-28 06:20:50.963236,11016,0
UChXOhG9bRDb3vSTg-qkPAZg,Gweilo-60,2019-02-28 06:19:50.871131,11016,0
UChXOhG9bRDb3vSTg-qkPAZg,Gweilo-60,2019-02-28 06:18:51.1539,11016,0
UChXOhG9bRDb3vSTg-qkPAZg,Gweilo-60,2019-02-28 06:17:51.51396,11016,0
UChXOhG9bRDb3vSTg-qkPAZg,Gweilo-60,2019-02-28 06:16:51.12882,11016,0
UChXOhG9bRDb3vSTg-qkPAZg,Gweilo-60,2019-02-28 06:15:50.904451,11016,0
UChXOhG9bRDb3vSTg-qkPAZg,Gweilo-60,2019-02-28 06:14:50.99239,11016,0
UChXOhG9bRDb3vSTg-qkPAZg,Gweilo-60,2019-02-28 06:13:50.970896,11016,0
UChXOhG9bRDb3vSTg-qkPAZg,Gweilo-60,2019-02-28 06:12:51.599516,11016,0
UChXOhG9bRDb3vSTg-qkPAZg,Gweilo-60,2019-02-28 06:11:50.872494,11016,0
UChXOhG9bRDb3vSTg-qkPAZg,Gweilo-60,2019-02-28 06:10:52.304048,11016,0
UChXOhG9bRDb3vSTg-qkPAZg,Gweilo-60,2019-02-28 06:09:51.349949,11016,0
UChXOhG9bRDb3vSTg-qkPAZg,Gweilo-60,2019-02-28 06:08:50.892783,11016,0
UChXOhG9bRDb3vSTg-qkPAZg,Gweilo-60,2019-02-28 06:07:51.087366,11016,0
UChXOhG9bRDb3vSTg-qkPAZg,Gweilo-60,2019-02-28 06:06:51.081384,11016,0
UChXOhG9bRDb3vSTg-qkPAZg,Gweilo-60,2019-02-28 06:05:51.377121,11016,0
UChXOhG9bRDb3vSTg-qkPAZg,Gweilo-60,2019-02-28 06:04:51.405021,11016,0
UChXOhG9bRDb3vSTg-qkPAZg,Gweilo-60,2019-02-28 06:03:50.851718,11016,0
UChXOhG9bRDb3vSTg-qkPAZg,Gweilo-60,2019-02-28 06:02:51.532022,11016,0
UChXOhG9bRDb3vSTg-qkPAZg,Gweilo-60,2019-02-28 06:01:51.475165,11016,0
UChXOhG9bRDb3vSTg-qkPAZg,Gweilo-60,2019-02-28 06:00:51.191509,11016,0
UChXOhG9bRDb3vSTg-qkPAZg,Gweilo-60,2019-02-28 05:59:51.329476,11016,0
UChXOhG9bRDb3vSTg-qkPAZg,Gweilo-60,2019-02-28 05:58:50.965997,11016,0
UChXOhG9bRDb3vSTg-qkPAZg,Gweilo-60,2019-02-28 05:57:50.732593,11016,0
UChXOhG9bRDb3vSTg-qkPAZg,Gweilo-60,2019-02-28 05:56:50.841047,11016,0
UChXOhG9bRDb3vSTg-qkPAZg,Gweilo-60,2019-02-28 05:55:51.18116,11016,0
UChXOhG9bRDb3vSTg-qkPAZg,Gweilo-60,2019-02-28 05:54:50.985138,11016,0
UChXOhG9bRDb3vSTg-qkPAZg,Gweilo-60,2019-02-28 05:53:50.600411,11016,0
UChXOhG9bRDb3vSTg-qkPAZg,Gweilo-60,2019-02-28 05:52:51.522731,11016,0
UChXOhG9bRDb3vSTg-qkPAZg,Gweilo-60,2019-02-28 05:51:51.532794,11016,0
UChXOhG9bRDb3vSTg-qkPAZg,Gweilo-60,2019-02-28 05:50:51.635278,11016,0
UChXOhG9bRDb3vSTg-qkPAZg,Gweilo-60,2019-02-28 05:49:51.073728,11016,0
UChXOhG9bRDb3vSTg-qkPAZg,Gweilo-60,2019-02-28 05:48:51.444908,11016,0
UChXOhG9bRDb3vSTg-qkPAZg,Gweilo-60,2019-02-28 05:47:50.966446,11016,0
UChXOhG9bRDb3vSTg-qkPAZg,Gweilo-60,2019-02-28 05:46:51.319298,11016,0
UChXOhG9bRDb3vSTg-qkPAZg,Gweilo-60,2019-02-28 05:45:50.64096,11016,0
UChXOhG9bRDb3vSTg-qkPAZg,Gweilo-60,2019-02-28 05:44:51.320325,11016,0
UChXOhG9bRDb3vSTg-qkPAZg,Gweilo-60,2019-02-28 05:43:51.197034,11016,0
UChXOhG9bRDb3vSTg-qkPAZg,Gweilo-60,2019-02-28 05:42:51.326011,11016,0
UChXOhG9bRDb3vSTg-qkPAZg,Gweilo-60,2019-02-28 05:41:51.275115,11016,0
UChXOhG9bRDb3vSTg-qkPAZg,Gweilo-60,2019-02-28 05:40:50.830324,11016,0
UChXOhG9bRDb3vSTg-qkPAZg,Gweilo-60,2019-02-28 05:39:51.693711,11016,0
UChXOhG9bRDb3vSTg-qkPAZg,Gweilo-60,2019-02-28 05:38:51.352954,11016,0
UChXOhG9bRDb3vSTg-qkPAZg,Gweilo-60,2019-02-28 05:37:50.929329,11016,0
UChXOhG9bRDb3vSTg-qkPAZg,Gweilo-60,2019-02-28 05:36:51.026788,11016,0
UChXOhG9bRDb3vSTg-qkPAZg,Gweilo-60,2019-02-28 05:35:50.940957,11016,0
UChXOhG9bRDb3vSTg-qkPAZg,Gweilo-60,2019-02-28 05:34:50.850326,11016,0
UChXOhG9bRDb3vSTg-qkPAZg,Gweilo-60,2019-02-28 05:33:51.066653,11016,0
UChXOhG9bRDb3vSTg-qkPAZg,Gweilo-60,2019-02-28 05:32:51.482848,11016,0
UChXOhG9bRDb3vSTg-qkPAZg,Gweilo-60,2019-02-28 05:31:50.927408,11016,0
UChXOhG9bRDb3vSTg-qkPAZg,Gweilo-60,2019-02-28 05:30:51.115675,11016,0
UChXOhG9bRDb3vSTg-qkPAZg,Gweilo-60,2019-02-28 05:29:51.12639,11016,0
UChXOhG9bRDb3vSTg-qkPAZg,Gweilo-60,2019-02-28 05:28:51.827178,11016,0
UChXOhG9bRDb3vSTg-qkPAZg,Gweilo-60,2019-02-28 05:27:50.768055,11016,0
UChXOhG9bRDb3vSTg-qkPAZg,Gweilo-60,2019-02-28 05:26:50.6756,11016,0
UChXOhG9bRDb3vSTg-qkPAZg,Gweilo-60,2019-02-28 05:25:51.228782,11016,0
UChXOhG9bRDb3vSTg-qkPAZg,Gweilo-60,2019-02-28 05:24:51.306676,11016,0
UChXOhG9bRDb3vSTg-qkPAZg,Gweilo-60,2019-02-28 05:23:51.644964,11016,0
UChXOhG9bRDb3vSTg-qkPAZg,Gweilo-60,2019-02-28 05:22:51.046654,11016,1
UChXOhG9bRDb3vSTg-qkPAZg,Gweilo-60,2019-02-28 05:21:50.925949,11015,0
UChXOhG9bRDb3vSTg-qkPAZg,Gweilo-60,2019-02-28 05:20:51.396976,11015,0
UChXOhG9bRDb3vSTg-qkPAZg,Gweilo-60,2019-02-28 05:19:50.773614,11015,0
UChXOhG9bRDb3vSTg-qkPAZg,Gweilo-60,2019-02-28 05:18:51.003047,11015,0
UChXOhG9bRDb3vSTg-qkPAZg,Gweilo-60,2019-02-28 05:17:50.704392,11015,0
UChXOhG9bRDb3vSTg-qkPAZg,Gweilo-60,2019-02-28 05:16:51.677602,11015,0
UChXOhG9bRDb3vSTg-qkPAZg,Gweilo-60,2019-02-28 05:15:51.556792,11015,0
UChXOhG9bRDb3vSTg-qkPAZg,Gweilo-60,2019-02-28 05:14:51.432146,11015,0
UChXOhG9bRDb3vSTg-qkPAZg,Gweilo-60,2019-02-28 05:13:51.534054,11015,0
UChXOhG9bRDb3vSTg-qkPAZg,Gweilo-60,2019-02-28 05:12:51.054015,11015,0
UChXOhG9bRDb3vSTg-qkPAZg,Gweilo-60,2019-02-28 05:11:51.951871,11015,0
UChXOhG9bRDb3vSTg-qkPAZg,Gweilo-60,2019-02-28 05:10:51.182499,11015,0
UChXOhG9bRDb3vSTg-qkPAZg,Gweilo-60,2019-02-28 05:09:51.033369,11015,0
UChXOhG9bRDb3vSTg-qkPAZg,Gweilo-60,2019-02-28 05:08:51.304579,11015,0
UChXOhG9bRDb3vSTg-qkPAZg,Gweilo-60,2019-02-28 05:07:51.166609,11015,0
UChXOhG9bRDb3vSTg-qkPAZg,Gweilo-60,2019-02-28 05:06:51.560501,11015,0
UChXOhG9bRDb3vSTg-qkPAZg,Gweilo-60,2019-02-28 05:05:51.121217,11015,0
UChXOhG9bRDb3vSTg-qkPAZg,Gweilo-60,2019-02-28 05:04:52.930836,11015,0
UChXOhG9bRDb3vSTg-qkPAZg,Gweilo-60,2019-02-28 05:03:51.66058,11015,0
UChXOhG9bRDb3vSTg-qkPAZg,Gweilo-60,2019-02-28 05:02:51.347433,11015,0
UChXOhG9bRDb3vSTg-qkPAZg,Gweilo-60,2019-02-28 05:01:50.632286,11015,0
UChXOhG9bRDb3vSTg-qkPAZg,Gweilo-60,2019-02-28 05:00:51.428567,11015,0
UChXOhG9bRDb3vSTg-qkPAZg,Gweilo-60,2019-02-28 04:59:51.025223,11015,0
UChXOhG9bRDb3vSTg-qkPAZg,Gweilo-60,2019-02-28 04:58:51.026204,11015,0
UChXOhG9bRDb3vSTg-qkPAZg,Gweilo-60,2019-02-28 04:57:51.842838,11015,0
UChXOhG9bRDb3vSTg-qkPAZg,Gweilo-60,2019-02-28 04:56:51.40714,11015,0
UChXOhG9bRDb3vSTg-qkPAZg,Gweilo-60,2019-02-28 04:55:50.971636,11015,0
UChXOhG9bRDb3vSTg-qkPAZg,Gweilo-60,2019-02-28 04:54:51.998765,11015,0
UChXOhG9bRDb3vSTg-qkPAZg,Gweilo-60,2019-02-28 04:53:51.055736,11015,0
UChXOhG9bRDb3vSTg-qkPAZg,Gweilo-60,2019-02-28 04:52:50.985429,11015,0
UChXOhG9bRDb3vSTg-qkPAZg,Gweilo-60,2019-02-28 04:51:50.463952,11015,0
UChXOhG9bRDb3vSTg-qkPAZg,Gweilo-60,2019-02-28 04:50:50.858063,11015,0
UChXOhG9bRDb3vSTg-qkPAZg,Gweilo-60,2019-02-28 04:49:50.873131,11015,0
UChXOhG9bRDb3vSTg-qkPAZg,Gweilo-60,2019-02-28 04:48:50.572739,11015,0
UChXOhG9bRDb3vSTg-qkPAZg,Gweilo-60,2019-02-28 04:47:50.806898,11015,0
UChXOhG9bRDb3vSTg-qkPAZg,Gweilo-60,2019-02-28 04:46:50.86151,11015,0
UChXOhG9bRDb3vSTg-qkPAZg,Gweilo-60,2019-02-28 04:45:51.058874,11015,0
UChXOhG9bRDb3vSTg-qkPAZg,Gweilo-60,2019-02-28 04:44:51.036963,11015,0
UChXOhG9bRDb3vSTg-qkPAZg,Gweilo-60,2019-02-28 04:43:51.828093,11015,0
UChXOhG9bRDb3vSTg-qkPAZg,Gweilo-60,2019-02-28 04:42:50.704757,11015,0
UChXOhG9bRDb3vSTg-qkPAZg,Gweilo-60,2019-02-28 04:41:51.462248,11015,0
UChXOhG9bRDb3vSTg-qkPAZg,Gweilo-60,2019-02-28 04:40:51.249954,11015,0
UChXOhG9bRDb3vSTg-qkPAZg,Gweilo-60,2019-02-28 04:39:50.424191,11015,0
UChXOhG9bRDb3vSTg-qkPAZg,Gweilo-60,2019-02-28 04:38:51.214097,11015,0
UChXOhG9bRDb3vSTg-qkPAZg,Gweilo-60,2019-02-28 04:37:50.647275,11015,0
UChXOhG9bRDb3vSTg-qkPAZg,Gweilo-60,2019-02-28 04:36:51.157291,11015,0
UChXOhG9bRDb3vSTg-qkPAZg,Gweilo-60,2019-02-28 04:35:51.034163,11015,0
UChXOhG9bRDb3vSTg-qkPAZg,Gweilo-60,2019-02-28 04:34:50.987588,11015,0
UChXOhG9bRDb3vSTg-qkPAZg,Gweilo-60,2019-02-28 04:33:50.867994,11015,0
UChXOhG9bRDb3vSTg-qkPAZg,Gweilo-60,2019-02-28 04:32:51.1607,11015,0
UChXOhG9bRDb3vSTg-qkPAZg,Gweilo-60,2019-02-28 04:31:50.83945,11015,0
UChXOhG9bRDb3vSTg-qkPAZg,Gweilo-60,2019-02-28 04:30:50.821718,11015,0
UChXOhG9bRDb3vSTg-qkPAZg,Gweilo-60,2019-02-28 04:29:50.983963,11015,0
UChXOhG9bRDb3vSTg-qkPAZg,Gweilo-60,2019-02-28 04:28:50.700702,11015,0
UChXOhG9bRDb3vSTg-qkPAZg,Gweilo-60,2019-02-28 04:27:51.110718,11015,0
UChXOhG9bRDb3vSTg-qkPAZg,Gweilo-60,2019-02-28 04:26:51.160636,11015,0
UChXOhG9bRDb3vSTg-qkPAZg,Gweilo-60,2019-02-28 04:25:50.936425,11015,0
UChXOhG9bRDb3vSTg-qkPAZg,Gweilo-60,2019-02-28 04:24:51.057841,11015,0
UChXOhG9bRDb3vSTg-qkPAZg,Gweilo-60,2019-02-28 04:23:51.234803,11015,0
UChXOhG9bRDb3vSTg-qkPAZg,Gweilo-60,2019-02-28 04:22:51.455417,11015,0
UChXOhG9bRDb3vSTg-qkPAZg,Gweilo-60,2019-02-28 04:21:51.381204,11015,0
UChXOhG9bRDb3vSTg-qkPAZg,Gweilo-60,2019-02-28 04:20:51.41248,11015,0
UChXOhG9bRDb3vSTg-qkPAZg,Gweilo-60,2019-02-28 04:19:51.130721,11015,1
UChXOhG9bRDb3vSTg-qkPAZg,Gweilo-60,2019-02-28 04:18:52.334872,11014,0
UChXOhG9bRDb3vSTg-qkPAZg,Gweilo-60,2019-02-28 04:17:51.054402,11014,0
UChXOhG9bRDb3vSTg-qkPAZg,Gweilo-60,2019-02-28 04:16:51.02117,11014,0
UChXOhG9bRDb3vSTg-qkPAZg,Gweilo-60,2019-02-28 04:15:50.457955,11014,0
UChXOhG9bRDb3vSTg-qkPAZg,Gweilo-60,2019-02-28 04:14:50.821979,11014,0
UChXOhG9bRDb3vSTg-qkPAZg,Gweilo-60,2019-02-28 04:13:51.483034,11014,0
UChXOhG9bRDb3vSTg-qkPAZg,Gweilo-60,2019-02-28 04:12:50.798718,11014,0
UChXOhG9bRDb3vSTg-qkPAZg,Gweilo-60,2019-02-28 04:11:51.052196,11014,0
UChXOhG9bRDb3vSTg-qkPAZg,Gweilo-60,2019-02-28 04:10:51.217976,11014,0
UChXOhG9bRDb3vSTg-qkPAZg,Gweilo-60,2019-02-28 04:09:51.06087,11014,0
UChXOhG9bRDb3vSTg-qkPAZg,Gweilo-60,2019-02-28 04:08:50.667158,11014,0
UChXOhG9bRDb3vSTg-qkPAZg,Gweilo-60,2019-02-28 04:07:52.767039,11014,0
UChXOhG9bRDb3vSTg-qkPAZg,Gweilo-60,2019-02-28 04:06:51.739959,11014,0
UChXOhG9bRDb3vSTg-qkPAZg,Gweilo-60,2019-02-28 04:05:50.876065,11014,0
UChXOhG9bRDb3vSTg-qkPAZg,Gweilo-60,2019-02-28 04:04:51.007387,11014,0
UChXOhG9bRDb3vSTg-qkPAZg,Gweilo-60,2019-02-28 04:03:51.155917,11014,0
UChXOhG9bRDb3vSTg-qkPAZg,Gweilo-60,2019-02-28 04:02:50.723891,11014,0
UChXOhG9bRDb3vSTg-qkPAZg,Gweilo-60,2019-02-28 04:01:51.310445,11014,0
UChXOhG9bRDb3vSTg-qkPAZg,Gweilo-60,2019-02-28 04:00:50.803941,11014,0
UChXOhG9bRDb3vSTg-qkPAZg,Gweilo-60,2019-02-28 03:59:51.110489,11014,0
UChXOhG9bRDb3vSTg-qkPAZg,Gweilo-60,2019-02-28 03:58:50.620738,11014,0
UChXOhG9bRDb3vSTg-qkPAZg,Gweilo-60,2019-02-28 03:57:50.640199,11014,0
UChXOhG9bRDb3vSTg-qkPAZg,Gweilo-60,2019-02-28 03:56:51.302334,11014,0
UChXOhG9bRDb3vSTg-qkPAZg,Gweilo-60,2019-02-28 03:55:50.786759,11014,0
UChXOhG9bRDb3vSTg-qkPAZg,Gweilo-60,2019-02-28 03:54:50.838286,11014,0
UChXOhG9bRDb3vSTg-qkPAZg,Gweilo-60,2019-02-28 03:53:51.7242,11014,0
UChXOhG9bRDb3vSTg-qkPAZg,Gweilo-60,2019-02-28 03:52:51.363911,11014,0
UChXOhG9bRDb3vSTg-qkPAZg,Gweilo-60,2019-02-28 03:51:50.991384,11014,0
UChXOhG9bRDb3vSTg-qkPAZg,Gweilo-60,2019-02-28 03:50:51.077045,11014,0
UChXOhG9bRDb3vSTg-qkPAZg,Gweilo-60,2019-02-28 03:49:51.260432,11014,0
UChXOhG9bRDb3vSTg-qkPAZg,Gweilo-60,2019-02-28 03:48:51.230574,11014,0
UChXOhG9bRDb3vSTg-qkPAZg,Gweilo-60,2019-02-28 03:47:50.911402,11014,0
UChXOhG9bRDb3vSTg-qkPAZg,Gweilo-60,2019-02-28 03:46:51.535936,11014,0
UChXOhG9bRDb3vSTg-qkPAZg,Gweilo-60,2019-02-28 03:45:51.768353,11014,0
UChXOhG9bRDb3vSTg-qkPAZg,Gweilo-60,2019-02-28 03:44:51.25658,11014,0
UChXOhG9bRDb3vSTg-qkPAZg,Gweilo-60,2019-02-28 03:43:51.301362,11014,0
UChXOhG9bRDb3vSTg-qkPAZg,Gweilo-60,2019-02-28 03:42:50.976554,11014,0
UChXOhG9bRDb3vSTg-qkPAZg,Gweilo-60,2019-02-28 03:41:51.283059,11014,0
UChXOhG9bRDb3vSTg-qkPAZg,Gweilo-60,2019-02-28 03:40:50.805314,11014,0
UChXOhG9bRDb3vSTg-qkPAZg,Gweilo-60,2019-02-28 03:39:50.933814,11014,0
UChXOhG9bRDb3vSTg-qkPAZg,Gweilo-60,2019-02-28 03:38:50.52132,11014,0
UChXOhG9bRDb3vSTg-qkPAZg,Gweilo-60,2019-02-28 03:37:50.434755,11014,0
UChXOhG9bRDb3vSTg-qkPAZg,Gweilo-60,2019-02-28 03:36:50.163091,11014,0
UChXOhG9bRDb3vSTg-qkPAZg,Gweilo-60,2019-02-28 03:35:50.86539,11014,0
UChXOhG9bRDb3vSTg-qkPAZg,Gweilo-60,2019-02-28 03:34:51.268662,11014,0
UChXOhG9bRDb3vSTg-qkPAZg,Gweilo-60,2019-02-28 03:33:50.806797,11014,0
UChXOhG9bRDb3vSTg-qkPAZg,Gweilo-60,2019-02-28 03:32:51.556533,11014,0
UChXOhG9bRDb3vSTg-qkPAZg,Gweilo-60,2019-02-28 03:31:51.153577,11014,0
UChXOhG9bRDb3vSTg-qkPAZg,Gweilo-60,2019-02-28 03:30:50.864448,11014,0
UChXOhG9bRDb3vSTg-qkPAZg,Gweilo-60,2019-02-28 03:29:51.336741,11014,0
UChXOhG9bRDb3vSTg-qkPAZg,Gweilo-60,2019-02-28 03:28:50.655589,11014,0
UChXOhG9bRDb3vSTg-qkPAZg,Gweilo-60,2019-02-28 03:27:50.80498,11014,0
UChXOhG9bRDb3vSTg-qkPAZg,Gweilo-60,2019-02-28 03:26:50.648477,11014,0
UChXOhG9bRDb3vSTg-qkPAZg,Gweilo-60,2019-02-28 03:25:50.927202,11014,0
UChXOhG9bRDb3vSTg-qkPAZg,Gweilo-60,2019-02-28 03:24:51.203027,11014,0
UChXOhG9bRDb3vSTg-qkPAZg,Gweilo-60,2019-02-28 03:23:50.610081,11014,0
UChXOhG9bRDb3vSTg-qkPAZg,Gweilo-60,2019-02-28 03:22:51.125625,11014,0
UChXOhG9bRDb3vSTg-qkPAZg,Gweilo-60,2019-02-28 03:21:50.704449,11014,0
UChXOhG9bRDb3vSTg-qkPAZg,Gweilo-60,2019-02-28 03:20:50.691781,11014,0
UChXOhG9bRDb3vSTg-qkPAZg,Gweilo-60,2019-02-28 03:19:51.956966,11014,0
UChXOhG9bRDb3vSTg-qkPAZg,Gweilo-60,2019-02-28 03:18:51.042407,11014,0
UChXOhG9bRDb3vSTg-qkPAZg,Gweilo-60,2019-02-28 03:17:51.423429,11014,0
UChXOhG9bRDb3vSTg-qkPAZg,Gweilo-60,2019-02-28 03:16:50.916147,11014,0
UChXOhG9bRDb3vSTg-qkPAZg,Gweilo-60,2019-02-28 03:15:51.088334,11014,0
UChXOhG9bRDb3vSTg-qkPAZg,Gweilo-60,2019-02-28 03:14:51.683636,11014,0
UChXOhG9bRDb3vSTg-qkPAZg,Gweilo-60,2019-02-28 03:13:51.925916,11014,0
UChXOhG9bRDb3vSTg-qkPAZg,Gweilo-60,2019-02-28 03:12:51.608073,11014,0
UChXOhG9bRDb3vSTg-qkPAZg,Gweilo-60,2019-02-28 03:11:51.833369,11014,0
UChXOhG9bRDb3vSTg-qkPAZg,Gweilo-60,2019-02-28 03:10:51.366484,11014,0
UChXOhG9bRDb3vSTg-qkPAZg,Gweilo-60,2019-02-28 03:09:50.255778,11014,0
UChXOhG9bRDb3vSTg-qkPAZg,Gweilo-60,2019-02-28 03:08:51.288841,11014,1
UChXOhG9bRDb3vSTg-qkPAZg,Gweilo-60,2019-02-28 03:07:50.626972,11013,0
UChXOhG9bRDb3vSTg-qkPAZg,Gweilo-60,2019-02-28 03:06:50.704422,11013,0
UChXOhG9bRDb3vSTg-qkPAZg,Gweilo-60,2019-02-28 03:05:51.434775,11013,0
UChXOhG9bRDb3vSTg-qkPAZg,Gweilo-60,2019-02-28 03:04:50.629878,11013,0
UChXOhG9bRDb3vSTg-qkPAZg,Gweilo-60,2019-02-28 03:03:51.248918,11013,0
UChXOhG9bRDb3vSTg-qkPAZg,Gweilo-60,2019-02-28 03:02:51.339916,11013,0
UChXOhG9bRDb3vSTg-qkPAZg,Gweilo-60,2019-02-28 03:01:51.314613,11013,0
UChXOhG9bRDb3vSTg-qkPAZg,Gweilo-60,2019-02-28 03:00:51.030282,11013,0
UChXOhG9bRDb3vSTg-qkPAZg,Gweilo-60,2019-02-28 02:59:50.916708,11013,0
UChXOhG9bRDb3vSTg-qkPAZg,Gweilo-60,2019-02-28 02:58:51.229856,11013,0
UChXOhG9bRDb3vSTg-qkPAZg,Gweilo-60,2019-02-28 02:57:51.238628,11013,0
UChXOhG9bRDb3vSTg-qkPAZg,Gweilo-60,2019-02-28 02:56:50.834015,11013,0
UChXOhG9bRDb3vSTg-qkPAZg,Gweilo-60,2019-02-28 02:55:51.210758,11013,0
UChXOhG9bRDb3vSTg-qkPAZg,Gweilo-60,2019-02-28 02:54:50.931545,11013,0
UChXOhG9bRDb3vSTg-qkPAZg,Gweilo-60,2019-02-28 02:53:51.160562,11013,0
UChXOhG9bRDb3vSTg-qkPAZg,Gweilo-60,2019-02-28 02:52:50.779569,11013,0
UChXOhG9bRDb3vSTg-qkPAZg,Gweilo-60,2019-02-28 02:51:51.477366,11013,0
UChXOhG9bRDb3vSTg-qkPAZg,Gweilo-60,2019-02-28 02:50:51.180846,11013,0
UChXOhG9bRDb3vSTg-qkPAZg,Gweilo-60,2019-02-28 02:49:50.8952,11013,0
UChXOhG9bRDb3vSTg-qkPAZg,Gweilo-60,2019-02-28 02:48:51.72922,11013,0
UChXOhG9bRDb3vSTg-qkPAZg,Gweilo-60,2019-02-28 02:47:51.447711,11013,0
UChXOhG9bRDb3vSTg-qkPAZg,Gweilo-60,2019-02-28 02:46:50.835407,11013,0
UChXOhG9bRDb3vSTg-qkPAZg,Gweilo-60,2019-02-28 02:45:51.103072,11013,0
UChXOhG9bRDb3vSTg-qkPAZg,Gweilo-60,2019-02-28 02:44:51.324294,11013,0
UChXOhG9bRDb3vSTg-qkPAZg,Gweilo-60,2019-02-28 02:43:51.979095,11013,0
UChXOhG9bRDb3vSTg-qkPAZg,Gweilo-60,2019-02-28 02:42:50.856002,11013,0
UChXOhG9bRDb3vSTg-qkPAZg,Gweilo-60,2019-02-28 02:41:50.950164,11013,0
UChXOhG9bRDb3vSTg-qkPAZg,Gweilo-60,2019-02-28 02:40:51.020738,11013,0
UChXOhG9bRDb3vSTg-qkPAZg,Gweilo-60,2019-02-28 02:39:51.381171,11013,0
UChXOhG9bRDb3vSTg-qkPAZg,Gweilo-60,2019-02-28 02:38:51.437084,11013,0
UChXOhG9bRDb3vSTg-qkPAZg,Gweilo-60,2019-02-28 02:37:51.145959,11013,0
UChXOhG9bRDb3vSTg-qkPAZg,Gweilo-60,2019-02-28 02:36:51.783277,11013,0
UChXOhG9bRDb3vSTg-qkPAZg,Gweilo-60,2019-02-28 02:35:51.642582,11013,0
UChXOhG9bRDb3vSTg-qkPAZg,Gweilo-60,2019-02-28 02:34:51.129861,11013,0
UChXOhG9bRDb3vSTg-qkPAZg,Gweilo-60,2019-02-28 02:33:50.605774,11013,0
UChXOhG9bRDb3vSTg-qkPAZg,Gweilo-60,2019-02-28 02:32:51.072934,11013,0
UChXOhG9bRDb3vSTg-qkPAZg,Gweilo-60,2019-02-28 02:31:51.579927,11013,0
UChXOhG9bRDb3vSTg-qkPAZg,Gweilo-60,2019-02-28 02:30:51.109876,11013,0
UChXOhG9bRDb3vSTg-qkPAZg,Gweilo-60,2019-02-28 02:29:51.182795,11013,0
UChXOhG9bRDb3vSTg-qkPAZg,Gweilo-60,2019-02-28 02:28:50.808864,11013,0
UChXOhG9bRDb3vSTg-qkPAZg,Gweilo-60,2019-02-28 02:27:50.92448,11013,0
UChXOhG9bRDb3vSTg-qkPAZg,Gweilo-60,2019-02-28 02:26:51.076425,11013,0
UChXOhG9bRDb3vSTg-qkPAZg,Gweilo-60,2019-02-28 02:25:51.944658,11013,0
UChXOhG9bRDb3vSTg-qkPAZg,Gweilo-60,2019-02-28 02:24:51.187078,11013,0
UChXOhG9bRDb3vSTg-qkPAZg,Gweilo-60,2019-02-28 02:23:50.99585,11013,0
UChXOhG9bRDb3vSTg-qkPAZg,Gweilo-60,2019-02-28 02:22:51.150361,11013,0
UChXOhG9bRDb3vSTg-qkPAZg,Gweilo-60,2019-02-28 02:21:50.613574,11013,0
UChXOhG9bRDb3vSTg-qkPAZg,Gweilo-60,2019-02-28 02:20:50.997944,11013,0
UChXOhG9bRDb3vSTg-qkPAZg,Gweilo-60,2019-02-28 02:19:51.252036,11013,0
UChXOhG9bRDb3vSTg-qkPAZg,Gweilo-60,2019-02-28 02:18:51.123689,11013,0
UChXOhG9bRDb3vSTg-qkPAZg,Gweilo-60,2019-02-28 02:17:51.322203,11013,0
UChXOhG9bRDb3vSTg-qkPAZg,Gweilo-60,2019-02-28 02:16:51.08149,11013,0
UChXOhG9bRDb3vSTg-qkPAZg,Gweilo-60,2019-02-28 02:15:51.264525,11013,0
UChXOhG9bRDb3vSTg-qkPAZg,Gweilo-60,2019-02-28 02:14:50.97383,11013,0
UChXOhG9bRDb3vSTg-qkPAZg,Gweilo-60,2019-02-28 02:13:50.942845,11013,0
UChXOhG9bRDb3vSTg-qkPAZg,Gweilo-60,2019-02-28 02:12:51.896041,11013,0
UChXOhG9bRDb3vSTg-qkPAZg,Gweilo-60,2019-02-28 02:11:50.940083,11013,0
UChXOhG9bRDb3vSTg-qkPAZg,Gweilo-60,2019-02-28 02:10:51.019183,11013,0
UChXOhG9bRDb3vSTg-qkPAZg,Gweilo-60,2019-02-28 02:09:51.089951,11013,0
UChXOhG9bRDb3vSTg-qkPAZg,Gweilo-60,2019-02-28 02:08:50.596799,11013,0
UChXOhG9bRDb3vSTg-qkPAZg,Gweilo-60,2019-02-28 02:07:51.220226,11013,0
UChXOhG9bRDb3vSTg-qkPAZg,Gweilo-60,2019-02-28 02:06:51.87451,11013,0
UChXOhG9bRDb3vSTg-qkPAZg,Gweilo-60,2019-02-28 02:05:51.234158,11013,0
UChXOhG9bRDb3vSTg-qkPAZg,Gweilo-60,2019-02-28 02:04:50.944837,11013,0
UChXOhG9bRDb3vSTg-qkPAZg,Gweilo-60,2019-02-28 02:03:51.670066,11013,0
UChXOhG9bRDb3vSTg-qkPAZg,Gweilo-60,2019-02-28 02:02:51.469801,11013,0
UChXOhG9bRDb3vSTg-qkPAZg,Gweilo-60,2019-02-28 02:01:51.004383,11013,0
UChXOhG9bRDb3vSTg-qkPAZg,Gweilo-60,2019-02-28 02:00:51.292095,11013,0
UChXOhG9bRDb3vSTg-qkPAZg,Gweilo-60,2019-02-28 01:59:51.45532,11013,0
UChXOhG9bRDb3vSTg-qkPAZg,Gweilo-60,2019-02-28 01:58:51.234379,11013,0
UChXOhG9bRDb3vSTg-qkPAZg,Gweilo-60,2019-02-28 01:57:50.839993,11013,0
UChXOhG9bRDb3vSTg-qkPAZg,Gweilo-60,2019-02-28 01:56:51.241243,11013,0
UChXOhG9bRDb3vSTg-qkPAZg,Gweilo-60,2019-02-28 01:55:51.236209,11013,0
UChXOhG9bRDb3vSTg-qkPAZg,Gweilo-60,2019-02-28 01:54:51.24677,11013,0
UChXOhG9bRDb3vSTg-qkPAZg,Gweilo-60,2019-02-28 01:53:50.871165,11013,0
UChXOhG9bRDb3vSTg-qkPAZg,Gweilo-60,2019-02-28 01:52:54.298316,11013,0
UChXOhG9bRDb3vSTg-qkPAZg,Gweilo-60,2019-02-28 01:51:51.537725,11013,0
UChXOhG9bRDb3vSTg-qkPAZg,Gweilo-60,2019-02-28 01:50:51.103283,11013,0
UChXOhG9bRDb3vSTg-qkPAZg,Gweilo-60,2019-02-28 01:49:51.871415,11013,0
UChXOhG9bRDb3vSTg-qkPAZg,Gweilo-60,2019-02-28 01:48:51.176028,11013,0
UChXOhG9bRDb3vSTg-qkPAZg,Gweilo-60,2019-02-28 01:47:51.424059,11013,0
UChXOhG9bRDb3vSTg-qkPAZg,Gweilo-60,2019-02-28 01:46:53.057983,11013,0
UChXOhG9bRDb3vSTg-qkPAZg,Gweilo-60,2019-02-28 01:45:51.351876,11013,0
UChXOhG9bRDb3vSTg-qkPAZg,Gweilo-60,2019-02-28 01:44:50.642808,11013,0
UChXOhG9bRDb3vSTg-qkPAZg,Gweilo-60,2019-02-28 01:43:50.291,11013,0
UChXOhG9bRDb3vSTg-qkPAZg,Gweilo-60,2019-02-28 01:42:51.146557,11013,0
UChXOhG9bRDb3vSTg-qkPAZg,Gweilo-60,2019-02-28 01:41:50.97831,11013,0
UChXOhG9bRDb3vSTg-qkPAZg,Gweilo-60,2019-02-28 01:40:51.130427,11013,0
UChXOhG9bRDb3vSTg-qkPAZg,Gweilo-60,2019-02-28 01:39:50.971617,11013,0
UChXOhG9bRDb3vSTg-qkPAZg,Gweilo-60,2019-02-28 01:38:51.321905,11013,0
UChXOhG9bRDb3vSTg-qkPAZg,Gweilo-60,2019-02-28 01:37:51.421988,11013,0
UChXOhG9bRDb3vSTg-qkPAZg,Gweilo-60,2019-02-28 01:36:51.536756,11013,0
UChXOhG9bRDb3vSTg-qkPAZg,Gweilo-60,2019-02-28 01:35:51.799818,11013,0
UChXOhG9bRDb3vSTg-qkPAZg,Gweilo-60,2019-02-28 01:34:50.894782,11013,0
UChXOhG9bRDb3vSTg-qkPAZg,Gweilo-60,2019-02-28 01:33:51.127255,11013,0
UChXOhG9bRDb3vSTg-qkPAZg,Gweilo-60,2019-02-28 01:32:50.981131,11013,0
UChXOhG9bRDb3vSTg-qkPAZg,Gweilo-60,2019-02-28 01:31:51.114556,11013,0
UChXOhG9bRDb3vSTg-qkPAZg,Gweilo-60,2019-02-28 01:30:51.369071,11013,0
UChXOhG9bRDb3vSTg-qkPAZg,Gweilo-60,2019-02-28 01:29:51.156842,11013,0
UChXOhG9bRDb3vSTg-qkPAZg,Gweilo-60,2019-02-28 01:28:50.893713,11013,0
UChXOhG9bRDb3vSTg-qkPAZg,Gweilo-60,2019-02-28 01:27:50.605061,11013,0
UChXOhG9bRDb3vSTg-qkPAZg,Gweilo-60,2019-02-28 01:26:51.045679,11013,0
UChXOhG9bRDb3vSTg-qkPAZg,Gweilo-60,2019-02-28 01:25:50.696807,11013,0
UChXOhG9bRDb3vSTg-qkPAZg,Gweilo-60,2019-02-28 01:23:51.044053,11013,0
UChXOhG9bRDb3vSTg-qkPAZg,Gweilo-60,2019-02-28 01:22:50.774594,11013,0
UChXOhG9bRDb3vSTg-qkPAZg,Gweilo-60,2019-02-28 01:21:50.646642,11013,0
UChXOhG9bRDb3vSTg-qkPAZg,Gweilo-60,2019-02-28 01:20:51.442059,11013,0
UChXOhG9bRDb3vSTg-qkPAZg,Gweilo-60,2019-02-28 01:19:51.396283,11013,0
UChXOhG9bRDb3vSTg-qkPAZg,Gweilo-60,2019-02-28 01:18:51.055687,11013,0
UChXOhG9bRDb3vSTg-qkPAZg,Gweilo-60,2019-02-28 01:17:51.260228,11013,0
UChXOhG9bRDb3vSTg-qkPAZg,Gweilo-60,2019-02-28 01:16:50.749418,11013,0
UChXOhG9bRDb3vSTg-qkPAZg,Gweilo-60,2019-02-28 01:15:50.758731,11013,0
UChXOhG9bRDb3vSTg-qkPAZg,Gweilo-60,2019-02-28 01:14:51.940702,11013,0
UChXOhG9bRDb3vSTg-qkPAZg,Gweilo-60,2019-02-28 01:13:51.140837,11013,0
UChXOhG9bRDb3vSTg-qkPAZg,Gweilo-60,2019-02-28 01:12:51.164542,11013,0
UChXOhG9bRDb3vSTg-qkPAZg,Gweilo-60,2019-02-28 01:11:50.860812,11013,0
UChXOhG9bRDb3vSTg-qkPAZg,Gweilo-60,2019-02-28 01:10:50.799535,11013,0
UChXOhG9bRDb3vSTg-qkPAZg,Gweilo-60,2019-02-28 01:09:51.501755,11013,0
UChXOhG9bRDb3vSTg-qkPAZg,Gweilo-60,2019-02-28 01:08:50.807752,11013,0
UChXOhG9bRDb3vSTg-qkPAZg,Gweilo-60,2019-02-28 01:07:50.780902,11013,0
UChXOhG9bRDb3vSTg-qkPAZg,Gweilo-60,2019-02-28 01:06:51.632248,11013,0
UChXOhG9bRDb3vSTg-qkPAZg,Gweilo-60,2019-02-28 01:05:50.778944,11013,0
UChXOhG9bRDb3vSTg-qkPAZg,Gweilo-60,2019-02-28 01:04:50.762927,11013,0
UChXOhG9bRDb3vSTg-qkPAZg,Gweilo-60,2019-02-28 01:03:51.222831,11013,0
UChXOhG9bRDb3vSTg-qkPAZg,Gweilo-60,2019-02-28 01:02:51.470657,11013,0
UChXOhG9bRDb3vSTg-qkPAZg,Gweilo-60,2019-02-28 01:01:50.907847,11013,0
UChXOhG9bRDb3vSTg-qkPAZg,Gweilo-60,2019-02-28 01:00:51.388908,11013,0
UChXOhG9bRDb3vSTg-qkPAZg,Gweilo-60,2019-02-28 00:59:51.463349,11013,0
UChXOhG9bRDb3vSTg-qkPAZg,Gweilo-60,2019-02-28 00:58:50.811127,11013,0
UChXOhG9bRDb3vSTg-qkPAZg,Gweilo-60,2019-02-28 00:57:51.058386,11013,0
UChXOhG9bRDb3vSTg-qkPAZg,Gweilo-60,2019-02-28 00:56:51.223234,11013,0
UChXOhG9bRDb3vSTg-qkPAZg,Gweilo-60,2019-02-28 00:55:51.777485,11013,0
UChXOhG9bRDb3vSTg-qkPAZg,Gweilo-60,2019-02-28 00:54:51.024311,11013,0
UChXOhG9bRDb3vSTg-qkPAZg,Gweilo-60,2019-02-28 00:53:51.416956,11013,0
UChXOhG9bRDb3vSTg-qkPAZg,Gweilo-60,2019-02-28 00:52:51.091901,11013,0
UChXOhG9bRDb3vSTg-qkPAZg,Gweilo-60,2019-02-28 00:51:50.902917,11013,0
UChXOhG9bRDb3vSTg-qkPAZg,Gweilo-60,2019-02-28 00:50:50.885192,11013,0
UChXOhG9bRDb3vSTg-qkPAZg,Gweilo-60,2019-02-28 00:49:51.359772,11013,-1
UChXOhG9bRDb3vSTg-qkPAZg,Gweilo-60,2019-02-28 00:48:50.864838,11014,0
UChXOhG9bRDb3vSTg-qkPAZg,Gweilo-60,2019-02-28 00:47:51.662274,11014,0
UChXOhG9bRDb3vSTg-qkPAZg,Gweilo-60,2019-02-28 00:46:51.261077,11014,0
UChXOhG9bRDb3vSTg-qkPAZg,Gweilo-60,2019-02-28 00:45:50.577524,11014,0
UChXOhG9bRDb3vSTg-qkPAZg,Gweilo-60,2019-02-28 00:44:51.469806,11014,0
UChXOhG9bRDb3vSTg-qkPAZg,Gweilo-60,2019-02-28 00:43:50.966555,11014,0
UChXOhG9bRDb3vSTg-qkPAZg,Gweilo-60,2019-02-28 00:42:51.891304,11014,0
UChXOhG9bRDb3vSTg-qkPAZg,Gweilo-60,2019-02-28 00:41:51.365072,11014,0
UChXOhG9bRDb3vSTg-qkPAZg,Gweilo-60,2019-02-28 00:40:51.427394,11014,0
UChXOhG9bRDb3vSTg-qkPAZg,Gweilo-60,2019-02-28 00:39:51.028197,11014,0
UChXOhG9bRDb3vSTg-qkPAZg,Gweilo-60,2019-02-28 00:38:51.23328,11014,0
UChXOhG9bRDb3vSTg-qkPAZg,Gweilo-60,2019-02-28 00:37:51.470099,11014,0
UChXOhG9bRDb3vSTg-qkPAZg,Gweilo-60,2019-02-28 00:36:51.602358,11014,0
UChXOhG9bRDb3vSTg-qkPAZg,Gweilo-60,2019-02-28 00:35:50.939522,11014,0
UChXOhG9bRDb3vSTg-qkPAZg,Gweilo-60,2019-02-28 00:34:51.660924,11014,0
UChXOhG9bRDb3vSTg-qkPAZg,Gweilo-60,2019-02-28 00:33:50.952563,11014,0
UChXOhG9bRDb3vSTg-qkPAZg,Gweilo-60,2019-02-28 00:32:51.258379,11014,0
UChXOhG9bRDb3vSTg-qkPAZg,Gweilo-60,2019-02-28 00:31:51.141443,11014,0
UChXOhG9bRDb3vSTg-qkPAZg,Gweilo-60,2019-02-28 00:30:51.152579,11014,0
UChXOhG9bRDb3vSTg-qkPAZg,Gweilo-60,2019-02-28 00:29:51.573098,11014,0
UChXOhG9bRDb3vSTg-qkPAZg,Gweilo-60,2019-02-28 00:28:50.732859,11014,0
UChXOhG9bRDb3vSTg-qkPAZg,Gweilo-60,2019-02-28 00:27:51.193638,11014,0
UChXOhG9bRDb3vSTg-qkPAZg,Gweilo-60,2019-02-28 00:26:50.804465,11014,0
UChXOhG9bRDb3vSTg-qkPAZg,Gweilo-60,2019-02-28 00:25:51.294296,11014,0
UChXOhG9bRDb3vSTg-qkPAZg,Gweilo-60,2019-02-28 00:24:51.422739,11014,0
UChXOhG9bRDb3vSTg-qkPAZg,Gweilo-60,2019-02-28 00:23:50.874896,11014,0
UChXOhG9bRDb3vSTg-qkPAZg,Gweilo-60,2019-02-28 00:22:51.210685,11014,0
UChXOhG9bRDb3vSTg-qkPAZg,Gweilo-60,2019-02-28 00:21:51.068714,11014,0
UChXOhG9bRDb3vSTg-qkPAZg,Gweilo-60,2019-02-28 00:20:50.750252,11014,0
UChXOhG9bRDb3vSTg-qkPAZg,Gweilo-60,2019-02-28 00:19:51.336326,11014,0
UChXOhG9bRDb3vSTg-qkPAZg,Gweilo-60,2019-02-28 00:18:51.128435,11014,0
UChXOhG9bRDb3vSTg-qkPAZg,Gweilo-60,2019-02-28 00:17:51.006061,11014,0
UChXOhG9bRDb3vSTg-qkPAZg,Gweilo-60,2019-02-28 00:16:51.092098,11014,0
UChXOhG9bRDb3vSTg-qkPAZg,Gweilo-60,2019-02-28 00:15:50.60361,11014,0
UChXOhG9bRDb3vSTg-qkPAZg,Gweilo-60,2019-02-28 00:14:50.776384,11014,0
UChXOhG9bRDb3vSTg-qkPAZg,Gweilo-60,2019-02-28 00:13:51.429596,11014,0
UChXOhG9bRDb3vSTg-qkPAZg,Gweilo-60,2019-02-28 00:12:50.975759,11014,0
UChXOhG9bRDb3vSTg-qkPAZg,Gweilo-60,2019-02-28 00:11:52.026612,11014,0
UChXOhG9bRDb3vSTg-qkPAZg,Gweilo-60,2019-02-28 00:10:51.377454,11014,0
UChXOhG9bRDb3vSTg-qkPAZg,Gweilo-60,2019-02-28 00:09:51.355725,11014,0
UChXOhG9bRDb3vSTg-qkPAZg,Gweilo-60,2019-02-28 00:08:51.257965,11014,0
UChXOhG9bRDb3vSTg-qkPAZg,Gweilo-60,2019-02-28 00:07:51.828431,11014,0
UChXOhG9bRDb3vSTg-qkPAZg,Gweilo-60,2019-02-28 00:06:51.243712,11014,0
UChXOhG9bRDb3vSTg-qkPAZg,Gweilo-60,2019-02-28 00:05:51.088897,11014,0
UChXOhG9bRDb3vSTg-qkPAZg,Gweilo-60,2019-02-28 00:04:51.096172,11014,0
UChXOhG9bRDb3vSTg-qkPAZg,Gweilo-60,2019-02-28 00:03:50.842113,11014,0
UChXOhG9bRDb3vSTg-qkPAZg,Gweilo-60,2019-02-28 00:02:50.749471,11014,1
UChXOhG9bRDb3vSTg-qkPAZg,Gweilo-60,2019-02-28 00:01:50.755955,11013,0
UChXOhG9bRDb3vSTg-qkPAZg,Gweilo-60,2019-02-28 00:00:51.455663,11013,0
UChXOhG9bRDb3vSTg-qkPAZg,Gweilo-60,2019-02-27 23:59:51.264677,11013,0
UChXOhG9bRDb3vSTg-qkPAZg,Gweilo-60,2019-02-27 23:58:51.699442,11013,0
UChXOhG9bRDb3vSTg-qkPAZg,Gweilo-60,2019-02-27 23:57:51.016229,11013,0
UChXOhG9bRDb3vSTg-qkPAZg,Gweilo-60,2019-02-27 23:56:51.694145,11013,0
UChXOhG9bRDb3vSTg-qkPAZg,Gweilo-60,2019-02-27 23:55:51.087696,11013,0
UChXOhG9bRDb3vSTg-qkPAZg,Gweilo-60,2019-02-27 23:54:50.610746,11013,0
UChXOhG9bRDb3vSTg-qkPAZg,Gweilo-60,2019-02-27 23:53:52.313875,11013,0
UChXOhG9bRDb3vSTg-qkPAZg,Gweilo-60,2019-02-27 23:52:51.238165,11013,0
UChXOhG9bRDb3vSTg-qkPAZg,Gweilo-60,2019-02-27 23:51:50.908347,11013,0
UChXOhG9bRDb3vSTg-qkPAZg,Gweilo-60,2019-02-27 23:50:50.867093,11013,0
UChXOhG9bRDb3vSTg-qkPAZg,Gweilo-60,2019-02-27 23:49:50.945003,11013,0
UChXOhG9bRDb3vSTg-qkPAZg,Gweilo-60,2019-02-27 23:48:51.166841,11013,0
UChXOhG9bRDb3vSTg-qkPAZg,Gweilo-60,2019-02-27 23:47:51.395028,11013,0
UChXOhG9bRDb3vSTg-qkPAZg,Gweilo-60,2019-02-27 23:46:51.05985,11013,0
UChXOhG9bRDb3vSTg-qkPAZg,Gweilo-60,2019-02-27 23:45:50.55396,11013,0
UChXOhG9bRDb3vSTg-qkPAZg,Gweilo-60,2019-02-27 23:44:51.251889,11013,0
UChXOhG9bRDb3vSTg-qkPAZg,Gweilo-60,2019-02-27 23:43:51.174827,11013,0
UChXOhG9bRDb3vSTg-qkPAZg,Gweilo-60,2019-02-27 23:42:51.555377,11013,0
UChXOhG9bRDb3vSTg-qkPAZg,Gweilo-60,2019-02-27 23:41:50.776199,11013,0
UChXOhG9bRDb3vSTg-qkPAZg,Gweilo-60,2019-02-27 23:40:51.33879,11013,0
UChXOhG9bRDb3vSTg-qkPAZg,Gweilo-60,2019-02-27 23:39:50.782668,11013,0
UChXOhG9bRDb3vSTg-qkPAZg,Gweilo-60,2019-02-27 23:38:50.904863,11013,0
UChXOhG9bRDb3vSTg-qkPAZg,Gweilo-60,2019-02-27 23:37:51.06176,11013,0
UChXOhG9bRDb3vSTg-qkPAZg,Gweilo-60,2019-02-27 23:36:51.919422,11013,0
UChXOhG9bRDb3vSTg-qkPAZg,Gweilo-60,2019-02-27 23:35:51.348482,11013,0
UChXOhG9bRDb3vSTg-qkPAZg,Gweilo-60,2019-02-27 23:34:51.301731,11013,0
UChXOhG9bRDb3vSTg-qkPAZg,Gweilo-60,2019-02-27 23:33:51.276936,11013,0
UChXOhG9bRDb3vSTg-qkPAZg,Gweilo-60,2019-02-27 23:32:50.870022,11013,0
UChXOhG9bRDb3vSTg-qkPAZg,Gweilo-60,2019-02-27 23:31:50.900271,11013,0
UChXOhG9bRDb3vSTg-qkPAZg,Gweilo-60,2019-02-27 23:30:51.047151,11013,0
UChXOhG9bRDb3vSTg-qkPAZg,Gweilo-60,2019-02-27 23:29:51.422513,11013,0
UChXOhG9bRDb3vSTg-qkPAZg,Gweilo-60,2019-02-27 23:28:50.99365,11013,0
UChXOhG9bRDb3vSTg-qkPAZg,Gweilo-60,2019-02-27 23:27:51.518974,11013,1
UChXOhG9bRDb3vSTg-qkPAZg,Gweilo-60,2019-02-27 23:26:51.155636,11012,0
UChXOhG9bRDb3vSTg-qkPAZg,Gweilo-60,2019-02-27 23:25:51.712798,11012,0
UChXOhG9bRDb3vSTg-qkPAZg,Gweilo-60,2019-02-27 23:24:51.319419,11012,0
UChXOhG9bRDb3vSTg-qkPAZg,Gweilo-60,2019-02-27 23:23:50.71118,11012,0
UChXOhG9bRDb3vSTg-qkPAZg,Gweilo-60,2019-02-27 23:22:51.305366,11012,0
UChXOhG9bRDb3vSTg-qkPAZg,Gweilo-60,2019-02-27 23:21:51.027344,11012,0
UChXOhG9bRDb3vSTg-qkPAZg,Gweilo-60,2019-02-27 23:20:51.178278,11012,0
UChXOhG9bRDb3vSTg-qkPAZg,Gweilo-60,2019-02-27 23:19:51.421161,11012,0
UChXOhG9bRDb3vSTg-qkPAZg,Gweilo-60,2019-02-27 23:18:51.885347,11012,0
UChXOhG9bRDb3vSTg-qkPAZg,Gweilo-60,2019-02-27 23:17:51.225078,11012,0
UChXOhG9bRDb3vSTg-qkPAZg,Gweilo-60,2019-02-27 23:16:51.180943,11012,0
UChXOhG9bRDb3vSTg-qkPAZg,Gweilo-60,2019-02-27 23:15:51.107987,11012,0
UChXOhG9bRDb3vSTg-qkPAZg,Gweilo-60,2019-02-27 23:14:50.811844,11012,0
UChXOhG9bRDb3vSTg-qkPAZg,Gweilo-60,2019-02-27 23:13:50.827046,11012,0
UChXOhG9bRDb3vSTg-qkPAZg,Gweilo-60,2019-02-27 23:12:51.529308,11012,0
UChXOhG9bRDb3vSTg-qkPAZg,Gweilo-60,2019-02-27 23:11:51.252466,11012,0
UChXOhG9bRDb3vSTg-qkPAZg,Gweilo-60,2019-02-27 23:10:51.435891,11012,0
UChXOhG9bRDb3vSTg-qkPAZg,Gweilo-60,2019-02-27 23:09:51.482489,11012,0
UChXOhG9bRDb3vSTg-qkPAZg,Gweilo-60,2019-02-27 23:08:51.474674,11012,0
UChXOhG9bRDb3vSTg-qkPAZg,Gweilo-60,2019-02-27 23:07:50.829046,11012,0
UChXOhG9bRDb3vSTg-qkPAZg,Gweilo-60,2019-02-27 23:06:51.187854,11012,0
UChXOhG9bRDb3vSTg-qkPAZg,Gweilo-60,2019-02-27 23:05:51.204178,11012,0
UChXOhG9bRDb3vSTg-qkPAZg,Gweilo-60,2019-02-27 23:04:51.604276,11012,0
UChXOhG9bRDb3vSTg-qkPAZg,Gweilo-60,2019-02-27 23:03:51.443436,11012,0
UChXOhG9bRDb3vSTg-qkPAZg,Gweilo-60,2019-02-27 23:02:51.625494,11012,0
UChXOhG9bRDb3vSTg-qkPAZg,Gweilo-60,2019-02-27 23:01:50.774183,11012,0
UChXOhG9bRDb3vSTg-qkPAZg,Gweilo-60,2019-02-27 23:00:51.742456,11012,0
UChXOhG9bRDb3vSTg-qkPAZg,Gweilo-60,2019-02-27 22:59:51.015705,11012,0
UChXOhG9bRDb3vSTg-qkPAZg,Gweilo-60,2019-02-27 22:58:51.282719,11012,0
UChXOhG9bRDb3vSTg-qkPAZg,Gweilo-60,2019-02-27 22:57:51.139414,11012,0
UChXOhG9bRDb3vSTg-qkPAZg,Gweilo-60,2019-02-27 22:56:51.73949,11012,0
UChXOhG9bRDb3vSTg-qkPAZg,Gweilo-60,2019-02-27 22:55:51.870779,11012,0
UChXOhG9bRDb3vSTg-qkPAZg,Gweilo-60,2019-02-27 22:54:50.835259,11012,0
UChXOhG9bRDb3vSTg-qkPAZg,Gweilo-60,2019-02-27 22:53:51.357281,11012,0
UChXOhG9bRDb3vSTg-qkPAZg,Gweilo-60,2019-02-27 22:52:51.040202,11012,0
UChXOhG9bRDb3vSTg-qkPAZg,Gweilo-60,2019-02-27 22:51:51.570291,11012,0
UChXOhG9bRDb3vSTg-qkPAZg,Gweilo-60,2019-02-27 22:50:51.459934,11012,0
UChXOhG9bRDb3vSTg-qkPAZg,Gweilo-60,2019-02-27 22:49:52.005625,11012,0
UChXOhG9bRDb3vSTg-qkPAZg,Gweilo-60,2019-02-27 22:48:50.94736,11012,0
UChXOhG9bRDb3vSTg-qkPAZg,Gweilo-60,2019-02-27 22:47:51.712613,11012,0
UChXOhG9bRDb3vSTg-qkPAZg,Gweilo-60,2019-02-27 22:46:51.720379,11012,0
UChXOhG9bRDb3vSTg-qkPAZg,Gweilo-60,2019-02-27 22:45:50.689234,11012,0
UChXOhG9bRDb3vSTg-qkPAZg,Gweilo-60,2019-02-27 22:44:51.151421,11012,0
UChXOhG9bRDb3vSTg-qkPAZg,Gweilo-60,2019-02-27 22:43:51.846686,11012,0
UChXOhG9bRDb3vSTg-qkPAZg,Gweilo-60,2019-02-27 22:42:51.495869,11012,0
UChXOhG9bRDb3vSTg-qkPAZg,Gweilo-60,2019-02-27 22:41:51.782754,11012,0
UChXOhG9bRDb3vSTg-qkPAZg,Gweilo-60,2019-02-27 22:40:51.474833,11012,0
UChXOhG9bRDb3vSTg-qkPAZg,Gweilo-60,2019-02-27 22:39:50.954395,11012,0
UChXOhG9bRDb3vSTg-qkPAZg,Gweilo-60,2019-02-27 22:38:51.12873,11012,0
UChXOhG9bRDb3vSTg-qkPAZg,Gweilo-60,2019-02-27 22:37:50.927445,11012,0
UChXOhG9bRDb3vSTg-qkPAZg,Gweilo-60,2019-02-27 22:36:51.274337,11012,0
UChXOhG9bRDb3vSTg-qkPAZg,Gweilo-60,2019-02-27 22:35:51.364322,11012,0
UChXOhG9bRDb3vSTg-qkPAZg,Gweilo-60,2019-02-27 22:34:51.203993,11012,0
UChXOhG9bRDb3vSTg-qkPAZg,Gweilo-60,2019-02-27 22:33:50.819031,11012,0
UChXOhG9bRDb3vSTg-qkPAZg,Gweilo-60,2019-02-27 22:32:50.799781,11012,0
UChXOhG9bRDb3vSTg-qkPAZg,Gweilo-60,2019-02-27 22:31:51.520102,11012,0
UChXOhG9bRDb3vSTg-qkPAZg,Gweilo-60,2019-02-27 22:30:51.049525,11012,0
UChXOhG9bRDb3vSTg-qkPAZg,Gweilo-60,2019-02-27 22:29:50.799102,11012,0
UChXOhG9bRDb3vSTg-qkPAZg,Gweilo-60,2019-02-27 22:28:51.282046,11012,0
UChXOhG9bRDb3vSTg-qkPAZg,Gweilo-60,2019-02-27 22:27:50.988566,11012,0
UChXOhG9bRDb3vSTg-qkPAZg,Gweilo-60,2019-02-27 22:26:51.758667,11012,0
UChXOhG9bRDb3vSTg-qkPAZg,Gweilo-60,2019-02-27 22:25:50.802885,11012,0
UChXOhG9bRDb3vSTg-qkPAZg,Gweilo-60,2019-02-27 22:24:50.725421,11012,0
UChXOhG9bRDb3vSTg-qkPAZg,Gweilo-60,2019-02-27 22:23:51.499106,11012,0
UChXOhG9bRDb3vSTg-qkPAZg,Gweilo-60,2019-02-27 22:22:51.254239,11012,0
UChXOhG9bRDb3vSTg-qkPAZg,Gweilo-60,2019-02-27 22:21:51.04182,11012,0
UChXOhG9bRDb3vSTg-qkPAZg,Gweilo-60,2019-02-27 22:20:50.905466,11012,0
UChXOhG9bRDb3vSTg-qkPAZg,Gweilo-60,2019-02-27 22:19:50.618366,11012,0
UChXOhG9bRDb3vSTg-qkPAZg,Gweilo-60,2019-02-27 22:18:51.370519,11012,0
UChXOhG9bRDb3vSTg-qkPAZg,Gweilo-60,2019-02-27 22:17:51.12577,11012,0
UChXOhG9bRDb3vSTg-qkPAZg,Gweilo-60,2019-02-27 22:16:51.150345,11012,0
UChXOhG9bRDb3vSTg-qkPAZg,Gweilo-60,2019-02-27 22:15:51.629815,11012,0
UChXOhG9bRDb3vSTg-qkPAZg,Gweilo-60,2019-02-27 22:14:50.950927,11012,0
UChXOhG9bRDb3vSTg-qkPAZg,Gweilo-60,2019-02-27 22:13:51.383511,11012,0
UChXOhG9bRDb3vSTg-qkPAZg,Gweilo-60,2019-02-27 22:12:51.376354,11012,0
UChXOhG9bRDb3vSTg-qkPAZg,Gweilo-60,2019-02-27 22:11:51.201731,11012,0
UChXOhG9bRDb3vSTg-qkPAZg,Gweilo-60,2019-02-27 22:10:51.58176,11012,0
UChXOhG9bRDb3vSTg-qkPAZg,Gweilo-60,2019-02-27 22:09:51.413371,11012,0
UChXOhG9bRDb3vSTg-qkPAZg,Gweilo-60,2019-02-27 22:08:51.31875,11012,0
UChXOhG9bRDb3vSTg-qkPAZg,Gweilo-60,2019-02-27 22:07:51.240224,11012,0
UChXOhG9bRDb3vSTg-qkPAZg,Gweilo-60,2019-02-27 22:06:51.204806,11012,0
UChXOhG9bRDb3vSTg-qkPAZg,Gweilo-60,2019-02-27 22:05:50.796391,11012,0
UChXOhG9bRDb3vSTg-qkPAZg,Gweilo-60,2019-02-27 22:04:51.100644,11012,0
UChXOhG9bRDb3vSTg-qkPAZg,Gweilo-60,2019-02-27 22:03:51.316636,11012,0
UChXOhG9bRDb3vSTg-qkPAZg,Gweilo-60,2019-02-27 22:02:51.259258,11012,0
UChXOhG9bRDb3vSTg-qkPAZg,Gweilo-60,2019-02-27 22:01:51.154063,11012,0
UChXOhG9bRDb3vSTg-qkPAZg,Gweilo-60,2019-02-27 22:00:50.852645,11012,0
UChXOhG9bRDb3vSTg-qkPAZg,Gweilo-60,2019-02-27 21:59:51.384459,11012,0
UChXOhG9bRDb3vSTg-qkPAZg,Gweilo-60,2019-02-27 21:58:50.429083,11012,0
UChXOhG9bRDb3vSTg-qkPAZg,Gweilo-60,2019-02-27 21:57:51.118779,11012,0
UChXOhG9bRDb3vSTg-qkPAZg,Gweilo-60,2019-02-27 21:56:51.405688,11012,0
UChXOhG9bRDb3vSTg-qkPAZg,Gweilo-60,2019-02-27 21:55:51.319864,11012,0
UChXOhG9bRDb3vSTg-qkPAZg,Gweilo-60,2019-02-27 21:54:51.428858,11012,0
UChXOhG9bRDb3vSTg-qkPAZg,Gweilo-60,2019-02-27 21:53:50.940336,11012,0
UChXOhG9bRDb3vSTg-qkPAZg,Gweilo-60,2019-02-27 21:52:51.668558,11012,0
UChXOhG9bRDb3vSTg-qkPAZg,Gweilo-60,2019-02-27 21:51:51.247025,11012,1
UChXOhG9bRDb3vSTg-qkPAZg,Gweilo-60,2019-02-27 21:50:51.021864,11011,0
UChXOhG9bRDb3vSTg-qkPAZg,Gweilo-60,2019-02-27 21:49:52.376866,11011,0
UChXOhG9bRDb3vSTg-qkPAZg,Gweilo-60,2019-02-27 21:48:51.352992,11011,0
UChXOhG9bRDb3vSTg-qkPAZg,Gweilo-60,2019-02-27 21:47:51.476047,11011,0
UChXOhG9bRDb3vSTg-qkPAZg,Gweilo-60,2019-02-27 21:46:51.720178,11011,0
UChXOhG9bRDb3vSTg-qkPAZg,Gweilo-60,2019-02-27 21:45:51.282007,11011,0
UChXOhG9bRDb3vSTg-qkPAZg,Gweilo-60,2019-02-27 21:44:50.900341,11011,0
UChXOhG9bRDb3vSTg-qkPAZg,Gweilo-60,2019-02-27 21:43:50.773727,11011,0
UChXOhG9bRDb3vSTg-qkPAZg,Gweilo-60,2019-02-27 21:42:50.89803,11011,0
UChXOhG9bRDb3vSTg-qkPAZg,Gweilo-60,2019-02-27 21:41:51.374743,11011,0
UChXOhG9bRDb3vSTg-qkPAZg,Gweilo-60,2019-02-27 21:40:51.647559,11011,0
UChXOhG9bRDb3vSTg-qkPAZg,Gweilo-60,2019-02-27 21:39:51.523306,11011,0
UChXOhG9bRDb3vSTg-qkPAZg,Gweilo-60,2019-02-27 21:38:50.973758,11011,0
UChXOhG9bRDb3vSTg-qkPAZg,Gweilo-60,2019-02-27 21:37:51.465208,11011,0
UChXOhG9bRDb3vSTg-qkPAZg,Gweilo-60,2019-02-27 21:36:50.970247,11011,0
UChXOhG9bRDb3vSTg-qkPAZg,Gweilo-60,2019-02-27 21:35:51.030408,11011,0
UChXOhG9bRDb3vSTg-qkPAZg,Gweilo-60,2019-02-27 21:34:50.805463,11011,0
UChXOhG9bRDb3vSTg-qkPAZg,Gweilo-60,2019-02-27 21:33:50.922061,11011,0
UChXOhG9bRDb3vSTg-qkPAZg,Gweilo-60,2019-02-27 21:32:51.333159,11011,0
UChXOhG9bRDb3vSTg-qkPAZg,Gweilo-60,2019-02-27 21:31:51.180601,11011,0
UChXOhG9bRDb3vSTg-qkPAZg,Gweilo-60,2019-02-27 21:30:51.436411,11011,0
UChXOhG9bRDb3vSTg-qkPAZg,Gweilo-60,2019-02-27 21:29:51.317294,11011,0
UChXOhG9bRDb3vSTg-qkPAZg,Gweilo-60,2019-02-27 21:28:51.624385,11011,0
UChXOhG9bRDb3vSTg-qkPAZg,Gweilo-60,2019-02-27 21:27:51.396731,11011,0
UChXOhG9bRDb3vSTg-qkPAZg,Gweilo-60,2019-02-27 21:26:51.259281,11011,0
UChXOhG9bRDb3vSTg-qkPAZg,Gweilo-60,2019-02-27 21:25:51.289187,11011,0
UChXOhG9bRDb3vSTg-qkPAZg,Gweilo-60,2019-02-27 21:24:52.077751,11011,0
UChXOhG9bRDb3vSTg-qkPAZg,Gweilo-60,2019-02-27 21:23:51.484318,11011,0
UChXOhG9bRDb3vSTg-qkPAZg,Gweilo-60,2019-02-27 21:22:50.962484,11011,0
UChXOhG9bRDb3vSTg-qkPAZg,Gweilo-60,2019-02-27 21:21:51.460095,11011,0
UChXOhG9bRDb3vSTg-qkPAZg,Gweilo-60,2019-02-27 21:20:51.556596,11011,0
UChXOhG9bRDb3vSTg-qkPAZg,Gweilo-60,2019-02-27 21:19:51.432257,11011,0
UChXOhG9bRDb3vSTg-qkPAZg,Gweilo-60,2019-02-27 21:18:51.423129,11011,0
UChXOhG9bRDb3vSTg-qkPAZg,Gweilo-60,2019-02-27 21:17:51.157988,11011,0
UChXOhG9bRDb3vSTg-qkPAZg,Gweilo-60,2019-02-27 21:16:51.026005,11011,0
UChXOhG9bRDb3vSTg-qkPAZg,Gweilo-60,2019-02-27 21:15:51.293512,11011,0
UChXOhG9bRDb3vSTg-qkPAZg,Gweilo-60,2019-02-27 21:14:51.199524,11011,0
UChXOhG9bRDb3vSTg-qkPAZg,Gweilo-60,2019-02-27 21:13:50.735567,11011,0
UChXOhG9bRDb3vSTg-qkPAZg,Gweilo-60,2019-02-27 21:12:50.915261,11011,0
UChXOhG9bRDb3vSTg-qkPAZg,Gweilo-60,2019-02-27 21:11:51.42721,11011,0
UChXOhG9bRDb3vSTg-qkPAZg,Gweilo-60,2019-02-27 21:10:50.797683,11011,0
UChXOhG9bRDb3vSTg-qkPAZg,Gweilo-60,2019-02-27 21:09:51.010814,11011,0
UChXOhG9bRDb3vSTg-qkPAZg,Gweilo-60,2019-02-27 21:08:51.314307,11011,0
UChXOhG9bRDb3vSTg-qkPAZg,Gweilo-60,2019-02-27 21:07:51.301581,11011,0
UChXOhG9bRDb3vSTg-qkPAZg,Gweilo-60,2019-02-27 21:06:51.015046,11011,0
UChXOhG9bRDb3vSTg-qkPAZg,Gweilo-60,2019-02-27 21:05:50.951712,11011,0
UChXOhG9bRDb3vSTg-qkPAZg,Gweilo-60,2019-02-27 21:04:51.171226,11011,0
UChXOhG9bRDb3vSTg-qkPAZg,Gweilo-60,2019-02-27 21:03:50.642892,11011,0
UChXOhG9bRDb3vSTg-qkPAZg,Gweilo-60,2019-02-27 21:02:51.062442,11011,0
UChXOhG9bRDb3vSTg-qkPAZg,Gweilo-60,2019-02-27 21:01:50.638326,11011,0
UChXOhG9bRDb3vSTg-qkPAZg,Gweilo-60,2019-02-27 21:00:51.098958,11011,0
UChXOhG9bRDb3vSTg-qkPAZg,Gweilo-60,2019-02-27 20:59:51.181843,11011,0
UChXOhG9bRDb3vSTg-qkPAZg,Gweilo-60,2019-02-27 20:58:51.116547,11011,0
UChXOhG9bRDb3vSTg-qkPAZg,Gweilo-60,2019-02-27 20:57:51.495067,11011,0
UChXOhG9bRDb3vSTg-qkPAZg,Gweilo-60,2019-02-27 20:56:51.401265,11011,0
UChXOhG9bRDb3vSTg-qkPAZg,Gweilo-60,2019-02-27 20:55:51.40234,11011,0
UChXOhG9bRDb3vSTg-qkPAZg,Gweilo-60,2019-02-27 20:54:50.903405,11011,0
UChXOhG9bRDb3vSTg-qkPAZg,Gweilo-60,2019-02-27 20:53:51.379414,11011,0
UChXOhG9bRDb3vSTg-qkPAZg,Gweilo-60,2019-02-27 20:52:51.476319,11011,0
UChXOhG9bRDb3vSTg-qkPAZg,Gweilo-60,2019-02-27 20:51:51.494926,11011,0
UChXOhG9bRDb3vSTg-qkPAZg,Gweilo-60,2019-02-27 20:50:51.267473,11011,0
UChXOhG9bRDb3vSTg-qkPAZg,Gweilo-60,2019-02-27 20:49:51.094331,11011,0
UChXOhG9bRDb3vSTg-qkPAZg,Gweilo-60,2019-02-27 20:48:51.117062,11011,0
UChXOhG9bRDb3vSTg-qkPAZg,Gweilo-60,2019-02-27 20:47:51.363821,11011,0
UChXOhG9bRDb3vSTg-qkPAZg,Gweilo-60,2019-02-27 20:46:51.216459,11011,0
UChXOhG9bRDb3vSTg-qkPAZg,Gweilo-60,2019-02-27 20:45:51.115845,11011,0
UChXOhG9bRDb3vSTg-qkPAZg,Gweilo-60,2019-02-27 20:44:50.89366,11011,0
UChXOhG9bRDb3vSTg-qkPAZg,Gweilo-60,2019-02-27 20:43:51.156419,11011,0
UChXOhG9bRDb3vSTg-qkPAZg,Gweilo-60,2019-02-27 20:42:51.575782,11011,0
UChXOhG9bRDb3vSTg-qkPAZg,Gweilo-60,2019-02-27 20:41:51.546818,11011,1
UChXOhG9bRDb3vSTg-qkPAZg,Gweilo-60,2019-02-27 20:40:51.004054,11010,0
UChXOhG9bRDb3vSTg-qkPAZg,Gweilo-60,2019-02-27 20:39:51.544232,11010,0
UChXOhG9bRDb3vSTg-qkPAZg,Gweilo-60,2019-02-27 20:38:50.836273,11010,0
UChXOhG9bRDb3vSTg-qkPAZg,Gweilo-60,2019-02-27 20:37:51.817591,11010,0
UChXOhG9bRDb3vSTg-qkPAZg,Gweilo-60,2019-02-27 20:36:51.574907,11010,0
UChXOhG9bRDb3vSTg-qkPAZg,Gweilo-60,2019-02-27 20:35:50.888648,11010,0
UChXOhG9bRDb3vSTg-qkPAZg,Gweilo-60,2019-02-27 20:34:51.609714,11010,0
UChXOhG9bRDb3vSTg-qkPAZg,Gweilo-60,2019-02-27 20:33:51.191589,11010,0
UChXOhG9bRDb3vSTg-qkPAZg,Gweilo-60,2019-02-27 20:32:51.427355,11010,0
UChXOhG9bRDb3vSTg-qkPAZg,Gweilo-60,2019-02-27 20:31:50.773655,11010,0
UChXOhG9bRDb3vSTg-qkPAZg,Gweilo-60,2019-02-27 20:30:51.153607,11010,0
UChXOhG9bRDb3vSTg-qkPAZg,Gweilo-60,2019-02-27 20:29:51.619614,11010,0
UChXOhG9bRDb3vSTg-qkPAZg,Gweilo-60,2019-02-27 20:28:50.858131,11010,0
UChXOhG9bRDb3vSTg-qkPAZg,Gweilo-60,2019-02-27 20:27:50.64108,11010,0
UChXOhG9bRDb3vSTg-qkPAZg,Gweilo-60,2019-02-27 20:26:51.110384,11010,0
UChXOhG9bRDb3vSTg-qkPAZg,Gweilo-60,2019-02-27 20:25:51.303379,11010,0
UChXOhG9bRDb3vSTg-qkPAZg,Gweilo-60,2019-02-27 20:24:51.1922,11010,0
UChXOhG9bRDb3vSTg-qkPAZg,Gweilo-60,2019-02-27 20:23:51.22447,11010,0
UChXOhG9bRDb3vSTg-qkPAZg,Gweilo-60,2019-02-27 20:22:50.83586,11010,0
UChXOhG9bRDb3vSTg-qkPAZg,Gweilo-60,2019-02-27 20:21:50.995422,11010,0
UChXOhG9bRDb3vSTg-qkPAZg,Gweilo-60,2019-02-27 20:20:50.890708,11010,0
UChXOhG9bRDb3vSTg-qkPAZg,Gweilo-60,2019-02-27 20:19:51.262631,11010,0
UChXOhG9bRDb3vSTg-qkPAZg,Gweilo-60,2019-02-27 20:18:51.356313,11010,0
UChXOhG9bRDb3vSTg-qkPAZg,Gweilo-60,2019-02-27 20:17:51.242431,11010,0
UChXOhG9bRDb3vSTg-qkPAZg,Gweilo-60,2019-02-27 20:16:50.699598,11010,0
UChXOhG9bRDb3vSTg-qkPAZg,Gweilo-60,2019-02-27 20:15:50.81204,11010,0
UChXOhG9bRDb3vSTg-qkPAZg,Gweilo-60,2019-02-27 20:14:51.210451,11010,0
UChXOhG9bRDb3vSTg-qkPAZg,Gweilo-60,2019-02-27 20:13:51.442801,11010,0
UChXOhG9bRDb3vSTg-qkPAZg,Gweilo-60,2019-02-27 20:12:50.491595,11010,0
UChXOhG9bRDb3vSTg-qkPAZg,Gweilo-60,2019-02-27 20:11:51.255434,11010,0
UChXOhG9bRDb3vSTg-qkPAZg,Gweilo-60,2019-02-27 20:10:51.44111,11010,0
UChXOhG9bRDb3vSTg-qkPAZg,Gweilo-60,2019-02-27 20:09:50.799098,11010,0
UChXOhG9bRDb3vSTg-qkPAZg,Gweilo-60,2019-02-27 20:08:51.42576,11010,0
UChXOhG9bRDb3vSTg-qkPAZg,Gweilo-60,2019-02-27 20:07:51.043203,11010,0
UChXOhG9bRDb3vSTg-qkPAZg,Gweilo-60,2019-02-27 20:06:50.919278,11010,0
UChXOhG9bRDb3vSTg-qkPAZg,Gweilo-60,2019-02-27 20:05:51.686758,11010,0
UChXOhG9bRDb3vSTg-qkPAZg,Gweilo-60,2019-02-27 20:04:49.800188,11010,0
UChXOhG9bRDb3vSTg-qkPAZg,Gweilo-60,2019-02-27 20:03:49.002329,11010,0
UChXOhG9bRDb3vSTg-qkPAZg,Gweilo-60,2019-02-27 20:02:50.187867,11010,0
UChXOhG9bRDb3vSTg-qkPAZg,Gweilo-60,2019-02-27 20:01:49.699494,11010,0
UChXOhG9bRDb3vSTg-qkPAZg,Gweilo-60,2019-02-27 19:59:49.221064,11010,0
UChXOhG9bRDb3vSTg-qkPAZg,Gweilo-60,2019-02-27 19:57:50.512754,11010,0
UChXOhG9bRDb3vSTg-qkPAZg,Gweilo-60,2019-02-27 19:56:51.510159,11010,0
UChXOhG9bRDb3vSTg-qkPAZg,Gweilo-60,2019-02-27 19:55:51.159652,11010,1
UChXOhG9bRDb3vSTg-qkPAZg,Gweilo-60,2019-02-27 19:54:53.512141,11009,0
UChXOhG9bRDb3vSTg-qkPAZg,Gweilo-60,2019-02-27 19:53:50.870336,11009,0
UChXOhG9bRDb3vSTg-qkPAZg,Gweilo-60,2019-02-27 19:52:51.336225,11009,0
UChXOhG9bRDb3vSTg-qkPAZg,Gweilo-60,2019-02-27 19:51:51.391619,11009,0
UChXOhG9bRDb3vSTg-qkPAZg,Gweilo-60,2019-02-27 19:50:51.111261,11009,0
UChXOhG9bRDb3vSTg-qkPAZg,Gweilo-60,2019-02-27 19:49:50.842966,11009,0
UChXOhG9bRDb3vSTg-qkPAZg,Gweilo-60,2019-02-27 19:48:49.913486,11009,0
UChXOhG9bRDb3vSTg-qkPAZg,Gweilo-60,2019-02-27 19:47:50.616095,11009,0
UChXOhG9bRDb3vSTg-qkPAZg,Gweilo-60,2019-02-27 19:46:49.762674,11009,0
UChXOhG9bRDb3vSTg-qkPAZg,Gweilo-60,2019-02-27 19:44:50.151235,11009,0
UChXOhG9bRDb3vSTg-qkPAZg,Gweilo-60,2019-02-27 19:43:51.103741,11009,0
UChXOhG9bRDb3vSTg-qkPAZg,Gweilo-60,2019-02-27 19:42:51.227046,11009,0
UChXOhG9bRDb3vSTg-qkPAZg,Gweilo-60,2019-02-27 19:41:51.140562,11009,0
UChXOhG9bRDb3vSTg-qkPAZg,Gweilo-60,2019-02-27 19:40:50.689501,11009,0
UChXOhG9bRDb3vSTg-qkPAZg,Gweilo-60,2019-02-27 19:39:51.263709,11009,0
UChXOhG9bRDb3vSTg-qkPAZg,Gweilo-60,2019-02-27 19:38:51.308292,11009,0
UChXOhG9bRDb3vSTg-qkPAZg,Gweilo-60,2019-02-27 19:36:50.067993,11009,0
UChXOhG9bRDb3vSTg-qkPAZg,Gweilo-60,2019-02-27 19:35:49.422943,11009,0
UChXOhG9bRDb3vSTg-qkPAZg,Gweilo-60,2019-02-27 19:34:51.013075,11009,0
UChXOhG9bRDb3vSTg-qkPAZg,Gweilo-60,2019-02-27 19:33:50.778615,11009,0
UChXOhG9bRDb3vSTg-qkPAZg,Gweilo-60,2019-02-27 19:32:50.092444,11009,0
UChXOhG9bRDb3vSTg-qkPAZg,Gweilo-60,2019-02-27 19:31:49.200536,11009,0
UChXOhG9bRDb3vSTg-qkPAZg,Gweilo-60,2019-02-27 19:29:50.792975,11009,0
UChXOhG9bRDb3vSTg-qkPAZg,Gweilo-60,2019-02-27 19:28:51.226336,11009,0
UChXOhG9bRDb3vSTg-qkPAZg,Gweilo-60,2019-02-27 19:27:50.815089,11009,0
UChXOhG9bRDb3vSTg-qkPAZg,Gweilo-60,2019-02-27 19:26:50.471398,11009,0
UChXOhG9bRDb3vSTg-qkPAZg,Gweilo-60,2019-02-27 19:25:51.37579,11009,0
UChXOhG9bRDb3vSTg-qkPAZg,Gweilo-60,2019-02-27 19:24:51.223038,11009,0
UChXOhG9bRDb3vSTg-qkPAZg,Gweilo-60,2019-02-27 19:23:51.659508,11009,0
UChXOhG9bRDb3vSTg-qkPAZg,Gweilo-60,2019-02-27 19:22:50.742814,11009,0
UChXOhG9bRDb3vSTg-qkPAZg,Gweilo-60,2019-02-27 19:21:50.782078,11009,0
UChXOhG9bRDb3vSTg-qkPAZg,Gweilo-60,2019-02-27 19:20:50.95949,11009,0
UChXOhG9bRDb3vSTg-qkPAZg,Gweilo-60,2019-02-27 19:19:51.133929,11009,0
UChXOhG9bRDb3vSTg-qkPAZg,Gweilo-60,2019-02-27 19:18:51.085422,11009,0
UChXOhG9bRDb3vSTg-qkPAZg,Gweilo-60,2019-02-27 19:17:51.195352,11009,0
UChXOhG9bRDb3vSTg-qkPAZg,Gweilo-60,2019-02-27 19:16:50.934981,11009,0
UChXOhG9bRDb3vSTg-qkPAZg,Gweilo-60,2019-02-27 19:15:51.035005,11009,1
UChXOhG9bRDb3vSTg-qkPAZg,Gweilo-60,2019-02-27 19:14:50.97222,11008,0
UChXOhG9bRDb3vSTg-qkPAZg,Gweilo-60,2019-02-27 19:13:51.113437,11008,0
UChXOhG9bRDb3vSTg-qkPAZg,Gweilo-60,2019-02-27 19:12:50.840582,11008,0
UChXOhG9bRDb3vSTg-qkPAZg,Gweilo-60,2019-02-27 19:11:50.747304,11008,0
UChXOhG9bRDb3vSTg-qkPAZg,Gweilo-60,2019-02-27 19:10:51.021655,11008,0
UChXOhG9bRDb3vSTg-qkPAZg,Gweilo-60,2019-02-27 19:09:50.936789,11008,0
UChXOhG9bRDb3vSTg-qkPAZg,Gweilo-60,2019-02-27 19:08:50.907055,11008,0
UChXOhG9bRDb3vSTg-qkPAZg,Gweilo-60,2019-02-27 19:07:51.748399,11008,0
UChXOhG9bRDb3vSTg-qkPAZg,Gweilo-60,2019-02-27 19:06:50.689944,11008,0
UChXOhG9bRDb3vSTg-qkPAZg,Gweilo-60,2019-02-27 19:05:51.246352,11008,0
UChXOhG9bRDb3vSTg-qkPAZg,Gweilo-60,2019-02-27 19:04:51.143329,11008,0
UChXOhG9bRDb3vSTg-qkPAZg,Gweilo-60,2019-02-27 19:03:50.612066,11008,0
UChXOhG9bRDb3vSTg-qkPAZg,Gweilo-60,2019-02-27 19:02:50.697888,11008,0
UChXOhG9bRDb3vSTg-qkPAZg,Gweilo-60,2019-02-27 19:01:50.77941,11008,0
UChXOhG9bRDb3vSTg-qkPAZg,Gweilo-60,2019-02-27 19:00:50.927046,11008,0
UChXOhG9bRDb3vSTg-qkPAZg,Gweilo-60,2019-02-27 18:59:50.633122,11008,0
UChXOhG9bRDb3vSTg-qkPAZg,Gweilo-60,2019-02-27 18:58:50.891316,11008,0
UChXOhG9bRDb3vSTg-qkPAZg,Gweilo-60,2019-02-27 18:57:51.08583,11008,0
UChXOhG9bRDb3vSTg-qkPAZg,Gweilo-60,2019-02-27 18:56:50.721272,11008,0
UChXOhG9bRDb3vSTg-qkPAZg,Gweilo-60,2019-02-27 18:55:50.696715,11008,0
UChXOhG9bRDb3vSTg-qkPAZg,Gweilo-60,2019-02-27 18:54:51.12399,11008,0
UChXOhG9bRDb3vSTg-qkPAZg,Gweilo-60,2019-02-27 18:53:50.813423,11008,0
UChXOhG9bRDb3vSTg-qkPAZg,Gweilo-60,2019-02-27 18:52:51.317508,11008,0
UChXOhG9bRDb3vSTg-qkPAZg,Gweilo-60,2019-02-27 18:51:51.057344,11008,0
UChXOhG9bRDb3vSTg-qkPAZg,Gweilo-60,2019-02-27 18:50:51.275617,11008,0
UChXOhG9bRDb3vSTg-qkPAZg,Gweilo-60,2019-02-27 18:49:51.198106,11008,0
UChXOhG9bRDb3vSTg-qkPAZg,Gweilo-60,2019-02-27 18:48:50.801515,11008,0
UChXOhG9bRDb3vSTg-qkPAZg,Gweilo-60,2019-02-27 18:47:50.589182,11008,0
UChXOhG9bRDb3vSTg-qkPAZg,Gweilo-60,2019-02-27 18:46:51.160145,11008,0
UChXOhG9bRDb3vSTg-qkPAZg,Gweilo-60,2019-02-27 18:45:51.180455,11008,0
UChXOhG9bRDb3vSTg-qkPAZg,Gweilo-60,2019-02-27 18:44:50.896551,11008,0
UChXOhG9bRDb3vSTg-qkPAZg,Gweilo-60,2019-02-27 18:43:50.727592,11008,0
UChXOhG9bRDb3vSTg-qkPAZg,Gweilo-60,2019-02-27 18:42:50.796271,11008,0
UChXOhG9bRDb3vSTg-qkPAZg,Gweilo-60,2019-02-27 18:41:51.316659,11008,0
UChXOhG9bRDb3vSTg-qkPAZg,Gweilo-60,2019-02-27 18:40:51.137904,11008,0
UChXOhG9bRDb3vSTg-qkPAZg,Gweilo-60,2019-02-27 18:39:50.706191,11008,0
UChXOhG9bRDb3vSTg-qkPAZg,Gweilo-60,2019-02-27 18:38:51.115277,11008,0
UChXOhG9bRDb3vSTg-qkPAZg,Gweilo-60,2019-02-27 18:37:51.003744,11008,0
UChXOhG9bRDb3vSTg-qkPAZg,Gweilo-60,2019-02-27 18:36:50.920763,11008,0
UChXOhG9bRDb3vSTg-qkPAZg,Gweilo-60,2019-02-27 18:35:51.289312,11008,0
UChXOhG9bRDb3vSTg-qkPAZg,Gweilo-60,2019-02-27 18:34:51.514036,11008,0
UChXOhG9bRDb3vSTg-qkPAZg,Gweilo-60,2019-02-27 18:33:50.939224,11008,0
UChXOhG9bRDb3vSTg-qkPAZg,Gweilo-60,2019-02-27 18:32:52.531919,11008,0
UChXOhG9bRDb3vSTg-qkPAZg,Gweilo-60,2019-02-27 18:31:51.14569,11008,0
UChXOhG9bRDb3vSTg-qkPAZg,Gweilo-60,2019-02-27 18:30:52.107371,11008,0
UChXOhG9bRDb3vSTg-qkPAZg,Gweilo-60,2019-02-27 18:29:50.986523,11008,0
UChXOhG9bRDb3vSTg-qkPAZg,Gweilo-60,2019-02-27 18:28:50.792181,11008,0
UChXOhG9bRDb3vSTg-qkPAZg,Gweilo-60,2019-02-27 18:27:50.802403,11008,0
UChXOhG9bRDb3vSTg-qkPAZg,Gweilo-60,2019-02-27 18:26:50.994892,11008,0
UChXOhG9bRDb3vSTg-qkPAZg,Gweilo-60,2019-02-27 18:25:51.065115,11008,0
UChXOhG9bRDb3vSTg-qkPAZg,Gweilo-60,2019-02-27 18:24:50.943453,11008,0
UChXOhG9bRDb3vSTg-qkPAZg,Gweilo-60,2019-02-27 18:23:51.075264,11008,0
UChXOhG9bRDb3vSTg-qkPAZg,Gweilo-60,2019-02-27 18:22:51.367867,11008,1
UChXOhG9bRDb3vSTg-qkPAZg,Gweilo-60,2019-02-27 18:21:50.930004,11007,0
UChXOhG9bRDb3vSTg-qkPAZg,Gweilo-60,2019-02-27 18:20:51.609058,11007,0
UChXOhG9bRDb3vSTg-qkPAZg,Gweilo-60,2019-02-27 18:19:50.869046,11007,0
UChXOhG9bRDb3vSTg-qkPAZg,Gweilo-60,2019-02-27 18:18:51.632311,11007,0
UChXOhG9bRDb3vSTg-qkPAZg,Gweilo-60,2019-02-27 18:17:50.512214,11007,0
UChXOhG9bRDb3vSTg-qkPAZg,Gweilo-60,2019-02-27 18:16:51.26655,11007,0
UChXOhG9bRDb3vSTg-qkPAZg,Gweilo-60,2019-02-27 18:15:50.501078,11007,0
UChXOhG9bRDb3vSTg-qkPAZg,Gweilo-60,2019-02-27 18:14:50.988518,11007,0
UChXOhG9bRDb3vSTg-qkPAZg,Gweilo-60,2019-02-27 18:13:50.978511,11007,0
UChXOhG9bRDb3vSTg-qkPAZg,Gweilo-60,2019-02-27 18:12:50.825422,11007,0
UChXOhG9bRDb3vSTg-qkPAZg,Gweilo-60,2019-02-27 18:11:51.322383,11007,0
UChXOhG9bRDb3vSTg-qkPAZg,Gweilo-60,2019-02-27 18:10:50.885692,11007,0
UChXOhG9bRDb3vSTg-qkPAZg,Gweilo-60,2019-02-27 18:09:50.684428,11007,0
UChXOhG9bRDb3vSTg-qkPAZg,Gweilo-60,2019-02-27 18:08:51.008182,11007,0
UChXOhG9bRDb3vSTg-qkPAZg,Gweilo-60,2019-02-27 18:07:51.536519,11007,0
UChXOhG9bRDb3vSTg-qkPAZg,Gweilo-60,2019-02-27 18:06:50.977363,11007,0
UChXOhG9bRDb3vSTg-qkPAZg,Gweilo-60,2019-02-27 18:05:50.703221,11007,0
UChXOhG9bRDb3vSTg-qkPAZg,Gweilo-60,2019-02-27 18:04:50.808164,11007,0
UChXOhG9bRDb3vSTg-qkPAZg,Gweilo-60,2019-02-27 18:03:50.824519,11007,0
UChXOhG9bRDb3vSTg-qkPAZg,Gweilo-60,2019-02-27 18:02:50.999418,11007,0
UChXOhG9bRDb3vSTg-qkPAZg,Gweilo-60,2019-02-27 18:01:51.149609,11007,0
UChXOhG9bRDb3vSTg-qkPAZg,Gweilo-60,2019-02-27 18:00:51.144022,11007,0
UChXOhG9bRDb3vSTg-qkPAZg,Gweilo-60,2019-02-27 17:59:51.119028,11007,0
UChXOhG9bRDb3vSTg-qkPAZg,Gweilo-60,2019-02-27 17:58:51.289513,11007,0
UChXOhG9bRDb3vSTg-qkPAZg,Gweilo-60,2019-02-27 17:57:51.204247,11007,0
UChXOhG9bRDb3vSTg-qkPAZg,Gweilo-60,2019-02-27 17:56:51.696128,11007,0
UChXOhG9bRDb3vSTg-qkPAZg,Gweilo-60,2019-02-27 17:55:51.040101,11007,0
UChXOhG9bRDb3vSTg-qkPAZg,Gweilo-60,2019-02-27 17:54:50.692851,11007,0
UChXOhG9bRDb3vSTg-qkPAZg,Gweilo-60,2019-02-27 17:53:51.059327,11007,0
UChXOhG9bRDb3vSTg-qkPAZg,Gweilo-60,2019-02-27 17:52:51.444263,11007,0
UChXOhG9bRDb3vSTg-qkPAZg,Gweilo-60,2019-02-27 17:51:51.357957,11007,0
UChXOhG9bRDb3vSTg-qkPAZg,Gweilo-60,2019-02-27 17:50:51.318327,11007,0
UChXOhG9bRDb3vSTg-qkPAZg,Gweilo-60,2019-02-27 17:49:50.765243,11007,0
UChXOhG9bRDb3vSTg-qkPAZg,Gweilo-60,2019-02-27 17:48:51.565688,11007,0
UChXOhG9bRDb3vSTg-qkPAZg,Gweilo-60,2019-02-27 17:47:51.667128,11007,0
UChXOhG9bRDb3vSTg-qkPAZg,Gweilo-60,2019-02-27 17:46:51.14316,11007,0
UChXOhG9bRDb3vSTg-qkPAZg,Gweilo-60,2019-02-27 17:45:50.678819,11007,0
UChXOhG9bRDb3vSTg-qkPAZg,Gweilo-60,2019-02-27 17:44:50.325755,11007,1
UChXOhG9bRDb3vSTg-qkPAZg,Gweilo-60,2019-02-27 17:43:50.634045,11006,0
UChXOhG9bRDb3vSTg-qkPAZg,Gweilo-60,2019-02-27 17:42:51.217747,11006,0
UChXOhG9bRDb3vSTg-qkPAZg,Gweilo-60,2019-02-27 17:41:50.94351,11006,0
UChXOhG9bRDb3vSTg-qkPAZg,Gweilo-60,2019-02-27 17:40:51.253209,11006,0
UChXOhG9bRDb3vSTg-qkPAZg,Gweilo-60,2019-02-27 17:39:50.765804,11006,0
UChXOhG9bRDb3vSTg-qkPAZg,Gweilo-60,2019-02-27 17:38:51.015683,11006,1
UChXOhG9bRDb3vSTg-qkPAZg,Gweilo-60,2019-02-27 17:37:51.922683,11005,0
UChXOhG9bRDb3vSTg-qkPAZg,Gweilo-60,2019-02-27 17:36:50.900579,11005,0
UChXOhG9bRDb3vSTg-qkPAZg,Gweilo-60,2019-02-27 17:35:51.306922,11005,0
UChXOhG9bRDb3vSTg-qkPAZg,Gweilo-60,2019-02-27 17:34:50.727524,11005,0
UChXOhG9bRDb3vSTg-qkPAZg,Gweilo-60,2019-02-27 17:33:50.888502,11005,0
UChXOhG9bRDb3vSTg-qkPAZg,Gweilo-60,2019-02-27 17:32:51.891306,11005,0
UChXOhG9bRDb3vSTg-qkPAZg,Gweilo-60,2019-02-27 17:31:51.15848,11005,0
UChXOhG9bRDb3vSTg-qkPAZg,Gweilo-60,2019-02-27 17:30:51.159713,11005,0
UChXOhG9bRDb3vSTg-qkPAZg,Gweilo-60,2019-02-27 17:29:51.002815,11005,0
UChXOhG9bRDb3vSTg-qkPAZg,Gweilo-60,2019-02-27 17:28:51.117649,11005,0
UChXOhG9bRDb3vSTg-qkPAZg,Gweilo-60,2019-02-27 17:27:50.858843,11005,0
UChXOhG9bRDb3vSTg-qkPAZg,Gweilo-60,2019-02-27 17:26:51.248668,11005,0
UChXOhG9bRDb3vSTg-qkPAZg,Gweilo-60,2019-02-27 17:25:51.255753,11005,0
UChXOhG9bRDb3vSTg-qkPAZg,Gweilo-60,2019-02-27 17:24:50.744079,11005,0
UChXOhG9bRDb3vSTg-qkPAZg,Gweilo-60,2019-02-27 17:23:51.551196,11005,0
UChXOhG9bRDb3vSTg-qkPAZg,Gweilo-60,2019-02-27 17:22:51.02491,11005,0
UChXOhG9bRDb3vSTg-qkPAZg,Gweilo-60,2019-02-27 17:21:50.940911,11005,0
UChXOhG9bRDb3vSTg-qkPAZg,Gweilo-60,2019-02-27 17:20:51.158336,11005,0
UChXOhG9bRDb3vSTg-qkPAZg,Gweilo-60,2019-02-27 17:19:50.69127,11005,0
UChXOhG9bRDb3vSTg-qkPAZg,Gweilo-60,2019-02-27 17:18:51.312856,11005,0
UChXOhG9bRDb3vSTg-qkPAZg,Gweilo-60,2019-02-27 17:17:50.827273,11005,0
UChXOhG9bRDb3vSTg-qkPAZg,Gweilo-60,2019-02-27 17:16:51.204853,11005,0
UChXOhG9bRDb3vSTg-qkPAZg,Gweilo-60,2019-02-27 17:15:50.651352,11005,0
UChXOhG9bRDb3vSTg-qkPAZg,Gweilo-60,2019-02-27 17:14:50.718161,11005,0
UChXOhG9bRDb3vSTg-qkPAZg,Gweilo-60,2019-02-27 17:13:52.451851,11005,0
UChXOhG9bRDb3vSTg-qkPAZg,Gweilo-60,2019-02-27 17:12:52.17238,11005,0
UChXOhG9bRDb3vSTg-qkPAZg,Gweilo-60,2019-02-27 17:11:51.079725,11005,0
UChXOhG9bRDb3vSTg-qkPAZg,Gweilo-60,2019-02-27 17:10:51.158827,11005,0
UChXOhG9bRDb3vSTg-qkPAZg,Gweilo-60,2019-02-27 17:09:51.103343,11005,0
UChXOhG9bRDb3vSTg-qkPAZg,Gweilo-60,2019-02-27 17:08:51.277178,11005,0
UChXOhG9bRDb3vSTg-qkPAZg,Gweilo-60,2019-02-27 17:07:50.737671,11005,0
UChXOhG9bRDb3vSTg-qkPAZg,Gweilo-60,2019-02-27 17:06:51.534322,11005,0
UChXOhG9bRDb3vSTg-qkPAZg,Gweilo-60,2019-02-27 17:05:50.923242,11005,0
UChXOhG9bRDb3vSTg-qkPAZg,Gweilo-60,2019-02-27 17:04:51.308006,11005,0
UChXOhG9bRDb3vSTg-qkPAZg,Gweilo-60,2019-02-27 17:03:51.178593,11005,0
UChXOhG9bRDb3vSTg-qkPAZg,Gweilo-60,2019-02-27 17:02:51.232222,11005,0
UChXOhG9bRDb3vSTg-qkPAZg,Gweilo-60,2019-02-27 17:01:51.236432,11005,0
UChXOhG9bRDb3vSTg-qkPAZg,Gweilo-60,2019-02-27 17:00:50.903617,11005,0
UChXOhG9bRDb3vSTg-qkPAZg,Gweilo-60,2019-02-27 16:59:50.876117,11005,0
UChXOhG9bRDb3vSTg-qkPAZg,Gweilo-60,2019-02-27 16:58:51.503795,11005,0
UChXOhG9bRDb3vSTg-qkPAZg,Gweilo-60,2019-02-27 16:57:51.453293,11005,0
UChXOhG9bRDb3vSTg-qkPAZg,Gweilo-60,2019-02-27 16:56:51.507472,11005,0
UChXOhG9bRDb3vSTg-qkPAZg,Gweilo-60,2019-02-27 16:55:51.592014,11005,0
UChXOhG9bRDb3vSTg-qkPAZg,Gweilo-60,2019-02-27 16:54:50.991375,11005,0
UChXOhG9bRDb3vSTg-qkPAZg,Gweilo-60,2019-02-27 16:53:51.194356,11005,0
UChXOhG9bRDb3vSTg-qkPAZg,Gweilo-60,2019-02-27 16:52:51.498152,11005,0
UChXOhG9bRDb3vSTg-qkPAZg,Gweilo-60,2019-02-27 16:51:51.000804,11005,0
UChXOhG9bRDb3vSTg-qkPAZg,Gweilo-60,2019-02-27 16:50:51.521583,11005,0
UChXOhG9bRDb3vSTg-qkPAZg,Gweilo-60,2019-02-27 16:49:50.893992,11005,0
UChXOhG9bRDb3vSTg-qkPAZg,Gweilo-60,2019-02-27 16:48:50.861883,11005,0
UChXOhG9bRDb3vSTg-qkPAZg,Gweilo-60,2019-02-27 16:47:54.788295,11005,1
UChXOhG9bRDb3vSTg-qkPAZg,Gweilo-60,2019-02-27 16:46:51.375602,11004,0
UChXOhG9bRDb3vSTg-qkPAZg,Gweilo-60,2019-02-27 16:45:51.347824,11004,0
UChXOhG9bRDb3vSTg-qkPAZg,Gweilo-60,2019-02-27 16:44:50.799295,11004,0
UChXOhG9bRDb3vSTg-qkPAZg,Gweilo-60,2019-02-27 16:43:50.820208,11004,0
UChXOhG9bRDb3vSTg-qkPAZg,Gweilo-60,2019-02-27 16:42:51.355689,11004,0
UChXOhG9bRDb3vSTg-qkPAZg,Gweilo-60,2019-02-27 16:41:50.742627,11004,0
UChXOhG9bRDb3vSTg-qkPAZg,Gweilo-60,2019-02-27 16:40:51.208207,11004,0
UChXOhG9bRDb3vSTg-qkPAZg,Gweilo-60,2019-02-27 16:39:50.858706,11004,0
UChXOhG9bRDb3vSTg-qkPAZg,Gweilo-60,2019-02-27 16:38:51.078871,11004,0
UChXOhG9bRDb3vSTg-qkPAZg,Gweilo-60,2019-02-27 16:37:51.403885,11004,0
UChXOhG9bRDb3vSTg-qkPAZg,Gweilo-60,2019-02-27 16:36:50.77444,11004,0
UChXOhG9bRDb3vSTg-qkPAZg,Gweilo-60,2019-02-27 16:35:51.904305,11004,0
UChXOhG9bRDb3vSTg-qkPAZg,Gweilo-60,2019-02-27 16:34:51.337318,11004,0
UChXOhG9bRDb3vSTg-qkPAZg,Gweilo-60,2019-02-27 16:33:51.172392,11004,0
UChXOhG9bRDb3vSTg-qkPAZg,Gweilo-60,2019-02-27 16:32:51.091102,11004,0
UChXOhG9bRDb3vSTg-qkPAZg,Gweilo-60,2019-02-27 16:31:50.901461,11004,0
UChXOhG9bRDb3vSTg-qkPAZg,Gweilo-60,2019-02-27 16:30:50.778453,11004,0
UChXOhG9bRDb3vSTg-qkPAZg,Gweilo-60,2019-02-27 16:29:51.441148,11004,0
UChXOhG9bRDb3vSTg-qkPAZg,Gweilo-60,2019-02-27 16:28:50.939582,11004,0
UChXOhG9bRDb3vSTg-qkPAZg,Gweilo-60,2019-02-27 16:27:50.990412,11004,0
UChXOhG9bRDb3vSTg-qkPAZg,Gweilo-60,2019-02-27 16:26:51.252077,11004,0
UChXOhG9bRDb3vSTg-qkPAZg,Gweilo-60,2019-02-27 16:25:51.134363,11004,0
UChXOhG9bRDb3vSTg-qkPAZg,Gweilo-60,2019-02-27 16:24:51.076763,11004,0
UChXOhG9bRDb3vSTg-qkPAZg,Gweilo-60,2019-02-27 16:23:51.092161,11004,0
UChXOhG9bRDb3vSTg-qkPAZg,Gweilo-60,2019-02-27 16:22:51.018768,11004,0
UChXOhG9bRDb3vSTg-qkPAZg,Gweilo-60,2019-02-27 16:21:51.503526,11004,0
UChXOhG9bRDb3vSTg-qkPAZg,Gweilo-60,2019-02-27 16:20:51.137504,11004,0
UChXOhG9bRDb3vSTg-qkPAZg,Gweilo-60,2019-02-27 16:19:50.983863,11004,0
UChXOhG9bRDb3vSTg-qkPAZg,Gweilo-60,2019-02-27 16:18:50.939018,11004,0
UChXOhG9bRDb3vSTg-qkPAZg,Gweilo-60,2019-02-27 16:17:50.701752,11004,0
UChXOhG9bRDb3vSTg-qkPAZg,Gweilo-60,2019-02-27 16:16:50.992792,11004,0
UChXOhG9bRDb3vSTg-qkPAZg,Gweilo-60,2019-02-27 16:15:51.140665,11004,0
UChXOhG9bRDb3vSTg-qkPAZg,Gweilo-60,2019-02-27 16:14:50.740412,11004,0
UChXOhG9bRDb3vSTg-qkPAZg,Gweilo-60,2019-02-27 16:13:51.438424,11004,0
UChXOhG9bRDb3vSTg-qkPAZg,Gweilo-60,2019-02-27 16:12:51.232891,11004,0
UChXOhG9bRDb3vSTg-qkPAZg,Gweilo-60,2019-02-27 16:11:51.219086,11004,0
UChXOhG9bRDb3vSTg-qkPAZg,Gweilo-60,2019-02-27 16:10:51.02237,11004,0
UChXOhG9bRDb3vSTg-qkPAZg,Gweilo-60,2019-02-27 16:09:50.839896,11004,0
UChXOhG9bRDb3vSTg-qkPAZg,Gweilo-60,2019-02-27 16:08:51.148279,11004,0
UChXOhG9bRDb3vSTg-qkPAZg,Gweilo-60,2019-02-27 16:07:51.076405,11004,0
UChXOhG9bRDb3vSTg-qkPAZg,Gweilo-60,2019-02-27 16:06:51.032481,11004,0
UChXOhG9bRDb3vSTg-qkPAZg,Gweilo-60,2019-02-27 16:05:50.805111,11004,0
UChXOhG9bRDb3vSTg-qkPAZg,Gweilo-60,2019-02-27 16:04:51.09122,11004,0
UChXOhG9bRDb3vSTg-qkPAZg,Gweilo-60,2019-02-27 16:03:51.15669,11004,0
UChXOhG9bRDb3vSTg-qkPAZg,Gweilo-60,2019-02-27 16:02:50.846135,11004,0
UChXOhG9bRDb3vSTg-qkPAZg,Gweilo-60,2019-02-27 16:01:51.036594,11004,0
UChXOhG9bRDb3vSTg-qkPAZg,Gweilo-60,2019-02-27 16:00:50.830864,11004,0
UChXOhG9bRDb3vSTg-qkPAZg,Gweilo-60,2019-02-27 15:59:51.239631,11004,0
UChXOhG9bRDb3vSTg-qkPAZg,Gweilo-60,2019-02-27 15:58:51.262102,11004,0
UChXOhG9bRDb3vSTg-qkPAZg,Gweilo-60,2019-02-27 15:57:51.469571,11004,0
UChXOhG9bRDb3vSTg-qkPAZg,Gweilo-60,2019-02-27 15:56:52.040512,11004,0
UChXOhG9bRDb3vSTg-qkPAZg,Gweilo-60,2019-02-27 15:55:51.013399,11004,0
UChXOhG9bRDb3vSTg-qkPAZg,Gweilo-60,2019-02-27 15:54:50.743993,11004,0
UChXOhG9bRDb3vSTg-qkPAZg,Gweilo-60,2019-02-27 15:53:50.755791,11004,0
UChXOhG9bRDb3vSTg-qkPAZg,Gweilo-60,2019-02-27 15:52:52.358429,11004,0
UChXOhG9bRDb3vSTg-qkPAZg,Gweilo-60,2019-02-27 15:51:50.579919,11004,0
UChXOhG9bRDb3vSTg-qkPAZg,Gweilo-60,2019-02-27 15:50:50.470611,11004,0
UChXOhG9bRDb3vSTg-qkPAZg,Gweilo-60,2019-02-27 15:49:51.866694,11004,0
UChXOhG9bRDb3vSTg-qkPAZg,Gweilo-60,2019-02-27 15:48:50.980816,11004,0
UChXOhG9bRDb3vSTg-qkPAZg,Gweilo-60,2019-02-27 15:47:50.514289,11004,0
UChXOhG9bRDb3vSTg-qkPAZg,Gweilo-60,2019-02-27 15:46:51.264692,11004,0
UChXOhG9bRDb3vSTg-qkPAZg,Gweilo-60,2019-02-27 15:45:51.175292,11004,0
UChXOhG9bRDb3vSTg-qkPAZg,Gweilo-60,2019-02-27 15:44:50.50386,11004,0
UChXOhG9bRDb3vSTg-qkPAZg,Gweilo-60,2019-02-27 15:43:51.101213,11004,0
UChXOhG9bRDb3vSTg-qkPAZg,Gweilo-60,2019-02-27 15:42:50.801616,11004,0
UChXOhG9bRDb3vSTg-qkPAZg,Gweilo-60,2019-02-27 15:41:50.827525,11004,0
UChXOhG9bRDb3vSTg-qkPAZg,Gweilo-60,2019-02-27 15:40:51.144825,11004,0
UChXOhG9bRDb3vSTg-qkPAZg,Gweilo-60,2019-02-27 15:39:52.453825,11004,0
UChXOhG9bRDb3vSTg-qkPAZg,Gweilo-60,2019-02-27 15:38:50.857098,11004,0
UChXOhG9bRDb3vSTg-qkPAZg,Gweilo-60,2019-02-27 15:37:51.284355,11004,0
UChXOhG9bRDb3vSTg-qkPAZg,Gweilo-60,2019-02-27 15:36:51.620146,11004,0
UChXOhG9bRDb3vSTg-qkPAZg,Gweilo-60,2019-02-27 15:35:51.180323,11004,0
UChXOhG9bRDb3vSTg-qkPAZg,Gweilo-60,2019-02-27 15:34:50.664604,11004,0
UChXOhG9bRDb3vSTg-qkPAZg,Gweilo-60,2019-02-27 15:33:50.967438,11004,0
UChXOhG9bRDb3vSTg-qkPAZg,Gweilo-60,2019-02-27 15:32:51.409746,11004,0
UChXOhG9bRDb3vSTg-qkPAZg,Gweilo-60,2019-02-27 15:31:51.524779,11004,0
UChXOhG9bRDb3vSTg-qkPAZg,Gweilo-60,2019-02-27 15:30:52.50249,11004,0
UChXOhG9bRDb3vSTg-qkPAZg,Gweilo-60,2019-02-27 15:29:52.05238,11004,0
UChXOhG9bRDb3vSTg-qkPAZg,Gweilo-60,2019-02-27 15:28:51.258011,11004,0
UChXOhG9bRDb3vSTg-qkPAZg,Gweilo-60,2019-02-27 15:27:51.253099,11004,0
UChXOhG9bRDb3vSTg-qkPAZg,Gweilo-60,2019-02-27 15:26:50.957088,11004,0
UChXOhG9bRDb3vSTg-qkPAZg,Gweilo-60,2019-02-27 15:25:51.059238,11004,0
UChXOhG9bRDb3vSTg-qkPAZg,Gweilo-60,2019-02-27 15:24:51.185735,11004,0
UChXOhG9bRDb3vSTg-qkPAZg,Gweilo-60,2019-02-27 15:23:51.217639,11004,1
UChXOhG9bRDb3vSTg-qkPAZg,Gweilo-60,2019-02-27 15:22:51.34248,11003,0
UChXOhG9bRDb3vSTg-qkPAZg,Gweilo-60,2019-02-27 15:21:51.43522,11003,0
UChXOhG9bRDb3vSTg-qkPAZg,Gweilo-60,2019-02-27 15:20:50.940129,11003,0
UChXOhG9bRDb3vSTg-qkPAZg,Gweilo-60,2019-02-27 15:19:51.359998,11003,0
UChXOhG9bRDb3vSTg-qkPAZg,Gweilo-60,2019-02-27 15:18:54.384751,11003,0
UChXOhG9bRDb3vSTg-qkPAZg,Gweilo-60,2019-02-27 15:17:51.183027,11003,0
UChXOhG9bRDb3vSTg-qkPAZg,Gweilo-60,2019-02-27 15:16:51.061435,11003,0
UChXOhG9bRDb3vSTg-qkPAZg,Gweilo-60,2019-02-27 15:15:51.224116,11003,0
UChXOhG9bRDb3vSTg-qkPAZg,Gweilo-60,2019-02-27 15:14:51.483374,11003,0
UChXOhG9bRDb3vSTg-qkPAZg,Gweilo-60,2019-02-27 15:13:51.360204,11003,0
UChXOhG9bRDb3vSTg-qkPAZg,Gweilo-60,2019-02-27 15:12:51.561077,11003,0
UChXOhG9bRDb3vSTg-qkPAZg,Gweilo-60,2019-02-27 15:11:50.897139,11003,0
UChXOhG9bRDb3vSTg-qkPAZg,Gweilo-60,2019-02-27 15:10:50.684475,11003,0
UChXOhG9bRDb3vSTg-qkPAZg,Gweilo-60,2019-02-27 15:09:51.728757,11003,0
UChXOhG9bRDb3vSTg-qkPAZg,Gweilo-60,2019-02-27 15:08:50.856905,11003,0
UChXOhG9bRDb3vSTg-qkPAZg,Gweilo-60,2019-02-27 15:07:51.014351,11003,0
UChXOhG9bRDb3vSTg-qkPAZg,Gweilo-60,2019-02-27 15:06:50.997204,11003,0
UChXOhG9bRDb3vSTg-qkPAZg,Gweilo-60,2019-02-27 15:05:50.889144,11003,0
UChXOhG9bRDb3vSTg-qkPAZg,Gweilo-60,2019-02-27 15:04:50.903049,11003,0
UChXOhG9bRDb3vSTg-qkPAZg,Gweilo-60,2019-02-27 15:03:51.035163,11003,0
UChXOhG9bRDb3vSTg-qkPAZg,Gweilo-60,2019-02-27 15:02:50.957181,11003,0
UChXOhG9bRDb3vSTg-qkPAZg,Gweilo-60,2019-02-27 15:01:51.13791,11003,0
UChXOhG9bRDb3vSTg-qkPAZg,Gweilo-60,2019-02-27 15:00:51.011308,11003,0
UChXOhG9bRDb3vSTg-qkPAZg,Gweilo-60,2019-02-27 14:59:51.118001,11003,0
UChXOhG9bRDb3vSTg-qkPAZg,Gweilo-60,2019-02-27 14:58:50.84129,11003,0
UChXOhG9bRDb3vSTg-qkPAZg,Gweilo-60,2019-02-27 14:57:51.124638,11003,0
UChXOhG9bRDb3vSTg-qkPAZg,Gweilo-60,2019-02-27 14:56:51.00079,11003,0
UChXOhG9bRDb3vSTg-qkPAZg,Gweilo-60,2019-02-27 14:55:50.744101,11003,0
UChXOhG9bRDb3vSTg-qkPAZg,Gweilo-60,2019-02-27 14:54:51.099123,11003,-1
UChXOhG9bRDb3vSTg-qkPAZg,Gweilo-60,2019-02-27 14:53:51.773448,11004,0
UChXOhG9bRDb3vSTg-qkPAZg,Gweilo-60,2019-02-27 14:52:51.654084,11004,0
UChXOhG9bRDb3vSTg-qkPAZg,Gweilo-60,2019-02-27 14:51:50.754548,11004,0
UChXOhG9bRDb3vSTg-qkPAZg,Gweilo-60,2019-02-27 14:50:50.810622,11004,0
UChXOhG9bRDb3vSTg-qkPAZg,Gweilo-60,2019-02-27 14:49:50.991436,11004,0
UChXOhG9bRDb3vSTg-qkPAZg,Gweilo-60,2019-02-27 14:48:51.105251,11004,0
UChXOhG9bRDb3vSTg-qkPAZg,Gweilo-60,2019-02-27 14:47:51.654035,11004,0
UChXOhG9bRDb3vSTg-qkPAZg,Gweilo-60,2019-02-27 14:46:51.162093,11004,0
UChXOhG9bRDb3vSTg-qkPAZg,Gweilo-60,2019-02-27 14:45:50.623731,11004,0
UChXOhG9bRDb3vSTg-qkPAZg,Gweilo-60,2019-02-27 14:44:50.725071,11004,0
UChXOhG9bRDb3vSTg-qkPAZg,Gweilo-60,2019-02-27 14:43:51.042953,11004,0
UChXOhG9bRDb3vSTg-qkPAZg,Gweilo-60,2019-02-27 14:42:50.756544,11004,0
UChXOhG9bRDb3vSTg-qkPAZg,Gweilo-60,2019-02-27 14:41:51.2813,11004,0
UChXOhG9bRDb3vSTg-qkPAZg,Gweilo-60,2019-02-27 14:40:51.017899,11004,0
UChXOhG9bRDb3vSTg-qkPAZg,Gweilo-60,2019-02-27 14:39:50.928827,11004,1
UChXOhG9bRDb3vSTg-qkPAZg,Gweilo-60,2019-02-27 14:38:50.837973,11003,0
UChXOhG9bRDb3vSTg-qkPAZg,Gweilo-60,2019-02-27 14:37:50.736168,11003,0
UChXOhG9bRDb3vSTg-qkPAZg,Gweilo-60,2019-02-27 14:36:51.001439,11003,0
UChXOhG9bRDb3vSTg-qkPAZg,Gweilo-60,2019-02-27 14:35:50.90272,11003,0
UChXOhG9bRDb3vSTg-qkPAZg,Gweilo-60,2019-02-27 14:34:50.91112,11003,0
UChXOhG9bRDb3vSTg-qkPAZg,Gweilo-60,2019-02-27 14:33:50.979566,11003,0
UChXOhG9bRDb3vSTg-qkPAZg,Gweilo-60,2019-02-27 14:32:50.977985,11003,0
UChXOhG9bRDb3vSTg-qkPAZg,Gweilo-60,2019-02-27 14:31:50.764085,11003,0
UChXOhG9bRDb3vSTg-qkPAZg,Gweilo-60,2019-02-27 14:30:51.581265,11003,0
UChXOhG9bRDb3vSTg-qkPAZg,Gweilo-60,2019-02-27 14:29:51.000985,11003,0
UChXOhG9bRDb3vSTg-qkPAZg,Gweilo-60,2019-02-27 14:28:50.809619,11003,0
UChXOhG9bRDb3vSTg-qkPAZg,Gweilo-60,2019-02-27 14:27:51.206663,11003,0
UChXOhG9bRDb3vSTg-qkPAZg,Gweilo-60,2019-02-27 14:26:51.417706,11003,0
UChXOhG9bRDb3vSTg-qkPAZg,Gweilo-60,2019-02-27 14:25:50.827291,11003,0
UChXOhG9bRDb3vSTg-qkPAZg,Gweilo-60,2019-02-27 14:24:50.81657,11003,0
UChXOhG9bRDb3vSTg-qkPAZg,Gweilo-60,2019-02-27 14:23:51.13744,11003,0
UChXOhG9bRDb3vSTg-qkPAZg,Gweilo-60,2019-02-27 14:22:51.349905,11003,0
UChXOhG9bRDb3vSTg-qkPAZg,Gweilo-60,2019-02-27 14:21:51.391193,11003,0
UChXOhG9bRDb3vSTg-qkPAZg,Gweilo-60,2019-02-27 14:20:50.597362,11003,0
UChXOhG9bRDb3vSTg-qkPAZg,Gweilo-60,2019-02-27 14:19:51.409511,11003,0
UChXOhG9bRDb3vSTg-qkPAZg,Gweilo-60,2019-02-27 14:18:51.517446,11003,0
UChXOhG9bRDb3vSTg-qkPAZg,Gweilo-60,2019-02-27 14:17:51.039501,11003,0
UChXOhG9bRDb3vSTg-qkPAZg,Gweilo-60,2019-02-27 14:16:52.167533,11003,0
UChXOhG9bRDb3vSTg-qkPAZg,Gweilo-60,2019-02-27 14:15:51.661327,11003,0
UChXOhG9bRDb3vSTg-qkPAZg,Gweilo-60,2019-02-27 14:14:51.297268,11003,0
UChXOhG9bRDb3vSTg-qkPAZg,Gweilo-60,2019-02-27 14:13:51.019753,11003,0
UChXOhG9bRDb3vSTg-qkPAZg,Gweilo-60,2019-02-27 14:12:51.205085,11003,0
UChXOhG9bRDb3vSTg-qkPAZg,Gweilo-60,2019-02-27 14:11:50.986306,11003,0
UChXOhG9bRDb3vSTg-qkPAZg,Gweilo-60,2019-02-27 14:10:51.87152,11003,0
UChXOhG9bRDb3vSTg-qkPAZg,Gweilo-60,2019-02-27 14:09:51.579291,11003,0
UChXOhG9bRDb3vSTg-qkPAZg,Gweilo-60,2019-02-27 14:08:50.655043,11003,0
UChXOhG9bRDb3vSTg-qkPAZg,Gweilo-60,2019-02-27 14:07:50.850619,11003,0
UChXOhG9bRDb3vSTg-qkPAZg,Gweilo-60,2019-02-27 14:06:50.93871,11003,0
UChXOhG9bRDb3vSTg-qkPAZg,Gweilo-60,2019-02-27 14:05:50.862875,11003,0
UChXOhG9bRDb3vSTg-qkPAZg,Gweilo-60,2019-02-27 14:04:51.518288,11003,0
UChXOhG9bRDb3vSTg-qkPAZg,Gweilo-60,2019-02-27 14:03:51.348544,11003,0
UChXOhG9bRDb3vSTg-qkPAZg,Gweilo-60,2019-02-27 14:02:51.188765,11003,0
UChXOhG9bRDb3vSTg-qkPAZg,Gweilo-60,2019-02-27 14:01:51.019832,11003,0
UChXOhG9bRDb3vSTg-qkPAZg,Gweilo-60,2019-02-27 14:00:50.777582,11003,0
UChXOhG9bRDb3vSTg-qkPAZg,Gweilo-60,2019-02-27 13:59:50.92243,11003,0
UChXOhG9bRDb3vSTg-qkPAZg,Gweilo-60,2019-02-27 13:58:50.411499,11003,0
UChXOhG9bRDb3vSTg-qkPAZg,Gweilo-60,2019-02-27 13:57:50.813236,11003,0
UChXOhG9bRDb3vSTg-qkPAZg,Gweilo-60,2019-02-27 13:56:50.838284,11003,0
UChXOhG9bRDb3vSTg-qkPAZg,Gweilo-60,2019-02-27 13:55:50.938199,11003,0
UChXOhG9bRDb3vSTg-qkPAZg,Gweilo-60,2019-02-27 13:54:51.791656,11003,0
UChXOhG9bRDb3vSTg-qkPAZg,Gweilo-60,2019-02-27 13:53:50.711488,11003,0
UChXOhG9bRDb3vSTg-qkPAZg,Gweilo-60,2019-02-27 13:52:50.613901,11003,0
UChXOhG9bRDb3vSTg-qkPAZg,Gweilo-60,2019-02-27 13:51:51.034292,11003,0
UChXOhG9bRDb3vSTg-qkPAZg,Gweilo-60,2019-02-27 13:50:51.278803,11003,0
UChXOhG9bRDb3vSTg-qkPAZg,Gweilo-60,2019-02-27 13:49:50.969288,11003,0
UChXOhG9bRDb3vSTg-qkPAZg,Gweilo-60,2019-02-27 13:48:50.772267,11003,0
UChXOhG9bRDb3vSTg-qkPAZg,Gweilo-60,2019-02-27 13:47:50.921806,11003,0
UChXOhG9bRDb3vSTg-qkPAZg,Gweilo-60,2019-02-27 13:46:50.765179,11003,0
UChXOhG9bRDb3vSTg-qkPAZg,Gweilo-60,2019-02-27 13:45:51.605131,11003,0
UChXOhG9bRDb3vSTg-qkPAZg,Gweilo-60,2019-02-27 13:44:51.037916,11003,0
UChXOhG9bRDb3vSTg-qkPAZg,Gweilo-60,2019-02-27 13:43:51.033042,11003,0
UChXOhG9bRDb3vSTg-qkPAZg,Gweilo-60,2019-02-27 13:42:51.557216,11003,0
UChXOhG9bRDb3vSTg-qkPAZg,Gweilo-60,2019-02-27 13:41:51.230781,11003,0
UChXOhG9bRDb3vSTg-qkPAZg,Gweilo-60,2019-02-27 13:40:51.184553,11003,0
UChXOhG9bRDb3vSTg-qkPAZg,Gweilo-60,2019-02-27 13:39:51.467838,11003,0
UChXOhG9bRDb3vSTg-qkPAZg,Gweilo-60,2019-02-27 13:38:50.828897,11003,0
UChXOhG9bRDb3vSTg-qkPAZg,Gweilo-60,2019-02-27 13:37:50.930673,11003,0
UChXOhG9bRDb3vSTg-qkPAZg,Gweilo-60,2019-02-27 13:36:51.11046,11003,0
UChXOhG9bRDb3vSTg-qkPAZg,Gweilo-60,2019-02-27 13:35:50.610097,11003,0
UChXOhG9bRDb3vSTg-qkPAZg,Gweilo-60,2019-02-27 13:34:51.287821,11003,0
UChXOhG9bRDb3vSTg-qkPAZg,Gweilo-60,2019-02-27 13:33:51.361306,11003,0
UChXOhG9bRDb3vSTg-qkPAZg,Gweilo-60,2019-02-27 13:32:50.569843,11003,0
UChXOhG9bRDb3vSTg-qkPAZg,Gweilo-60,2019-02-27 13:31:50.637391,11003,0
UChXOhG9bRDb3vSTg-qkPAZg,Gweilo-60,2019-02-27 13:30:50.910086,11003,0
UChXOhG9bRDb3vSTg-qkPAZg,Gweilo-60,2019-02-27 13:29:51.949254,11003,0
UChXOhG9bRDb3vSTg-qkPAZg,Gweilo-60,2019-02-27 13:28:51.101085,11003,0
UChXOhG9bRDb3vSTg-qkPAZg,Gweilo-60,2019-02-27 13:27:50.93446,11003,0
UChXOhG9bRDb3vSTg-qkPAZg,Gweilo-60,2019-02-27 13:26:51.42235,11003,0
UChXOhG9bRDb3vSTg-qkPAZg,Gweilo-60,2019-02-27 13:25:50.947908,11003,-1
UChXOhG9bRDb3vSTg-qkPAZg,Gweilo-60,2019-02-27 13:24:51.172921,11004,0
UChXOhG9bRDb3vSTg-qkPAZg,Gweilo-60,2019-02-27 13:23:50.914867,11004,0
UChXOhG9bRDb3vSTg-qkPAZg,Gweilo-60,2019-02-27 13:22:51.50731,11004,0
UChXOhG9bRDb3vSTg-qkPAZg,Gweilo-60,2019-02-27 13:21:50.748364,11004,0
UChXOhG9bRDb3vSTg-qkPAZg,Gweilo-60,2019-02-27 13:20:51.292574,11004,0
UChXOhG9bRDb3vSTg-qkPAZg,Gweilo-60,2019-02-27 13:19:50.671381,11004,0
UChXOhG9bRDb3vSTg-qkPAZg,Gweilo-60,2019-02-27 13:18:50.969334,11004,0
UChXOhG9bRDb3vSTg-qkPAZg,Gweilo-60,2019-02-27 13:17:51.057116,11004,0
UChXOhG9bRDb3vSTg-qkPAZg,Gweilo-60,2019-02-27 13:16:51.631867,11004,0
UChXOhG9bRDb3vSTg-qkPAZg,Gweilo-60,2019-02-27 13:15:50.823261,11004,0
UChXOhG9bRDb3vSTg-qkPAZg,Gweilo-60,2019-02-27 13:14:54.011386,11004,0
UChXOhG9bRDb3vSTg-qkPAZg,Gweilo-60,2019-02-27 13:13:51.407023,11004,0
UChXOhG9bRDb3vSTg-qkPAZg,Gweilo-60,2019-02-27 13:12:51.366627,11004,0
UChXOhG9bRDb3vSTg-qkPAZg,Gweilo-60,2019-02-27 13:11:51.109133,11004,0
UChXOhG9bRDb3vSTg-qkPAZg,Gweilo-60,2019-02-27 13:10:51.348685,11004,0
UChXOhG9bRDb3vSTg-qkPAZg,Gweilo-60,2019-02-27 13:09:51.740495,11004,0
UChXOhG9bRDb3vSTg-qkPAZg,Gweilo-60,2019-02-27 13:08:50.92299,11004,0
UChXOhG9bRDb3vSTg-qkPAZg,Gweilo-60,2019-02-27 13:07:51.153272,11004,0
UChXOhG9bRDb3vSTg-qkPAZg,Gweilo-60,2019-02-27 13:06:51.072324,11004,0
UChXOhG9bRDb3vSTg-qkPAZg,Gweilo-60,2019-02-27 13:05:51.317379,11004,0
UChXOhG9bRDb3vSTg-qkPAZg,Gweilo-60,2019-02-27 13:04:51.405885,11004,0
UChXOhG9bRDb3vSTg-qkPAZg,Gweilo-60,2019-02-27 13:03:51.108507,11004,0
UChXOhG9bRDb3vSTg-qkPAZg,Gweilo-60,2019-02-27 13:02:50.811853,11004,0
UChXOhG9bRDb3vSTg-qkPAZg,Gweilo-60,2019-02-27 13:01:50.804999,11004,0
UChXOhG9bRDb3vSTg-qkPAZg,Gweilo-60,2019-02-27 13:00:52.672872,11004,0
UChXOhG9bRDb3vSTg-qkPAZg,Gweilo-60,2019-02-27 12:59:51.345031,11004,0
UChXOhG9bRDb3vSTg-qkPAZg,Gweilo-60,2019-02-27 12:58:51.381362,11004,1
UChXOhG9bRDb3vSTg-qkPAZg,Gweilo-60,2019-02-27 12:57:50.847495,11003,0
UChXOhG9bRDb3vSTg-qkPAZg,Gweilo-60,2019-02-27 12:56:50.954869,11003,0
UChXOhG9bRDb3vSTg-qkPAZg,Gweilo-60,2019-02-27 12:55:51.024041,11003,0
UChXOhG9bRDb3vSTg-qkPAZg,Gweilo-60,2019-02-27 12:54:50.738507,11003,0
UChXOhG9bRDb3vSTg-qkPAZg,Gweilo-60,2019-02-27 12:53:50.93138,11003,0
UChXOhG9bRDb3vSTg-qkPAZg,Gweilo-60,2019-02-27 12:52:51.876396,11003,0
UChXOhG9bRDb3vSTg-qkPAZg,Gweilo-60,2019-02-27 12:51:51.183827,11003,0
UChXOhG9bRDb3vSTg-qkPAZg,Gweilo-60,2019-02-27 12:50:50.865728,11003,0
UChXOhG9bRDb3vSTg-qkPAZg,Gweilo-60,2019-02-27 12:49:50.815267,11003,0
UChXOhG9bRDb3vSTg-qkPAZg,Gweilo-60,2019-02-27 12:48:50.724296,11003,0
UChXOhG9bRDb3vSTg-qkPAZg,Gweilo-60,2019-02-27 12:47:51.057256,11003,0
UChXOhG9bRDb3vSTg-qkPAZg,Gweilo-60,2019-02-27 12:46:51.107075,11003,0
UChXOhG9bRDb3vSTg-qkPAZg,Gweilo-60,2019-02-27 12:45:51.124358,11003,0
UChXOhG9bRDb3vSTg-qkPAZg,Gweilo-60,2019-02-27 12:44:50.569114,11003,0
UChXOhG9bRDb3vSTg-qkPAZg,Gweilo-60,2019-02-27 12:43:50.911394,11003,0
UChXOhG9bRDb3vSTg-qkPAZg,Gweilo-60,2019-02-27 12:42:50.827635,11003,0
UChXOhG9bRDb3vSTg-qkPAZg,Gweilo-60,2019-02-27 12:41:51.375369,11003,0
UChXOhG9bRDb3vSTg-qkPAZg,Gweilo-60,2019-02-27 12:40:50.715691,11003,0
UChXOhG9bRDb3vSTg-qkPAZg,Gweilo-60,2019-02-27 12:39:51.742438,11003,0
UChXOhG9bRDb3vSTg-qkPAZg,Gweilo-60,2019-02-27 12:38:52.055778,11003,0
UChXOhG9bRDb3vSTg-qkPAZg,Gweilo-60,2019-02-27 12:37:50.688896,11003,0
UChXOhG9bRDb3vSTg-qkPAZg,Gweilo-60,2019-02-27 12:36:51.10077,11003,0
UChXOhG9bRDb3vSTg-qkPAZg,Gweilo-60,2019-02-27 12:35:51.121955,11003,0
UChXOhG9bRDb3vSTg-qkPAZg,Gweilo-60,2019-02-27 12:34:51.488286,11003,0
UChXOhG9bRDb3vSTg-qkPAZg,Gweilo-60,2019-02-27 12:33:51.71779,11003,0
UChXOhG9bRDb3vSTg-qkPAZg,Gweilo-60,2019-02-27 12:32:51.036632,11003,0
UChXOhG9bRDb3vSTg-qkPAZg,Gweilo-60,2019-02-27 12:31:50.798579,11003,0
UChXOhG9bRDb3vSTg-qkPAZg,Gweilo-60,2019-02-27 12:30:51.048391,11003,0
UChXOhG9bRDb3vSTg-qkPAZg,Gweilo-60,2019-02-27 12:29:51.189165,11003,0
UChXOhG9bRDb3vSTg-qkPAZg,Gweilo-60,2019-02-27 12:28:51.128366,11003,0
UChXOhG9bRDb3vSTg-qkPAZg,Gweilo-60,2019-02-27 12:27:50.872222,11003,0
UChXOhG9bRDb3vSTg-qkPAZg,Gweilo-60,2019-02-27 12:26:51.029021,11003,0
UChXOhG9bRDb3vSTg-qkPAZg,Gweilo-60,2019-02-27 12:25:51.13671,11003,0
UChXOhG9bRDb3vSTg-qkPAZg,Gweilo-60,2019-02-27 12:24:51.079098,11003,0
UChXOhG9bRDb3vSTg-qkPAZg,Gweilo-60,2019-02-27 12:23:51.414588,11003,0
UChXOhG9bRDb3vSTg-qkPAZg,Gweilo-60,2019-02-27 12:22:51.221314,11003,0
UChXOhG9bRDb3vSTg-qkPAZg,Gweilo-60,2019-02-27 12:21:51.109152,11003,0
UChXOhG9bRDb3vSTg-qkPAZg,Gweilo-60,2019-02-27 12:20:51.090497,11003,0
UChXOhG9bRDb3vSTg-qkPAZg,Gweilo-60,2019-02-27 12:19:50.874667,11003,0
UChXOhG9bRDb3vSTg-qkPAZg,Gweilo-60,2019-02-27 12:18:51.132226,11003,0
UChXOhG9bRDb3vSTg-qkPAZg,Gweilo-60,2019-02-27 12:17:50.865126,11003,0
UChXOhG9bRDb3vSTg-qkPAZg,Gweilo-60,2019-02-27 12:16:51.294944,11003,0
UChXOhG9bRDb3vSTg-qkPAZg,Gweilo-60,2019-02-27 12:15:50.920433,11003,0
UChXOhG9bRDb3vSTg-qkPAZg,Gweilo-60,2019-02-27 12:14:51.208909,11003,0
UChXOhG9bRDb3vSTg-qkPAZg,Gweilo-60,2019-02-27 12:13:50.744665,11003,0
UChXOhG9bRDb3vSTg-qkPAZg,Gweilo-60,2019-02-27 12:12:50.539376,11003,0
UChXOhG9bRDb3vSTg-qkPAZg,Gweilo-60,2019-02-27 12:11:50.892893,11003,0
UChXOhG9bRDb3vSTg-qkPAZg,Gweilo-60,2019-02-27 12:10:51.188431,11003,0
UChXOhG9bRDb3vSTg-qkPAZg,Gweilo-60,2019-02-27 12:09:51.294489,11003,0
UChXOhG9bRDb3vSTg-qkPAZg,Gweilo-60,2019-02-27 12:08:51.25759,11003,0
UChXOhG9bRDb3vSTg-qkPAZg,Gweilo-60,2019-02-27 12:07:50.912878,11003,0
UChXOhG9bRDb3vSTg-qkPAZg,Gweilo-60,2019-02-27 12:06:51.233161,11003,0
UChXOhG9bRDb3vSTg-qkPAZg,Gweilo-60,2019-02-27 12:05:50.778929,11003,0
UChXOhG9bRDb3vSTg-qkPAZg,Gweilo-60,2019-02-27 12:04:51.172807,11003,0
UChXOhG9bRDb3vSTg-qkPAZg,Gweilo-60,2019-02-27 12:03:50.746156,11003,0
UChXOhG9bRDb3vSTg-qkPAZg,Gweilo-60,2019-02-27 12:02:51.736857,11003,0
UChXOhG9bRDb3vSTg-qkPAZg,Gweilo-60,2019-02-27 12:01:51.085188,11003,0
UChXOhG9bRDb3vSTg-qkPAZg,Gweilo-60,2019-02-27 12:00:51.295171,11003,0
UChXOhG9bRDb3vSTg-qkPAZg,Gweilo-60,2019-02-27 11:59:51.008319,11003,0
UChXOhG9bRDb3vSTg-qkPAZg,Gweilo-60,2019-02-27 11:58:51.16783,11003,0
UChXOhG9bRDb3vSTg-qkPAZg,Gweilo-60,2019-02-27 11:57:51.411788,11003,0
UChXOhG9bRDb3vSTg-qkPAZg,Gweilo-60,2019-02-27 11:56:52.542285,11003,0
UChXOhG9bRDb3vSTg-qkPAZg,Gweilo-60,2019-02-27 11:55:51.336545,11003,0
UChXOhG9bRDb3vSTg-qkPAZg,Gweilo-60,2019-02-27 11:54:50.972794,11003,0
UChXOhG9bRDb3vSTg-qkPAZg,Gweilo-60,2019-02-27 11:53:51.283777,11003,0
UChXOhG9bRDb3vSTg-qkPAZg,Gweilo-60,2019-02-27 11:52:51.758865,11003,0
UChXOhG9bRDb3vSTg-qkPAZg,Gweilo-60,2019-02-27 11:51:50.895316,11003,0
UChXOhG9bRDb3vSTg-qkPAZg,Gweilo-60,2019-02-27 11:50:50.966126,11003,0
UChXOhG9bRDb3vSTg-qkPAZg,Gweilo-60,2019-02-27 11:49:51.639985,11003,0
UChXOhG9bRDb3vSTg-qkPAZg,Gweilo-60,2019-02-27 11:48:51.254452,11003,0
UChXOhG9bRDb3vSTg-qkPAZg,Gweilo-60,2019-02-27 11:47:51.032396,11003,0
UChXOhG9bRDb3vSTg-qkPAZg,Gweilo-60,2019-02-27 11:46:51.514239,11003,0
UChXOhG9bRDb3vSTg-qkPAZg,Gweilo-60,2019-02-27 11:45:50.881847,11003,0
UChXOhG9bRDb3vSTg-qkPAZg,Gweilo-60,2019-02-27 11:44:51.218532,11003,0
UChXOhG9bRDb3vSTg-qkPAZg,Gweilo-60,2019-02-27 11:43:50.730569,11003,0
UChXOhG9bRDb3vSTg-qkPAZg,Gweilo-60,2019-02-27 11:42:50.932602,11003,0
UChXOhG9bRDb3vSTg-qkPAZg,Gweilo-60,2019-02-27 11:41:51.09513,11003,0
UChXOhG9bRDb3vSTg-qkPAZg,Gweilo-60,2019-02-27 11:40:51.075072,11003,0
UChXOhG9bRDb3vSTg-qkPAZg,Gweilo-60,2019-02-27 11:39:50.699209,11003,0
UChXOhG9bRDb3vSTg-qkPAZg,Gweilo-60,2019-02-27 11:38:51.083514,11003,0
UChXOhG9bRDb3vSTg-qkPAZg,Gweilo-60,2019-02-27 11:37:50.862204,11003,0
UChXOhG9bRDb3vSTg-qkPAZg,Gweilo-60,2019-02-27 11:36:50.731374,11003,0
UChXOhG9bRDb3vSTg-qkPAZg,Gweilo-60,2019-02-27 11:35:50.904269,11003,0
UChXOhG9bRDb3vSTg-qkPAZg,Gweilo-60,2019-02-27 11:34:50.883025,11003,0
UChXOhG9bRDb3vSTg-qkPAZg,Gweilo-60,2019-02-27 11:33:51.403566,11003,0
UChXOhG9bRDb3vSTg-qkPAZg,Gweilo-60,2019-02-27 11:32:51.16945,11003,0
UChXOhG9bRDb3vSTg-qkPAZg,Gweilo-60,2019-02-27 11:31:51.228963,11003,0
UChXOhG9bRDb3vSTg-qkPAZg,Gweilo-60,2019-02-27 11:30:51.288801,11003,0
UChXOhG9bRDb3vSTg-qkPAZg,Gweilo-60,2019-02-27 11:29:51.208783,11003,0
UChXOhG9bRDb3vSTg-qkPAZg,Gweilo-60,2019-02-27 11:28:51.41274,11003,0
UChXOhG9bRDb3vSTg-qkPAZg,Gweilo-60,2019-02-27 11:27:51.166308,11003,0
UChXOhG9bRDb3vSTg-qkPAZg,Gweilo-60,2019-02-27 11:26:51.849801,11003,0
UChXOhG9bRDb3vSTg-qkPAZg,Gweilo-60,2019-02-27 11:25:51.441176,11003,0
UChXOhG9bRDb3vSTg-qkPAZg,Gweilo-60,2019-02-27 11:24:52.40473,11003,0
UChXOhG9bRDb3vSTg-qkPAZg,Gweilo-60,2019-02-27 11:23:51.467296,11003,0
UChXOhG9bRDb3vSTg-qkPAZg,Gweilo-60,2019-02-27 11:22:51.214917,11003,0
UChXOhG9bRDb3vSTg-qkPAZg,Gweilo-60,2019-02-27 11:21:51.009096,11003,0
UChXOhG9bRDb3vSTg-qkPAZg,Gweilo-60,2019-02-27 11:20:50.985276,11003,0
UChXOhG9bRDb3vSTg-qkPAZg,Gweilo-60,2019-02-27 11:19:51.344574,11003,0
UChXOhG9bRDb3vSTg-qkPAZg,Gweilo-60,2019-02-27 11:18:50.849769,11003,0
UChXOhG9bRDb3vSTg-qkPAZg,Gweilo-60,2019-02-27 11:17:51.006228,11003,0
UChXOhG9bRDb3vSTg-qkPAZg,Gweilo-60,2019-02-27 11:16:51.037638,11003,0
UChXOhG9bRDb3vSTg-qkPAZg,Gweilo-60,2019-02-27 11:15:51.072244,11003,0
UChXOhG9bRDb3vSTg-qkPAZg,Gweilo-60,2019-02-27 11:14:50.921196,11003,0
UChXOhG9bRDb3vSTg-qkPAZg,Gweilo-60,2019-02-27 11:13:51.16245,11003,0
UChXOhG9bRDb3vSTg-qkPAZg,Gweilo-60,2019-02-27 11:12:50.920611,11003,0
UChXOhG9bRDb3vSTg-qkPAZg,Gweilo-60,2019-02-27 11:11:50.768416,11003,0
UChXOhG9bRDb3vSTg-qkPAZg,Gweilo-60,2019-02-27 11:10:50.71619,11003,0
UChXOhG9bRDb3vSTg-qkPAZg,Gweilo-60,2019-02-27 11:09:50.611345,11003,0
UChXOhG9bRDb3vSTg-qkPAZg,Gweilo-60,2019-02-27 11:08:51.173388,11003,0
UChXOhG9bRDb3vSTg-qkPAZg,Gweilo-60,2019-02-27 11:07:50.404335,11003,0
UChXOhG9bRDb3vSTg-qkPAZg,Gweilo-60,2019-02-27 11:06:50.707999,11003,0
UChXOhG9bRDb3vSTg-qkPAZg,Gweilo-60,2019-02-27 11:05:50.547724,11003,0
UChXOhG9bRDb3vSTg-qkPAZg,Gweilo-60,2019-02-27 11:04:51.068238,11003,0
UChXOhG9bRDb3vSTg-qkPAZg,Gweilo-60,2019-02-27 11:03:51.66065,11003,0
UChXOhG9bRDb3vSTg-qkPAZg,Gweilo-60,2019-02-27 11:02:51.100123,11003,0
UChXOhG9bRDb3vSTg-qkPAZg,Gweilo-60,2019-02-27 11:01:50.862013,11003,0
UChXOhG9bRDb3vSTg-qkPAZg,Gweilo-60,2019-02-27 11:00:51.201283,11003,0
UChXOhG9bRDb3vSTg-qkPAZg,Gweilo-60,2019-02-27 10:59:51.40857,11003,0
UChXOhG9bRDb3vSTg-qkPAZg,Gweilo-60,2019-02-27 10:58:50.902414,11003,0
UChXOhG9bRDb3vSTg-qkPAZg,Gweilo-60,2019-02-27 10:57:51.03199,11003,0
UChXOhG9bRDb3vSTg-qkPAZg,Gweilo-60,2019-02-27 10:56:50.803299,11003,0
UChXOhG9bRDb3vSTg-qkPAZg,Gweilo-60,2019-02-27 10:55:51.229194,11003,0
UChXOhG9bRDb3vSTg-qkPAZg,Gweilo-60,2019-02-27 10:54:50.904179,11003,0
UChXOhG9bRDb3vSTg-qkPAZg,Gweilo-60,2019-02-27 10:53:51.096768,11003,0
UChXOhG9bRDb3vSTg-qkPAZg,Gweilo-60,2019-02-27 10:52:50.918161,11003,0
UChXOhG9bRDb3vSTg-qkPAZg,Gweilo-60,2019-02-27 10:51:50.748831,11003,0
UChXOhG9bRDb3vSTg-qkPAZg,Gweilo-60,2019-02-27 10:50:51.451915,11003,0
UChXOhG9bRDb3vSTg-qkPAZg,Gweilo-60,2019-02-27 10:49:51.491051,11003,0
UChXOhG9bRDb3vSTg-qkPAZg,Gweilo-60,2019-02-27 10:48:51.704077,11003,0
UChXOhG9bRDb3vSTg-qkPAZg,Gweilo-60,2019-02-27 10:47:51.075449,11003,1
UChXOhG9bRDb3vSTg-qkPAZg,Gweilo-60,2019-02-27 10:46:51.464509,11002,0
UChXOhG9bRDb3vSTg-qkPAZg,Gweilo-60,2019-02-27 10:45:50.956939,11002,0
UChXOhG9bRDb3vSTg-qkPAZg,Gweilo-60,2019-02-27 10:44:51.166618,11002,0
UChXOhG9bRDb3vSTg-qkPAZg,Gweilo-60,2019-02-27 10:43:51.217571,11002,0
UChXOhG9bRDb3vSTg-qkPAZg,Gweilo-60,2019-02-27 10:42:51.296534,11002,0
UChXOhG9bRDb3vSTg-qkPAZg,Gweilo-60,2019-02-27 10:41:51.294857,11002,0
UChXOhG9bRDb3vSTg-qkPAZg,Gweilo-60,2019-02-27 10:40:50.970283,11002,0
UChXOhG9bRDb3vSTg-qkPAZg,Gweilo-60,2019-02-27 10:39:51.277042,11002,0
UChXOhG9bRDb3vSTg-qkPAZg,Gweilo-60,2019-02-27 10:38:51.103005,11002,0
UChXOhG9bRDb3vSTg-qkPAZg,Gweilo-60,2019-02-27 10:37:51.421083,11002,0
UChXOhG9bRDb3vSTg-qkPAZg,Gweilo-60,2019-02-27 10:36:51.090498,11002,0
UChXOhG9bRDb3vSTg-qkPAZg,Gweilo-60,2019-02-27 10:35:51.333087,11002,0
UChXOhG9bRDb3vSTg-qkPAZg,Gweilo-60,2019-02-27 10:34:51.169441,11002,0
UChXOhG9bRDb3vSTg-qkPAZg,Gweilo-60,2019-02-27 10:33:50.952281,11002,0
UChXOhG9bRDb3vSTg-qkPAZg,Gweilo-60,2019-02-27 10:32:51.385227,11002,0
UChXOhG9bRDb3vSTg-qkPAZg,Gweilo-60,2019-02-27 10:31:50.725237,11002,0
UChXOhG9bRDb3vSTg-qkPAZg,Gweilo-60,2019-02-27 10:30:54.044853,11002,0
UChXOhG9bRDb3vSTg-qkPAZg,Gweilo-60,2019-02-27 10:29:51.110708,11002,0
UChXOhG9bRDb3vSTg-qkPAZg,Gweilo-60,2019-02-27 10:28:50.891725,11002,0
UChXOhG9bRDb3vSTg-qkPAZg,Gweilo-60,2019-02-27 10:27:51.720199,11002,0
UChXOhG9bRDb3vSTg-qkPAZg,Gweilo-60,2019-02-27 10:26:51.044879,11002,0
UChXOhG9bRDb3vSTg-qkPAZg,Gweilo-60,2019-02-27 10:25:50.914173,11002,0
UChXOhG9bRDb3vSTg-qkPAZg,Gweilo-60,2019-02-27 10:24:50.983446,11002,0
UChXOhG9bRDb3vSTg-qkPAZg,Gweilo-60,2019-02-27 10:23:51.258885,11002,0
UChXOhG9bRDb3vSTg-qkPAZg,Gweilo-60,2019-02-27 10:22:52.364538,11002,0
UChXOhG9bRDb3vSTg-qkPAZg,Gweilo-60,2019-02-27 10:21:50.802318,11002,0
UChXOhG9bRDb3vSTg-qkPAZg,Gweilo-60,2019-02-27 10:20:51.537118,11002,0
UChXOhG9bRDb3vSTg-qkPAZg,Gweilo-60,2019-02-27 10:19:51.115134,11002,0
UChXOhG9bRDb3vSTg-qkPAZg,Gweilo-60,2019-02-27 10:18:50.90182,11002,0
UChXOhG9bRDb3vSTg-qkPAZg,Gweilo-60,2019-02-27 10:17:50.923655,11002,0
UChXOhG9bRDb3vSTg-qkPAZg,Gweilo-60,2019-02-27 10:16:50.911366,11002,0
UChXOhG9bRDb3vSTg-qkPAZg,Gweilo-60,2019-02-27 10:15:50.926638,11002,0
UChXOhG9bRDb3vSTg-qkPAZg,Gweilo-60,2019-02-27 10:14:51.073191,11002,0
UChXOhG9bRDb3vSTg-qkPAZg,Gweilo-60,2019-02-27 10:13:51.043395,11002,0
UChXOhG9bRDb3vSTg-qkPAZg,Gweilo-60,2019-02-27 10:12:51.080208,11002,0
UChXOhG9bRDb3vSTg-qkPAZg,Gweilo-60,2019-02-27 10:11:51.211719,11002,0
UChXOhG9bRDb3vSTg-qkPAZg,Gweilo-60,2019-02-27 10:10:50.89761,11002,0
UChXOhG9bRDb3vSTg-qkPAZg,Gweilo-60,2019-02-27 10:09:51.605664,11002,0
UChXOhG9bRDb3vSTg-qkPAZg,Gweilo-60,2019-02-27 10:08:51.616799,11002,0
UChXOhG9bRDb3vSTg-qkPAZg,Gweilo-60,2019-02-27 10:07:50.893142,11002,0
UChXOhG9bRDb3vSTg-qkPAZg,Gweilo-60,2019-02-27 10:06:51.000349,11002,0
UChXOhG9bRDb3vSTg-qkPAZg,Gweilo-60,2019-02-27 10:05:52.421447,11002,0
UChXOhG9bRDb3vSTg-qkPAZg,Gweilo-60,2019-02-27 10:04:51.302615,11002,0
UChXOhG9bRDb3vSTg-qkPAZg,Gweilo-60,2019-02-27 10:03:51.448206,11002,0
UChXOhG9bRDb3vSTg-qkPAZg,Gweilo-60,2019-02-27 10:02:51.031576,11002,0
UChXOhG9bRDb3vSTg-qkPAZg,Gweilo-60,2019-02-27 10:01:51.258746,11002,0
UChXOhG9bRDb3vSTg-qkPAZg,Gweilo-60,2019-02-27 10:00:51.143986,11002,0
UChXOhG9bRDb3vSTg-qkPAZg,Gweilo-60,2019-02-27 09:59:50.832535,11002,0
UChXOhG9bRDb3vSTg-qkPAZg,Gweilo-60,2019-02-27 09:58:51.193034,11002,0
UChXOhG9bRDb3vSTg-qkPAZg,Gweilo-60,2019-02-27 09:57:50.881188,11002,0
UChXOhG9bRDb3vSTg-qkPAZg,Gweilo-60,2019-02-27 09:56:50.766122,11002,0
UChXOhG9bRDb3vSTg-qkPAZg,Gweilo-60,2019-02-27 09:55:50.988203,11002,0
UChXOhG9bRDb3vSTg-qkPAZg,Gweilo-60,2019-02-27 09:54:50.647748,11002,0
UChXOhG9bRDb3vSTg-qkPAZg,Gweilo-60,2019-02-27 09:53:51.662294,11002,0
UChXOhG9bRDb3vSTg-qkPAZg,Gweilo-60,2019-02-27 09:52:51.004207,11002,0
UChXOhG9bRDb3vSTg-qkPAZg,Gweilo-60,2019-02-27 09:51:50.704261,11002,0
UChXOhG9bRDb3vSTg-qkPAZg,Gweilo-60,2019-02-27 09:50:50.950655,11002,0
UChXOhG9bRDb3vSTg-qkPAZg,Gweilo-60,2019-02-27 09:49:51.003279,11002,0
UChXOhG9bRDb3vSTg-qkPAZg,Gweilo-60,2019-02-27 09:48:51.435421,11002,0
UChXOhG9bRDb3vSTg-qkPAZg,Gweilo-60,2019-02-27 09:47:51.287142,11002,0
UChXOhG9bRDb3vSTg-qkPAZg,Gweilo-60,2019-02-27 09:46:51.178843,11002,0
UChXOhG9bRDb3vSTg-qkPAZg,Gweilo-60,2019-02-27 09:45:50.788304,11002,0
UChXOhG9bRDb3vSTg-qkPAZg,Gweilo-60,2019-02-27 09:44:51.361008,11002,0
UChXOhG9bRDb3vSTg-qkPAZg,Gweilo-60,2019-02-27 09:43:51.6696,11002,0
UChXOhG9bRDb3vSTg-qkPAZg,Gweilo-60,2019-02-27 09:42:51.361245,11002,0
UChXOhG9bRDb3vSTg-qkPAZg,Gweilo-60,2019-02-27 09:41:51.224463,11002,0
UChXOhG9bRDb3vSTg-qkPAZg,Gweilo-60,2019-02-27 09:40:51.416968,11002,0
UChXOhG9bRDb3vSTg-qkPAZg,Gweilo-60,2019-02-27 09:39:51.375377,11002,0
UChXOhG9bRDb3vSTg-qkPAZg,Gweilo-60,2019-02-27 09:38:50.620532,11002,0
UChXOhG9bRDb3vSTg-qkPAZg,Gweilo-60,2019-02-27 09:37:50.728287,11002,0
UChXOhG9bRDb3vSTg-qkPAZg,Gweilo-60,2019-02-27 09:36:50.817119,11002,0
UChXOhG9bRDb3vSTg-qkPAZg,Gweilo-60,2019-02-27 09:35:50.662283,11002,0
UChXOhG9bRDb3vSTg-qkPAZg,Gweilo-60,2019-02-27 09:34:51.27334,11002,0
UChXOhG9bRDb3vSTg-qkPAZg,Gweilo-60,2019-02-27 09:33:51.172457,11002,0
UChXOhG9bRDb3vSTg-qkPAZg,Gweilo-60,2019-02-27 09:32:50.817957,11002,0
UChXOhG9bRDb3vSTg-qkPAZg,Gweilo-60,2019-02-27 09:31:50.79413,11002,0
UChXOhG9bRDb3vSTg-qkPAZg,Gweilo-60,2019-02-27 09:30:51.545191,11002,0
UChXOhG9bRDb3vSTg-qkPAZg,Gweilo-60,2019-02-27 09:29:50.99272,11002,0
UChXOhG9bRDb3vSTg-qkPAZg,Gweilo-60,2019-02-27 09:28:51.20687,11002,0
UChXOhG9bRDb3vSTg-qkPAZg,Gweilo-60,2019-02-27 09:27:51.264286,11002,0
UChXOhG9bRDb3vSTg-qkPAZg,Gweilo-60,2019-02-27 09:26:51.695404,11002,0
UChXOhG9bRDb3vSTg-qkPAZg,Gweilo-60,2019-02-27 09:25:51.60964,11002,0
UChXOhG9bRDb3vSTg-qkPAZg,Gweilo-60,2019-02-27 09:24:51.092261,11002,0
UChXOhG9bRDb3vSTg-qkPAZg,Gweilo-60,2019-02-27 09:23:51.61496,11002,0
UChXOhG9bRDb3vSTg-qkPAZg,Gweilo-60,2019-02-27 09:22:51.16884,11002,0
UChXOhG9bRDb3vSTg-qkPAZg,Gweilo-60,2019-02-27 09:21:51.136292,11002,0
UChXOhG9bRDb3vSTg-qkPAZg,Gweilo-60,2019-02-27 09:20:51.234112,11002,0
UChXOhG9bRDb3vSTg-qkPAZg,Gweilo-60,2019-02-27 09:19:51.379814,11002,0
UChXOhG9bRDb3vSTg-qkPAZg,Gweilo-60,2019-02-27 09:18:51.383385,11002,0
UChXOhG9bRDb3vSTg-qkPAZg,Gweilo-60,2019-02-27 09:17:51.336529,11002,0
UChXOhG9bRDb3vSTg-qkPAZg,Gweilo-60,2019-02-27 09:16:50.736298,11002,0
UChXOhG9bRDb3vSTg-qkPAZg,Gweilo-60,2019-02-27 09:15:51.195852,11002,0
UChXOhG9bRDb3vSTg-qkPAZg,Gweilo-60,2019-02-27 09:14:50.949381,11002,0
UChXOhG9bRDb3vSTg-qkPAZg,Gweilo-60,2019-02-27 09:13:51.121827,11002,0
UChXOhG9bRDb3vSTg-qkPAZg,Gweilo-60,2019-02-27 09:12:51.374803,11002,0
UChXOhG9bRDb3vSTg-qkPAZg,Gweilo-60,2019-02-27 09:11:50.740785,11002,0
UChXOhG9bRDb3vSTg-qkPAZg,Gweilo-60,2019-02-27 09:10:51.468169,11002,0
UChXOhG9bRDb3vSTg-qkPAZg,Gweilo-60,2019-02-27 09:09:51.358732,11002,0
UChXOhG9bRDb3vSTg-qkPAZg,Gweilo-60,2019-02-27 09:08:50.903485,11002,0
UChXOhG9bRDb3vSTg-qkPAZg,Gweilo-60,2019-02-27 09:07:51.759257,11002,0
UChXOhG9bRDb3vSTg-qkPAZg,Gweilo-60,2019-02-27 09:06:50.998768,11002,0
UChXOhG9bRDb3vSTg-qkPAZg,Gweilo-60,2019-02-27 09:05:52.012764,11002,0
UChXOhG9bRDb3vSTg-qkPAZg,Gweilo-60,2019-02-27 09:04:51.15193,11002,0
UChXOhG9bRDb3vSTg-qkPAZg,Gweilo-60,2019-02-27 09:03:51.624668,11002,0
UChXOhG9bRDb3vSTg-qkPAZg,Gweilo-60,2019-02-27 09:02:51.057359,11002,0
UChXOhG9bRDb3vSTg-qkPAZg,Gweilo-60,2019-02-27 09:01:51.198824,11002,0
UChXOhG9bRDb3vSTg-qkPAZg,Gweilo-60,2019-02-27 09:00:51.235559,11002,0
UChXOhG9bRDb3vSTg-qkPAZg,Gweilo-60,2019-02-27 08:59:51.295526,11002,0
UChXOhG9bRDb3vSTg-qkPAZg,Gweilo-60,2019-02-27 08:58:51.415915,11002,0
UChXOhG9bRDb3vSTg-qkPAZg,Gweilo-60,2019-02-27 08:57:51.436559,11002,0
UChXOhG9bRDb3vSTg-qkPAZg,Gweilo-60,2019-02-27 08:56:51.595231,11002,0
UChXOhG9bRDb3vSTg-qkPAZg,Gweilo-60,2019-02-27 08:55:51.041824,11002,0
UChXOhG9bRDb3vSTg-qkPAZg,Gweilo-60,2019-02-27 08:54:51.22759,11002,0
UChXOhG9bRDb3vSTg-qkPAZg,Gweilo-60,2019-02-27 08:53:51.040908,11002,0
UChXOhG9bRDb3vSTg-qkPAZg,Gweilo-60,2019-02-27 08:52:51.343019,11002,0
UChXOhG9bRDb3vSTg-qkPAZg,Gweilo-60,2019-02-27 08:51:51.417464,11002,0
UChXOhG9bRDb3vSTg-qkPAZg,Gweilo-60,2019-02-27 08:50:51.068777,11002,0
UChXOhG9bRDb3vSTg-qkPAZg,Gweilo-60,2019-02-27 08:49:50.88779,11002,0
UChXOhG9bRDb3vSTg-qkPAZg,Gweilo-60,2019-02-27 08:48:51.023305,11002,0
UChXOhG9bRDb3vSTg-qkPAZg,Gweilo-60,2019-02-27 08:47:50.995001,11002,0
UChXOhG9bRDb3vSTg-qkPAZg,Gweilo-60,2019-02-27 08:46:51.428993,11002,0
UChXOhG9bRDb3vSTg-qkPAZg,Gweilo-60,2019-02-27 08:45:50.997339,11002,0
UChXOhG9bRDb3vSTg-qkPAZg,Gweilo-60,2019-02-27 08:44:51.332553,11002,0
UChXOhG9bRDb3vSTg-qkPAZg,Gweilo-60,2019-02-27 08:43:51.508588,11002,0
UChXOhG9bRDb3vSTg-qkPAZg,Gweilo-60,2019-02-27 08:42:51.186101,11002,0
UChXOhG9bRDb3vSTg-qkPAZg,Gweilo-60,2019-02-27 08:41:50.766201,11002,0
UChXOhG9bRDb3vSTg-qkPAZg,Gweilo-60,2019-02-27 08:40:50.829204,11002,0
UChXOhG9bRDb3vSTg-qkPAZg,Gweilo-60,2019-02-27 08:39:51.022624,11002,0
UChXOhG9bRDb3vSTg-qkPAZg,Gweilo-60,2019-02-27 08:38:51.6007,11002,0
UChXOhG9bRDb3vSTg-qkPAZg,Gweilo-60,2019-02-27 08:37:51.7562,11002,0
UChXOhG9bRDb3vSTg-qkPAZg,Gweilo-60,2019-02-27 08:36:51.83574,11002,0
UChXOhG9bRDb3vSTg-qkPAZg,Gweilo-60,2019-02-27 08:35:51.376316,11002,0
UChXOhG9bRDb3vSTg-qkPAZg,Gweilo-60,2019-02-27 08:34:51.453904,11002,0
UChXOhG9bRDb3vSTg-qkPAZg,Gweilo-60,2019-02-27 08:33:50.859176,11002,0
UChXOhG9bRDb3vSTg-qkPAZg,Gweilo-60,2019-02-27 08:32:51.363433,11002,0
UChXOhG9bRDb3vSTg-qkPAZg,Gweilo-60,2019-02-27 08:31:51.504765,11002,0
UChXOhG9bRDb3vSTg-qkPAZg,Gweilo-60,2019-02-27 08:30:50.851019,11002,0
UChXOhG9bRDb3vSTg-qkPAZg,Gweilo-60,2019-02-27 08:29:51.869318,11002,0
UChXOhG9bRDb3vSTg-qkPAZg,Gweilo-60,2019-02-27 08:28:51.169304,11002,0
UChXOhG9bRDb3vSTg-qkPAZg,Gweilo-60,2019-02-27 08:27:53.998877,11002,0
UChXOhG9bRDb3vSTg-qkPAZg,Gweilo-60,2019-02-27 08:26:51.166395,11002,0
UChXOhG9bRDb3vSTg-qkPAZg,Gweilo-60,2019-02-27 08:25:51.057656,11002,0
UChXOhG9bRDb3vSTg-qkPAZg,Gweilo-60,2019-02-27 08:24:51.483536,11002,0
UChXOhG9bRDb3vSTg-qkPAZg,Gweilo-60,2019-02-27 08:23:50.984015,11002,0
UChXOhG9bRDb3vSTg-qkPAZg,Gweilo-60,2019-02-27 08:22:50.839888,11002,0
UChXOhG9bRDb3vSTg-qkPAZg,Gweilo-60,2019-02-27 08:21:51.122947,11002,0
UChXOhG9bRDb3vSTg-qkPAZg,Gweilo-60,2019-02-27 08:20:50.980599,11002,0
UChXOhG9bRDb3vSTg-qkPAZg,Gweilo-60,2019-02-27 08:19:50.857442,11002,0
UChXOhG9bRDb3vSTg-qkPAZg,Gweilo-60,2019-02-27 08:18:51.099074,11002,0
UChXOhG9bRDb3vSTg-qkPAZg,Gweilo-60,2019-02-27 08:17:51.205754,11002,0
UChXOhG9bRDb3vSTg-qkPAZg,Gweilo-60,2019-02-27 08:16:50.677636,11002,0
UChXOhG9bRDb3vSTg-qkPAZg,Gweilo-60,2019-02-27 08:15:51.467695,11002,0
UChXOhG9bRDb3vSTg-qkPAZg,Gweilo-60,2019-02-27 08:14:51.401763,11002,0
UChXOhG9bRDb3vSTg-qkPAZg,Gweilo-60,2019-02-27 08:13:51.390447,11002,0
UChXOhG9bRDb3vSTg-qkPAZg,Gweilo-60,2019-02-27 08:12:51.306074,11002,0
UChXOhG9bRDb3vSTg-qkPAZg,Gweilo-60,2019-02-27 08:11:53.922224,11002,0
UChXOhG9bRDb3vSTg-qkPAZg,Gweilo-60,2019-02-27 08:10:51.944058,11002,0
UChXOhG9bRDb3vSTg-qkPAZg,Gweilo-60,2019-02-27 08:09:50.5849,11002,0
UChXOhG9bRDb3vSTg-qkPAZg,Gweilo-60,2019-02-27 08:08:50.978655,11002,0
UChXOhG9bRDb3vSTg-qkPAZg,Gweilo-60,2019-02-27 08:07:51.263515,11002,0
UChXOhG9bRDb3vSTg-qkPAZg,Gweilo-60,2019-02-27 08:06:51.137825,11002,0
UChXOhG9bRDb3vSTg-qkPAZg,Gweilo-60,2019-02-27 08:05:50.927207,11002,0
UChXOhG9bRDb3vSTg-qkPAZg,Gweilo-60,2019-02-27 08:04:51.055398,11002,0
UChXOhG9bRDb3vSTg-qkPAZg,Gweilo-60,2019-02-27 08:03:51.425841,11002,0
UChXOhG9bRDb3vSTg-qkPAZg,Gweilo-60,2019-02-27 08:02:50.862716,11002,0
UChXOhG9bRDb3vSTg-qkPAZg,Gweilo-60,2019-02-27 08:01:51.155534,11002,0
UChXOhG9bRDb3vSTg-qkPAZg,Gweilo-60,2019-02-27 08:00:51.436415,11002,0
UChXOhG9bRDb3vSTg-qkPAZg,Gweilo-60,2019-02-27 07:59:51.300834,11002,0
UChXOhG9bRDb3vSTg-qkPAZg,Gweilo-60,2019-02-27 07:58:50.766283,11002,0
UChXOhG9bRDb3vSTg-qkPAZg,Gweilo-60,2019-02-27 07:57:51.36481,11002,0
UChXOhG9bRDb3vSTg-qkPAZg,Gweilo-60,2019-02-27 07:56:50.946561,11002,0
UChXOhG9bRDb3vSTg-qkPAZg,Gweilo-60,2019-02-27 07:55:51.556001,11002,0
UChXOhG9bRDb3vSTg-qkPAZg,Gweilo-60,2019-02-27 07:54:51.437078,11002,0
UChXOhG9bRDb3vSTg-qkPAZg,Gweilo-60,2019-02-27 07:53:50.583217,11002,0
UChXOhG9bRDb3vSTg-qkPAZg,Gweilo-60,2019-02-27 07:52:51.339433,11002,0
UChXOhG9bRDb3vSTg-qkPAZg,Gweilo-60,2019-02-27 07:51:51.005593,11002,0
UChXOhG9bRDb3vSTg-qkPAZg,Gweilo-60,2019-02-27 07:50:50.915983,11002,0
UChXOhG9bRDb3vSTg-qkPAZg,Gweilo-60,2019-02-27 07:49:50.520986,11002,0
UChXOhG9bRDb3vSTg-qkPAZg,Gweilo-60,2019-02-27 07:48:50.78946,11002,0
UChXOhG9bRDb3vSTg-qkPAZg,Gweilo-60,2019-02-27 07:47:51.575096,11002,0
UChXOhG9bRDb3vSTg-qkPAZg,Gweilo-60,2019-02-27 07:46:50.781617,11002,0
UChXOhG9bRDb3vSTg-qkPAZg,Gweilo-60,2019-02-27 07:45:51.38813,11002,0
UChXOhG9bRDb3vSTg-qkPAZg,Gweilo-60,2019-02-27 07:44:50.810809,11002,0
UChXOhG9bRDb3vSTg-qkPAZg,Gweilo-60,2019-02-27 07:43:51.144539,11002,0
UChXOhG9bRDb3vSTg-qkPAZg,Gweilo-60,2019-02-27 07:42:51.240192,11002,0
UChXOhG9bRDb3vSTg-qkPAZg,Gweilo-60,2019-02-27 07:41:50.69275,11002,0
UChXOhG9bRDb3vSTg-qkPAZg,Gweilo-60,2019-02-27 07:40:51.277726,11002,0
UChXOhG9bRDb3vSTg-qkPAZg,Gweilo-60,2019-02-27 07:39:51.250882,11002,0
UChXOhG9bRDb3vSTg-qkPAZg,Gweilo-60,2019-02-27 07:38:51.081011,11002,0
UChXOhG9bRDb3vSTg-qkPAZg,Gweilo-60,2019-02-27 07:37:50.973969,11002,0
UChXOhG9bRDb3vSTg-qkPAZg,Gweilo-60,2019-02-27 07:36:51.196125,11002,0
UChXOhG9bRDb3vSTg-qkPAZg,Gweilo-60,2019-02-27 07:35:51.306213,11002,0
UChXOhG9bRDb3vSTg-qkPAZg,Gweilo-60,2019-02-27 07:34:51.130639,11002,0
UChXOhG9bRDb3vSTg-qkPAZg,Gweilo-60,2019-02-27 07:33:51.161835,11002,0
UChXOhG9bRDb3vSTg-qkPAZg,Gweilo-60,2019-02-27 07:32:50.748398,11002,0
UChXOhG9bRDb3vSTg-qkPAZg,Gweilo-60,2019-02-27 07:31:51.189654,11002,0
UChXOhG9bRDb3vSTg-qkPAZg,Gweilo-60,2019-02-27 07:30:50.9755,11002,0
UChXOhG9bRDb3vSTg-qkPAZg,Gweilo-60,2019-02-27 07:29:51.314208,11002,0
UChXOhG9bRDb3vSTg-qkPAZg,Gweilo-60,2019-02-27 07:28:51.318401,11002,0
UChXOhG9bRDb3vSTg-qkPAZg,Gweilo-60,2019-02-27 07:27:50.837164,11002,0
UChXOhG9bRDb3vSTg-qkPAZg,Gweilo-60,2019-02-27 07:26:51.384207,11002,0
UChXOhG9bRDb3vSTg-qkPAZg,Gweilo-60,2019-02-27 07:25:51.412688,11002,0
UChXOhG9bRDb3vSTg-qkPAZg,Gweilo-60,2019-02-27 07:24:51.08785,11002,0
UChXOhG9bRDb3vSTg-qkPAZg,Gweilo-60,2019-02-27 07:23:50.854132,11002,0
UChXOhG9bRDb3vSTg-qkPAZg,Gweilo-60,2019-02-27 07:22:51.483848,11002,-1
UChXOhG9bRDb3vSTg-qkPAZg,Gweilo-60,2019-02-27 07:21:50.764073,11003,0
UChXOhG9bRDb3vSTg-qkPAZg,Gweilo-60,2019-02-27 07:20:50.573479,11003,0
UChXOhG9bRDb3vSTg-qkPAZg,Gweilo-60,2019-02-27 07:19:51.165449,11003,0
UChXOhG9bRDb3vSTg-qkPAZg,Gweilo-60,2019-02-27 07:18:51.376757,11003,0
UChXOhG9bRDb3vSTg-qkPAZg,Gweilo-60,2019-02-27 07:17:50.848805,11003,0
UChXOhG9bRDb3vSTg-qkPAZg,Gweilo-60,2019-02-27 07:16:51.104267,11003,0
UChXOhG9bRDb3vSTg-qkPAZg,Gweilo-60,2019-02-27 07:15:50.730171,11003,0
UChXOhG9bRDb3vSTg-qkPAZg,Gweilo-60,2019-02-27 07:14:50.582563,11003,0
UChXOhG9bRDb3vSTg-qkPAZg,Gweilo-60,2019-02-27 07:13:51.423888,11003,0
UChXOhG9bRDb3vSTg-qkPAZg,Gweilo-60,2019-02-27 07:12:50.912799,11003,0
UChXOhG9bRDb3vSTg-qkPAZg,Gweilo-60,2019-02-27 07:11:51.094941,11003,0
UChXOhG9bRDb3vSTg-qkPAZg,Gweilo-60,2019-02-27 07:10:51.26257,11003,0
UChXOhG9bRDb3vSTg-qkPAZg,Gweilo-60,2019-02-27 07:09:51.113398,11003,0
UChXOhG9bRDb3vSTg-qkPAZg,Gweilo-60,2019-02-27 07:08:51.056611,11003,0
UChXOhG9bRDb3vSTg-qkPAZg,Gweilo-60,2019-02-27 07:07:50.595375,11003,0
UChXOhG9bRDb3vSTg-qkPAZg,Gweilo-60,2019-02-27 07:06:50.972355,11003,0
UChXOhG9bRDb3vSTg-qkPAZg,Gweilo-60,2019-02-27 07:05:51.327703,11003,0
UChXOhG9bRDb3vSTg-qkPAZg,Gweilo-60,2019-02-27 07:04:51.150281,11003,0
UChXOhG9bRDb3vSTg-qkPAZg,Gweilo-60,2019-02-27 07:03:51.085279,11003,0
UChXOhG9bRDb3vSTg-qkPAZg,Gweilo-60,2019-02-27 07:02:51.596201,11003,0
UChXOhG9bRDb3vSTg-qkPAZg,Gweilo-60,2019-02-27 07:01:50.552122,11003,0
UChXOhG9bRDb3vSTg-qkPAZg,Gweilo-60,2019-02-27 07:00:51.515714,11003,0
UChXOhG9bRDb3vSTg-qkPAZg,Gweilo-60,2019-02-27 06:59:52.011839,11003,0
UChXOhG9bRDb3vSTg-qkPAZg,Gweilo-60,2019-02-27 06:58:50.882112,11003,1
UChXOhG9bRDb3vSTg-qkPAZg,Gweilo-60,2019-02-27 06:57:50.955318,11002,0
UChXOhG9bRDb3vSTg-qkPAZg,Gweilo-60,2019-02-27 06:56:50.584503,11002,0
UChXOhG9bRDb3vSTg-qkPAZg,Gweilo-60,2019-02-27 06:55:50.778778,11002,0
UChXOhG9bRDb3vSTg-qkPAZg,Gweilo-60,2019-02-27 06:54:51.262501,11002,0
UChXOhG9bRDb3vSTg-qkPAZg,Gweilo-60,2019-02-27 06:53:50.724793,11002,0
UChXOhG9bRDb3vSTg-qkPAZg,Gweilo-60,2019-02-27 06:52:51.160182,11002,0
UChXOhG9bRDb3vSTg-qkPAZg,Gweilo-60,2019-02-27 06:51:50.84452,11002,0
UChXOhG9bRDb3vSTg-qkPAZg,Gweilo-60,2019-02-27 06:50:50.944494,11002,0
UChXOhG9bRDb3vSTg-qkPAZg,Gweilo-60,2019-02-27 06:49:50.632779,11002,0
UChXOhG9bRDb3vSTg-qkPAZg,Gweilo-60,2019-02-27 06:48:51.617003,11002,0
UChXOhG9bRDb3vSTg-qkPAZg,Gweilo-60,2019-02-27 06:47:50.959967,11002,0
UChXOhG9bRDb3vSTg-qkPAZg,Gweilo-60,2019-02-27 06:46:51.405069,11002,0
UChXOhG9bRDb3vSTg-qkPAZg,Gweilo-60,2019-02-27 06:45:50.905215,11002,0
UChXOhG9bRDb3vSTg-qkPAZg,Gweilo-60,2019-02-27 06:44:51.143856,11002,0
UChXOhG9bRDb3vSTg-qkPAZg,Gweilo-60,2019-02-27 06:43:51.113069,11002,0
UChXOhG9bRDb3vSTg-qkPAZg,Gweilo-60,2019-02-27 06:42:50.933705,11002,0
UChXOhG9bRDb3vSTg-qkPAZg,Gweilo-60,2019-02-27 06:41:51.100169,11002,0
UChXOhG9bRDb3vSTg-qkPAZg,Gweilo-60,2019-02-27 06:40:50.966603,11002,0
UChXOhG9bRDb3vSTg-qkPAZg,Gweilo-60,2019-02-27 06:39:51.063038,11002,0
UChXOhG9bRDb3vSTg-qkPAZg,Gweilo-60,2019-02-27 06:38:51.061233,11002,0
UChXOhG9bRDb3vSTg-qkPAZg,Gweilo-60,2019-02-27 06:37:51.349723,11002,0
UChXOhG9bRDb3vSTg-qkPAZg,Gweilo-60,2019-02-27 06:36:50.549545,11002,0
UChXOhG9bRDb3vSTg-qkPAZg,Gweilo-60,2019-02-27 06:35:50.727814,11002,0
UChXOhG9bRDb3vSTg-qkPAZg,Gweilo-60,2019-02-27 06:34:50.675102,11002,0
UChXOhG9bRDb3vSTg-qkPAZg,Gweilo-60,2019-02-27 06:33:51.252588,11002,0
UChXOhG9bRDb3vSTg-qkPAZg,Gweilo-60,2019-02-27 06:32:50.660245,11002,0
UChXOhG9bRDb3vSTg-qkPAZg,Gweilo-60,2019-02-27 06:31:50.808493,11002,0
UChXOhG9bRDb3vSTg-qkPAZg,Gweilo-60,2019-02-27 06:30:50.945488,11002,0
UChXOhG9bRDb3vSTg-qkPAZg,Gweilo-60,2019-02-27 06:29:50.564699,11002,0
UChXOhG9bRDb3vSTg-qkPAZg,Gweilo-60,2019-02-27 06:28:51.280651,11002,0
UChXOhG9bRDb3vSTg-qkPAZg,Gweilo-60,2019-02-27 06:27:51.022997,11002,0
UChXOhG9bRDb3vSTg-qkPAZg,Gweilo-60,2019-02-27 06:26:50.58775,11002,0
UChXOhG9bRDb3vSTg-qkPAZg,Gweilo-60,2019-02-27 06:25:50.637637,11002,0
UChXOhG9bRDb3vSTg-qkPAZg,Gweilo-60,2019-02-27 06:24:51.311196,11002,0
UChXOhG9bRDb3vSTg-qkPAZg,Gweilo-60,2019-02-27 06:23:51.069361,11002,0
UChXOhG9bRDb3vSTg-qkPAZg,Gweilo-60,2019-02-27 06:22:51.083628,11002,0
UChXOhG9bRDb3vSTg-qkPAZg,Gweilo-60,2019-02-27 06:21:51.063394,11002,0
UChXOhG9bRDb3vSTg-qkPAZg,Gweilo-60,2019-02-27 06:20:50.585837,11002,0
UChXOhG9bRDb3vSTg-qkPAZg,Gweilo-60,2019-02-27 06:19:51.43946,11002,0
UChXOhG9bRDb3vSTg-qkPAZg,Gweilo-60,2019-02-27 06:18:51.66064,11002,0
UChXOhG9bRDb3vSTg-qkPAZg,Gweilo-60,2019-02-27 06:17:51.099339,11002,0
UChXOhG9bRDb3vSTg-qkPAZg,Gweilo-60,2019-02-27 06:16:50.933962,11002,0
UChXOhG9bRDb3vSTg-qkPAZg,Gweilo-60,2019-02-27 06:15:51.376942,11002,0
UChXOhG9bRDb3vSTg-qkPAZg,Gweilo-60,2019-02-27 06:14:51.142678,11002,0
UChXOhG9bRDb3vSTg-qkPAZg,Gweilo-60,2019-02-27 06:13:50.837193,11002,0
UChXOhG9bRDb3vSTg-qkPAZg,Gweilo-60,2019-02-27 06:12:51.008185,11002,0
UChXOhG9bRDb3vSTg-qkPAZg,Gweilo-60,2019-02-27 06:11:51.528631,11002,0
UChXOhG9bRDb3vSTg-qkPAZg,Gweilo-60,2019-02-27 06:10:51.010114,11002,0
UChXOhG9bRDb3vSTg-qkPAZg,Gweilo-60,2019-02-27 06:09:50.983061,11002,0
UChXOhG9bRDb3vSTg-qkPAZg,Gweilo-60,2019-02-27 06:08:52.034165,11002,0
UChXOhG9bRDb3vSTg-qkPAZg,Gweilo-60,2019-02-27 06:07:50.826014,11002,0
UChXOhG9bRDb3vSTg-qkPAZg,Gweilo-60,2019-02-27 06:06:51.57766,11002,0
UChXOhG9bRDb3vSTg-qkPAZg,Gweilo-60,2019-02-27 06:05:51.885008,11002,0
UChXOhG9bRDb3vSTg-qkPAZg,Gweilo-60,2019-02-27 06:04:51.363192,11002,0
UChXOhG9bRDb3vSTg-qkPAZg,Gweilo-60,2019-02-27 06:03:50.967859,11002,0
UChXOhG9bRDb3vSTg-qkPAZg,Gweilo-60,2019-02-27 06:02:51.338282,11002,0
UChXOhG9bRDb3vSTg-qkPAZg,Gweilo-60,2019-02-27 06:01:51.343262,11002,0
UChXOhG9bRDb3vSTg-qkPAZg,Gweilo-60,2019-02-27 06:00:51.018459,11002,0
UChXOhG9bRDb3vSTg-qkPAZg,Gweilo-60,2019-02-27 05:59:51.103594,11002,0
UChXOhG9bRDb3vSTg-qkPAZg,Gweilo-60,2019-02-27 05:58:51.264665,11002,0
UChXOhG9bRDb3vSTg-qkPAZg,Gweilo-60,2019-02-27 05:57:51.273993,11002,0
UChXOhG9bRDb3vSTg-qkPAZg,Gweilo-60,2019-02-27 05:56:51.040021,11002,0
UChXOhG9bRDb3vSTg-qkPAZg,Gweilo-60,2019-02-27 05:55:51.455006,11002,0
UChXOhG9bRDb3vSTg-qkPAZg,Gweilo-60,2019-02-27 05:54:51.48921,11002,0
UChXOhG9bRDb3vSTg-qkPAZg,Gweilo-60,2019-02-27 05:53:50.969079,11002,0
UChXOhG9bRDb3vSTg-qkPAZg,Gweilo-60,2019-02-27 05:52:51.428677,11002,0
UChXOhG9bRDb3vSTg-qkPAZg,Gweilo-60,2019-02-27 05:51:51.277157,11002,0
UChXOhG9bRDb3vSTg-qkPAZg,Gweilo-60,2019-02-27 05:50:51.79671,11002,1
UChXOhG9bRDb3vSTg-qkPAZg,Gweilo-60,2019-02-27 05:49:50.897374,11001,0
UChXOhG9bRDb3vSTg-qkPAZg,Gweilo-60,2019-02-27 05:48:50.864122,11001,0
UChXOhG9bRDb3vSTg-qkPAZg,Gweilo-60,2019-02-27 05:47:50.797125,11001,0
UChXOhG9bRDb3vSTg-qkPAZg,Gweilo-60,2019-02-27 05:46:51.141869,11001,0
UChXOhG9bRDb3vSTg-qkPAZg,Gweilo-60,2019-02-27 05:45:51.204628,11001,0
UChXOhG9bRDb3vSTg-qkPAZg,Gweilo-60,2019-02-27 05:44:51.265159,11001,0
UChXOhG9bRDb3vSTg-qkPAZg,Gweilo-60,2019-02-27 05:43:51.526767,11001,0
UChXOhG9bRDb3vSTg-qkPAZg,Gweilo-60,2019-02-27 05:42:51.220482,11001,0
UChXOhG9bRDb3vSTg-qkPAZg,Gweilo-60,2019-02-27 05:41:51.281914,11001,0
UChXOhG9bRDb3vSTg-qkPAZg,Gweilo-60,2019-02-27 05:40:51.151359,11001,0
UChXOhG9bRDb3vSTg-qkPAZg,Gweilo-60,2019-02-27 05:39:51.130752,11001,0
UChXOhG9bRDb3vSTg-qkPAZg,Gweilo-60,2019-02-27 05:38:51.645713,11001,0
UChXOhG9bRDb3vSTg-qkPAZg,Gweilo-60,2019-02-27 05:37:51.074283,11001,0
UChXOhG9bRDb3vSTg-qkPAZg,Gweilo-60,2019-02-27 05:36:51.398308,11001,0
UChXOhG9bRDb3vSTg-qkPAZg,Gweilo-60,2019-02-27 05:35:51.820454,11001,0
UChXOhG9bRDb3vSTg-qkPAZg,Gweilo-60,2019-02-27 05:34:51.340196,11001,0
UChXOhG9bRDb3vSTg-qkPAZg,Gweilo-60,2019-02-27 05:33:51.494403,11001,0
UChXOhG9bRDb3vSTg-qkPAZg,Gweilo-60,2019-02-27 05:32:51.625397,11001,0
UChXOhG9bRDb3vSTg-qkPAZg,Gweilo-60,2019-02-27 05:31:50.751435,11001,0
UChXOhG9bRDb3vSTg-qkPAZg,Gweilo-60,2019-02-27 05:30:51.136756,11001,0
UChXOhG9bRDb3vSTg-qkPAZg,Gweilo-60,2019-02-27 05:29:51.64648,11001,0
UChXOhG9bRDb3vSTg-qkPAZg,Gweilo-60,2019-02-27 05:28:51.016977,11001,0
UChXOhG9bRDb3vSTg-qkPAZg,Gweilo-60,2019-02-27 05:27:51.218387,11001,0
UChXOhG9bRDb3vSTg-qkPAZg,Gweilo-60,2019-02-27 05:26:50.676642,11001,0
UChXOhG9bRDb3vSTg-qkPAZg,Gweilo-60,2019-02-27 05:25:51.378371,11001,0
UChXOhG9bRDb3vSTg-qkPAZg,Gweilo-60,2019-02-27 05:24:51.230936,11001,0
UChXOhG9bRDb3vSTg-qkPAZg,Gweilo-60,2019-02-27 05:23:51.428227,11001,0
UChXOhG9bRDb3vSTg-qkPAZg,Gweilo-60,2019-02-27 05:22:50.843063,11001,0
UChXOhG9bRDb3vSTg-qkPAZg,Gweilo-60,2019-02-27 05:21:51.371392,11001,0
UChXOhG9bRDb3vSTg-qkPAZg,Gweilo-60,2019-02-27 05:20:51.310413,11001,0
UChXOhG9bRDb3vSTg-qkPAZg,Gweilo-60,2019-02-27 05:19:51.779404,11001,0
UChXOhG9bRDb3vSTg-qkPAZg,Gweilo-60,2019-02-27 05:18:51.233589,11001,0
UChXOhG9bRDb3vSTg-qkPAZg,Gweilo-60,2019-02-27 05:17:51.857171,11001,0
UChXOhG9bRDb3vSTg-qkPAZg,Gweilo-60,2019-02-27 05:16:51.261617,11001,0
UChXOhG9bRDb3vSTg-qkPAZg,Gweilo-60,2019-02-27 05:15:52.011923,11001,0
UChXOhG9bRDb3vSTg-qkPAZg,Gweilo-60,2019-02-27 05:14:51.710398,11001,0
UChXOhG9bRDb3vSTg-qkPAZg,Gweilo-60,2019-02-27 05:13:51.080811,11001,0
UChXOhG9bRDb3vSTg-qkPAZg,Gweilo-60,2019-02-27 05:12:51.262985,11001,0
UChXOhG9bRDb3vSTg-qkPAZg,Gweilo-60,2019-02-27 05:11:52.351946,11001,0
UChXOhG9bRDb3vSTg-qkPAZg,Gweilo-60,2019-02-27 05:10:52.72041,11001,0
UChXOhG9bRDb3vSTg-qkPAZg,Gweilo-60,2019-02-27 05:09:51.16687,11001,0
UChXOhG9bRDb3vSTg-qkPAZg,Gweilo-60,2019-02-27 05:08:51.140159,11001,0
UChXOhG9bRDb3vSTg-qkPAZg,Gweilo-60,2019-02-27 05:07:51.343288,11001,0
UChXOhG9bRDb3vSTg-qkPAZg,Gweilo-60,2019-02-27 05:06:51.983683,11001,0
UChXOhG9bRDb3vSTg-qkPAZg,Gweilo-60,2019-02-27 05:05:51.234918,11001,0
UChXOhG9bRDb3vSTg-qkPAZg,Gweilo-60,2019-02-27 05:04:51.092106,11001,0
UChXOhG9bRDb3vSTg-qkPAZg,Gweilo-60,2019-02-27 05:03:51.34319,11001,0
UChXOhG9bRDb3vSTg-qkPAZg,Gweilo-60,2019-02-27 05:02:51.306803,11001,0
UChXOhG9bRDb3vSTg-qkPAZg,Gweilo-60,2019-02-27 05:01:51.524446,11001,0
UChXOhG9bRDb3vSTg-qkPAZg,Gweilo-60,2019-02-27 05:00:51.139254,11001,0
UChXOhG9bRDb3vSTg-qkPAZg,Gweilo-60,2019-02-27 04:59:51.546781,11001,0
UChXOhG9bRDb3vSTg-qkPAZg,Gweilo-60,2019-02-27 04:58:51.866277,11001,0
UChXOhG9bRDb3vSTg-qkPAZg,Gweilo-60,2019-02-27 04:57:51.33958,11001,0
UChXOhG9bRDb3vSTg-qkPAZg,Gweilo-60,2019-02-27 04:56:51.104005,11001,0
UChXOhG9bRDb3vSTg-qkPAZg,Gweilo-60,2019-02-27 04:55:51.523869,11001,0
UChXOhG9bRDb3vSTg-qkPAZg,Gweilo-60,2019-02-27 04:54:50.810336,11001,-1
UChXOhG9bRDb3vSTg-qkPAZg,Gweilo-60,2019-02-27 04:53:51.061398,11002,0
UChXOhG9bRDb3vSTg-qkPAZg,Gweilo-60,2019-02-27 04:52:50.951216,11002,0
UChXOhG9bRDb3vSTg-qkPAZg,Gweilo-60,2019-02-27 04:51:51.536133,11002,0
UChXOhG9bRDb3vSTg-qkPAZg,Gweilo-60,2019-02-27 04:50:51.384645,11002,0
UChXOhG9bRDb3vSTg-qkPAZg,Gweilo-60,2019-02-27 04:49:50.428848,11002,0
UChXOhG9bRDb3vSTg-qkPAZg,Gweilo-60,2019-02-27 04:48:50.951589,11002,0
UChXOhG9bRDb3vSTg-qkPAZg,Gweilo-60,2019-02-27 04:47:50.88745,11002,0
UChXOhG9bRDb3vSTg-qkPAZg,Gweilo-60,2019-02-27 04:46:51.301258,11002,0
UChXOhG9bRDb3vSTg-qkPAZg,Gweilo-60,2019-02-27 04:45:51.321354,11002,0
UChXOhG9bRDb3vSTg-qkPAZg,Gweilo-60,2019-02-27 04:44:51.226579,11002,0
UChXOhG9bRDb3vSTg-qkPAZg,Gweilo-60,2019-02-27 04:43:50.990015,11002,0
UChXOhG9bRDb3vSTg-qkPAZg,Gweilo-60,2019-02-27 04:42:51.032512,11002,0
UChXOhG9bRDb3vSTg-qkPAZg,Gweilo-60,2019-02-27 04:41:51.099283,11002,0
UChXOhG9bRDb3vSTg-qkPAZg,Gweilo-60,2019-02-27 04:40:50.529998,11002,0
UChXOhG9bRDb3vSTg-qkPAZg,Gweilo-60,2019-02-27 04:39:50.976928,11002,0
UChXOhG9bRDb3vSTg-qkPAZg,Gweilo-60,2019-02-27 04:38:51.437006,11002,0
UChXOhG9bRDb3vSTg-qkPAZg,Gweilo-60,2019-02-27 04:37:51.352118,11002,0
UChXOhG9bRDb3vSTg-qkPAZg,Gweilo-60,2019-02-27 04:36:50.863614,11002,0
UChXOhG9bRDb3vSTg-qkPAZg,Gweilo-60,2019-02-27 04:35:51.659192,11002,0
UChXOhG9bRDb3vSTg-qkPAZg,Gweilo-60,2019-02-27 04:34:52.004163,11002,0
UChXOhG9bRDb3vSTg-qkPAZg,Gweilo-60,2019-02-27 04:33:51.178302,11002,0
UChXOhG9bRDb3vSTg-qkPAZg,Gweilo-60,2019-02-27 04:32:51.521479,11002,0
UChXOhG9bRDb3vSTg-qkPAZg,Gweilo-60,2019-02-27 04:31:51.966552,11002,0
UChXOhG9bRDb3vSTg-qkPAZg,Gweilo-60,2019-02-27 04:30:51.166663,11002,0
UChXOhG9bRDb3vSTg-qkPAZg,Gweilo-60,2019-02-27 04:29:52.272978,11002,0
UChXOhG9bRDb3vSTg-qkPAZg,Gweilo-60,2019-02-27 04:28:51.414012,11002,0
UChXOhG9bRDb3vSTg-qkPAZg,Gweilo-60,2019-02-27 04:27:51.438358,11002,0
UChXOhG9bRDb3vSTg-qkPAZg,Gweilo-60,2019-02-27 04:26:51.511103,11002,0
UChXOhG9bRDb3vSTg-qkPAZg,Gweilo-60,2019-02-27 04:25:51.488711,11002,0
UChXOhG9bRDb3vSTg-qkPAZg,Gweilo-60,2019-02-27 04:24:52.840601,11002,0
UChXOhG9bRDb3vSTg-qkPAZg,Gweilo-60,2019-02-27 04:23:51.529853,11002,0
UChXOhG9bRDb3vSTg-qkPAZg,Gweilo-60,2019-02-27 04:22:51.976576,11002,0
UChXOhG9bRDb3vSTg-qkPAZg,Gweilo-60,2019-02-27 04:21:51.583208,11002,0
UChXOhG9bRDb3vSTg-qkPAZg,Gweilo-60,2019-02-27 04:20:51.342,11002,0
UChXOhG9bRDb3vSTg-qkPAZg,Gweilo-60,2019-02-27 04:19:51.543376,11002,0
UChXOhG9bRDb3vSTg-qkPAZg,Gweilo-60,2019-02-27 04:18:51.363709,11002,0
UChXOhG9bRDb3vSTg-qkPAZg,Gweilo-60,2019-02-27 04:17:51.138145,11002,0
UChXOhG9bRDb3vSTg-qkPAZg,Gweilo-60,2019-02-27 04:16:52.500192,11002,0
UChXOhG9bRDb3vSTg-qkPAZg,Gweilo-60,2019-02-27 04:15:51.400297,11002,1
UChXOhG9bRDb3vSTg-qkPAZg,Gweilo-60,2019-02-27 04:14:51.655626,11001,0
UChXOhG9bRDb3vSTg-qkPAZg,Gweilo-60,2019-02-27 04:13:51.786232,11001,0
UChXOhG9bRDb3vSTg-qkPAZg,Gweilo-60,2019-02-27 04:12:51.106172,11001,0
UChXOhG9bRDb3vSTg-qkPAZg,Gweilo-60,2019-02-27 04:11:51.694212,11001,0
UChXOhG9bRDb3vSTg-qkPAZg,Gweilo-60,2019-02-27 04:10:51.311243,11001,0
UChXOhG9bRDb3vSTg-qkPAZg,Gweilo-60,2019-02-27 04:09:50.890689,11001,0
UChXOhG9bRDb3vSTg-qkPAZg,Gweilo-60,2019-02-27 04:08:51.038201,11001,0
UChXOhG9bRDb3vSTg-qkPAZg,Gweilo-60,2019-02-27 04:07:50.769307,11001,0
UChXOhG9bRDb3vSTg-qkPAZg,Gweilo-60,2019-02-27 04:06:50.76819,11001,0
UChXOhG9bRDb3vSTg-qkPAZg,Gweilo-60,2019-02-27 04:05:51.000025,11001,0
UChXOhG9bRDb3vSTg-qkPAZg,Gweilo-60,2019-02-27 04:04:52.004118,11001,0
UChXOhG9bRDb3vSTg-qkPAZg,Gweilo-60,2019-02-27 04:03:51.368158,11001,0
UChXOhG9bRDb3vSTg-qkPAZg,Gweilo-60,2019-02-27 04:02:51.435507,11001,0
UChXOhG9bRDb3vSTg-qkPAZg,Gweilo-60,2019-02-27 04:01:51.122948,11001,0
UChXOhG9bRDb3vSTg-qkPAZg,Gweilo-60,2019-02-27 04:00:51.07759,11001,0
UChXOhG9bRDb3vSTg-qkPAZg,Gweilo-60,2019-02-27 03:59:50.849626,11001,0
UChXOhG9bRDb3vSTg-qkPAZg,Gweilo-60,2019-02-27 03:58:51.744409,11001,0
UChXOhG9bRDb3vSTg-qkPAZg,Gweilo-60,2019-02-27 03:57:51.524433,11001,0
UChXOhG9bRDb3vSTg-qkPAZg,Gweilo-60,2019-02-27 03:56:51.065034,11001,0
UChXOhG9bRDb3vSTg-qkPAZg,Gweilo-60,2019-02-27 03:55:50.728565,11001,0
UChXOhG9bRDb3vSTg-qkPAZg,Gweilo-60,2019-02-27 03:54:51.194684,11001,0
UChXOhG9bRDb3vSTg-qkPAZg,Gweilo-60,2019-02-27 03:53:51.921524,11001,0
UChXOhG9bRDb3vSTg-qkPAZg,Gweilo-60,2019-02-27 03:52:50.764043,11001,0
UChXOhG9bRDb3vSTg-qkPAZg,Gweilo-60,2019-02-27 03:51:51.162591,11001,0
UChXOhG9bRDb3vSTg-qkPAZg,Gweilo-60,2019-02-27 03:50:51.174232,11001,0
UChXOhG9bRDb3vSTg-qkPAZg,Gweilo-60,2019-02-27 03:49:50.71364,11001,1
UChXOhG9bRDb3vSTg-qkPAZg,Gweilo-60,2019-02-27 03:48:51.537283,11000,0
UChXOhG9bRDb3vSTg-qkPAZg,Gweilo-60,2019-02-27 03:47:50.651268,11000,0
UChXOhG9bRDb3vSTg-qkPAZg,Gweilo-60,2019-02-27 03:46:51.147621,11000,0
UChXOhG9bRDb3vSTg-qkPAZg,Gweilo-60,2019-02-27 03:45:50.942027,11000,0
UChXOhG9bRDb3vSTg-qkPAZg,Gweilo-60,2019-02-27 03:44:50.945787,11000,0
UChXOhG9bRDb3vSTg-qkPAZg,Gweilo-60,2019-02-27 03:43:50.607052,11000,0
UChXOhG9bRDb3vSTg-qkPAZg,Gweilo-60,2019-02-27 03:42:51.078364,11000,0
UChXOhG9bRDb3vSTg-qkPAZg,Gweilo-60,2019-02-27 03:41:51.263274,11000,0
UChXOhG9bRDb3vSTg-qkPAZg,Gweilo-60,2019-02-27 03:40:51.815514,11000,0
UChXOhG9bRDb3vSTg-qkPAZg,Gweilo-60,2019-02-27 03:39:51.659152,11000,0
UChXOhG9bRDb3vSTg-qkPAZg,Gweilo-60,2019-02-27 03:38:51.272977,11000,0
UChXOhG9bRDb3vSTg-qkPAZg,Gweilo-60,2019-02-27 03:37:50.994007,11000,0
UChXOhG9bRDb3vSTg-qkPAZg,Gweilo-60,2019-02-27 03:36:51.428491,11000,0
UChXOhG9bRDb3vSTg-qkPAZg,Gweilo-60,2019-02-27 03:35:52.374685,11000,0
UChXOhG9bRDb3vSTg-qkPAZg,Gweilo-60,2019-02-27 03:34:51.156738,11000,0
UChXOhG9bRDb3vSTg-qkPAZg,Gweilo-60,2019-02-27 03:33:50.784228,11000,0
UChXOhG9bRDb3vSTg-qkPAZg,Gweilo-60,2019-02-27 03:32:51.640261,11000,0
UChXOhG9bRDb3vSTg-qkPAZg,Gweilo-60,2019-02-27 03:31:51.672852,11000,0
UChXOhG9bRDb3vSTg-qkPAZg,Gweilo-60,2019-02-27 03:30:50.739548,11000,0
UChXOhG9bRDb3vSTg-qkPAZg,Gweilo-60,2019-02-27 03:29:50.609314,11000,0
UChXOhG9bRDb3vSTg-qkPAZg,Gweilo-60,2019-02-27 03:28:51.389941,11000,0
UChXOhG9bRDb3vSTg-qkPAZg,Gweilo-60,2019-02-27 03:27:50.963853,11000,0
UChXOhG9bRDb3vSTg-qkPAZg,Gweilo-60,2019-02-27 03:26:51.239488,11000,0
UChXOhG9bRDb3vSTg-qkPAZg,Gweilo-60,2019-02-27 03:25:50.884053,11000,0
UChXOhG9bRDb3vSTg-qkPAZg,Gweilo-60,2019-02-27 03:24:50.957104,11000,0
UChXOhG9bRDb3vSTg-qkPAZg,Gweilo-60,2019-02-27 03:23:50.938335,11000,0
UChXOhG9bRDb3vSTg-qkPAZg,Gweilo-60,2019-02-27 03:22:51.608887,11000,0
UChXOhG9bRDb3vSTg-qkPAZg,Gweilo-60,2019-02-27 03:21:51.106743,11000,0
UChXOhG9bRDb3vSTg-qkPAZg,Gweilo-60,2019-02-27 03:20:51.793157,11000,0
UChXOhG9bRDb3vSTg-qkPAZg,Gweilo-60,2019-02-27 03:19:51.538776,11000,0
UChXOhG9bRDb3vSTg-qkPAZg,Gweilo-60,2019-02-27 03:18:51.994629,11000,0
UChXOhG9bRDb3vSTg-qkPAZg,Gweilo-60,2019-02-27 03:17:51.157329,11000,0
UChXOhG9bRDb3vSTg-qkPAZg,Gweilo-60,2019-02-27 03:16:50.879276,11000,0
UChXOhG9bRDb3vSTg-qkPAZg,Gweilo-60,2019-02-27 03:15:51.214624,11000,0
UChXOhG9bRDb3vSTg-qkPAZg,Gweilo-60,2019-02-27 03:14:51.728647,11000,0
UChXOhG9bRDb3vSTg-qkPAZg,Gweilo-60,2019-02-27 03:13:51.458697,11000,1
UChXOhG9bRDb3vSTg-qkPAZg,Gweilo-60,2019-02-27 03:12:51.1739,10999,0
UChXOhG9bRDb3vSTg-qkPAZg,Gweilo-60,2019-02-27 03:11:51.398716,10999,0
UChXOhG9bRDb3vSTg-qkPAZg,Gweilo-60,2019-02-27 03:10:51.035624,10999,0
UChXOhG9bRDb3vSTg-qkPAZg,Gweilo-60,2019-02-27 03:09:51.192367,10999,0
UChXOhG9bRDb3vSTg-qkPAZg,Gweilo-60,2019-02-27 03:08:51.283589,10999,0
UChXOhG9bRDb3vSTg-qkPAZg,Gweilo-60,2019-02-27 03:07:51.502958,10999,0
UChXOhG9bRDb3vSTg-qkPAZg,Gweilo-60,2019-02-27 03:06:51.456166,10999,0
UChXOhG9bRDb3vSTg-qkPAZg,Gweilo-60,2019-02-27 03:05:50.863159,10999,0
UChXOhG9bRDb3vSTg-qkPAZg,Gweilo-60,2019-02-27 03:04:51.018726,10999,0
UChXOhG9bRDb3vSTg-qkPAZg,Gweilo-60,2019-02-27 03:03:51.186793,10999,0
UChXOhG9bRDb3vSTg-qkPAZg,Gweilo-60,2019-02-27 03:02:51.28274,10999,0
UChXOhG9bRDb3vSTg-qkPAZg,Gweilo-60,2019-02-27 03:01:51.219961,10999,0
UChXOhG9bRDb3vSTg-qkPAZg,Gweilo-60,2019-02-27 03:00:51.210655,10999,0
UChXOhG9bRDb3vSTg-qkPAZg,Gweilo-60,2019-02-27 02:59:50.893747,10999,0
UChXOhG9bRDb3vSTg-qkPAZg,Gweilo-60,2019-02-27 02:58:51.126622,10999,0
UChXOhG9bRDb3vSTg-qkPAZg,Gweilo-60,2019-02-27 02:57:51.50871,10999,0
UChXOhG9bRDb3vSTg-qkPAZg,Gweilo-60,2019-02-27 02:56:50.892706,10999,0
UChXOhG9bRDb3vSTg-qkPAZg,Gweilo-60,2019-02-27 02:55:51.126917,10999,0
UChXOhG9bRDb3vSTg-qkPAZg,Gweilo-60,2019-02-27 02:54:51.379958,10999,0
UChXOhG9bRDb3vSTg-qkPAZg,Gweilo-60,2019-02-27 02:53:50.812986,10999,0
UChXOhG9bRDb3vSTg-qkPAZg,Gweilo-60,2019-02-27 02:52:51.378388,10999,0
UChXOhG9bRDb3vSTg-qkPAZg,Gweilo-60,2019-02-27 02:51:51.175752,10999,0
UChXOhG9bRDb3vSTg-qkPAZg,Gweilo-60,2019-02-27 02:50:51.482798,10999,0
UChXOhG9bRDb3vSTg-qkPAZg,Gweilo-60,2019-02-27 02:49:51.176445,10999,0
UChXOhG9bRDb3vSTg-qkPAZg,Gweilo-60,2019-02-27 02:48:51.068909,10999,0
UChXOhG9bRDb3vSTg-qkPAZg,Gweilo-60,2019-02-27 02:47:50.898728,10999,0
UChXOhG9bRDb3vSTg-qkPAZg,Gweilo-60,2019-02-27 02:46:52.172392,10999,0
UChXOhG9bRDb3vSTg-qkPAZg,Gweilo-60,2019-02-27 02:45:51.301365,10999,1
UChXOhG9bRDb3vSTg-qkPAZg,Gweilo-60,2019-02-27 02:44:51.473228,10998,0
UChXOhG9bRDb3vSTg-qkPAZg,Gweilo-60,2019-02-27 02:43:50.95128,10998,0
UChXOhG9bRDb3vSTg-qkPAZg,Gweilo-60,2019-02-27 02:42:51.019022,10998,0
UChXOhG9bRDb3vSTg-qkPAZg,Gweilo-60,2019-02-27 02:41:50.90222,10998,0
UChXOhG9bRDb3vSTg-qkPAZg,Gweilo-60,2019-02-27 02:40:50.909648,10998,0
UChXOhG9bRDb3vSTg-qkPAZg,Gweilo-60,2019-02-27 02:39:50.872683,10998,0
UChXOhG9bRDb3vSTg-qkPAZg,Gweilo-60,2019-02-27 02:38:51.682582,10998,0
UChXOhG9bRDb3vSTg-qkPAZg,Gweilo-60,2019-02-27 02:37:51.029232,10998,0
UChXOhG9bRDb3vSTg-qkPAZg,Gweilo-60,2019-02-27 02:36:50.626521,10998,0
UChXOhG9bRDb3vSTg-qkPAZg,Gweilo-60,2019-02-27 02:35:51.327963,10998,0
UChXOhG9bRDb3vSTg-qkPAZg,Gweilo-60,2019-02-27 02:34:50.902258,10998,0
UChXOhG9bRDb3vSTg-qkPAZg,Gweilo-60,2019-02-27 02:33:50.828859,10998,0
UChXOhG9bRDb3vSTg-qkPAZg,Gweilo-60,2019-02-27 02:32:50.985632,10998,0
UChXOhG9bRDb3vSTg-qkPAZg,Gweilo-60,2019-02-27 02:31:51.075554,10998,0
UChXOhG9bRDb3vSTg-qkPAZg,Gweilo-60,2019-02-27 02:30:51.078941,10998,0
UChXOhG9bRDb3vSTg-qkPAZg,Gweilo-60,2019-02-27 02:29:51.244723,10998,0
UChXOhG9bRDb3vSTg-qkPAZg,Gweilo-60,2019-02-27 02:28:51.123382,10998,0
UChXOhG9bRDb3vSTg-qkPAZg,Gweilo-60,2019-02-27 02:27:51.509073,10998,0
UChXOhG9bRDb3vSTg-qkPAZg,Gweilo-60,2019-02-27 02:26:51.185038,10998,0
UChXOhG9bRDb3vSTg-qkPAZg,Gweilo-60,2019-02-27 02:25:50.834006,10998,0
UChXOhG9bRDb3vSTg-qkPAZg,Gweilo-60,2019-02-27 02:24:51.686504,10998,0
UChXOhG9bRDb3vSTg-qkPAZg,Gweilo-60,2019-02-27 02:23:51.014927,10998,0
UChXOhG9bRDb3vSTg-qkPAZg,Gweilo-60,2019-02-27 02:22:51.411545,10998,0
UChXOhG9bRDb3vSTg-qkPAZg,Gweilo-60,2019-02-27 02:21:50.890301,10998,0
UChXOhG9bRDb3vSTg-qkPAZg,Gweilo-60,2019-02-27 02:20:51.551792,10998,0
UChXOhG9bRDb3vSTg-qkPAZg,Gweilo-60,2019-02-27 02:19:50.859515,10998,0
UChXOhG9bRDb3vSTg-qkPAZg,Gweilo-60,2019-02-27 02:18:51.276039,10998,0
UChXOhG9bRDb3vSTg-qkPAZg,Gweilo-60,2019-02-27 02:17:51.355352,10998,0
UChXOhG9bRDb3vSTg-qkPAZg,Gweilo-60,2019-02-27 02:16:51.275101,10998,0
UChXOhG9bRDb3vSTg-qkPAZg,Gweilo-60,2019-02-27 02:15:51.248473,10998,0
UChXOhG9bRDb3vSTg-qkPAZg,Gweilo-60,2019-02-27 02:14:51.492981,10998,0
UChXOhG9bRDb3vSTg-qkPAZg,Gweilo-60,2019-02-27 02:13:51.130002,10998,0
UChXOhG9bRDb3vSTg-qkPAZg,Gweilo-60,2019-02-27 02:12:51.76282,10998,0
UChXOhG9bRDb3vSTg-qkPAZg,Gweilo-60,2019-02-27 02:11:51.972999,10998,0
UChXOhG9bRDb3vSTg-qkPAZg,Gweilo-60,2019-02-27 02:10:52.338304,10998,0
UChXOhG9bRDb3vSTg-qkPAZg,Gweilo-60,2019-02-27 02:09:52.147662,10998,1
UChXOhG9bRDb3vSTg-qkPAZg,Gweilo-60,2019-02-27 02:08:51.048292,10997,0
UChXOhG9bRDb3vSTg-qkPAZg,Gweilo-60,2019-02-27 02:07:51.111725,10997,0
UChXOhG9bRDb3vSTg-qkPAZg,Gweilo-60,2019-02-27 02:06:51.513599,10997,0
UChXOhG9bRDb3vSTg-qkPAZg,Gweilo-60,2019-02-27 02:05:51.592407,10997,0
UChXOhG9bRDb3vSTg-qkPAZg,Gweilo-60,2019-02-27 02:04:51.195367,10997,0
UChXOhG9bRDb3vSTg-qkPAZg,Gweilo-60,2019-02-27 02:03:51.374519,10997,0
UChXOhG9bRDb3vSTg-qkPAZg,Gweilo-60,2019-02-27 02:02:51.628998,10997,0
UChXOhG9bRDb3vSTg-qkPAZg,Gweilo-60,2019-02-27 02:01:51.823703,10997,0
UChXOhG9bRDb3vSTg-qkPAZg,Gweilo-60,2019-02-27 02:00:51.555225,10997,0
UChXOhG9bRDb3vSTg-qkPAZg,Gweilo-60,2019-02-27 01:59:51.248438,10997,0
UChXOhG9bRDb3vSTg-qkPAZg,Gweilo-60,2019-02-27 01:58:51.048043,10997,0
UChXOhG9bRDb3vSTg-qkPAZg,Gweilo-60,2019-02-27 01:57:50.988562,10997,0
UChXOhG9bRDb3vSTg-qkPAZg,Gweilo-60,2019-02-27 01:56:50.887889,10997,0
UChXOhG9bRDb3vSTg-qkPAZg,Gweilo-60,2019-02-27 01:55:51.199182,10997,0
UChXOhG9bRDb3vSTg-qkPAZg,Gweilo-60,2019-02-27 01:54:51.10845,10997,0
UChXOhG9bRDb3vSTg-qkPAZg,Gweilo-60,2019-02-27 01:53:50.553293,10997,0
UChXOhG9bRDb3vSTg-qkPAZg,Gweilo-60,2019-02-27 01:52:50.872414,10997,0
UChXOhG9bRDb3vSTg-qkPAZg,Gweilo-60,2019-02-27 01:51:50.928449,10997,0
UChXOhG9bRDb3vSTg-qkPAZg,Gweilo-60,2019-02-27 01:50:51.479638,10997,0
UChXOhG9bRDb3vSTg-qkPAZg,Gweilo-60,2019-02-27 01:49:51.1572,10997,0
UChXOhG9bRDb3vSTg-qkPAZg,Gweilo-60,2019-02-27 01:48:50.591044,10997,0
UChXOhG9bRDb3vSTg-qkPAZg,Gweilo-60,2019-02-27 01:47:50.585854,10997,0
UChXOhG9bRDb3vSTg-qkPAZg,Gweilo-60,2019-02-27 01:46:51.236228,10997,0
UChXOhG9bRDb3vSTg-qkPAZg,Gweilo-60,2019-02-27 01:45:50.559681,10997,0
UChXOhG9bRDb3vSTg-qkPAZg,Gweilo-60,2019-02-27 01:44:51.355801,10997,0
UChXOhG9bRDb3vSTg-qkPAZg,Gweilo-60,2019-02-27 01:43:51.278472,10997,0
UChXOhG9bRDb3vSTg-qkPAZg,Gweilo-60,2019-02-27 01:42:50.759427,10997,0
UChXOhG9bRDb3vSTg-qkPAZg,Gweilo-60,2019-02-27 01:41:51.091186,10997,0
UChXOhG9bRDb3vSTg-qkPAZg,Gweilo-60,2019-02-27 01:40:52.242609,10997,0
UChXOhG9bRDb3vSTg-qkPAZg,Gweilo-60,2019-02-27 01:39:51.459659,10997,0
UChXOhG9bRDb3vSTg-qkPAZg,Gweilo-60,2019-02-27 01:38:50.800449,10997,0
UChXOhG9bRDb3vSTg-qkPAZg,Gweilo-60,2019-02-27 01:37:50.837353,10997,0
UChXOhG9bRDb3vSTg-qkPAZg,Gweilo-60,2019-02-27 01:36:50.923643,10997,0
UChXOhG9bRDb3vSTg-qkPAZg,Gweilo-60,2019-02-27 01:35:51.23276,10997,0
UChXOhG9bRDb3vSTg-qkPAZg,Gweilo-60,2019-02-27 01:34:51.224744,10997,0
UChXOhG9bRDb3vSTg-qkPAZg,Gweilo-60,2019-02-27 01:33:50.41795,10997,0
UChXOhG9bRDb3vSTg-qkPAZg,Gweilo-60,2019-02-27 01:32:50.824604,10997,0
UChXOhG9bRDb3vSTg-qkPAZg,Gweilo-60,2019-02-27 01:31:51.239652,10997,0
UChXOhG9bRDb3vSTg-qkPAZg,Gweilo-60,2019-02-27 01:30:51.396794,10997,0
UChXOhG9bRDb3vSTg-qkPAZg,Gweilo-60,2019-02-27 01:29:50.92909,10997,0
UChXOhG9bRDb3vSTg-qkPAZg,Gweilo-60,2019-02-27 01:28:50.925116,10997,0
UChXOhG9bRDb3vSTg-qkPAZg,Gweilo-60,2019-02-27 01:27:51.05268,10997,0
UChXOhG9bRDb3vSTg-qkPAZg,Gweilo-60,2019-02-27 01:26:51.08309,10997,0
UChXOhG9bRDb3vSTg-qkPAZg,Gweilo-60,2019-02-27 01:25:51.367893,10997,0
UChXOhG9bRDb3vSTg-qkPAZg,Gweilo-60,2019-02-27 01:24:51.14017,10997,0
UChXOhG9bRDb3vSTg-qkPAZg,Gweilo-60,2019-02-27 01:23:51.100269,10997,0
UChXOhG9bRDb3vSTg-qkPAZg,Gweilo-60,2019-02-27 01:22:51.040016,10997,0
UChXOhG9bRDb3vSTg-qkPAZg,Gweilo-60,2019-02-27 01:21:51.336835,10997,0
UChXOhG9bRDb3vSTg-qkPAZg,Gweilo-60,2019-02-27 01:20:51.433624,10997,0
UChXOhG9bRDb3vSTg-qkPAZg,Gweilo-60,2019-02-27 01:19:51.437955,10997,0
UChXOhG9bRDb3vSTg-qkPAZg,Gweilo-60,2019-02-27 01:18:51.017146,10997,0
UChXOhG9bRDb3vSTg-qkPAZg,Gweilo-60,2019-02-27 01:17:51.104196,10997,0
UChXOhG9bRDb3vSTg-qkPAZg,Gweilo-60,2019-02-27 01:16:51.060462,10997,0
UChXOhG9bRDb3vSTg-qkPAZg,Gweilo-60,2019-02-27 01:15:50.60431,10997,0
UChXOhG9bRDb3vSTg-qkPAZg,Gweilo-60,2019-02-27 01:14:51.186277,10997,0
UChXOhG9bRDb3vSTg-qkPAZg,Gweilo-60,2019-02-27 01:13:51.360564,10997,0
UChXOhG9bRDb3vSTg-qkPAZg,Gweilo-60,2019-02-27 01:12:51.602661,10997,0
UChXOhG9bRDb3vSTg-qkPAZg,Gweilo-60,2019-02-27 01:11:50.92001,10997,0
UChXOhG9bRDb3vSTg-qkPAZg,Gweilo-60,2019-02-27 01:10:51.286619,10997,0
UChXOhG9bRDb3vSTg-qkPAZg,Gweilo-60,2019-02-27 01:09:51.239019,10997,0
UChXOhG9bRDb3vSTg-qkPAZg,Gweilo-60,2019-02-27 01:08:50.863275,10997,0
UChXOhG9bRDb3vSTg-qkPAZg,Gweilo-60,2019-02-27 01:07:50.774641,10997,1
UChXOhG9bRDb3vSTg-qkPAZg,Gweilo-60,2019-02-27 01:06:50.898966,10996,0
UChXOhG9bRDb3vSTg-qkPAZg,Gweilo-60,2019-02-27 01:05:51.523021,10996,0
UChXOhG9bRDb3vSTg-qkPAZg,Gweilo-60,2019-02-27 01:04:51.030828,10996,0
UChXOhG9bRDb3vSTg-qkPAZg,Gweilo-60,2019-02-27 01:03:51.841271,10996,0
UChXOhG9bRDb3vSTg-qkPAZg,Gweilo-60,2019-02-27 01:02:50.634179,10996,0
UChXOhG9bRDb3vSTg-qkPAZg,Gweilo-60,2019-02-27 01:01:50.700737,10996,0
UChXOhG9bRDb3vSTg-qkPAZg,Gweilo-60,2019-02-27 01:00:51.223561,10996,0
UChXOhG9bRDb3vSTg-qkPAZg,Gweilo-60,2019-02-27 00:59:51.347748,10996,0
UChXOhG9bRDb3vSTg-qkPAZg,Gweilo-60,2019-02-27 00:58:50.703689,10996,0
UChXOhG9bRDb3vSTg-qkPAZg,Gweilo-60,2019-02-27 00:57:51.121317,10996,0
UChXOhG9bRDb3vSTg-qkPAZg,Gweilo-60,2019-02-27 00:56:51.002168,10996,0
UChXOhG9bRDb3vSTg-qkPAZg,Gweilo-60,2019-02-27 00:55:50.759881,10996,0
UChXOhG9bRDb3vSTg-qkPAZg,Gweilo-60,2019-02-27 00:54:51.466265,10996,0
UChXOhG9bRDb3vSTg-qkPAZg,Gweilo-60,2019-02-27 00:53:51.095824,10996,0
UChXOhG9bRDb3vSTg-qkPAZg,Gweilo-60,2019-02-27 00:52:51.111796,10996,0
UChXOhG9bRDb3vSTg-qkPAZg,Gweilo-60,2019-02-27 00:51:50.880608,10996,0
UChXOhG9bRDb3vSTg-qkPAZg,Gweilo-60,2019-02-27 00:50:51.020761,10996,0
UChXOhG9bRDb3vSTg-qkPAZg,Gweilo-60,2019-02-27 00:49:51.231816,10996,0
UChXOhG9bRDb3vSTg-qkPAZg,Gweilo-60,2019-02-27 00:48:50.804165,10996,0
UChXOhG9bRDb3vSTg-qkPAZg,Gweilo-60,2019-02-27 00:47:51.026892,10996,0
UChXOhG9bRDb3vSTg-qkPAZg,Gweilo-60,2019-02-27 00:46:50.679854,10996,0
UChXOhG9bRDb3vSTg-qkPAZg,Gweilo-60,2019-02-27 00:45:51.10502,10996,0
UChXOhG9bRDb3vSTg-qkPAZg,Gweilo-60,2019-02-27 00:44:51.55778,10996,0
UChXOhG9bRDb3vSTg-qkPAZg,Gweilo-60,2019-02-27 00:43:50.951014,10996,0
UChXOhG9bRDb3vSTg-qkPAZg,Gweilo-60,2019-02-27 00:42:50.630917,10996,0
UChXOhG9bRDb3vSTg-qkPAZg,Gweilo-60,2019-02-27 00:41:50.46929,10996,0
UChXOhG9bRDb3vSTg-qkPAZg,Gweilo-60,2019-02-27 00:40:50.999772,10996,0
UChXOhG9bRDb3vSTg-qkPAZg,Gweilo-60,2019-02-27 00:39:50.621948,10996,1
UChXOhG9bRDb3vSTg-qkPAZg,Gweilo-60,2019-02-27 00:38:51.53446,10995,0
UChXOhG9bRDb3vSTg-qkPAZg,Gweilo-60,2019-02-27 00:37:52.398481,10995,0
UChXOhG9bRDb3vSTg-qkPAZg,Gweilo-60,2019-02-27 00:36:51.57547,10995,0
UChXOhG9bRDb3vSTg-qkPAZg,Gweilo-60,2019-02-27 00:35:51.15127,10995,0
UChXOhG9bRDb3vSTg-qkPAZg,Gweilo-60,2019-02-27 00:34:52.127388,10995,0
UChXOhG9bRDb3vSTg-qkPAZg,Gweilo-60,2019-02-27 00:33:51.211341,10995,0
UChXOhG9bRDb3vSTg-qkPAZg,Gweilo-60,2019-02-27 00:32:52.222874,10995,0
UChXOhG9bRDb3vSTg-qkPAZg,Gweilo-60,2019-02-27 00:31:51.140274,10995,0
UChXOhG9bRDb3vSTg-qkPAZg,Gweilo-60,2019-02-27 00:30:51.492997,10995,0
UChXOhG9bRDb3vSTg-qkPAZg,Gweilo-60,2019-02-27 00:29:51.062604,10995,0
UChXOhG9bRDb3vSTg-qkPAZg,Gweilo-60,2019-02-27 00:28:51.174281,10995,0
UChXOhG9bRDb3vSTg-qkPAZg,Gweilo-60,2019-02-27 00:27:51.111629,10995,0
UChXOhG9bRDb3vSTg-qkPAZg,Gweilo-60,2019-02-27 00:26:51.182171,10995,0
UChXOhG9bRDb3vSTg-qkPAZg,Gweilo-60,2019-02-27 00:25:51.560013,10995,0
UChXOhG9bRDb3vSTg-qkPAZg,Gweilo-60,2019-02-27 00:24:50.776074,10995,0
UChXOhG9bRDb3vSTg-qkPAZg,Gweilo-60,2019-02-27 00:23:51.079611,10995,0
UChXOhG9bRDb3vSTg-qkPAZg,Gweilo-60,2019-02-27 00:22:51.052238,10995,0
UChXOhG9bRDb3vSTg-qkPAZg,Gweilo-60,2019-02-27 00:21:51.0884,10995,0
UChXOhG9bRDb3vSTg-qkPAZg,Gweilo-60,2019-02-27 00:20:50.830136,10995,0
UChXOhG9bRDb3vSTg-qkPAZg,Gweilo-60,2019-02-27 00:19:50.822955,10995,0
UChXOhG9bRDb3vSTg-qkPAZg,Gweilo-60,2019-02-27 00:18:51.500941,10995,0
UChXOhG9bRDb3vSTg-qkPAZg,Gweilo-60,2019-02-27 00:17:51.790392,10995,0
UChXOhG9bRDb3vSTg-qkPAZg,Gweilo-60,2019-02-27 00:16:50.959563,10995,0
UChXOhG9bRDb3vSTg-qkPAZg,Gweilo-60,2019-02-27 00:15:51.100981,10995,0
UChXOhG9bRDb3vSTg-qkPAZg,Gweilo-60,2019-02-27 00:14:51.296718,10995,0
UChXOhG9bRDb3vSTg-qkPAZg,Gweilo-60,2019-02-27 00:13:51.128752,10995,0
UChXOhG9bRDb3vSTg-qkPAZg,Gweilo-60,2019-02-27 00:12:51.08931,10995,0
UChXOhG9bRDb3vSTg-qkPAZg,Gweilo-60,2019-02-27 00:11:51.196988,10995,0
UChXOhG9bRDb3vSTg-qkPAZg,Gweilo-60,2019-02-27 00:10:51.348965,10995,0
UChXOhG9bRDb3vSTg-qkPAZg,Gweilo-60,2019-02-27 00:09:51.327167,10995,0
UChXOhG9bRDb3vSTg-qkPAZg,Gweilo-60,2019-02-27 00:08:50.963186,10995,0
UChXOhG9bRDb3vSTg-qkPAZg,Gweilo-60,2019-02-27 00:07:50.784084,10995,0
UChXOhG9bRDb3vSTg-qkPAZg,Gweilo-60,2019-02-27 00:06:51.058728,10995,0
UChXOhG9bRDb3vSTg-qkPAZg,Gweilo-60,2019-02-27 00:05:51.458826,10995,0
UChXOhG9bRDb3vSTg-qkPAZg,Gweilo-60,2019-02-27 00:04:51.047555,10995,0
UChXOhG9bRDb3vSTg-qkPAZg,Gweilo-60,2019-02-27 00:03:50.786137,10995,0
UChXOhG9bRDb3vSTg-qkPAZg,Gweilo-60,2019-02-27 00:02:50.928077,10995,0
UChXOhG9bRDb3vSTg-qkPAZg,Gweilo-60,2019-02-27 00:01:51.771267,10995,0
UChXOhG9bRDb3vSTg-qkPAZg,Gweilo-60,2019-02-27 00:00:51.147041,10995,0
UChXOhG9bRDb3vSTg-qkPAZg,Gweilo-60,2019-02-26 23:59:50.722986,10995,0
UChXOhG9bRDb3vSTg-qkPAZg,Gweilo-60,2019-02-26 23:58:51.692755,10995,0
UChXOhG9bRDb3vSTg-qkPAZg,Gweilo-60,2019-02-26 23:57:50.703745,10995,0
UChXOhG9bRDb3vSTg-qkPAZg,Gweilo-60,2019-02-26 23:56:51.210766,10995,0
UChXOhG9bRDb3vSTg-qkPAZg,Gweilo-60,2019-02-26 23:55:51.618269,10995,1
UChXOhG9bRDb3vSTg-qkPAZg,Gweilo-60,2019-02-26 23:54:51.032907,10994,0
UChXOhG9bRDb3vSTg-qkPAZg,Gweilo-60,2019-02-26 23:53:50.999686,10994,0
UChXOhG9bRDb3vSTg-qkPAZg,Gweilo-60,2019-02-26 23:52:50.700781,10994,0
UChXOhG9bRDb3vSTg-qkPAZg,Gweilo-60,2019-02-26 23:51:51.327832,10994,0
UChXOhG9bRDb3vSTg-qkPAZg,Gweilo-60,2019-02-26 23:50:50.769767,10994,0
UChXOhG9bRDb3vSTg-qkPAZg,Gweilo-60,2019-02-26 23:49:50.611638,10994,0
UChXOhG9bRDb3vSTg-qkPAZg,Gweilo-60,2019-02-26 23:48:51.10693,10994,0
UChXOhG9bRDb3vSTg-qkPAZg,Gweilo-60,2019-02-26 23:47:51.195485,10994,0
UChXOhG9bRDb3vSTg-qkPAZg,Gweilo-60,2019-02-26 23:46:50.893307,10994,0
UChXOhG9bRDb3vSTg-qkPAZg,Gweilo-60,2019-02-26 23:45:50.981112,10994,0
UChXOhG9bRDb3vSTg-qkPAZg,Gweilo-60,2019-02-26 23:44:51.31609,10994,0
UChXOhG9bRDb3vSTg-qkPAZg,Gweilo-60,2019-02-26 23:43:51.699445,10994,0
UChXOhG9bRDb3vSTg-qkPAZg,Gweilo-60,2019-02-26 23:42:51.701296,10994,0
UChXOhG9bRDb3vSTg-qkPAZg,Gweilo-60,2019-02-26 23:41:51.792159,10994,0
UChXOhG9bRDb3vSTg-qkPAZg,Gweilo-60,2019-02-26 23:40:50.585152,10994,0
UChXOhG9bRDb3vSTg-qkPAZg,Gweilo-60,2019-02-26 23:39:51.062492,10994,0
UChXOhG9bRDb3vSTg-qkPAZg,Gweilo-60,2019-02-26 23:38:50.979045,10994,0
UChXOhG9bRDb3vSTg-qkPAZg,Gweilo-60,2019-02-26 23:37:50.995567,10994,0
UChXOhG9bRDb3vSTg-qkPAZg,Gweilo-60,2019-02-26 23:36:50.846951,10994,0
UChXOhG9bRDb3vSTg-qkPAZg,Gweilo-60,2019-02-26 23:35:50.972481,10994,0
UChXOhG9bRDb3vSTg-qkPAZg,Gweilo-60,2019-02-26 23:34:50.980868,10994,0
UChXOhG9bRDb3vSTg-qkPAZg,Gweilo-60,2019-02-26 23:33:50.340631,10994,0
UChXOhG9bRDb3vSTg-qkPAZg,Gweilo-60,2019-02-26 23:32:50.758104,10994,0
UChXOhG9bRDb3vSTg-qkPAZg,Gweilo-60,2019-02-26 23:31:52.318513,10994,0
UChXOhG9bRDb3vSTg-qkPAZg,Gweilo-60,2019-02-26 23:30:50.931325,10994,0
UChXOhG9bRDb3vSTg-qkPAZg,Gweilo-60,2019-02-26 23:29:50.538701,10994,0
UChXOhG9bRDb3vSTg-qkPAZg,Gweilo-60,2019-02-26 23:28:51.025082,10994,0
UChXOhG9bRDb3vSTg-qkPAZg,Gweilo-60,2019-02-26 23:27:51.055743,10994,0
UChXOhG9bRDb3vSTg-qkPAZg,Gweilo-60,2019-02-26 23:26:51.464248,10994,0
UChXOhG9bRDb3vSTg-qkPAZg,Gweilo-60,2019-02-26 23:25:51.97719,10994,0
UChXOhG9bRDb3vSTg-qkPAZg,Gweilo-60,2019-02-26 23:24:50.761296,10994,0
UChXOhG9bRDb3vSTg-qkPAZg,Gweilo-60,2019-02-26 23:23:51.162078,10994,0
UChXOhG9bRDb3vSTg-qkPAZg,Gweilo-60,2019-02-26 23:22:51.340909,10994,0
UChXOhG9bRDb3vSTg-qkPAZg,Gweilo-60,2019-02-26 23:21:51.171683,10994,0
UChXOhG9bRDb3vSTg-qkPAZg,Gweilo-60,2019-02-26 23:20:51.916007,10994,0
UChXOhG9bRDb3vSTg-qkPAZg,Gweilo-60,2019-02-26 23:19:51.415322,10994,0
UChXOhG9bRDb3vSTg-qkPAZg,Gweilo-60,2019-02-26 23:18:51.014285,10994,0
UChXOhG9bRDb3vSTg-qkPAZg,Gweilo-60,2019-02-26 23:17:51.092597,10994,0
UChXOhG9bRDb3vSTg-qkPAZg,Gweilo-60,2019-02-26 23:16:51.072251,10994,0
UChXOhG9bRDb3vSTg-qkPAZg,Gweilo-60,2019-02-26 23:15:51.300073,10994,0
UChXOhG9bRDb3vSTg-qkPAZg,Gweilo-60,2019-02-26 23:14:51.215817,10994,0
UChXOhG9bRDb3vSTg-qkPAZg,Gweilo-60,2019-02-26 23:13:51.12353,10994,0
UChXOhG9bRDb3vSTg-qkPAZg,Gweilo-60,2019-02-26 23:12:51.111411,10994,0
UChXOhG9bRDb3vSTg-qkPAZg,Gweilo-60,2019-02-26 23:11:51.447131,10994,0
UChXOhG9bRDb3vSTg-qkPAZg,Gweilo-60,2019-02-26 23:10:51.558115,10994,0
UChXOhG9bRDb3vSTg-qkPAZg,Gweilo-60,2019-02-26 23:09:51.065883,10994,0
UChXOhG9bRDb3vSTg-qkPAZg,Gweilo-60,2019-02-26 23:08:51.282082,10994,0
UChXOhG9bRDb3vSTg-qkPAZg,Gweilo-60,2019-02-26 23:07:50.990595,10994,0
UChXOhG9bRDb3vSTg-qkPAZg,Gweilo-60,2019-02-26 23:06:51.544151,10994,0
UChXOhG9bRDb3vSTg-qkPAZg,Gweilo-60,2019-02-26 23:05:50.894049,10994,0
UChXOhG9bRDb3vSTg-qkPAZg,Gweilo-60,2019-02-26 23:04:50.747092,10994,0
UChXOhG9bRDb3vSTg-qkPAZg,Gweilo-60,2019-02-26 23:03:50.785695,10994,0
UChXOhG9bRDb3vSTg-qkPAZg,Gweilo-60,2019-02-26 23:02:50.707388,10994,0
UChXOhG9bRDb3vSTg-qkPAZg,Gweilo-60,2019-02-26 23:01:50.872227,10994,0
UChXOhG9bRDb3vSTg-qkPAZg,Gweilo-60,2019-02-26 23:00:50.879615,10994,0
UChXOhG9bRDb3vSTg-qkPAZg,Gweilo-60,2019-02-26 22:59:51.691822,10994,0
UChXOhG9bRDb3vSTg-qkPAZg,Gweilo-60,2019-02-26 22:58:51.93181,10994,0
UChXOhG9bRDb3vSTg-qkPAZg,Gweilo-60,2019-02-26 22:57:51.82618,10994,0
UChXOhG9bRDb3vSTg-qkPAZg,Gweilo-60,2019-02-26 22:56:51.693848,10994,0
UChXOhG9bRDb3vSTg-qkPAZg,Gweilo-60,2019-02-26 22:55:50.939667,10994,0
UChXOhG9bRDb3vSTg-qkPAZg,Gweilo-60,2019-02-26 22:54:51.581353,10994,0
UChXOhG9bRDb3vSTg-qkPAZg,Gweilo-60,2019-02-26 22:53:50.920264,10994,0
UChXOhG9bRDb3vSTg-qkPAZg,Gweilo-60,2019-02-26 22:52:51.424392,10994,0
UChXOhG9bRDb3vSTg-qkPAZg,Gweilo-60,2019-02-26 22:51:51.638801,10994,0
UChXOhG9bRDb3vSTg-qkPAZg,Gweilo-60,2019-02-26 22:50:51.029877,10994,0
UChXOhG9bRDb3vSTg-qkPAZg,Gweilo-60,2019-02-26 22:49:51.702729,10994,0
UChXOhG9bRDb3vSTg-qkPAZg,Gweilo-60,2019-02-26 22:48:51.10222,10994,0
UChXOhG9bRDb3vSTg-qkPAZg,Gweilo-60,2019-02-26 22:47:51.093125,10994,0
UChXOhG9bRDb3vSTg-qkPAZg,Gweilo-60,2019-02-26 22:46:50.690209,10994,0
UChXOhG9bRDb3vSTg-qkPAZg,Gweilo-60,2019-02-26 22:45:51.072906,10994,0
UChXOhG9bRDb3vSTg-qkPAZg,Gweilo-60,2019-02-26 22:44:51.357647,10994,0
UChXOhG9bRDb3vSTg-qkPAZg,Gweilo-60,2019-02-26 22:43:51.340741,10994,0
UChXOhG9bRDb3vSTg-qkPAZg,Gweilo-60,2019-02-26 22:42:51.372915,10994,0
UChXOhG9bRDb3vSTg-qkPAZg,Gweilo-60,2019-02-26 22:41:51.099406,10994,0
UChXOhG9bRDb3vSTg-qkPAZg,Gweilo-60,2019-02-26 22:40:50.963278,10994,0
UChXOhG9bRDb3vSTg-qkPAZg,Gweilo-60,2019-02-26 22:39:50.90979,10994,0
UChXOhG9bRDb3vSTg-qkPAZg,Gweilo-60,2019-02-26 22:38:51.467865,10994,0
UChXOhG9bRDb3vSTg-qkPAZg,Gweilo-60,2019-02-26 22:37:50.703156,10994,0
UChXOhG9bRDb3vSTg-qkPAZg,Gweilo-60,2019-02-26 22:36:50.702148,10994,0
UChXOhG9bRDb3vSTg-qkPAZg,Gweilo-60,2019-02-26 22:35:50.802423,10994,0
UChXOhG9bRDb3vSTg-qkPAZg,Gweilo-60,2019-02-26 22:34:51.414901,10994,0
UChXOhG9bRDb3vSTg-qkPAZg,Gweilo-60,2019-02-26 22:33:51.039472,10994,0
UChXOhG9bRDb3vSTg-qkPAZg,Gweilo-60,2019-02-26 22:32:50.781882,10994,0
UChXOhG9bRDb3vSTg-qkPAZg,Gweilo-60,2019-02-26 22:31:51.22538,10994,0
UChXOhG9bRDb3vSTg-qkPAZg,Gweilo-60,2019-02-26 22:30:51.416014,10994,0
UChXOhG9bRDb3vSTg-qkPAZg,Gweilo-60,2019-02-26 22:29:51.490278,10994,0
UChXOhG9bRDb3vSTg-qkPAZg,Gweilo-60,2019-02-26 22:28:50.918058,10994,0
UChXOhG9bRDb3vSTg-qkPAZg,Gweilo-60,2019-02-26 22:27:50.636417,10994,0
UChXOhG9bRDb3vSTg-qkPAZg,Gweilo-60,2019-02-26 22:26:51.042362,10994,0
UChXOhG9bRDb3vSTg-qkPAZg,Gweilo-60,2019-02-26 22:25:51.388447,10994,0
UChXOhG9bRDb3vSTg-qkPAZg,Gweilo-60,2019-02-26 22:24:51.321026,10994,0
UChXOhG9bRDb3vSTg-qkPAZg,Gweilo-60,2019-02-26 22:23:51.06015,10994,0
UChXOhG9bRDb3vSTg-qkPAZg,Gweilo-60,2019-02-26 22:22:50.87247,10994,1
UChXOhG9bRDb3vSTg-qkPAZg,Gweilo-60,2019-02-26 22:21:50.621486,10993,0
UChXOhG9bRDb3vSTg-qkPAZg,Gweilo-60,2019-02-26 22:20:51.438411,10993,0
UChXOhG9bRDb3vSTg-qkPAZg,Gweilo-60,2019-02-26 22:19:51.32723,10993,0
UChXOhG9bRDb3vSTg-qkPAZg,Gweilo-60,2019-02-26 22:18:51.488256,10993,0
UChXOhG9bRDb3vSTg-qkPAZg,Gweilo-60,2019-02-26 22:17:51.374029,10993,0
UChXOhG9bRDb3vSTg-qkPAZg,Gweilo-60,2019-02-26 22:16:51.269832,10993,0
UChXOhG9bRDb3vSTg-qkPAZg,Gweilo-60,2019-02-26 22:15:50.885245,10993,0
UChXOhG9bRDb3vSTg-qkPAZg,Gweilo-60,2019-02-26 22:14:50.992334,10993,0
UChXOhG9bRDb3vSTg-qkPAZg,Gweilo-60,2019-02-26 22:13:51.458162,10993,0
UChXOhG9bRDb3vSTg-qkPAZg,Gweilo-60,2019-02-26 22:12:50.949047,10993,0
UChXOhG9bRDb3vSTg-qkPAZg,Gweilo-60,2019-02-26 22:11:51.278678,10993,0
UChXOhG9bRDb3vSTg-qkPAZg,Gweilo-60,2019-02-26 22:10:51.440981,10993,0
UChXOhG9bRDb3vSTg-qkPAZg,Gweilo-60,2019-02-26 22:09:50.971464,10993,0
UChXOhG9bRDb3vSTg-qkPAZg,Gweilo-60,2019-02-26 22:08:51.168451,10993,0
UChXOhG9bRDb3vSTg-qkPAZg,Gweilo-60,2019-02-26 22:07:51.936244,10993,0
UChXOhG9bRDb3vSTg-qkPAZg,Gweilo-60,2019-02-26 22:06:51.472735,10993,0
UChXOhG9bRDb3vSTg-qkPAZg,Gweilo-60,2019-02-26 22:05:51.232867,10993,0
UChXOhG9bRDb3vSTg-qkPAZg,Gweilo-60,2019-02-26 22:04:51.149927,10993,0
UChXOhG9bRDb3vSTg-qkPAZg,Gweilo-60,2019-02-26 22:03:51.281456,10993,0
UChXOhG9bRDb3vSTg-qkPAZg,Gweilo-60,2019-02-26 22:02:51.616224,10993,0
UChXOhG9bRDb3vSTg-qkPAZg,Gweilo-60,2019-02-26 22:01:51.330115,10993,0
UChXOhG9bRDb3vSTg-qkPAZg,Gweilo-60,2019-02-26 22:00:50.899046,10993,0
UChXOhG9bRDb3vSTg-qkPAZg,Gweilo-60,2019-02-26 21:59:51.520242,10993,0
UChXOhG9bRDb3vSTg-qkPAZg,Gweilo-60,2019-02-26 21:58:52.031311,10993,1
UChXOhG9bRDb3vSTg-qkPAZg,Gweilo-60,2019-02-26 21:57:51.656222,10992,0
UChXOhG9bRDb3vSTg-qkPAZg,Gweilo-60,2019-02-26 21:56:51.73657,10992,0
UChXOhG9bRDb3vSTg-qkPAZg,Gweilo-60,2019-02-26 21:55:51.54882,10992,0
UChXOhG9bRDb3vSTg-qkPAZg,Gweilo-60,2019-02-26 21:54:51.893736,10992,0
UChXOhG9bRDb3vSTg-qkPAZg,Gweilo-60,2019-02-26 21:53:51.443312,10992,0
UChXOhG9bRDb3vSTg-qkPAZg,Gweilo-60,2019-02-26 21:52:51.268767,10992,0
UChXOhG9bRDb3vSTg-qkPAZg,Gweilo-60,2019-02-26 21:51:51.149066,10992,0
UChXOhG9bRDb3vSTg-qkPAZg,Gweilo-60,2019-02-26 21:50:51.49763,10992,0
UChXOhG9bRDb3vSTg-qkPAZg,Gweilo-60,2019-02-26 21:49:51.538755,10992,0
UChXOhG9bRDb3vSTg-qkPAZg,Gweilo-60,2019-02-26 21:48:52.027813,10992,0
UChXOhG9bRDb3vSTg-qkPAZg,Gweilo-60,2019-02-26 21:47:51.108139,10992,0
UChXOhG9bRDb3vSTg-qkPAZg,Gweilo-60,2019-02-26 21:46:51.85378,10992,0
UChXOhG9bRDb3vSTg-qkPAZg,Gweilo-60,2019-02-26 21:45:51.580736,10992,0
UChXOhG9bRDb3vSTg-qkPAZg,Gweilo-60,2019-02-26 21:44:51.767838,10992,0
UChXOhG9bRDb3vSTg-qkPAZg,Gweilo-60,2019-02-26 21:43:50.934866,10992,0
UChXOhG9bRDb3vSTg-qkPAZg,Gweilo-60,2019-02-26 21:42:51.967674,10992,0
UChXOhG9bRDb3vSTg-qkPAZg,Gweilo-60,2019-02-26 21:41:51.111382,10992,0
UChXOhG9bRDb3vSTg-qkPAZg,Gweilo-60,2019-02-26 21:40:51.12332,10992,0
UChXOhG9bRDb3vSTg-qkPAZg,Gweilo-60,2019-02-26 21:39:51.045587,10992,0
UChXOhG9bRDb3vSTg-qkPAZg,Gweilo-60,2019-02-26 21:38:51.044359,10992,1
UChXOhG9bRDb3vSTg-qkPAZg,Gweilo-60,2019-02-26 21:37:51.482502,10991,0
UChXOhG9bRDb3vSTg-qkPAZg,Gweilo-60,2019-02-26 21:36:51.056427,10991,0
UChXOhG9bRDb3vSTg-qkPAZg,Gweilo-60,2019-02-26 21:35:51.575148,10991,0
UChXOhG9bRDb3vSTg-qkPAZg,Gweilo-60,2019-02-26 21:34:50.899722,10991,0
UChXOhG9bRDb3vSTg-qkPAZg,Gweilo-60,2019-02-26 21:33:51.31493,10991,0
UChXOhG9bRDb3vSTg-qkPAZg,Gweilo-60,2019-02-26 21:32:51.287168,10991,0
UChXOhG9bRDb3vSTg-qkPAZg,Gweilo-60,2019-02-26 21:31:51.129216,10991,0
UChXOhG9bRDb3vSTg-qkPAZg,Gweilo-60,2019-02-26 21:30:51.443164,10991,0
UChXOhG9bRDb3vSTg-qkPAZg,Gweilo-60,2019-02-26 21:29:51.491338,10991,0
UChXOhG9bRDb3vSTg-qkPAZg,Gweilo-60,2019-02-26 21:28:51.157796,10991,0
UChXOhG9bRDb3vSTg-qkPAZg,Gweilo-60,2019-02-26 21:27:51.472016,10991,0
UChXOhG9bRDb3vSTg-qkPAZg,Gweilo-60,2019-02-26 21:26:51.379022,10991,0
UChXOhG9bRDb3vSTg-qkPAZg,Gweilo-60,2019-02-26 21:25:51.731926,10991,0
UChXOhG9bRDb3vSTg-qkPAZg,Gweilo-60,2019-02-26 21:24:51.571812,10991,0
UChXOhG9bRDb3vSTg-qkPAZg,Gweilo-60,2019-02-26 21:23:51.222126,10991,0
UChXOhG9bRDb3vSTg-qkPAZg,Gweilo-60,2019-02-26 21:22:51.304868,10991,0
UChXOhG9bRDb3vSTg-qkPAZg,Gweilo-60,2019-02-26 21:21:51.28292,10991,0
UChXOhG9bRDb3vSTg-qkPAZg,Gweilo-60,2019-02-26 21:20:51.587896,10991,0
UChXOhG9bRDb3vSTg-qkPAZg,Gweilo-60,2019-02-26 21:19:51.600719,10991,0
UChXOhG9bRDb3vSTg-qkPAZg,Gweilo-60,2019-02-26 21:18:51.408809,10991,0
UChXOhG9bRDb3vSTg-qkPAZg,Gweilo-60,2019-02-26 21:17:50.57746,10991,0
UChXOhG9bRDb3vSTg-qkPAZg,Gweilo-60,2019-02-26 21:16:51.62797,10991,0
UChXOhG9bRDb3vSTg-qkPAZg,Gweilo-60,2019-02-26 21:15:50.977447,10991,0
UChXOhG9bRDb3vSTg-qkPAZg,Gweilo-60,2019-02-26 21:14:50.708466,10991,0
UChXOhG9bRDb3vSTg-qkPAZg,Gweilo-60,2019-02-26 21:13:50.986648,10991,0
UChXOhG9bRDb3vSTg-qkPAZg,Gweilo-60,2019-02-26 21:12:51.251425,10991,0
UChXOhG9bRDb3vSTg-qkPAZg,Gweilo-60,2019-02-26 21:11:51.427306,10991,0
UChXOhG9bRDb3vSTg-qkPAZg,Gweilo-60,2019-02-26 21:10:50.924752,10991,0
UChXOhG9bRDb3vSTg-qkPAZg,Gweilo-60,2019-02-26 21:09:52.07478,10991,0
UChXOhG9bRDb3vSTg-qkPAZg,Gweilo-60,2019-02-26 21:08:51.380976,10991,0
UChXOhG9bRDb3vSTg-qkPAZg,Gweilo-60,2019-02-26 21:07:51.893256,10991,0
UChXOhG9bRDb3vSTg-qkPAZg,Gweilo-60,2019-02-26 21:06:51.901461,10991,0
UChXOhG9bRDb3vSTg-qkPAZg,Gweilo-60,2019-02-26 21:05:50.999222,10991,0
UChXOhG9bRDb3vSTg-qkPAZg,Gweilo-60,2019-02-26 21:04:51.523376,10991,0
UChXOhG9bRDb3vSTg-qkPAZg,Gweilo-60,2019-02-26 21:03:51.345743,10991,0
UChXOhG9bRDb3vSTg-qkPAZg,Gweilo-60,2019-02-26 21:02:51.537632,10991,0
UChXOhG9bRDb3vSTg-qkPAZg,Gweilo-60,2019-02-26 21:01:52.056125,10991,0
UChXOhG9bRDb3vSTg-qkPAZg,Gweilo-60,2019-02-26 21:00:51.297752,10991,0
UChXOhG9bRDb3vSTg-qkPAZg,Gweilo-60,2019-02-26 20:59:51.491677,10991,0
UChXOhG9bRDb3vSTg-qkPAZg,Gweilo-60,2019-02-26 20:58:51.227872,10991,0
UChXOhG9bRDb3vSTg-qkPAZg,Gweilo-60,2019-02-26 20:57:51.042281,10991,0
UChXOhG9bRDb3vSTg-qkPAZg,Gweilo-60,2019-02-26 20:56:51.719929,10991,0
UChXOhG9bRDb3vSTg-qkPAZg,Gweilo-60,2019-02-26 20:55:51.61033,10991,0
UChXOhG9bRDb3vSTg-qkPAZg,Gweilo-60,2019-02-26 20:54:51.202915,10991,-1
UChXOhG9bRDb3vSTg-qkPAZg,Gweilo-60,2019-02-26 20:53:51.401231,10992,0
UChXOhG9bRDb3vSTg-qkPAZg,Gweilo-60,2019-02-26 20:52:51.977287,10992,0
UChXOhG9bRDb3vSTg-qkPAZg,Gweilo-60,2019-02-26 20:51:51.286181,10992,0
UChXOhG9bRDb3vSTg-qkPAZg,Gweilo-60,2019-02-26 20:50:51.407132,10992,0
UChXOhG9bRDb3vSTg-qkPAZg,Gweilo-60,2019-02-26 20:49:50.984108,10992,0
UChXOhG9bRDb3vSTg-qkPAZg,Gweilo-60,2019-02-26 20:48:51.90824,10992,0
UChXOhG9bRDb3vSTg-qkPAZg,Gweilo-60,2019-02-26 20:47:51.084403,10992,0
UChXOhG9bRDb3vSTg-qkPAZg,Gweilo-60,2019-02-26 20:46:52.060547,10992,0
UChXOhG9bRDb3vSTg-qkPAZg,Gweilo-60,2019-02-26 20:45:51.468949,10992,0
UChXOhG9bRDb3vSTg-qkPAZg,Gweilo-60,2019-02-26 20:44:51.098801,10992,0
UChXOhG9bRDb3vSTg-qkPAZg,Gweilo-60,2019-02-26 20:43:51.359597,10992,0
UChXOhG9bRDb3vSTg-qkPAZg,Gweilo-60,2019-02-26 20:42:51.480247,10992,0
UChXOhG9bRDb3vSTg-qkPAZg,Gweilo-60,2019-02-26 20:41:50.963502,10992,0
UChXOhG9bRDb3vSTg-qkPAZg,Gweilo-60,2019-02-26 20:40:51.095903,10992,0
UChXOhG9bRDb3vSTg-qkPAZg,Gweilo-60,2019-02-26 20:39:51.358274,10992,0
UChXOhG9bRDb3vSTg-qkPAZg,Gweilo-60,2019-02-26 20:38:51.087685,10992,0
UChXOhG9bRDb3vSTg-qkPAZg,Gweilo-60,2019-02-26 20:37:50.591886,10992,0
UChXOhG9bRDb3vSTg-qkPAZg,Gweilo-60,2019-02-26 20:36:51.103268,10992,0
UChXOhG9bRDb3vSTg-qkPAZg,Gweilo-60,2019-02-26 20:35:51.541658,10992,0
UChXOhG9bRDb3vSTg-qkPAZg,Gweilo-60,2019-02-26 20:34:50.86892,10992,0
UChXOhG9bRDb3vSTg-qkPAZg,Gweilo-60,2019-02-26 20:33:51.337068,10992,0
UChXOhG9bRDb3vSTg-qkPAZg,Gweilo-60,2019-02-26 20:32:51.099342,10992,0
UChXOhG9bRDb3vSTg-qkPAZg,Gweilo-60,2019-02-26 20:31:51.256042,10992,0
UChXOhG9bRDb3vSTg-qkPAZg,Gweilo-60,2019-02-26 20:30:51.576054,10992,0
UChXOhG9bRDb3vSTg-qkPAZg,Gweilo-60,2019-02-26 20:29:51.400686,10992,0
UChXOhG9bRDb3vSTg-qkPAZg,Gweilo-60,2019-02-26 20:28:51.499785,10992,0
UChXOhG9bRDb3vSTg-qkPAZg,Gweilo-60,2019-02-26 20:27:51.452333,10992,0
UChXOhG9bRDb3vSTg-qkPAZg,Gweilo-60,2019-02-26 20:26:51.207424,10992,0
UChXOhG9bRDb3vSTg-qkPAZg,Gweilo-60,2019-02-26 20:25:51.209648,10992,0
UChXOhG9bRDb3vSTg-qkPAZg,Gweilo-60,2019-02-26 20:24:51.418658,10992,0
UChXOhG9bRDb3vSTg-qkPAZg,Gweilo-60,2019-02-26 20:23:50.92061,10992,0
UChXOhG9bRDb3vSTg-qkPAZg,Gweilo-60,2019-02-26 20:22:51.276183,10992,0
UChXOhG9bRDb3vSTg-qkPAZg,Gweilo-60,2019-02-26 20:21:51.362292,10992,0
UChXOhG9bRDb3vSTg-qkPAZg,Gweilo-60,2019-02-26 20:20:51.142518,10992,0
UChXOhG9bRDb3vSTg-qkPAZg,Gweilo-60,2019-02-26 20:19:51.22096,10992,0
UChXOhG9bRDb3vSTg-qkPAZg,Gweilo-60,2019-02-26 20:18:51.716549,10992,0
UChXOhG9bRDb3vSTg-qkPAZg,Gweilo-60,2019-02-26 20:17:50.864759,10992,0
UChXOhG9bRDb3vSTg-qkPAZg,Gweilo-60,2019-02-26 20:16:51.28137,10992,0
UChXOhG9bRDb3vSTg-qkPAZg,Gweilo-60,2019-02-26 20:15:50.944952,10992,0
UChXOhG9bRDb3vSTg-qkPAZg,Gweilo-60,2019-02-26 20:14:50.847985,10992,0
UChXOhG9bRDb3vSTg-qkPAZg,Gweilo-60,2019-02-26 20:13:51.184402,10992,0
UChXOhG9bRDb3vSTg-qkPAZg,Gweilo-60,2019-02-26 20:12:50.963667,10992,0
UChXOhG9bRDb3vSTg-qkPAZg,Gweilo-60,2019-02-26 20:11:50.663439,10992,0
UChXOhG9bRDb3vSTg-qkPAZg,Gweilo-60,2019-02-26 20:10:51.051302,10992,0
UChXOhG9bRDb3vSTg-qkPAZg,Gweilo-60,2019-02-26 20:09:51.531594,10992,0
UChXOhG9bRDb3vSTg-qkPAZg,Gweilo-60,2019-02-26 20:08:51.374749,10992,0
UChXOhG9bRDb3vSTg-qkPAZg,Gweilo-60,2019-02-26 20:07:51.031871,10992,0
UChXOhG9bRDb3vSTg-qkPAZg,Gweilo-60,2019-02-26 20:06:50.914664,10992,0
UChXOhG9bRDb3vSTg-qkPAZg,Gweilo-60,2019-02-26 20:05:51.50204,10992,0
UChXOhG9bRDb3vSTg-qkPAZg,Gweilo-60,2019-02-26 20:04:50.783314,10992,0
UChXOhG9bRDb3vSTg-qkPAZg,Gweilo-60,2019-02-26 20:03:51.061277,10992,0
UChXOhG9bRDb3vSTg-qkPAZg,Gweilo-60,2019-02-26 20:02:51.443955,10992,0
UChXOhG9bRDb3vSTg-qkPAZg,Gweilo-60,2019-02-26 20:01:51.276928,10992,0
UChXOhG9bRDb3vSTg-qkPAZg,Gweilo-60,2019-02-26 20:00:51.332518,10992,0
UChXOhG9bRDb3vSTg-qkPAZg,Gweilo-60,2019-02-26 19:59:51.172325,10992,0
UChXOhG9bRDb3vSTg-qkPAZg,Gweilo-60,2019-02-26 19:58:51.302723,10992,0
UChXOhG9bRDb3vSTg-qkPAZg,Gweilo-60,2019-02-26 19:57:51.312617,10992,0
UChXOhG9bRDb3vSTg-qkPAZg,Gweilo-60,2019-02-26 19:56:50.932151,10992,0
UChXOhG9bRDb3vSTg-qkPAZg,Gweilo-60,2019-02-26 19:55:50.996922,10992,0
UChXOhG9bRDb3vSTg-qkPAZg,Gweilo-60,2019-02-26 19:54:51.795328,10992,0
UChXOhG9bRDb3vSTg-qkPAZg,Gweilo-60,2019-02-26 19:53:51.475376,10992,0
UChXOhG9bRDb3vSTg-qkPAZg,Gweilo-60,2019-02-26 19:52:51.40463,10992,-1
UChXOhG9bRDb3vSTg-qkPAZg,Gweilo-60,2019-02-26 19:51:51.057975,10993,0
UChXOhG9bRDb3vSTg-qkPAZg,Gweilo-60,2019-02-26 19:50:51.890439,10993,0
UChXOhG9bRDb3vSTg-qkPAZg,Gweilo-60,2019-02-26 19:49:51.310287,10993,0
UChXOhG9bRDb3vSTg-qkPAZg,Gweilo-60,2019-02-26 19:48:51.399593,10993,0
UChXOhG9bRDb3vSTg-qkPAZg,Gweilo-60,2019-02-26 19:47:51.237047,10993,0
UChXOhG9bRDb3vSTg-qkPAZg,Gweilo-60,2019-02-26 19:46:50.932093,10993,1
UChXOhG9bRDb3vSTg-qkPAZg,Gweilo-60,2019-02-26 19:45:51.967509,10992,0
UChXOhG9bRDb3vSTg-qkPAZg,Gweilo-60,2019-02-26 19:44:51.35667,10992,0
UChXOhG9bRDb3vSTg-qkPAZg,Gweilo-60,2019-02-26 19:43:51.309579,10992,0
UChXOhG9bRDb3vSTg-qkPAZg,Gweilo-60,2019-02-26 19:42:51.649273,10992,0
UChXOhG9bRDb3vSTg-qkPAZg,Gweilo-60,2019-02-26 19:41:51.753859,10992,0
UChXOhG9bRDb3vSTg-qkPAZg,Gweilo-60,2019-02-26 19:40:51.086598,10992,0
UChXOhG9bRDb3vSTg-qkPAZg,Gweilo-60,2019-02-26 19:39:50.614775,10992,0
UChXOhG9bRDb3vSTg-qkPAZg,Gweilo-60,2019-02-26 19:38:51.498858,10992,0
UChXOhG9bRDb3vSTg-qkPAZg,Gweilo-60,2019-02-26 19:37:50.847123,10992,0
UChXOhG9bRDb3vSTg-qkPAZg,Gweilo-60,2019-02-26 19:36:51.263093,10992,0
UChXOhG9bRDb3vSTg-qkPAZg,Gweilo-60,2019-02-26 19:35:50.812527,10992,0
UChXOhG9bRDb3vSTg-qkPAZg,Gweilo-60,2019-02-26 19:34:51.70696,10992,0
UChXOhG9bRDb3vSTg-qkPAZg,Gweilo-60,2019-02-26 19:33:50.764408,10992,0
UChXOhG9bRDb3vSTg-qkPAZg,Gweilo-60,2019-02-26 19:32:51.025321,10992,0
UChXOhG9bRDb3vSTg-qkPAZg,Gweilo-60,2019-02-26 19:31:50.96423,10992,0
UChXOhG9bRDb3vSTg-qkPAZg,Gweilo-60,2019-02-26 19:30:51.347206,10992,0
UChXOhG9bRDb3vSTg-qkPAZg,Gweilo-60,2019-02-26 19:29:51.320077,10992,0
UChXOhG9bRDb3vSTg-qkPAZg,Gweilo-60,2019-02-26 19:28:50.947802,10992,0
UChXOhG9bRDb3vSTg-qkPAZg,Gweilo-60,2019-02-26 19:27:50.809763,10992,0
UChXOhG9bRDb3vSTg-qkPAZg,Gweilo-60,2019-02-26 19:26:50.665505,10992,0
UChXOhG9bRDb3vSTg-qkPAZg,Gweilo-60,2019-02-26 19:25:50.745668,10992,0
UChXOhG9bRDb3vSTg-qkPAZg,Gweilo-60,2019-02-26 19:24:50.978409,10992,0
UChXOhG9bRDb3vSTg-qkPAZg,Gweilo-60,2019-02-26 19:23:51.031078,10992,0
UChXOhG9bRDb3vSTg-qkPAZg,Gweilo-60,2019-02-26 19:22:50.989513,10992,0
UChXOhG9bRDb3vSTg-qkPAZg,Gweilo-60,2019-02-26 19:21:51.287269,10992,0
UChXOhG9bRDb3vSTg-qkPAZg,Gweilo-60,2019-02-26 19:20:51.655881,10992,0
UChXOhG9bRDb3vSTg-qkPAZg,Gweilo-60,2019-02-26 19:19:51.552704,10992,0
UChXOhG9bRDb3vSTg-qkPAZg,Gweilo-60,2019-02-26 19:18:51.476845,10992,0
UChXOhG9bRDb3vSTg-qkPAZg,Gweilo-60,2019-02-26 19:17:51.373286,10992,0
UChXOhG9bRDb3vSTg-qkPAZg,Gweilo-60,2019-02-26 19:16:51.306314,10992,0
UChXOhG9bRDb3vSTg-qkPAZg,Gweilo-60,2019-02-26 19:15:51.426123,10992,0
UChXOhG9bRDb3vSTg-qkPAZg,Gweilo-60,2019-02-26 19:14:51.069986,10992,0
UChXOhG9bRDb3vSTg-qkPAZg,Gweilo-60,2019-02-26 19:13:51.334875,10992,0
UChXOhG9bRDb3vSTg-qkPAZg,Gweilo-60,2019-02-26 19:12:50.758816,10992,0
UChXOhG9bRDb3vSTg-qkPAZg,Gweilo-60,2019-02-26 19:11:51.461752,10992,0
UChXOhG9bRDb3vSTg-qkPAZg,Gweilo-60,2019-02-26 19:10:51.189636,10992,0
UChXOhG9bRDb3vSTg-qkPAZg,Gweilo-60,2019-02-26 19:09:51.330148,10992,-1
UChXOhG9bRDb3vSTg-qkPAZg,Gweilo-60,2019-02-26 19:08:51.345702,10993,-1
UChXOhG9bRDb3vSTg-qkPAZg,Gweilo-60,2019-02-26 19:07:51.428159,10994,0
UChXOhG9bRDb3vSTg-qkPAZg,Gweilo-60,2019-02-26 19:06:51.258764,10994,-1
UChXOhG9bRDb3vSTg-qkPAZg,Gweilo-60,2019-02-26 19:05:51.125779,10995,-3
UChXOhG9bRDb3vSTg-qkPAZg,Gweilo-60,2019-02-26 19:04:51.553308,10998,0
UChXOhG9bRDb3vSTg-qkPAZg,Gweilo-60,2019-02-26 19:03:51.287159,10998,0
UChXOhG9bRDb3vSTg-qkPAZg,Gweilo-60,2019-02-26 19:02:51.120022,10998,0
UChXOhG9bRDb3vSTg-qkPAZg,Gweilo-60,2019-02-26 19:01:51.000268,10998,0
UChXOhG9bRDb3vSTg-qkPAZg,Gweilo-60,2019-02-26 19:00:50.719236,10998,0
UChXOhG9bRDb3vSTg-qkPAZg,Gweilo-60,2019-02-26 18:59:51.579265,10998,0
UChXOhG9bRDb3vSTg-qkPAZg,Gweilo-60,2019-02-26 18:58:51.201042,10998,0
UChXOhG9bRDb3vSTg-qkPAZg,Gweilo-60,2019-02-26 18:57:51.555819,10998,0
UChXOhG9bRDb3vSTg-qkPAZg,Gweilo-60,2019-02-26 18:56:51.552699,10998,0
UChXOhG9bRDb3vSTg-qkPAZg,Gweilo-60,2019-02-26 18:55:50.823138,10998,0
UChXOhG9bRDb3vSTg-qkPAZg,Gweilo-60,2019-02-26 18:54:51.224191,10998,0
UChXOhG9bRDb3vSTg-qkPAZg,Gweilo-60,2019-02-26 18:53:51.311858,10998,0
UChXOhG9bRDb3vSTg-qkPAZg,Gweilo-60,2019-02-26 18:52:51.468941,10998,0
UChXOhG9bRDb3vSTg-qkPAZg,Gweilo-60,2019-02-26 18:51:51.246385,10998,0
UChXOhG9bRDb3vSTg-qkPAZg,Gweilo-60,2019-02-26 18:50:51.494755,10998,0
UChXOhG9bRDb3vSTg-qkPAZg,Gweilo-60,2019-02-26 18:49:51.482787,10998,0
UChXOhG9bRDb3vSTg-qkPAZg,Gweilo-60,2019-02-26 18:48:51.127672,10998,0
UChXOhG9bRDb3vSTg-qkPAZg,Gweilo-60,2019-02-26 18:47:51.936773,10998,0
UChXOhG9bRDb3vSTg-qkPAZg,Gweilo-60,2019-02-26 18:46:51.825215,10998,0
UChXOhG9bRDb3vSTg-qkPAZg,Gweilo-60,2019-02-26 18:45:51.606179,10998,0
UChXOhG9bRDb3vSTg-qkPAZg,Gweilo-60,2019-02-26 18:44:51.487842,10998,0
UChXOhG9bRDb3vSTg-qkPAZg,Gweilo-60,2019-02-26 18:43:51.287879,10998,0
UChXOhG9bRDb3vSTg-qkPAZg,Gweilo-60,2019-02-26 18:42:51.319943,10998,0
UChXOhG9bRDb3vSTg-qkPAZg,Gweilo-60,2019-02-26 18:41:51.097769,10998,0
UChXOhG9bRDb3vSTg-qkPAZg,Gweilo-60,2019-02-26 18:40:51.525133,10998,0
UChXOhG9bRDb3vSTg-qkPAZg,Gweilo-60,2019-02-26 18:39:51.330325,10998,0
UChXOhG9bRDb3vSTg-qkPAZg,Gweilo-60,2019-02-26 18:38:51.535442,10998,0
UChXOhG9bRDb3vSTg-qkPAZg,Gweilo-60,2019-02-26 18:37:51.632201,10998,0
UChXOhG9bRDb3vSTg-qkPAZg,Gweilo-60,2019-02-26 18:36:51.358463,10998,0
UChXOhG9bRDb3vSTg-qkPAZg,Gweilo-60,2019-02-26 18:35:50.97974,10998,0
UChXOhG9bRDb3vSTg-qkPAZg,Gweilo-60,2019-02-26 18:34:51.357655,10998,0
UChXOhG9bRDb3vSTg-qkPAZg,Gweilo-60,2019-02-26 18:33:52.661227,10998,0
UChXOhG9bRDb3vSTg-qkPAZg,Gweilo-60,2019-02-26 18:32:51.153408,10998,0
UChXOhG9bRDb3vSTg-qkPAZg,Gweilo-60,2019-02-26 18:31:51.410547,10998,0
UChXOhG9bRDb3vSTg-qkPAZg,Gweilo-60,2019-02-26 18:30:51.008342,10998,0
UChXOhG9bRDb3vSTg-qkPAZg,Gweilo-60,2019-02-26 18:29:51.159792,10998,0
UChXOhG9bRDb3vSTg-qkPAZg,Gweilo-60,2019-02-26 18:28:51.262258,10998,0
UChXOhG9bRDb3vSTg-qkPAZg,Gweilo-60,2019-02-26 18:27:51.619821,10998,0
UChXOhG9bRDb3vSTg-qkPAZg,Gweilo-60,2019-02-26 18:26:51.449086,10998,0
UChXOhG9bRDb3vSTg-qkPAZg,Gweilo-60,2019-02-26 18:25:51.063201,10998,0
UChXOhG9bRDb3vSTg-qkPAZg,Gweilo-60,2019-02-26 18:24:51.295908,10998,0
UChXOhG9bRDb3vSTg-qkPAZg,Gweilo-60,2019-02-26 18:23:51.158353,10998,0
UChXOhG9bRDb3vSTg-qkPAZg,Gweilo-60,2019-02-26 18:22:51.444893,10998,0
UChXOhG9bRDb3vSTg-qkPAZg,Gweilo-60,2019-02-26 18:21:50.84957,10998,0
UChXOhG9bRDb3vSTg-qkPAZg,Gweilo-60,2019-02-26 18:20:51.151055,10998,0
UChXOhG9bRDb3vSTg-qkPAZg,Gweilo-60,2019-02-26 18:19:51.486083,10998,0
UChXOhG9bRDb3vSTg-qkPAZg,Gweilo-60,2019-02-26 18:18:50.933341,10998,0
UChXOhG9bRDb3vSTg-qkPAZg,Gweilo-60,2019-02-26 18:17:51.370452,10998,0
UChXOhG9bRDb3vSTg-qkPAZg,Gweilo-60,2019-02-26 18:16:51.424774,10998,0
UChXOhG9bRDb3vSTg-qkPAZg,Gweilo-60,2019-02-26 18:15:51.293423,10998,0
UChXOhG9bRDb3vSTg-qkPAZg,Gweilo-60,2019-02-26 18:14:51.242406,10998,0
UChXOhG9bRDb3vSTg-qkPAZg,Gweilo-60,2019-02-26 18:13:51.39434,10998,0
UChXOhG9bRDb3vSTg-qkPAZg,Gweilo-60,2019-02-26 18:12:50.826363,10998,0
UChXOhG9bRDb3vSTg-qkPAZg,Gweilo-60,2019-02-26 18:11:51.905202,10998,0
UChXOhG9bRDb3vSTg-qkPAZg,Gweilo-60,2019-02-26 18:10:51.19341,10998,0
UChXOhG9bRDb3vSTg-qkPAZg,Gweilo-60,2019-02-26 18:09:51.523585,10998,0
UChXOhG9bRDb3vSTg-qkPAZg,Gweilo-60,2019-02-26 18:08:50.99595,10998,0
UChXOhG9bRDb3vSTg-qkPAZg,Gweilo-60,2019-02-26 18:07:51.636912,10998,0
UChXOhG9bRDb3vSTg-qkPAZg,Gweilo-60,2019-02-26 18:06:51.639217,10998,0
UChXOhG9bRDb3vSTg-qkPAZg,Gweilo-60,2019-02-26 18:05:51.172741,10998,0
UChXOhG9bRDb3vSTg-qkPAZg,Gweilo-60,2019-02-26 18:04:51.490268,10998,0
UChXOhG9bRDb3vSTg-qkPAZg,Gweilo-60,2019-02-26 18:03:50.896516,10998,0
UChXOhG9bRDb3vSTg-qkPAZg,Gweilo-60,2019-02-26 18:02:51.229306,10998,0
UChXOhG9bRDb3vSTg-qkPAZg,Gweilo-60,2019-02-26 18:01:51.359521,10998,0
UChXOhG9bRDb3vSTg-qkPAZg,Gweilo-60,2019-02-26 18:00:51.589994,10998,1
UChXOhG9bRDb3vSTg-qkPAZg,Gweilo-60,2019-02-26 17:59:51.198092,10997,0
UChXOhG9bRDb3vSTg-qkPAZg,Gweilo-60,2019-02-26 17:58:51.6121,10997,0
UChXOhG9bRDb3vSTg-qkPAZg,Gweilo-60,2019-02-26 17:57:51.613258,10997,0
UChXOhG9bRDb3vSTg-qkPAZg,Gweilo-60,2019-02-26 17:56:51.061027,10997,0
UChXOhG9bRDb3vSTg-qkPAZg,Gweilo-60,2019-02-26 17:55:51.234028,10997,0
UChXOhG9bRDb3vSTg-qkPAZg,Gweilo-60,2019-02-26 17:54:51.071042,10997,0
UChXOhG9bRDb3vSTg-qkPAZg,Gweilo-60,2019-02-26 17:53:51.400436,10997,0
UChXOhG9bRDb3vSTg-qkPAZg,Gweilo-60,2019-02-26 17:52:51.035374,10997,0
UChXOhG9bRDb3vSTg-qkPAZg,Gweilo-60,2019-02-26 17:51:51.597418,10997,0
UChXOhG9bRDb3vSTg-qkPAZg,Gweilo-60,2019-02-26 17:50:51.129396,10997,0
UChXOhG9bRDb3vSTg-qkPAZg,Gweilo-60,2019-02-26 17:49:51.226011,10997,0
UChXOhG9bRDb3vSTg-qkPAZg,Gweilo-60,2019-02-26 17:48:51.255902,10997,0
UChXOhG9bRDb3vSTg-qkPAZg,Gweilo-60,2019-02-26 17:47:50.931074,10997,0
UChXOhG9bRDb3vSTg-qkPAZg,Gweilo-60,2019-02-26 17:46:51.652677,10997,1
UChXOhG9bRDb3vSTg-qkPAZg,Gweilo-60,2019-02-26 17:45:51.164804,10996,0
UChXOhG9bRDb3vSTg-qkPAZg,Gweilo-60,2019-02-26 17:44:52.018865,10996,0
UChXOhG9bRDb3vSTg-qkPAZg,Gweilo-60,2019-02-26 17:43:51.732322,10996,0
UChXOhG9bRDb3vSTg-qkPAZg,Gweilo-60,2019-02-26 17:42:51.442727,10996,0
UChXOhG9bRDb3vSTg-qkPAZg,Gweilo-60,2019-02-26 17:41:50.839491,10996,0
UChXOhG9bRDb3vSTg-qkPAZg,Gweilo-60,2019-02-26 17:40:50.972381,10996,0
UChXOhG9bRDb3vSTg-qkPAZg,Gweilo-60,2019-02-26 17:39:51.216107,10996,0
UChXOhG9bRDb3vSTg-qkPAZg,Gweilo-60,2019-02-26 17:38:51.47962,10996,0
UChXOhG9bRDb3vSTg-qkPAZg,Gweilo-60,2019-02-26 17:37:51.249118,10996,0
UChXOhG9bRDb3vSTg-qkPAZg,Gweilo-60,2019-02-26 17:36:51.055645,10996,0
UChXOhG9bRDb3vSTg-qkPAZg,Gweilo-60,2019-02-26 17:35:51.476301,10996,0
UChXOhG9bRDb3vSTg-qkPAZg,Gweilo-60,2019-02-26 17:34:51.266285,10996,0
UChXOhG9bRDb3vSTg-qkPAZg,Gweilo-60,2019-02-26 17:33:51.478578,10996,0
UChXOhG9bRDb3vSTg-qkPAZg,Gweilo-60,2019-02-26 17:32:51.262687,10996,0
UChXOhG9bRDb3vSTg-qkPAZg,Gweilo-60,2019-02-26 17:31:51.781686,10996,0
UChXOhG9bRDb3vSTg-qkPAZg,Gweilo-60,2019-02-26 17:30:51.454281,10996,0
UChXOhG9bRDb3vSTg-qkPAZg,Gweilo-60,2019-02-26 17:29:51.060433,10996,0
UChXOhG9bRDb3vSTg-qkPAZg,Gweilo-60,2019-02-26 17:28:51.716001,10996,0
UChXOhG9bRDb3vSTg-qkPAZg,Gweilo-60,2019-02-26 17:27:50.848381,10996,0
UChXOhG9bRDb3vSTg-qkPAZg,Gweilo-60,2019-02-26 17:26:51.552703,10996,0
UChXOhG9bRDb3vSTg-qkPAZg,Gweilo-60,2019-02-26 17:25:50.579662,10996,0
UChXOhG9bRDb3vSTg-qkPAZg,Gweilo-60,2019-02-26 17:24:50.9364,10996,0
UChXOhG9bRDb3vSTg-qkPAZg,Gweilo-60,2019-02-26 17:23:51.260286,10996,0
UChXOhG9bRDb3vSTg-qkPAZg,Gweilo-60,2019-02-26 17:22:51.55441,10996,0
UChXOhG9bRDb3vSTg-qkPAZg,Gweilo-60,2019-02-26 17:21:50.777184,10996,0
UChXOhG9bRDb3vSTg-qkPAZg,Gweilo-60,2019-02-26 17:20:50.85344,10996,1
UChXOhG9bRDb3vSTg-qkPAZg,Gweilo-60,2019-02-26 17:19:51.474766,10995,0
UChXOhG9bRDb3vSTg-qkPAZg,Gweilo-60,2019-02-26 17:18:51.379523,10995,0
UChXOhG9bRDb3vSTg-qkPAZg,Gweilo-60,2019-02-26 17:17:51.302604,10995,0
UChXOhG9bRDb3vSTg-qkPAZg,Gweilo-60,2019-02-26 17:16:50.98368,10995,0
UChXOhG9bRDb3vSTg-qkPAZg,Gweilo-60,2019-02-26 17:15:50.988545,10995,0
UChXOhG9bRDb3vSTg-qkPAZg,Gweilo-60,2019-02-26 17:14:51.598567,10995,0
UChXOhG9bRDb3vSTg-qkPAZg,Gweilo-60,2019-02-26 17:13:51.128888,10995,0
UChXOhG9bRDb3vSTg-qkPAZg,Gweilo-60,2019-02-26 17:12:51.704776,10995,0
UChXOhG9bRDb3vSTg-qkPAZg,Gweilo-60,2019-02-26 17:11:51.20516,10995,0
UChXOhG9bRDb3vSTg-qkPAZg,Gweilo-60,2019-02-26 17:10:51.577123,10995,0
UChXOhG9bRDb3vSTg-qkPAZg,Gweilo-60,2019-02-26 17:09:51.094561,10995,0
UChXOhG9bRDb3vSTg-qkPAZg,Gweilo-60,2019-02-26 17:08:51.064183,10995,0
UChXOhG9bRDb3vSTg-qkPAZg,Gweilo-60,2019-02-26 17:07:50.884825,10995,0
UChXOhG9bRDb3vSTg-qkPAZg,Gweilo-60,2019-02-26 17:06:51.273766,10995,0
UChXOhG9bRDb3vSTg-qkPAZg,Gweilo-60,2019-02-26 17:05:51.360388,10995,0
UChXOhG9bRDb3vSTg-qkPAZg,Gweilo-60,2019-02-26 17:04:51.335243,10995,0
UChXOhG9bRDb3vSTg-qkPAZg,Gweilo-60,2019-02-26 17:03:51.173138,10995,0
UChXOhG9bRDb3vSTg-qkPAZg,Gweilo-60,2019-02-26 17:02:51.070362,10995,0
UChXOhG9bRDb3vSTg-qkPAZg,Gweilo-60,2019-02-26 17:01:51.400993,10995,0
UChXOhG9bRDb3vSTg-qkPAZg,Gweilo-60,2019-02-26 17:00:51.306336,10995,0
UChXOhG9bRDb3vSTg-qkPAZg,Gweilo-60,2019-02-26 16:59:52.195895,10995,0
UChXOhG9bRDb3vSTg-qkPAZg,Gweilo-60,2019-02-26 16:58:51.845498,10995,0
UChXOhG9bRDb3vSTg-qkPAZg,Gweilo-60,2019-02-26 16:57:51.469877,10995,1
UChXOhG9bRDb3vSTg-qkPAZg,Gweilo-60,2019-02-26 16:56:51.019133,10994,0
UChXOhG9bRDb3vSTg-qkPAZg,Gweilo-60,2019-02-26 16:55:50.910827,10994,0
UChXOhG9bRDb3vSTg-qkPAZg,Gweilo-60,2019-02-26 16:54:51.28243,10994,0
UChXOhG9bRDb3vSTg-qkPAZg,Gweilo-60,2019-02-26 16:53:51.098205,10994,0
UChXOhG9bRDb3vSTg-qkPAZg,Gweilo-60,2019-02-26 16:52:51.421252,10994,0
UChXOhG9bRDb3vSTg-qkPAZg,Gweilo-60,2019-02-26 16:51:51.015672,10994,1
UChXOhG9bRDb3vSTg-qkPAZg,Gweilo-60,2019-02-26 16:50:51.250497,10993,0
UChXOhG9bRDb3vSTg-qkPAZg,Gweilo-60,2019-02-26 16:49:54.385219,10993,0
UChXOhG9bRDb3vSTg-qkPAZg,Gweilo-60,2019-02-26 16:48:50.962823,10993,0
UChXOhG9bRDb3vSTg-qkPAZg,Gweilo-60,2019-02-26 16:47:51.006842,10993,0
UChXOhG9bRDb3vSTg-qkPAZg,Gweilo-60,2019-02-26 16:46:50.85104,10993,0
UChXOhG9bRDb3vSTg-qkPAZg,Gweilo-60,2019-02-26 16:45:51.874893,10993,0
UChXOhG9bRDb3vSTg-qkPAZg,Gweilo-60,2019-02-26 16:44:51.253374,10993,0
UChXOhG9bRDb3vSTg-qkPAZg,Gweilo-60,2019-02-26 16:43:51.565519,10993,0
UChXOhG9bRDb3vSTg-qkPAZg,Gweilo-60,2019-02-26 16:42:51.140848,10993,0
UChXOhG9bRDb3vSTg-qkPAZg,Gweilo-60,2019-02-26 16:41:50.924264,10993,0
UChXOhG9bRDb3vSTg-qkPAZg,Gweilo-60,2019-02-26 16:40:50.926412,10993,0
UChXOhG9bRDb3vSTg-qkPAZg,Gweilo-60,2019-02-26 16:39:50.875555,10993,0
UChXOhG9bRDb3vSTg-qkPAZg,Gweilo-60,2019-02-26 16:38:51.298299,10993,0
UChXOhG9bRDb3vSTg-qkPAZg,Gweilo-60,2019-02-26 16:37:50.896452,10993,0
UChXOhG9bRDb3vSTg-qkPAZg,Gweilo-60,2019-02-26 16:36:51.135651,10993,0
UChXOhG9bRDb3vSTg-qkPAZg,Gweilo-60,2019-02-26 16:35:51.305269,10993,0
UChXOhG9bRDb3vSTg-qkPAZg,Gweilo-60,2019-02-26 16:34:50.938612,10993,0
UChXOhG9bRDb3vSTg-qkPAZg,Gweilo-60,2019-02-26 16:33:50.894342,10993,0
UChXOhG9bRDb3vSTg-qkPAZg,Gweilo-60,2019-02-26 16:32:50.723429,10993,0
UChXOhG9bRDb3vSTg-qkPAZg,Gweilo-60,2019-02-26 16:31:51.402787,10993,0
UChXOhG9bRDb3vSTg-qkPAZg,Gweilo-60,2019-02-26 16:30:51.757482,10993,0
UChXOhG9bRDb3vSTg-qkPAZg,Gweilo-60,2019-02-26 16:29:51.182949,10993,1
UChXOhG9bRDb3vSTg-qkPAZg,Gweilo-60,2019-02-26 16:28:50.695571,10992,0
UChXOhG9bRDb3vSTg-qkPAZg,Gweilo-60,2019-02-26 16:27:51.484373,10992,0
UChXOhG9bRDb3vSTg-qkPAZg,Gweilo-60,2019-02-26 16:26:50.988753,10992,0
UChXOhG9bRDb3vSTg-qkPAZg,Gweilo-60,2019-02-26 16:25:51.856837,10992,0
UChXOhG9bRDb3vSTg-qkPAZg,Gweilo-60,2019-02-26 16:24:51.274721,10992,0
UChXOhG9bRDb3vSTg-qkPAZg,Gweilo-60,2019-02-26 16:23:51.376417,10992,0
UChXOhG9bRDb3vSTg-qkPAZg,Gweilo-60,2019-02-26 16:22:51.601574,10992,0
UChXOhG9bRDb3vSTg-qkPAZg,Gweilo-60,2019-02-26 16:21:51.137859,10992,0
UChXOhG9bRDb3vSTg-qkPAZg,Gweilo-60,2019-02-26 16:20:50.996402,10992,0
UChXOhG9bRDb3vSTg-qkPAZg,Gweilo-60,2019-02-26 16:19:52.186203,10992,0
UChXOhG9bRDb3vSTg-qkPAZg,Gweilo-60,2019-02-26 16:18:51.183117,10992,0
UChXOhG9bRDb3vSTg-qkPAZg,Gweilo-60,2019-02-26 16:17:50.987279,10992,0
UChXOhG9bRDb3vSTg-qkPAZg,Gweilo-60,2019-02-26 16:16:51.324595,10992,0
UChXOhG9bRDb3vSTg-qkPAZg,Gweilo-60,2019-02-26 16:15:51.172119,10992,0
UChXOhG9bRDb3vSTg-qkPAZg,Gweilo-60,2019-02-26 16:14:51.327131,10992,0
UChXOhG9bRDb3vSTg-qkPAZg,Gweilo-60,2019-02-26 16:13:50.823967,10992,0
UChXOhG9bRDb3vSTg-qkPAZg,Gweilo-60,2019-02-26 16:12:51.468911,10992,0
UChXOhG9bRDb3vSTg-qkPAZg,Gweilo-60,2019-02-26 16:11:51.328475,10992,0
UChXOhG9bRDb3vSTg-qkPAZg,Gweilo-60,2019-02-26 16:10:51.793368,10992,0
UChXOhG9bRDb3vSTg-qkPAZg,Gweilo-60,2019-02-26 16:09:51.258469,10992,0
UChXOhG9bRDb3vSTg-qkPAZg,Gweilo-60,2019-02-26 16:08:51.305931,10992,0
UChXOhG9bRDb3vSTg-qkPAZg,Gweilo-60,2019-02-26 16:07:51.168762,10992,0
UChXOhG9bRDb3vSTg-qkPAZg,Gweilo-60,2019-02-26 16:06:51.07624,10992,0
UChXOhG9bRDb3vSTg-qkPAZg,Gweilo-60,2019-02-26 16:05:50.859361,10992,0
UChXOhG9bRDb3vSTg-qkPAZg,Gweilo-60,2019-02-26 16:04:51.089724,10992,0
UChXOhG9bRDb3vSTg-qkPAZg,Gweilo-60,2019-02-26 16:03:51.297946,10992,0
UChXOhG9bRDb3vSTg-qkPAZg,Gweilo-60,2019-02-26 16:02:51.11045,10992,0
UChXOhG9bRDb3vSTg-qkPAZg,Gweilo-60,2019-02-26 16:01:51.731157,10992,0
UChXOhG9bRDb3vSTg-qkPAZg,Gweilo-60,2019-02-26 16:00:50.696275,10992,0
UChXOhG9bRDb3vSTg-qkPAZg,Gweilo-60,2019-02-26 15:59:51.31829,10992,0
UChXOhG9bRDb3vSTg-qkPAZg,Gweilo-60,2019-02-26 15:58:50.925382,10992,0
UChXOhG9bRDb3vSTg-qkPAZg,Gweilo-60,2019-02-26 15:57:51.161362,10992,0
UChXOhG9bRDb3vSTg-qkPAZg,Gweilo-60,2019-02-26 15:56:51.561879,10992,0
UChXOhG9bRDb3vSTg-qkPAZg,Gweilo-60,2019-02-26 15:55:51.289628,10992,0
UChXOhG9bRDb3vSTg-qkPAZg,Gweilo-60,2019-02-26 15:54:50.761521,10992,0
UChXOhG9bRDb3vSTg-qkPAZg,Gweilo-60,2019-02-26 15:53:51.004703,10992,0
UChXOhG9bRDb3vSTg-qkPAZg,Gweilo-60,2019-02-26 15:52:51.216127,10992,0
UChXOhG9bRDb3vSTg-qkPAZg,Gweilo-60,2019-02-26 15:51:51.090366,10992,0
UChXOhG9bRDb3vSTg-qkPAZg,Gweilo-60,2019-02-26 15:50:51.691749,10992,0
UChXOhG9bRDb3vSTg-qkPAZg,Gweilo-60,2019-02-26 15:49:51.02318,10992,0
UChXOhG9bRDb3vSTg-qkPAZg,Gweilo-60,2019-02-26 15:48:51.141924,10992,0
UChXOhG9bRDb3vSTg-qkPAZg,Gweilo-60,2019-02-26 15:47:52.198007,10992,0
UChXOhG9bRDb3vSTg-qkPAZg,Gweilo-60,2019-02-26 15:46:51.068573,10992,0
UChXOhG9bRDb3vSTg-qkPAZg,Gweilo-60,2019-02-26 15:45:51.405755,10992,0
UChXOhG9bRDb3vSTg-qkPAZg,Gweilo-60,2019-02-26 15:44:51.158481,10992,0
UChXOhG9bRDb3vSTg-qkPAZg,Gweilo-60,2019-02-26 15:43:51.676557,10992,1
UChXOhG9bRDb3vSTg-qkPAZg,Gweilo-60,2019-02-26 15:42:50.930901,10991,0
UChXOhG9bRDb3vSTg-qkPAZg,Gweilo-60,2019-02-26 15:41:51.66593,10991,0
UChXOhG9bRDb3vSTg-qkPAZg,Gweilo-60,2019-02-26 15:40:51.878254,10991,0
UChXOhG9bRDb3vSTg-qkPAZg,Gweilo-60,2019-02-26 15:39:50.865519,10991,0
UChXOhG9bRDb3vSTg-qkPAZg,Gweilo-60,2019-02-26 15:38:51.197006,10991,0
UChXOhG9bRDb3vSTg-qkPAZg,Gweilo-60,2019-02-26 15:37:50.751089,10991,0
UChXOhG9bRDb3vSTg-qkPAZg,Gweilo-60,2019-02-26 15:36:51.178891,10991,0
UChXOhG9bRDb3vSTg-qkPAZg,Gweilo-60,2019-02-26 15:35:51.160807,10991,0
UChXOhG9bRDb3vSTg-qkPAZg,Gweilo-60,2019-02-26 15:34:51.156146,10991,0
UChXOhG9bRDb3vSTg-qkPAZg,Gweilo-60,2019-02-26 15:33:51.104755,10991,0
UChXOhG9bRDb3vSTg-qkPAZg,Gweilo-60,2019-02-26 15:32:51.407103,10991,0
UChXOhG9bRDb3vSTg-qkPAZg,Gweilo-60,2019-02-26 15:31:51.496981,10991,0
UChXOhG9bRDb3vSTg-qkPAZg,Gweilo-60,2019-02-26 15:30:51.259926,10991,0
UChXOhG9bRDb3vSTg-qkPAZg,Gweilo-60,2019-02-26 15:29:50.720551,10991,0
UChXOhG9bRDb3vSTg-qkPAZg,Gweilo-60,2019-02-26 15:28:50.789079,10991,0
UChXOhG9bRDb3vSTg-qkPAZg,Gweilo-60,2019-02-26 15:27:51.520544,10991,0
UChXOhG9bRDb3vSTg-qkPAZg,Gweilo-60,2019-02-26 15:26:51.294127,10991,0
UChXOhG9bRDb3vSTg-qkPAZg,Gweilo-60,2019-02-26 15:25:51.1345,10991,0
UChXOhG9bRDb3vSTg-qkPAZg,Gweilo-60,2019-02-26 15:24:51.305108,10991,0
UChXOhG9bRDb3vSTg-qkPAZg,Gweilo-60,2019-02-26 15:23:51.291554,10991,0
UChXOhG9bRDb3vSTg-qkPAZg,Gweilo-60,2019-02-26 15:22:51.714938,10991,0
UChXOhG9bRDb3vSTg-qkPAZg,Gweilo-60,2019-02-26 15:21:51.581795,10991,0
UChXOhG9bRDb3vSTg-qkPAZg,Gweilo-60,2019-02-26 15:20:50.943369,10991,0
UChXOhG9bRDb3vSTg-qkPAZg,Gweilo-60,2019-02-26 15:19:51.232105,10991,0
UChXOhG9bRDb3vSTg-qkPAZg,Gweilo-60,2019-02-26 15:18:50.619509,10991,0
UChXOhG9bRDb3vSTg-qkPAZg,Gweilo-60,2019-02-26 15:17:51.380863,10991,0
UChXOhG9bRDb3vSTg-qkPAZg,Gweilo-60,2019-02-26 15:16:52.293891,10991,0
UChXOhG9bRDb3vSTg-qkPAZg,Gweilo-60,2019-02-26 15:15:50.664511,10991,0
UChXOhG9bRDb3vSTg-qkPAZg,Gweilo-60,2019-02-26 15:14:51.102839,10991,0
UChXOhG9bRDb3vSTg-qkPAZg,Gweilo-60,2019-02-26 15:13:50.835245,10991,0
UChXOhG9bRDb3vSTg-qkPAZg,Gweilo-60,2019-02-26 15:12:51.229207,10991,0
UChXOhG9bRDb3vSTg-qkPAZg,Gweilo-60,2019-02-26 15:11:51.396827,10991,0
UChXOhG9bRDb3vSTg-qkPAZg,Gweilo-60,2019-02-26 15:10:50.715342,10991,0
UChXOhG9bRDb3vSTg-qkPAZg,Gweilo-60,2019-02-26 15:09:51.582102,10991,0
UChXOhG9bRDb3vSTg-qkPAZg,Gweilo-60,2019-02-26 15:08:51.569651,10991,0
UChXOhG9bRDb3vSTg-qkPAZg,Gweilo-60,2019-02-26 15:07:51.373862,10991,0
UChXOhG9bRDb3vSTg-qkPAZg,Gweilo-60,2019-02-26 15:06:51.621715,10991,0
UChXOhG9bRDb3vSTg-qkPAZg,Gweilo-60,2019-02-26 15:05:51.112586,10991,0
UChXOhG9bRDb3vSTg-qkPAZg,Gweilo-60,2019-02-26 15:04:51.412031,10991,0
UChXOhG9bRDb3vSTg-qkPAZg,Gweilo-60,2019-02-26 15:03:51.259956,10991,0
UChXOhG9bRDb3vSTg-qkPAZg,Gweilo-60,2019-02-26 15:02:51.257187,10991,0
UChXOhG9bRDb3vSTg-qkPAZg,Gweilo-60,2019-02-26 15:01:51.182878,10991,0
UChXOhG9bRDb3vSTg-qkPAZg,Gweilo-60,2019-02-26 15:00:51.148541,10991,0
UChXOhG9bRDb3vSTg-qkPAZg,Gweilo-60,2019-02-26 14:59:51.083366,10991,0
UChXOhG9bRDb3vSTg-qkPAZg,Gweilo-60,2019-02-26 14:58:51.328176,10991,0
UChXOhG9bRDb3vSTg-qkPAZg,Gweilo-60,2019-02-26 14:57:50.902327,10991,0
UChXOhG9bRDb3vSTg-qkPAZg,Gweilo-60,2019-02-26 14:56:51.19924,10991,0
UChXOhG9bRDb3vSTg-qkPAZg,Gweilo-60,2019-02-26 14:55:51.153596,10991,0
UChXOhG9bRDb3vSTg-qkPAZg,Gweilo-60,2019-02-26 14:54:51.266483,10991,0
UChXOhG9bRDb3vSTg-qkPAZg,Gweilo-60,2019-02-26 14:53:51.24668,10991,0
UChXOhG9bRDb3vSTg-qkPAZg,Gweilo-60,2019-02-26 14:52:51.679973,10991,0
UChXOhG9bRDb3vSTg-qkPAZg,Gweilo-60,2019-02-26 14:51:51.262793,10991,0
UChXOhG9bRDb3vSTg-qkPAZg,Gweilo-60,2019-02-26 14:50:51.982005,10991,0
UChXOhG9bRDb3vSTg-qkPAZg,Gweilo-60,2019-02-26 14:49:51.476388,10991,0
UChXOhG9bRDb3vSTg-qkPAZg,Gweilo-60,2019-02-26 14:48:51.495321,10991,0
UChXOhG9bRDb3vSTg-qkPAZg,Gweilo-60,2019-02-26 14:47:51.346214,10991,0
UChXOhG9bRDb3vSTg-qkPAZg,Gweilo-60,2019-02-26 14:46:51.395651,10991,0
UChXOhG9bRDb3vSTg-qkPAZg,Gweilo-60,2019-02-26 14:45:51.022227,10991,0
UChXOhG9bRDb3vSTg-qkPAZg,Gweilo-60,2019-02-26 14:44:51.856914,10991,0
UChXOhG9bRDb3vSTg-qkPAZg,Gweilo-60,2019-02-26 14:43:51.017105,10991,0
UChXOhG9bRDb3vSTg-qkPAZg,Gweilo-60,2019-02-26 14:42:50.500766,10991,0
UChXOhG9bRDb3vSTg-qkPAZg,Gweilo-60,2019-02-26 14:41:50.960307,10991,0
UChXOhG9bRDb3vSTg-qkPAZg,Gweilo-60,2019-02-26 14:40:52.0132,10991,0
UChXOhG9bRDb3vSTg-qkPAZg,Gweilo-60,2019-02-26 14:39:51.072537,10991,0
UChXOhG9bRDb3vSTg-qkPAZg,Gweilo-60,2019-02-26 14:38:51.61187,10991,0
UChXOhG9bRDb3vSTg-qkPAZg,Gweilo-60,2019-02-26 14:37:51.662573,10991,0
UChXOhG9bRDb3vSTg-qkPAZg,Gweilo-60,2019-02-26 14:36:51.429097,10991,0
UChXOhG9bRDb3vSTg-qkPAZg,Gweilo-60,2019-02-26 14:35:51.454053,10991,0
UChXOhG9bRDb3vSTg-qkPAZg,Gweilo-60,2019-02-26 14:34:51.707965,10991,0
UChXOhG9bRDb3vSTg-qkPAZg,Gweilo-60,2019-02-26 14:33:51.074976,10991,0
UChXOhG9bRDb3vSTg-qkPAZg,Gweilo-60,2019-02-26 14:32:51.614073,10991,0
UChXOhG9bRDb3vSTg-qkPAZg,Gweilo-60,2019-02-26 14:31:51.05381,10991,0
UChXOhG9bRDb3vSTg-qkPAZg,Gweilo-60,2019-02-26 14:30:51.097412,10991,0
UChXOhG9bRDb3vSTg-qkPAZg,Gweilo-60,2019-02-26 14:29:50.849751,10991,0
UChXOhG9bRDb3vSTg-qkPAZg,Gweilo-60,2019-02-26 14:28:50.960728,10991,0
UChXOhG9bRDb3vSTg-qkPAZg,Gweilo-60,2019-02-26 14:27:51.625377,10991,0
UChXOhG9bRDb3vSTg-qkPAZg,Gweilo-60,2019-02-26 14:26:51.627384,10991,0
UChXOhG9bRDb3vSTg-qkPAZg,Gweilo-60,2019-02-26 14:25:51.560388,10991,0
UChXOhG9bRDb3vSTg-qkPAZg,Gweilo-60,2019-02-26 14:24:51.108496,10991,0
UChXOhG9bRDb3vSTg-qkPAZg,Gweilo-60,2019-02-26 14:23:50.894761,10991,0
UChXOhG9bRDb3vSTg-qkPAZg,Gweilo-60,2019-02-26 14:22:51.580463,10991,0
UChXOhG9bRDb3vSTg-qkPAZg,Gweilo-60,2019-02-26 14:21:51.15249,10991,0
UChXOhG9bRDb3vSTg-qkPAZg,Gweilo-60,2019-02-26 14:20:51.123754,10991,0
UChXOhG9bRDb3vSTg-qkPAZg,Gweilo-60,2019-02-26 14:19:51.478655,10991,0
UChXOhG9bRDb3vSTg-qkPAZg,Gweilo-60,2019-02-26 14:18:51.345668,10991,0
UChXOhG9bRDb3vSTg-qkPAZg,Gweilo-60,2019-02-26 14:17:51.228292,10991,0
UChXOhG9bRDb3vSTg-qkPAZg,Gweilo-60,2019-02-26 14:16:51.050265,10991,0
UChXOhG9bRDb3vSTg-qkPAZg,Gweilo-60,2019-02-26 14:15:51.348356,10991,0
UChXOhG9bRDb3vSTg-qkPAZg,Gweilo-60,2019-02-26 14:14:51.205821,10991,0
UChXOhG9bRDb3vSTg-qkPAZg,Gweilo-60,2019-02-26 14:13:51.265823,10991,0
UChXOhG9bRDb3vSTg-qkPAZg,Gweilo-60,2019-02-26 14:12:50.99544,10991,0
UChXOhG9bRDb3vSTg-qkPAZg,Gweilo-60,2019-02-26 14:11:50.975662,10991,0
UChXOhG9bRDb3vSTg-qkPAZg,Gweilo-60,2019-02-26 14:10:51.441686,10991,0
UChXOhG9bRDb3vSTg-qkPAZg,Gweilo-60,2019-02-26 14:09:51.183418,10991,0
UChXOhG9bRDb3vSTg-qkPAZg,Gweilo-60,2019-02-26 14:08:51.297581,10991,0
UChXOhG9bRDb3vSTg-qkPAZg,Gweilo-60,2019-02-26 14:07:51.310895,10991,0
UChXOhG9bRDb3vSTg-qkPAZg,Gweilo-60,2019-02-26 14:06:51.36087,10991,0
UChXOhG9bRDb3vSTg-qkPAZg,Gweilo-60,2019-02-26 14:05:51.175479,10991,0
UChXOhG9bRDb3vSTg-qkPAZg,Gweilo-60,2019-02-26 14:04:51.708928,10991,0
UChXOhG9bRDb3vSTg-qkPAZg,Gweilo-60,2019-02-26 14:03:51.423127,10991,0
UChXOhG9bRDb3vSTg-qkPAZg,Gweilo-60,2019-02-26 14:02:51.119529,10991,0
UChXOhG9bRDb3vSTg-qkPAZg,Gweilo-60,2019-02-26 14:01:51.004414,10991,0
UChXOhG9bRDb3vSTg-qkPAZg,Gweilo-60,2019-02-26 14:00:51.262165,10991,0
UChXOhG9bRDb3vSTg-qkPAZg,Gweilo-60,2019-02-26 13:59:51.638853,10991,0
UChXOhG9bRDb3vSTg-qkPAZg,Gweilo-60,2019-02-26 13:58:51.028268,10991,0
UChXOhG9bRDb3vSTg-qkPAZg,Gweilo-60,2019-02-26 13:57:51.313202,10991,0
UChXOhG9bRDb3vSTg-qkPAZg,Gweilo-60,2019-02-26 13:56:50.85171,10991,0
UChXOhG9bRDb3vSTg-qkPAZg,Gweilo-60,2019-02-26 13:55:50.806243,10991,0
UChXOhG9bRDb3vSTg-qkPAZg,Gweilo-60,2019-02-26 13:54:51.172028,10991,0
UChXOhG9bRDb3vSTg-qkPAZg,Gweilo-60,2019-02-26 13:53:51.76935,10991,0
UChXOhG9bRDb3vSTg-qkPAZg,Gweilo-60,2019-02-26 13:52:50.926527,10991,0
UChXOhG9bRDb3vSTg-qkPAZg,Gweilo-60,2019-02-26 13:51:51.200342,10991,0
UChXOhG9bRDb3vSTg-qkPAZg,Gweilo-60,2019-02-26 13:50:50.833249,10991,0
UChXOhG9bRDb3vSTg-qkPAZg,Gweilo-60,2019-02-26 13:49:50.586845,10991,0
UChXOhG9bRDb3vSTg-qkPAZg,Gweilo-60,2019-02-26 13:48:51.692463,10991,0
UChXOhG9bRDb3vSTg-qkPAZg,Gweilo-60,2019-02-26 13:47:51.419184,10991,0
UChXOhG9bRDb3vSTg-qkPAZg,Gweilo-60,2019-02-26 13:46:50.984534,10991,0
UChXOhG9bRDb3vSTg-qkPAZg,Gweilo-60,2019-02-26 13:45:51.365904,10991,0
UChXOhG9bRDb3vSTg-qkPAZg,Gweilo-60,2019-02-26 13:44:51.750488,10991,0
UChXOhG9bRDb3vSTg-qkPAZg,Gweilo-60,2019-02-26 13:43:51.478037,10991,0
UChXOhG9bRDb3vSTg-qkPAZg,Gweilo-60,2019-02-26 13:42:51.646961,10991,0
UChXOhG9bRDb3vSTg-qkPAZg,Gweilo-60,2019-02-26 13:41:51.074984,10991,0
UChXOhG9bRDb3vSTg-qkPAZg,Gweilo-60,2019-02-26 13:40:50.956873,10991,0
UChXOhG9bRDb3vSTg-qkPAZg,Gweilo-60,2019-02-26 13:39:51.305116,10991,0
UChXOhG9bRDb3vSTg-qkPAZg,Gweilo-60,2019-02-26 13:38:50.901718,10991,0
UChXOhG9bRDb3vSTg-qkPAZg,Gweilo-60,2019-02-26 13:37:51.255446,10991,0
UChXOhG9bRDb3vSTg-qkPAZg,Gweilo-60,2019-02-26 13:36:51.353345,10991,0
UChXOhG9bRDb3vSTg-qkPAZg,Gweilo-60,2019-02-26 13:35:51.054748,10991,0
UChXOhG9bRDb3vSTg-qkPAZg,Gweilo-60,2019-02-26 13:34:51.026636,10991,0
UChXOhG9bRDb3vSTg-qkPAZg,Gweilo-60,2019-02-26 13:33:51.338155,10991,0
UChXOhG9bRDb3vSTg-qkPAZg,Gweilo-60,2019-02-26 13:32:51.343749,10991,0
UChXOhG9bRDb3vSTg-qkPAZg,Gweilo-60,2019-02-26 13:31:51.268878,10991,0
UChXOhG9bRDb3vSTg-qkPAZg,Gweilo-60,2019-02-26 13:30:51.338122,10991,0
UChXOhG9bRDb3vSTg-qkPAZg,Gweilo-60,2019-02-26 13:29:51.252123,10991,1
UChXOhG9bRDb3vSTg-qkPAZg,Gweilo-60,2019-02-26 13:28:51.424314,10990,0
UChXOhG9bRDb3vSTg-qkPAZg,Gweilo-60,2019-02-26 13:27:51.009675,10990,0
UChXOhG9bRDb3vSTg-qkPAZg,Gweilo-60,2019-02-26 13:26:51.40297,10990,0
UChXOhG9bRDb3vSTg-qkPAZg,Gweilo-60,2019-02-26 13:25:51.507102,10990,0
UChXOhG9bRDb3vSTg-qkPAZg,Gweilo-60,2019-02-26 13:24:50.899498,10990,0
UChXOhG9bRDb3vSTg-qkPAZg,Gweilo-60,2019-02-26 13:23:51.144346,10990,0
UChXOhG9bRDb3vSTg-qkPAZg,Gweilo-60,2019-02-26 13:22:51.416277,10990,0
UChXOhG9bRDb3vSTg-qkPAZg,Gweilo-60,2019-02-26 13:21:51.36049,10990,0
UChXOhG9bRDb3vSTg-qkPAZg,Gweilo-60,2019-02-26 13:20:51.255335,10990,0
UChXOhG9bRDb3vSTg-qkPAZg,Gweilo-60,2019-02-26 13:19:51.31146,10990,0
UChXOhG9bRDb3vSTg-qkPAZg,Gweilo-60,2019-02-26 13:18:51.074856,10990,0
UChXOhG9bRDb3vSTg-qkPAZg,Gweilo-60,2019-02-26 13:17:50.849884,10990,0
UChXOhG9bRDb3vSTg-qkPAZg,Gweilo-60,2019-02-26 13:16:51.131167,10990,0
UChXOhG9bRDb3vSTg-qkPAZg,Gweilo-60,2019-02-26 13:15:51.480554,10990,0
UChXOhG9bRDb3vSTg-qkPAZg,Gweilo-60,2019-02-26 13:14:51.009254,10990,1
UChXOhG9bRDb3vSTg-qkPAZg,Gweilo-60,2019-02-26 13:13:51.027899,10989,0
UChXOhG9bRDb3vSTg-qkPAZg,Gweilo-60,2019-02-26 13:12:51.617943,10989,0
UChXOhG9bRDb3vSTg-qkPAZg,Gweilo-60,2019-02-26 13:11:50.92821,10989,0
UChXOhG9bRDb3vSTg-qkPAZg,Gweilo-60,2019-02-26 13:10:50.967943,10989,0
UChXOhG9bRDb3vSTg-qkPAZg,Gweilo-60,2019-02-26 13:09:51.170759,10989,0
UChXOhG9bRDb3vSTg-qkPAZg,Gweilo-60,2019-02-26 13:08:51.751034,10989,0
UChXOhG9bRDb3vSTg-qkPAZg,Gweilo-60,2019-02-26 13:07:51.126614,10989,0
UChXOhG9bRDb3vSTg-qkPAZg,Gweilo-60,2019-02-26 13:06:52.040564,10989,0
UChXOhG9bRDb3vSTg-qkPAZg,Gweilo-60,2019-02-26 13:05:50.856454,10989,0
UChXOhG9bRDb3vSTg-qkPAZg,Gweilo-60,2019-02-26 13:04:51.428113,10989,0
UChXOhG9bRDb3vSTg-qkPAZg,Gweilo-60,2019-02-26 13:03:51.151448,10989,0
UChXOhG9bRDb3vSTg-qkPAZg,Gweilo-60,2019-02-26 13:02:50.550124,10989,0
UChXOhG9bRDb3vSTg-qkPAZg,Gweilo-60,2019-02-26 13:01:51.167358,10989,0
UChXOhG9bRDb3vSTg-qkPAZg,Gweilo-60,2019-02-26 13:00:51.450415,10989,0
UChXOhG9bRDb3vSTg-qkPAZg,Gweilo-60,2019-02-26 12:59:51.248153,10989,0
UChXOhG9bRDb3vSTg-qkPAZg,Gweilo-60,2019-02-26 12:58:50.692804,10989,0
UChXOhG9bRDb3vSTg-qkPAZg,Gweilo-60,2019-02-26 12:57:50.932208,10989,0
UChXOhG9bRDb3vSTg-qkPAZg,Gweilo-60,2019-02-26 12:56:50.842131,10989,0
UChXOhG9bRDb3vSTg-qkPAZg,Gweilo-60,2019-02-26 12:55:51.140438,10989,0
UChXOhG9bRDb3vSTg-qkPAZg,Gweilo-60,2019-02-26 12:54:51.660326,10989,0
UChXOhG9bRDb3vSTg-qkPAZg,Gweilo-60,2019-02-26 12:53:50.810341,10989,0
UChXOhG9bRDb3vSTg-qkPAZg,Gweilo-60,2019-02-26 12:52:52.068018,10989,0
UChXOhG9bRDb3vSTg-qkPAZg,Gweilo-60,2019-02-26 12:51:50.938967,10989,0
UChXOhG9bRDb3vSTg-qkPAZg,Gweilo-60,2019-02-26 12:50:51.055994,10989,0
UChXOhG9bRDb3vSTg-qkPAZg,Gweilo-60,2019-02-26 12:49:50.930528,10989,0
UChXOhG9bRDb3vSTg-qkPAZg,Gweilo-60,2019-02-26 12:48:51.95002,10989,0
UChXOhG9bRDb3vSTg-qkPAZg,Gweilo-60,2019-02-26 12:47:51.414035,10989,0
UChXOhG9bRDb3vSTg-qkPAZg,Gweilo-60,2019-02-26 12:46:51.166967,10989,0
UChXOhG9bRDb3vSTg-qkPAZg,Gweilo-60,2019-02-26 12:45:51.858289,10989,0
UChXOhG9bRDb3vSTg-qkPAZg,Gweilo-60,2019-02-26 12:44:51.401525,10989,0
UChXOhG9bRDb3vSTg-qkPAZg,Gweilo-60,2019-02-26 12:43:51.271068,10989,0
UChXOhG9bRDb3vSTg-qkPAZg,Gweilo-60,2019-02-26 12:42:51.803626,10989,0
UChXOhG9bRDb3vSTg-qkPAZg,Gweilo-60,2019-02-26 12:41:51.325696,10989,0
UChXOhG9bRDb3vSTg-qkPAZg,Gweilo-60,2019-02-26 12:40:51.087776,10989,0
UChXOhG9bRDb3vSTg-qkPAZg,Gweilo-60,2019-02-26 12:39:51.311044,10989,0
UChXOhG9bRDb3vSTg-qkPAZg,Gweilo-60,2019-02-26 12:38:50.501177,10989,0
UChXOhG9bRDb3vSTg-qkPAZg,Gweilo-60,2019-02-26 12:37:51.733719,10989,0
UChXOhG9bRDb3vSTg-qkPAZg,Gweilo-60,2019-02-26 12:36:51.759555,10989,0
UChXOhG9bRDb3vSTg-qkPAZg,Gweilo-60,2019-02-26 12:35:50.628739,10989,0
UChXOhG9bRDb3vSTg-qkPAZg,Gweilo-60,2019-02-26 12:34:51.331389,10989,0
UChXOhG9bRDb3vSTg-qkPAZg,Gweilo-60,2019-02-26 12:33:51.146852,10989,0
UChXOhG9bRDb3vSTg-qkPAZg,Gweilo-60,2019-02-26 12:32:50.916265,10989,0
UChXOhG9bRDb3vSTg-qkPAZg,Gweilo-60,2019-02-26 12:31:51.136869,10989,0
UChXOhG9bRDb3vSTg-qkPAZg,Gweilo-60,2019-02-26 12:30:51.092487,10989,0
UChXOhG9bRDb3vSTg-qkPAZg,Gweilo-60,2019-02-26 12:29:51.415187,10989,0
UChXOhG9bRDb3vSTg-qkPAZg,Gweilo-60,2019-02-26 12:28:51.713049,10989,0
UChXOhG9bRDb3vSTg-qkPAZg,Gweilo-60,2019-02-26 12:27:51.542765,10989,0
UChXOhG9bRDb3vSTg-qkPAZg,Gweilo-60,2019-02-26 12:26:51.237205,10989,0
UChXOhG9bRDb3vSTg-qkPAZg,Gweilo-60,2019-02-26 12:25:51.08809,10989,0
UChXOhG9bRDb3vSTg-qkPAZg,Gweilo-60,2019-02-26 12:24:51.420868,10989,0
UChXOhG9bRDb3vSTg-qkPAZg,Gweilo-60,2019-02-26 12:23:51.508253,10989,0
UChXOhG9bRDb3vSTg-qkPAZg,Gweilo-60,2019-02-26 12:22:51.432204,10989,0
UChXOhG9bRDb3vSTg-qkPAZg,Gweilo-60,2019-02-26 12:21:50.57629,10989,0
UChXOhG9bRDb3vSTg-qkPAZg,Gweilo-60,2019-02-26 12:20:51.417746,10989,0
UChXOhG9bRDb3vSTg-qkPAZg,Gweilo-60,2019-02-26 12:19:50.815726,10989,0
UChXOhG9bRDb3vSTg-qkPAZg,Gweilo-60,2019-02-26 12:18:51.222327,10989,0
UChXOhG9bRDb3vSTg-qkPAZg,Gweilo-60,2019-02-26 12:17:51.679504,10989,0
UChXOhG9bRDb3vSTg-qkPAZg,Gweilo-60,2019-02-26 12:16:51.754886,10989,0
UChXOhG9bRDb3vSTg-qkPAZg,Gweilo-60,2019-02-26 12:15:50.632545,10989,0
UChXOhG9bRDb3vSTg-qkPAZg,Gweilo-60,2019-02-26 12:14:51.23121,10989,0
UChXOhG9bRDb3vSTg-qkPAZg,Gweilo-60,2019-02-26 12:13:51.335946,10989,0
UChXOhG9bRDb3vSTg-qkPAZg,Gweilo-60,2019-02-26 12:12:51.189952,10989,0
UChXOhG9bRDb3vSTg-qkPAZg,Gweilo-60,2019-02-26 12:11:50.955695,10989,0
UChXOhG9bRDb3vSTg-qkPAZg,Gweilo-60,2019-02-26 12:10:51.512985,10989,0
UChXOhG9bRDb3vSTg-qkPAZg,Gweilo-60,2019-02-26 12:09:51.028643,10989,0
UChXOhG9bRDb3vSTg-qkPAZg,Gweilo-60,2019-02-26 12:08:51.11797,10989,0
UChXOhG9bRDb3vSTg-qkPAZg,Gweilo-60,2019-02-26 12:07:52.137919,10989,0
UChXOhG9bRDb3vSTg-qkPAZg,Gweilo-60,2019-02-26 12:06:50.673654,10989,0
UChXOhG9bRDb3vSTg-qkPAZg,Gweilo-60,2019-02-26 12:05:51.243054,10989,0
UChXOhG9bRDb3vSTg-qkPAZg,Gweilo-60,2019-02-26 12:04:51.683744,10989,0
UChXOhG9bRDb3vSTg-qkPAZg,Gweilo-60,2019-02-26 12:03:51.281641,10989,0
UChXOhG9bRDb3vSTg-qkPAZg,Gweilo-60,2019-02-26 12:02:51.27575,10989,0
UChXOhG9bRDb3vSTg-qkPAZg,Gweilo-60,2019-02-26 12:01:50.841159,10989,0
UChXOhG9bRDb3vSTg-qkPAZg,Gweilo-60,2019-02-26 12:00:51.352003,10989,0
UChXOhG9bRDb3vSTg-qkPAZg,Gweilo-60,2019-02-26 11:59:50.980206,10989,0
UChXOhG9bRDb3vSTg-qkPAZg,Gweilo-60,2019-02-26 11:58:51.268589,10989,0
UChXOhG9bRDb3vSTg-qkPAZg,Gweilo-60,2019-02-26 11:57:51.534366,10989,0
UChXOhG9bRDb3vSTg-qkPAZg,Gweilo-60,2019-02-26 11:56:50.730998,10989,0
UChXOhG9bRDb3vSTg-qkPAZg,Gweilo-60,2019-02-26 11:55:52.005341,10989,0
UChXOhG9bRDb3vSTg-qkPAZg,Gweilo-60,2019-02-26 11:54:50.999018,10989,0
UChXOhG9bRDb3vSTg-qkPAZg,Gweilo-60,2019-02-26 11:53:51.093714,10989,0
UChXOhG9bRDb3vSTg-qkPAZg,Gweilo-60,2019-02-26 11:52:51.137155,10989,0
UChXOhG9bRDb3vSTg-qkPAZg,Gweilo-60,2019-02-26 11:51:50.923395,10989,0
UChXOhG9bRDb3vSTg-qkPAZg,Gweilo-60,2019-02-26 11:50:50.636223,10989,0
UChXOhG9bRDb3vSTg-qkPAZg,Gweilo-60,2019-02-26 11:49:51.76452,10989,0
UChXOhG9bRDb3vSTg-qkPAZg,Gweilo-60,2019-02-26 11:48:50.417344,10989,0
UChXOhG9bRDb3vSTg-qkPAZg,Gweilo-60,2019-02-26 11:47:50.893199,10989,1
UChXOhG9bRDb3vSTg-qkPAZg,Gweilo-60,2019-02-26 11:46:50.791171,10988,0
UChXOhG9bRDb3vSTg-qkPAZg,Gweilo-60,2019-02-26 11:45:51.643973,10988,0
UChXOhG9bRDb3vSTg-qkPAZg,Gweilo-60,2019-02-26 11:44:51.113345,10988,0
UChXOhG9bRDb3vSTg-qkPAZg,Gweilo-60,2019-02-26 11:43:51.169644,10988,0
UChXOhG9bRDb3vSTg-qkPAZg,Gweilo-60,2019-02-26 11:42:51.737218,10988,0
UChXOhG9bRDb3vSTg-qkPAZg,Gweilo-60,2019-02-26 11:41:51.021497,10988,0
UChXOhG9bRDb3vSTg-qkPAZg,Gweilo-60,2019-02-26 11:40:50.84564,10988,0
UChXOhG9bRDb3vSTg-qkPAZg,Gweilo-60,2019-02-26 11:39:51.467462,10988,0
UChXOhG9bRDb3vSTg-qkPAZg,Gweilo-60,2019-02-26 11:38:50.920131,10988,0
UChXOhG9bRDb3vSTg-qkPAZg,Gweilo-60,2019-02-26 11:37:51.186648,10988,0
UChXOhG9bRDb3vSTg-qkPAZg,Gweilo-60,2019-02-26 11:36:51.060912,10988,0
UChXOhG9bRDb3vSTg-qkPAZg,Gweilo-60,2019-02-26 11:35:50.755958,10988,0
UChXOhG9bRDb3vSTg-qkPAZg,Gweilo-60,2019-02-26 11:34:50.995705,10988,0
UChXOhG9bRDb3vSTg-qkPAZg,Gweilo-60,2019-02-26 11:33:50.984578,10988,0
UChXOhG9bRDb3vSTg-qkPAZg,Gweilo-60,2019-02-26 11:32:50.817391,10988,0
UChXOhG9bRDb3vSTg-qkPAZg,Gweilo-60,2019-02-26 11:31:51.124271,10988,0
UChXOhG9bRDb3vSTg-qkPAZg,Gweilo-60,2019-02-26 11:30:51.280446,10988,0
UChXOhG9bRDb3vSTg-qkPAZg,Gweilo-60,2019-02-26 11:29:51.186867,10988,0
UChXOhG9bRDb3vSTg-qkPAZg,Gweilo-60,2019-02-26 11:28:51.240448,10988,0
UChXOhG9bRDb3vSTg-qkPAZg,Gweilo-60,2019-02-26 11:27:50.682063,10988,0
UChXOhG9bRDb3vSTg-qkPAZg,Gweilo-60,2019-02-26 11:26:50.956851,10988,0
UChXOhG9bRDb3vSTg-qkPAZg,Gweilo-60,2019-02-26 11:25:51.325166,10988,0
UChXOhG9bRDb3vSTg-qkPAZg,Gweilo-60,2019-02-26 11:24:51.554948,10988,0
UChXOhG9bRDb3vSTg-qkPAZg,Gweilo-60,2019-02-26 11:23:51.155613,10988,0
UChXOhG9bRDb3vSTg-qkPAZg,Gweilo-60,2019-02-26 11:22:50.755673,10988,0
UChXOhG9bRDb3vSTg-qkPAZg,Gweilo-60,2019-02-26 11:21:51.157441,10988,0
UChXOhG9bRDb3vSTg-qkPAZg,Gweilo-60,2019-02-26 11:20:51.020744,10988,0
UChXOhG9bRDb3vSTg-qkPAZg,Gweilo-60,2019-02-26 11:19:50.951234,10988,0
UChXOhG9bRDb3vSTg-qkPAZg,Gweilo-60,2019-02-26 11:18:50.765122,10988,0
UChXOhG9bRDb3vSTg-qkPAZg,Gweilo-60,2019-02-26 11:17:51.26491,10988,0
UChXOhG9bRDb3vSTg-qkPAZg,Gweilo-60,2019-02-26 11:16:51.68975,10988,0
UChXOhG9bRDb3vSTg-qkPAZg,Gweilo-60,2019-02-26 11:15:50.803699,10988,0
UChXOhG9bRDb3vSTg-qkPAZg,Gweilo-60,2019-02-26 11:14:51.813731,10988,0
UChXOhG9bRDb3vSTg-qkPAZg,Gweilo-60,2019-02-26 11:13:50.801755,10988,0
UChXOhG9bRDb3vSTg-qkPAZg,Gweilo-60,2019-02-26 11:12:51.28503,10988,0
UChXOhG9bRDb3vSTg-qkPAZg,Gweilo-60,2019-02-26 11:11:51.332676,10988,0
UChXOhG9bRDb3vSTg-qkPAZg,Gweilo-60,2019-02-26 11:10:51.16077,10988,0
UChXOhG9bRDb3vSTg-qkPAZg,Gweilo-60,2019-02-26 11:09:51.115078,10988,0
UChXOhG9bRDb3vSTg-qkPAZg,Gweilo-60,2019-02-26 11:08:51.096334,10988,0
UChXOhG9bRDb3vSTg-qkPAZg,Gweilo-60,2019-02-26 11:07:50.565511,10988,0
UChXOhG9bRDb3vSTg-qkPAZg,Gweilo-60,2019-02-26 11:06:50.749069,10988,0
UChXOhG9bRDb3vSTg-qkPAZg,Gweilo-60,2019-02-26 11:05:50.945586,10988,0
UChXOhG9bRDb3vSTg-qkPAZg,Gweilo-60,2019-02-26 11:04:51.336445,10988,0
UChXOhG9bRDb3vSTg-qkPAZg,Gweilo-60,2019-02-26 11:03:51.20737,10988,0
UChXOhG9bRDb3vSTg-qkPAZg,Gweilo-60,2019-02-26 11:02:50.886422,10988,0
UChXOhG9bRDb3vSTg-qkPAZg,Gweilo-60,2019-02-26 11:01:51.379171,10988,0
UChXOhG9bRDb3vSTg-qkPAZg,Gweilo-60,2019-02-26 11:00:51.513898,10988,0
UChXOhG9bRDb3vSTg-qkPAZg,Gweilo-60,2019-02-26 10:59:51.467172,10988,0
UChXOhG9bRDb3vSTg-qkPAZg,Gweilo-60,2019-02-26 10:58:50.80434,10988,0
UChXOhG9bRDb3vSTg-qkPAZg,Gweilo-60,2019-02-26 10:57:51.205846,10988,0
UChXOhG9bRDb3vSTg-qkPAZg,Gweilo-60,2019-02-26 10:56:50.808512,10988,0
UChXOhG9bRDb3vSTg-qkPAZg,Gweilo-60,2019-02-26 10:55:50.860501,10988,1
UChXOhG9bRDb3vSTg-qkPAZg,Gweilo-60,2019-02-26 10:54:51.989285,10987,0
UChXOhG9bRDb3vSTg-qkPAZg,Gweilo-60,2019-02-26 10:53:50.882444,10987,0
UChXOhG9bRDb3vSTg-qkPAZg,Gweilo-60,2019-02-26 10:52:50.932738,10987,1
UChXOhG9bRDb3vSTg-qkPAZg,Gweilo-60,2019-02-26 10:51:51.17039,10986,0
UChXOhG9bRDb3vSTg-qkPAZg,Gweilo-60,2019-02-26 10:50:51.023217,10986,0
UChXOhG9bRDb3vSTg-qkPAZg,Gweilo-60,2019-02-26 10:49:50.811948,10986,0
UChXOhG9bRDb3vSTg-qkPAZg,Gweilo-60,2019-02-26 10:48:50.964593,10986,0
UChXOhG9bRDb3vSTg-qkPAZg,Gweilo-60,2019-02-26 10:47:50.89069,10986,0
UChXOhG9bRDb3vSTg-qkPAZg,Gweilo-60,2019-02-26 10:46:51.012904,10986,0
UChXOhG9bRDb3vSTg-qkPAZg,Gweilo-60,2019-02-26 10:45:51.218574,10986,0
UChXOhG9bRDb3vSTg-qkPAZg,Gweilo-60,2019-02-26 10:44:51.123432,10986,0
UChXOhG9bRDb3vSTg-qkPAZg,Gweilo-60,2019-02-26 10:43:50.956237,10986,0
UChXOhG9bRDb3vSTg-qkPAZg,Gweilo-60,2019-02-26 10:42:50.926687,10986,0
UChXOhG9bRDb3vSTg-qkPAZg,Gweilo-60,2019-02-26 10:41:51.050596,10986,0
UChXOhG9bRDb3vSTg-qkPAZg,Gweilo-60,2019-02-26 10:40:51.593489,10986,0
UChXOhG9bRDb3vSTg-qkPAZg,Gweilo-60,2019-02-26 10:39:51.046715,10986,0
UChXOhG9bRDb3vSTg-qkPAZg,Gweilo-60,2019-02-26 10:38:51.376604,10986,0
UChXOhG9bRDb3vSTg-qkPAZg,Gweilo-60,2019-02-26 10:37:51.659447,10986,0
UChXOhG9bRDb3vSTg-qkPAZg,Gweilo-60,2019-02-26 10:36:50.927269,10986,0
UChXOhG9bRDb3vSTg-qkPAZg,Gweilo-60,2019-02-26 10:35:50.9117,10986,0
UChXOhG9bRDb3vSTg-qkPAZg,Gweilo-60,2019-02-26 10:34:51.201455,10986,0
UChXOhG9bRDb3vSTg-qkPAZg,Gweilo-60,2019-02-26 10:33:52.036311,10986,0
UChXOhG9bRDb3vSTg-qkPAZg,Gweilo-60,2019-02-26 10:32:51.226057,10986,0
UChXOhG9bRDb3vSTg-qkPAZg,Gweilo-60,2019-02-26 10:31:52.160639,10986,0
UChXOhG9bRDb3vSTg-qkPAZg,Gweilo-60,2019-02-26 10:30:51.570407,10986,0
UChXOhG9bRDb3vSTg-qkPAZg,Gweilo-60,2019-02-26 10:29:51.347013,10986,0
UChXOhG9bRDb3vSTg-qkPAZg,Gweilo-60,2019-02-26 10:28:50.846874,10986,0
UChXOhG9bRDb3vSTg-qkPAZg,Gweilo-60,2019-02-26 10:27:51.708747,10986,0
UChXOhG9bRDb3vSTg-qkPAZg,Gweilo-60,2019-02-26 10:26:50.827355,10986,0
UChXOhG9bRDb3vSTg-qkPAZg,Gweilo-60,2019-02-26 10:25:51.225205,10986,0
UChXOhG9bRDb3vSTg-qkPAZg,Gweilo-60,2019-02-26 10:24:51.32994,10986,0
UChXOhG9bRDb3vSTg-qkPAZg,Gweilo-60,2019-02-26 10:23:51.46462,10986,0
UChXOhG9bRDb3vSTg-qkPAZg,Gweilo-60,2019-02-26 10:22:51.033899,10986,0
UChXOhG9bRDb3vSTg-qkPAZg,Gweilo-60,2019-02-26 10:21:50.983866,10986,0
UChXOhG9bRDb3vSTg-qkPAZg,Gweilo-60,2019-02-26 10:20:51.201012,10986,0
UChXOhG9bRDb3vSTg-qkPAZg,Gweilo-60,2019-02-26 10:19:50.601198,10986,0
UChXOhG9bRDb3vSTg-qkPAZg,Gweilo-60,2019-02-26 10:18:51.454348,10986,0
UChXOhG9bRDb3vSTg-qkPAZg,Gweilo-60,2019-02-26 10:17:51.48659,10986,0
UChXOhG9bRDb3vSTg-qkPAZg,Gweilo-60,2019-02-26 10:16:51.044558,10986,0
UChXOhG9bRDb3vSTg-qkPAZg,Gweilo-60,2019-02-26 10:15:51.471614,10986,0
UChXOhG9bRDb3vSTg-qkPAZg,Gweilo-60,2019-02-26 10:14:51.236342,10986,0
UChXOhG9bRDb3vSTg-qkPAZg,Gweilo-60,2019-02-26 10:13:51.067841,10986,0
UChXOhG9bRDb3vSTg-qkPAZg,Gweilo-60,2019-02-26 10:12:51.022347,10986,0
UChXOhG9bRDb3vSTg-qkPAZg,Gweilo-60,2019-02-26 10:11:51.224491,10986,0
UChXOhG9bRDb3vSTg-qkPAZg,Gweilo-60,2019-02-26 10:10:51.315829,10986,0
UChXOhG9bRDb3vSTg-qkPAZg,Gweilo-60,2019-02-26 10:09:51.705353,10986,0
UChXOhG9bRDb3vSTg-qkPAZg,Gweilo-60,2019-02-26 10:08:51.263484,10986,0
UChXOhG9bRDb3vSTg-qkPAZg,Gweilo-60,2019-02-26 10:07:50.974643,10986,0
UChXOhG9bRDb3vSTg-qkPAZg,Gweilo-60,2019-02-26 10:06:50.66369,10986,0
UChXOhG9bRDb3vSTg-qkPAZg,Gweilo-60,2019-02-26 10:05:51.095737,10986,0
UChXOhG9bRDb3vSTg-qkPAZg,Gweilo-60,2019-02-26 10:04:51.254181,10986,0
UChXOhG9bRDb3vSTg-qkPAZg,Gweilo-60,2019-02-26 10:03:51.283755,10986,0
UChXOhG9bRDb3vSTg-qkPAZg,Gweilo-60,2019-02-26 10:02:51.38674,10986,0
UChXOhG9bRDb3vSTg-qkPAZg,Gweilo-60,2019-02-26 10:01:50.912588,10986,0
UChXOhG9bRDb3vSTg-qkPAZg,Gweilo-60,2019-02-26 10:00:51.064388,10986,0
UChXOhG9bRDb3vSTg-qkPAZg,Gweilo-60,2019-02-26 09:59:51.626314,10986,0
UChXOhG9bRDb3vSTg-qkPAZg,Gweilo-60,2019-02-26 09:58:51.499481,10986,0
UChXOhG9bRDb3vSTg-qkPAZg,Gweilo-60,2019-02-26 09:57:51.81368,10986,0
UChXOhG9bRDb3vSTg-qkPAZg,Gweilo-60,2019-02-26 09:56:51.321581,10986,0
UChXOhG9bRDb3vSTg-qkPAZg,Gweilo-60,2019-02-26 09:55:51.00086,10986,0
UChXOhG9bRDb3vSTg-qkPAZg,Gweilo-60,2019-02-26 09:54:51.658405,10986,0
UChXOhG9bRDb3vSTg-qkPAZg,Gweilo-60,2019-02-26 09:53:50.775122,10986,0
UChXOhG9bRDb3vSTg-qkPAZg,Gweilo-60,2019-02-26 09:52:50.939414,10986,0
UChXOhG9bRDb3vSTg-qkPAZg,Gweilo-60,2019-02-26 09:51:51.455471,10986,0
UChXOhG9bRDb3vSTg-qkPAZg,Gweilo-60,2019-02-26 09:50:51.314764,10986,0
UChXOhG9bRDb3vSTg-qkPAZg,Gweilo-60,2019-02-26 09:49:50.728286,10986,0
UChXOhG9bRDb3vSTg-qkPAZg,Gweilo-60,2019-02-26 09:48:51.374286,10986,0
UChXOhG9bRDb3vSTg-qkPAZg,Gweilo-60,2019-02-26 09:47:51.379889,10986,0
UChXOhG9bRDb3vSTg-qkPAZg,Gweilo-60,2019-02-26 09:46:51.069888,10986,0
UChXOhG9bRDb3vSTg-qkPAZg,Gweilo-60,2019-02-26 09:45:51.290956,10986,0
UChXOhG9bRDb3vSTg-qkPAZg,Gweilo-60,2019-02-26 09:44:51.043316,10986,0
UChXOhG9bRDb3vSTg-qkPAZg,Gweilo-60,2019-02-26 09:43:51.650019,10986,0
UChXOhG9bRDb3vSTg-qkPAZg,Gweilo-60,2019-02-26 09:42:51.294742,10986,0
UChXOhG9bRDb3vSTg-qkPAZg,Gweilo-60,2019-02-26 09:41:50.945726,10986,0
UChXOhG9bRDb3vSTg-qkPAZg,Gweilo-60,2019-02-26 09:40:51.590119,10986,0
UChXOhG9bRDb3vSTg-qkPAZg,Gweilo-60,2019-02-26 09:39:50.753236,10986,0
UChXOhG9bRDb3vSTg-qkPAZg,Gweilo-60,2019-02-26 09:38:51.478206,10986,0
UChXOhG9bRDb3vSTg-qkPAZg,Gweilo-60,2019-02-26 09:37:51.951577,10986,0
UChXOhG9bRDb3vSTg-qkPAZg,Gweilo-60,2019-02-26 09:36:51.843944,10986,0
UChXOhG9bRDb3vSTg-qkPAZg,Gweilo-60,2019-02-26 09:35:51.160648,10986,0
UChXOhG9bRDb3vSTg-qkPAZg,Gweilo-60,2019-02-26 09:34:51.677734,10986,0
UChXOhG9bRDb3vSTg-qkPAZg,Gweilo-60,2019-02-26 09:33:51.072927,10986,1
UChXOhG9bRDb3vSTg-qkPAZg,Gweilo-60,2019-02-26 09:32:51.280781,10985,0
UChXOhG9bRDb3vSTg-qkPAZg,Gweilo-60,2019-02-26 09:31:51.215541,10985,0
UChXOhG9bRDb3vSTg-qkPAZg,Gweilo-60,2019-02-26 09:30:50.78262,10985,0
UChXOhG9bRDb3vSTg-qkPAZg,Gweilo-60,2019-02-26 09:29:51.067315,10985,0
UChXOhG9bRDb3vSTg-qkPAZg,Gweilo-60,2019-02-26 09:28:51.432368,10985,0
UChXOhG9bRDb3vSTg-qkPAZg,Gweilo-60,2019-02-26 09:27:51.283393,10985,0
UChXOhG9bRDb3vSTg-qkPAZg,Gweilo-60,2019-02-26 09:26:51.776721,10985,0
UChXOhG9bRDb3vSTg-qkPAZg,Gweilo-60,2019-02-26 09:25:51.398753,10985,0
UChXOhG9bRDb3vSTg-qkPAZg,Gweilo-60,2019-02-26 09:24:50.881029,10985,0
UChXOhG9bRDb3vSTg-qkPAZg,Gweilo-60,2019-02-26 09:23:50.929861,10985,-1
UChXOhG9bRDb3vSTg-qkPAZg,Gweilo-60,2019-02-26 09:22:51.187168,10986,0
UChXOhG9bRDb3vSTg-qkPAZg,Gweilo-60,2019-02-26 09:21:50.951986,10986,0
UChXOhG9bRDb3vSTg-qkPAZg,Gweilo-60,2019-02-26 09:20:50.762088,10986,0
UChXOhG9bRDb3vSTg-qkPAZg,Gweilo-60,2019-02-26 09:19:51.720322,10986,0
UChXOhG9bRDb3vSTg-qkPAZg,Gweilo-60,2019-02-26 09:18:51.343188,10986,0
UChXOhG9bRDb3vSTg-qkPAZg,Gweilo-60,2019-02-26 09:17:51.514444,10986,0
UChXOhG9bRDb3vSTg-qkPAZg,Gweilo-60,2019-02-26 09:16:51.117879,10986,0
UChXOhG9bRDb3vSTg-qkPAZg,Gweilo-60,2019-02-26 09:15:50.733584,10986,0
UChXOhG9bRDb3vSTg-qkPAZg,Gweilo-60,2019-02-26 09:14:50.942936,10986,0
UChXOhG9bRDb3vSTg-qkPAZg,Gweilo-60,2019-02-26 09:13:51.73135,10986,0
UChXOhG9bRDb3vSTg-qkPAZg,Gweilo-60,2019-02-26 09:12:50.771358,10986,0
UChXOhG9bRDb3vSTg-qkPAZg,Gweilo-60,2019-02-26 09:11:51.770484,10986,0
UChXOhG9bRDb3vSTg-qkPAZg,Gweilo-60,2019-02-26 09:10:51.071068,10986,0
UChXOhG9bRDb3vSTg-qkPAZg,Gweilo-60,2019-02-26 09:09:50.627341,10986,0
UChXOhG9bRDb3vSTg-qkPAZg,Gweilo-60,2019-02-26 09:08:50.897505,10986,0
UChXOhG9bRDb3vSTg-qkPAZg,Gweilo-60,2019-02-26 09:07:50.873791,10986,0
UChXOhG9bRDb3vSTg-qkPAZg,Gweilo-60,2019-02-26 09:06:51.069177,10986,0
UChXOhG9bRDb3vSTg-qkPAZg,Gweilo-60,2019-02-26 09:05:51.703749,10986,0
UChXOhG9bRDb3vSTg-qkPAZg,Gweilo-60,2019-02-26 09:04:51.231085,10986,0
UChXOhG9bRDb3vSTg-qkPAZg,Gweilo-60,2019-02-26 09:03:51.257004,10986,0
UChXOhG9bRDb3vSTg-qkPAZg,Gweilo-60,2019-02-26 09:02:51.376008,10986,0
UChXOhG9bRDb3vSTg-qkPAZg,Gweilo-60,2019-02-26 09:01:50.915202,10986,0
UChXOhG9bRDb3vSTg-qkPAZg,Gweilo-60,2019-02-26 09:00:50.621174,10986,0
UChXOhG9bRDb3vSTg-qkPAZg,Gweilo-60,2019-02-26 08:59:50.459994,10986,0
UChXOhG9bRDb3vSTg-qkPAZg,Gweilo-60,2019-02-26 08:58:51.496478,10986,0
UChXOhG9bRDb3vSTg-qkPAZg,Gweilo-60,2019-02-26 08:57:50.998366,10986,0
UChXOhG9bRDb3vSTg-qkPAZg,Gweilo-60,2019-02-26 08:56:50.919553,10986,0
UChXOhG9bRDb3vSTg-qkPAZg,Gweilo-60,2019-02-26 08:55:51.108645,10986,0
UChXOhG9bRDb3vSTg-qkPAZg,Gweilo-60,2019-02-26 08:54:51.263098,10986,0
UChXOhG9bRDb3vSTg-qkPAZg,Gweilo-60,2019-02-26 08:53:50.572226,10986,0
UChXOhG9bRDb3vSTg-qkPAZg,Gweilo-60,2019-02-26 08:52:50.96447,10986,0
UChXOhG9bRDb3vSTg-qkPAZg,Gweilo-60,2019-02-26 08:51:51.235548,10986,0
UChXOhG9bRDb3vSTg-qkPAZg,Gweilo-60,2019-02-26 08:50:51.508091,10986,0
UChXOhG9bRDb3vSTg-qkPAZg,Gweilo-60,2019-02-26 08:49:50.99008,10986,0
UChXOhG9bRDb3vSTg-qkPAZg,Gweilo-60,2019-02-26 08:48:50.71594,10986,0
UChXOhG9bRDb3vSTg-qkPAZg,Gweilo-60,2019-02-26 08:47:51.388967,10986,0
UChXOhG9bRDb3vSTg-qkPAZg,Gweilo-60,2019-02-26 08:46:51.131789,10986,0
UChXOhG9bRDb3vSTg-qkPAZg,Gweilo-60,2019-02-26 08:45:51.004049,10986,0
UChXOhG9bRDb3vSTg-qkPAZg,Gweilo-60,2019-02-26 08:44:50.657085,10986,0
UChXOhG9bRDb3vSTg-qkPAZg,Gweilo-60,2019-02-26 08:43:51.254794,10986,0
UChXOhG9bRDb3vSTg-qkPAZg,Gweilo-60,2019-02-26 08:42:51.278757,10986,0
UChXOhG9bRDb3vSTg-qkPAZg,Gweilo-60,2019-02-26 08:41:50.744186,10986,0
UChXOhG9bRDb3vSTg-qkPAZg,Gweilo-60,2019-02-26 08:40:50.842856,10986,0
UChXOhG9bRDb3vSTg-qkPAZg,Gweilo-60,2019-02-26 08:39:51.460841,10986,0
UChXOhG9bRDb3vSTg-qkPAZg,Gweilo-60,2019-02-26 08:38:50.916553,10986,0
UChXOhG9bRDb3vSTg-qkPAZg,Gweilo-60,2019-02-26 08:37:51.06481,10986,0
UChXOhG9bRDb3vSTg-qkPAZg,Gweilo-60,2019-02-26 08:36:50.918107,10986,0
UChXOhG9bRDb3vSTg-qkPAZg,Gweilo-60,2019-02-26 08:35:51.350719,10986,0
UChXOhG9bRDb3vSTg-qkPAZg,Gweilo-60,2019-02-26 08:34:50.717005,10986,0
UChXOhG9bRDb3vSTg-qkPAZg,Gweilo-60,2019-02-26 08:33:50.624146,10986,0
UChXOhG9bRDb3vSTg-qkPAZg,Gweilo-60,2019-02-26 08:32:51.332371,10986,0
UChXOhG9bRDb3vSTg-qkPAZg,Gweilo-60,2019-02-26 08:31:51.048715,10986,0
UChXOhG9bRDb3vSTg-qkPAZg,Gweilo-60,2019-02-26 08:30:51.360133,10986,0
UChXOhG9bRDb3vSTg-qkPAZg,Gweilo-60,2019-02-26 08:29:50.930167,10986,0
UChXOhG9bRDb3vSTg-qkPAZg,Gweilo-60,2019-02-26 08:28:50.998951,10986,0
UChXOhG9bRDb3vSTg-qkPAZg,Gweilo-60,2019-02-26 08:27:51.224113,10986,0
UChXOhG9bRDb3vSTg-qkPAZg,Gweilo-60,2019-02-26 08:26:51.037119,10986,0
UChXOhG9bRDb3vSTg-qkPAZg,Gweilo-60,2019-02-26 08:25:51.471107,10986,0
UChXOhG9bRDb3vSTg-qkPAZg,Gweilo-60,2019-02-26 08:24:50.861963,10986,0
UChXOhG9bRDb3vSTg-qkPAZg,Gweilo-60,2019-02-26 08:23:50.515643,10986,0
UChXOhG9bRDb3vSTg-qkPAZg,Gweilo-60,2019-02-26 08:22:50.356844,10986,0
UChXOhG9bRDb3vSTg-qkPAZg,Gweilo-60,2019-02-26 08:21:51.300413,10986,0
UChXOhG9bRDb3vSTg-qkPAZg,Gweilo-60,2019-02-26 08:20:50.869569,10986,0
UChXOhG9bRDb3vSTg-qkPAZg,Gweilo-60,2019-02-26 08:19:51.885395,10986,0
UChXOhG9bRDb3vSTg-qkPAZg,Gweilo-60,2019-02-26 08:18:50.981759,10986,0
UChXOhG9bRDb3vSTg-qkPAZg,Gweilo-60,2019-02-26 08:17:51.009215,10986,0
UChXOhG9bRDb3vSTg-qkPAZg,Gweilo-60,2019-02-26 08:16:50.607889,10986,0
UChXOhG9bRDb3vSTg-qkPAZg,Gweilo-60,2019-02-26 08:15:51.293999,10986,0
UChXOhG9bRDb3vSTg-qkPAZg,Gweilo-60,2019-02-26 08:14:51.838142,10986,0
UChXOhG9bRDb3vSTg-qkPAZg,Gweilo-60,2019-02-26 08:13:51.163614,10986,0
UChXOhG9bRDb3vSTg-qkPAZg,Gweilo-60,2019-02-26 08:12:51.448336,10986,0
UChXOhG9bRDb3vSTg-qkPAZg,Gweilo-60,2019-02-26 08:11:51.548237,10986,0
UChXOhG9bRDb3vSTg-qkPAZg,Gweilo-60,2019-02-26 08:10:51.656927,10986,0
UChXOhG9bRDb3vSTg-qkPAZg,Gweilo-60,2019-02-26 08:09:51.138947,10986,0
UChXOhG9bRDb3vSTg-qkPAZg,Gweilo-60,2019-02-26 08:08:51.060091,10986,0
UChXOhG9bRDb3vSTg-qkPAZg,Gweilo-60,2019-02-26 08:07:50.557341,10986,0
UChXOhG9bRDb3vSTg-qkPAZg,Gweilo-60,2019-02-26 08:06:51.422343,10986,0
UChXOhG9bRDb3vSTg-qkPAZg,Gweilo-60,2019-02-26 08:05:51.02884,10986,0
UChXOhG9bRDb3vSTg-qkPAZg,Gweilo-60,2019-02-26 08:04:51.128763,10986,0
UChXOhG9bRDb3vSTg-qkPAZg,Gweilo-60,2019-02-26 08:03:50.848912,10986,0
UChXOhG9bRDb3vSTg-qkPAZg,Gweilo-60,2019-02-26 08:02:50.915031,10986,0
UChXOhG9bRDb3vSTg-qkPAZg,Gweilo-60,2019-02-26 08:01:50.868742,10986,0
UChXOhG9bRDb3vSTg-qkPAZg,Gweilo-60,2019-02-26 08:00:51.257717,10986,0
UChXOhG9bRDb3vSTg-qkPAZg,Gweilo-60,2019-02-26 07:59:51.05562,10986,0
UChXOhG9bRDb3vSTg-qkPAZg,Gweilo-60,2019-02-26 07:58:50.926182,10986,0
UChXOhG9bRDb3vSTg-qkPAZg,Gweilo-60,2019-02-26 07:57:51.084145,10986,0
UChXOhG9bRDb3vSTg-qkPAZg,Gweilo-60,2019-02-26 07:56:50.724603,10986,0
UChXOhG9bRDb3vSTg-qkPAZg,Gweilo-60,2019-02-26 07:55:51.189643,10986,0
UChXOhG9bRDb3vSTg-qkPAZg,Gweilo-60,2019-02-26 07:54:51.866994,10986,0
UChXOhG9bRDb3vSTg-qkPAZg,Gweilo-60,2019-02-26 07:53:51.470657,10986,0
UChXOhG9bRDb3vSTg-qkPAZg,Gweilo-60,2019-02-26 07:52:51.207219,10986,0
UChXOhG9bRDb3vSTg-qkPAZg,Gweilo-60,2019-02-26 07:51:50.766871,10986,0
UChXOhG9bRDb3vSTg-qkPAZg,Gweilo-60,2019-02-26 07:50:51.530024,10986,0
UChXOhG9bRDb3vSTg-qkPAZg,Gweilo-60,2019-02-26 07:49:51.194665,10986,0
UChXOhG9bRDb3vSTg-qkPAZg,Gweilo-60,2019-02-26 07:48:50.43142,10986,0
UChXOhG9bRDb3vSTg-qkPAZg,Gweilo-60,2019-02-26 07:47:51.30394,10986,0
UChXOhG9bRDb3vSTg-qkPAZg,Gweilo-60,2019-02-26 07:46:50.690056,10986,0
UChXOhG9bRDb3vSTg-qkPAZg,Gweilo-60,2019-02-26 07:45:51.488464,10986,0
UChXOhG9bRDb3vSTg-qkPAZg,Gweilo-60,2019-02-26 07:44:51.303557,10986,0
UChXOhG9bRDb3vSTg-qkPAZg,Gweilo-60,2019-02-26 07:43:51.264213,10986,0
UChXOhG9bRDb3vSTg-qkPAZg,Gweilo-60,2019-02-26 07:42:51.35767,10986,0
UChXOhG9bRDb3vSTg-qkPAZg,Gweilo-60,2019-02-26 07:41:50.820477,10986,0
UChXOhG9bRDb3vSTg-qkPAZg,Gweilo-60,2019-02-26 07:40:50.514582,10986,0
UChXOhG9bRDb3vSTg-qkPAZg,Gweilo-60,2019-02-26 07:39:50.891714,10986,0
UChXOhG9bRDb3vSTg-qkPAZg,Gweilo-60,2019-02-26 07:38:52.969313,10986,0
UChXOhG9bRDb3vSTg-qkPAZg,Gweilo-60,2019-02-26 07:37:51.14579,10986,0
UChXOhG9bRDb3vSTg-qkPAZg,Gweilo-60,2019-02-26 07:36:51.039587,10986,0
UChXOhG9bRDb3vSTg-qkPAZg,Gweilo-60,2019-02-26 07:35:50.685979,10986,0
UChXOhG9bRDb3vSTg-qkPAZg,Gweilo-60,2019-02-26 07:34:51.083,10986,0
UChXOhG9bRDb3vSTg-qkPAZg,Gweilo-60,2019-02-26 07:33:51.110602,10986,0
UChXOhG9bRDb3vSTg-qkPAZg,Gweilo-60,2019-02-26 07:32:50.912592,10986,0
UChXOhG9bRDb3vSTg-qkPAZg,Gweilo-60,2019-02-26 07:31:51.113321,10986,0
UChXOhG9bRDb3vSTg-qkPAZg,Gweilo-60,2019-02-26 07:30:51.629137,10986,0
UChXOhG9bRDb3vSTg-qkPAZg,Gweilo-60,2019-02-26 07:29:51.040387,10986,0
UChXOhG9bRDb3vSTg-qkPAZg,Gweilo-60,2019-02-26 07:28:50.932333,10986,0
UChXOhG9bRDb3vSTg-qkPAZg,Gweilo-60,2019-02-26 07:27:51.520922,10986,0
UChXOhG9bRDb3vSTg-qkPAZg,Gweilo-60,2019-02-26 07:26:50.671407,10986,0
UChXOhG9bRDb3vSTg-qkPAZg,Gweilo-60,2019-02-26 07:25:50.94008,10986,0
UChXOhG9bRDb3vSTg-qkPAZg,Gweilo-60,2019-02-26 07:24:51.233285,10986,0
UChXOhG9bRDb3vSTg-qkPAZg,Gweilo-60,2019-02-26 07:23:51.666191,10986,0
UChXOhG9bRDb3vSTg-qkPAZg,Gweilo-60,2019-02-26 07:22:50.988965,10986,0
UChXOhG9bRDb3vSTg-qkPAZg,Gweilo-60,2019-02-26 07:21:50.534826,10986,0
UChXOhG9bRDb3vSTg-qkPAZg,Gweilo-60,2019-02-26 07:20:51.344035,10986,0
UChXOhG9bRDb3vSTg-qkPAZg,Gweilo-60,2019-02-26 07:19:50.765999,10986,0
UChXOhG9bRDb3vSTg-qkPAZg,Gweilo-60,2019-02-26 07:18:50.590762,10986,0
UChXOhG9bRDb3vSTg-qkPAZg,Gweilo-60,2019-02-26 07:17:51.610776,10986,0
UChXOhG9bRDb3vSTg-qkPAZg,Gweilo-60,2019-02-26 07:16:50.809112,10986,0
UChXOhG9bRDb3vSTg-qkPAZg,Gweilo-60,2019-02-26 07:15:51.167465,10986,0
UChXOhG9bRDb3vSTg-qkPAZg,Gweilo-60,2019-02-26 07:14:50.948009,10986,0
UChXOhG9bRDb3vSTg-qkPAZg,Gweilo-60,2019-02-26 07:13:50.89279,10986,0
UChXOhG9bRDb3vSTg-qkPAZg,Gweilo-60,2019-02-26 07:12:50.883429,10986,0
UChXOhG9bRDb3vSTg-qkPAZg,Gweilo-60,2019-02-26 07:11:51.391177,10986,0
UChXOhG9bRDb3vSTg-qkPAZg,Gweilo-60,2019-02-26 07:10:51.111198,10986,0
UChXOhG9bRDb3vSTg-qkPAZg,Gweilo-60,2019-02-26 07:09:51.061212,10986,0
UChXOhG9bRDb3vSTg-qkPAZg,Gweilo-60,2019-02-26 07:08:50.972782,10986,0
UChXOhG9bRDb3vSTg-qkPAZg,Gweilo-60,2019-02-26 07:07:50.833574,10986,0
UChXOhG9bRDb3vSTg-qkPAZg,Gweilo-60,2019-02-26 07:06:51.178117,10986,0
UChXOhG9bRDb3vSTg-qkPAZg,Gweilo-60,2019-02-26 07:05:51.221958,10986,0
UChXOhG9bRDb3vSTg-qkPAZg,Gweilo-60,2019-02-26 07:04:51.102789,10986,0
UChXOhG9bRDb3vSTg-qkPAZg,Gweilo-60,2019-02-26 07:03:51.022078,10986,0
UChXOhG9bRDb3vSTg-qkPAZg,Gweilo-60,2019-02-26 07:02:51.184973,10986,0
UChXOhG9bRDb3vSTg-qkPAZg,Gweilo-60,2019-02-26 07:01:51.410807,10986,0
UChXOhG9bRDb3vSTg-qkPAZg,Gweilo-60,2019-02-26 07:00:50.804692,10986,0
UChXOhG9bRDb3vSTg-qkPAZg,Gweilo-60,2019-02-26 06:59:50.595593,10986,0
UChXOhG9bRDb3vSTg-qkPAZg,Gweilo-60,2019-02-26 06:58:50.911372,10986,1
UChXOhG9bRDb3vSTg-qkPAZg,Gweilo-60,2019-02-26 06:57:50.437888,10985,0
UChXOhG9bRDb3vSTg-qkPAZg,Gweilo-60,2019-02-26 06:56:51.046453,10985,0
UChXOhG9bRDb3vSTg-qkPAZg,Gweilo-60,2019-02-26 06:55:51.344507,10985,0
UChXOhG9bRDb3vSTg-qkPAZg,Gweilo-60,2019-02-26 06:54:50.837504,10985,0
UChXOhG9bRDb3vSTg-qkPAZg,Gweilo-60,2019-02-26 06:53:50.906725,10985,0
UChXOhG9bRDb3vSTg-qkPAZg,Gweilo-60,2019-02-26 06:52:50.642842,10985,0
UChXOhG9bRDb3vSTg-qkPAZg,Gweilo-60,2019-02-26 06:51:51.744326,10985,0
UChXOhG9bRDb3vSTg-qkPAZg,Gweilo-60,2019-02-26 06:50:50.944416,10985,0
UChXOhG9bRDb3vSTg-qkPAZg,Gweilo-60,2019-02-26 06:49:51.745268,10985,0
UChXOhG9bRDb3vSTg-qkPAZg,Gweilo-60,2019-02-26 06:48:50.680045,10985,0
UChXOhG9bRDb3vSTg-qkPAZg,Gweilo-60,2019-02-26 06:47:51.07447,10985,0
UChXOhG9bRDb3vSTg-qkPAZg,Gweilo-60,2019-02-26 06:46:51.191134,10985,0
UChXOhG9bRDb3vSTg-qkPAZg,Gweilo-60,2019-02-26 06:45:51.016362,10985,0
UChXOhG9bRDb3vSTg-qkPAZg,Gweilo-60,2019-02-26 06:44:50.930829,10985,0
UChXOhG9bRDb3vSTg-qkPAZg,Gweilo-60,2019-02-26 06:43:51.407502,10985,0
UChXOhG9bRDb3vSTg-qkPAZg,Gweilo-60,2019-02-26 06:42:50.972415,10985,0
UChXOhG9bRDb3vSTg-qkPAZg,Gweilo-60,2019-02-26 06:41:51.365441,10985,0
UChXOhG9bRDb3vSTg-qkPAZg,Gweilo-60,2019-02-26 06:40:50.97478,10985,0
UChXOhG9bRDb3vSTg-qkPAZg,Gweilo-60,2019-02-26 06:39:50.763759,10985,0
UChXOhG9bRDb3vSTg-qkPAZg,Gweilo-60,2019-02-26 06:38:50.856681,10985,0
UChXOhG9bRDb3vSTg-qkPAZg,Gweilo-60,2019-02-26 06:37:50.841648,10985,0
UChXOhG9bRDb3vSTg-qkPAZg,Gweilo-60,2019-02-26 06:36:51.286885,10985,0
UChXOhG9bRDb3vSTg-qkPAZg,Gweilo-60,2019-02-26 06:35:50.792763,10985,0
UChXOhG9bRDb3vSTg-qkPAZg,Gweilo-60,2019-02-26 06:34:51.460137,10985,-1
UChXOhG9bRDb3vSTg-qkPAZg,Gweilo-60,2019-02-26 06:33:51.135174,10986,0
UChXOhG9bRDb3vSTg-qkPAZg,Gweilo-60,2019-02-26 06:32:50.776504,10986,0
UChXOhG9bRDb3vSTg-qkPAZg,Gweilo-60,2019-02-26 06:31:51.27648,10986,0
UChXOhG9bRDb3vSTg-qkPAZg,Gweilo-60,2019-02-26 06:30:50.931817,10986,0
UChXOhG9bRDb3vSTg-qkPAZg,Gweilo-60,2019-02-26 06:29:50.72284,10986,1
UChXOhG9bRDb3vSTg-qkPAZg,Gweilo-60,2019-02-26 06:28:51.106369,10985,0
UChXOhG9bRDb3vSTg-qkPAZg,Gweilo-60,2019-02-26 06:27:50.977426,10985,0
UChXOhG9bRDb3vSTg-qkPAZg,Gweilo-60,2019-02-26 06:26:51.492555,10985,0
UChXOhG9bRDb3vSTg-qkPAZg,Gweilo-60,2019-02-26 06:25:51.606369,10985,0
UChXOhG9bRDb3vSTg-qkPAZg,Gweilo-60,2019-02-26 06:24:50.972176,10985,0
UChXOhG9bRDb3vSTg-qkPAZg,Gweilo-60,2019-02-26 06:23:50.660698,10985,0
UChXOhG9bRDb3vSTg-qkPAZg,Gweilo-60,2019-02-26 06:22:50.771672,10985,0
UChXOhG9bRDb3vSTg-qkPAZg,Gweilo-60,2019-02-26 06:21:50.372191,10985,0
UChXOhG9bRDb3vSTg-qkPAZg,Gweilo-60,2019-02-26 06:20:51.212514,10985,0
UChXOhG9bRDb3vSTg-qkPAZg,Gweilo-60,2019-02-26 06:19:51.341153,10985,0
UChXOhG9bRDb3vSTg-qkPAZg,Gweilo-60,2019-02-26 06:18:51.242818,10985,0
UChXOhG9bRDb3vSTg-qkPAZg,Gweilo-60,2019-02-26 06:17:50.92492,10985,0
UChXOhG9bRDb3vSTg-qkPAZg,Gweilo-60,2019-02-26 06:16:50.874151,10985,0
UChXOhG9bRDb3vSTg-qkPAZg,Gweilo-60,2019-02-26 06:15:51.142517,10985,0
UChXOhG9bRDb3vSTg-qkPAZg,Gweilo-60,2019-02-26 06:14:51.182848,10985,0
UChXOhG9bRDb3vSTg-qkPAZg,Gweilo-60,2019-02-26 06:13:50.719209,10985,0
UChXOhG9bRDb3vSTg-qkPAZg,Gweilo-60,2019-02-26 06:12:50.80341,10985,0
UChXOhG9bRDb3vSTg-qkPAZg,Gweilo-60,2019-02-26 06:11:51.3655,10985,0
UChXOhG9bRDb3vSTg-qkPAZg,Gweilo-60,2019-02-26 06:10:51.318478,10985,0
UChXOhG9bRDb3vSTg-qkPAZg,Gweilo-60,2019-02-26 06:09:51.078114,10985,0
UChXOhG9bRDb3vSTg-qkPAZg,Gweilo-60,2019-02-26 06:08:50.946734,10985,0
UChXOhG9bRDb3vSTg-qkPAZg,Gweilo-60,2019-02-26 06:07:51.075474,10985,0
UChXOhG9bRDb3vSTg-qkPAZg,Gweilo-60,2019-02-26 06:06:50.739305,10985,0
UChXOhG9bRDb3vSTg-qkPAZg,Gweilo-60,2019-02-26 06:05:52.169477,10985,0
UChXOhG9bRDb3vSTg-qkPAZg,Gweilo-60,2019-02-26 06:04:51.540657,10985,0
UChXOhG9bRDb3vSTg-qkPAZg,Gweilo-60,2019-02-26 06:03:50.566082,10985,-1
UChXOhG9bRDb3vSTg-qkPAZg,Gweilo-60,2019-02-26 06:02:51.146358,10986,0
UChXOhG9bRDb3vSTg-qkPAZg,Gweilo-60,2019-02-26 06:01:50.910404,10986,1
UChXOhG9bRDb3vSTg-qkPAZg,Gweilo-60,2019-02-26 06:00:51.191235,10985,0
UChXOhG9bRDb3vSTg-qkPAZg,Gweilo-60,2019-02-26 05:59:50.456397,10985,0
UChXOhG9bRDb3vSTg-qkPAZg,Gweilo-60,2019-02-26 05:58:50.767952,10985,0
UChXOhG9bRDb3vSTg-qkPAZg,Gweilo-60,2019-02-26 05:57:51.041462,10985,0
UChXOhG9bRDb3vSTg-qkPAZg,Gweilo-60,2019-02-26 05:56:51.408186,10985,0
UChXOhG9bRDb3vSTg-qkPAZg,Gweilo-60,2019-02-26 05:55:51.491578,10985,0
UChXOhG9bRDb3vSTg-qkPAZg,Gweilo-60,2019-02-26 05:54:51.722067,10985,0
UChXOhG9bRDb3vSTg-qkPAZg,Gweilo-60,2019-02-26 05:53:51.637943,10985,0
UChXOhG9bRDb3vSTg-qkPAZg,Gweilo-60,2019-02-26 05:52:51.158264,10985,0
UChXOhG9bRDb3vSTg-qkPAZg,Gweilo-60,2019-02-26 05:51:50.760578,10985,0
UChXOhG9bRDb3vSTg-qkPAZg,Gweilo-60,2019-02-26 05:50:51.27717,10985,0
UChXOhG9bRDb3vSTg-qkPAZg,Gweilo-60,2019-02-26 05:49:51.181031,10985,0
UChXOhG9bRDb3vSTg-qkPAZg,Gweilo-60,2019-02-26 05:48:52.490273,10985,0
UChXOhG9bRDb3vSTg-qkPAZg,Gweilo-60,2019-02-26 05:47:50.775751,10985,0
UChXOhG9bRDb3vSTg-qkPAZg,Gweilo-60,2019-02-26 05:46:51.009126,10985,0
UChXOhG9bRDb3vSTg-qkPAZg,Gweilo-60,2019-02-26 05:45:51.849336,10985,1
UChXOhG9bRDb3vSTg-qkPAZg,Gweilo-60,2019-02-26 05:44:51.502759,10984,0
UChXOhG9bRDb3vSTg-qkPAZg,Gweilo-60,2019-02-26 05:43:50.886919,10984,0
UChXOhG9bRDb3vSTg-qkPAZg,Gweilo-60,2019-02-26 05:42:51.344113,10984,0
UChXOhG9bRDb3vSTg-qkPAZg,Gweilo-60,2019-02-26 05:40:51.656251,10984,0
UChXOhG9bRDb3vSTg-qkPAZg,Gweilo-60,2019-02-26 05:39:51.477341,10984,0
UChXOhG9bRDb3vSTg-qkPAZg,Gweilo-60,2019-02-26 05:38:51.372835,10984,0
UChXOhG9bRDb3vSTg-qkPAZg,Gweilo-60,2019-02-26 05:37:51.632363,10984,0
UChXOhG9bRDb3vSTg-qkPAZg,Gweilo-60,2019-02-26 05:36:50.651517,10984,0
UChXOhG9bRDb3vSTg-qkPAZg,Gweilo-60,2019-02-26 05:35:50.990498,10984,0
UChXOhG9bRDb3vSTg-qkPAZg,Gweilo-60,2019-02-26 05:34:50.704337,10984,0
UChXOhG9bRDb3vSTg-qkPAZg,Gweilo-60,2019-02-26 05:33:51.053076,10984,0
UChXOhG9bRDb3vSTg-qkPAZg,Gweilo-60,2019-02-26 05:32:50.542396,10984,0
UChXOhG9bRDb3vSTg-qkPAZg,Gweilo-60,2019-02-26 05:31:50.918505,10984,0
UChXOhG9bRDb3vSTg-qkPAZg,Gweilo-60,2019-02-26 05:30:51.662471,10984,0
UChXOhG9bRDb3vSTg-qkPAZg,Gweilo-60,2019-02-26 05:29:51.464414,10984,0
UChXOhG9bRDb3vSTg-qkPAZg,Gweilo-60,2019-02-26 05:28:51.469915,10984,0
UChXOhG9bRDb3vSTg-qkPAZg,Gweilo-60,2019-02-26 05:27:51.145405,10984,0
UChXOhG9bRDb3vSTg-qkPAZg,Gweilo-60,2019-02-26 05:26:51.271105,10984,0
UChXOhG9bRDb3vSTg-qkPAZg,Gweilo-60,2019-02-26 05:25:52.045789,10984,0
UChXOhG9bRDb3vSTg-qkPAZg,Gweilo-60,2019-02-26 05:24:52.41848,10984,0
UChXOhG9bRDb3vSTg-qkPAZg,Gweilo-60,2019-02-26 05:23:51.571555,10984,0
UChXOhG9bRDb3vSTg-qkPAZg,Gweilo-60,2019-02-26 05:22:51.895687,10984,0
UChXOhG9bRDb3vSTg-qkPAZg,Gweilo-60,2019-02-26 05:21:51.572611,10984,0
UChXOhG9bRDb3vSTg-qkPAZg,Gweilo-60,2019-02-26 05:20:51.761262,10984,-1
UChXOhG9bRDb3vSTg-qkPAZg,Gweilo-60,2019-02-26 05:19:51.842975,10985,0
UChXOhG9bRDb3vSTg-qkPAZg,Gweilo-60,2019-02-26 05:18:50.738178,10985,-2
UChXOhG9bRDb3vSTg-qkPAZg,Gweilo-60,2019-02-26 05:17:50.748176,10987,0
UChXOhG9bRDb3vSTg-qkPAZg,Gweilo-60,2019-02-26 05:16:51.509944,10987,0
UChXOhG9bRDb3vSTg-qkPAZg,Gweilo-60,2019-02-26 05:15:51.517951,10987,0
UChXOhG9bRDb3vSTg-qkPAZg,Gweilo-60,2019-02-26 05:14:51.742637,10987,0
UChXOhG9bRDb3vSTg-qkPAZg,Gweilo-60,2019-02-26 05:13:50.978743,10987,-4
UChXOhG9bRDb3vSTg-qkPAZg,Gweilo-60,2019-02-26 05:12:50.930992,10991,0
UChXOhG9bRDb3vSTg-qkPAZg,Gweilo-60,2019-02-26 05:11:51.336313,10991,0
UChXOhG9bRDb3vSTg-qkPAZg,Gweilo-60,2019-02-26 05:10:51.021735,10991,0
UChXOhG9bRDb3vSTg-qkPAZg,Gweilo-60,2019-02-26 05:09:51.410707,10991,0
UChXOhG9bRDb3vSTg-qkPAZg,Gweilo-60,2019-02-26 05:08:50.864863,10991,0
UChXOhG9bRDb3vSTg-qkPAZg,Gweilo-60,2019-02-26 05:07:51.423224,10991,0
UChXOhG9bRDb3vSTg-qkPAZg,Gweilo-60,2019-02-26 05:06:51.581795,10991,0
UChXOhG9bRDb3vSTg-qkPAZg,Gweilo-60,2019-02-26 05:05:50.735891,10991,0
UChXOhG9bRDb3vSTg-qkPAZg,Gweilo-60,2019-02-26 05:04:51.738752,10991,0
UChXOhG9bRDb3vSTg-qkPAZg,Gweilo-60,2019-02-26 05:03:51.733783,10991,0
UChXOhG9bRDb3vSTg-qkPAZg,Gweilo-60,2019-02-26 05:02:51.073941,10991,0
UChXOhG9bRDb3vSTg-qkPAZg,Gweilo-60,2019-02-26 05:01:51.32321,10991,0
UChXOhG9bRDb3vSTg-qkPAZg,Gweilo-60,2019-02-26 05:00:50.879596,10991,0
UChXOhG9bRDb3vSTg-qkPAZg,Gweilo-60,2019-02-26 04:59:51.059508,10991,0
UChXOhG9bRDb3vSTg-qkPAZg,Gweilo-60,2019-02-26 04:58:51.220253,10991,0
UChXOhG9bRDb3vSTg-qkPAZg,Gweilo-60,2019-02-26 04:57:51.953647,10991,0
UChXOhG9bRDb3vSTg-qkPAZg,Gweilo-60,2019-02-26 04:56:51.292981,10991,0
UChXOhG9bRDb3vSTg-qkPAZg,Gweilo-60,2019-02-26 04:55:52.497866,10991,0
UChXOhG9bRDb3vSTg-qkPAZg,Gweilo-60,2019-02-26 04:54:50.76325,10991,0
UChXOhG9bRDb3vSTg-qkPAZg,Gweilo-60,2019-02-26 04:53:51.21511,10991,0
UChXOhG9bRDb3vSTg-qkPAZg,Gweilo-60,2019-02-26 04:52:51.1637,10991,0
UChXOhG9bRDb3vSTg-qkPAZg,Gweilo-60,2019-02-26 04:51:50.911006,10991,-1
UChXOhG9bRDb3vSTg-qkPAZg,Gweilo-60,2019-02-26 04:50:51.675438,10992,0
UChXOhG9bRDb3vSTg-qkPAZg,Gweilo-60,2019-02-26 04:49:50.975146,10992,0
UChXOhG9bRDb3vSTg-qkPAZg,Gweilo-60,2019-02-26 04:48:51.591433,10992,0
UChXOhG9bRDb3vSTg-qkPAZg,Gweilo-60,2019-02-26 04:47:50.738975,10992,0
UChXOhG9bRDb3vSTg-qkPAZg,Gweilo-60,2019-02-26 04:46:51.103844,10992,0
UChXOhG9bRDb3vSTg-qkPAZg,Gweilo-60,2019-02-26 04:45:51.778499,10992,0
UChXOhG9bRDb3vSTg-qkPAZg,Gweilo-60,2019-02-26 04:44:51.325803,10992,0
UChXOhG9bRDb3vSTg-qkPAZg,Gweilo-60,2019-02-26 04:43:52.464264,10992,0
UChXOhG9bRDb3vSTg-qkPAZg,Gweilo-60,2019-02-26 04:42:51.049783,10992,0
UChXOhG9bRDb3vSTg-qkPAZg,Gweilo-60,2019-02-26 04:41:51.016396,10992,0
UChXOhG9bRDb3vSTg-qkPAZg,Gweilo-60,2019-02-26 04:40:50.690094,10992,0
UChXOhG9bRDb3vSTg-qkPAZg,Gweilo-60,2019-02-26 04:39:51.428617,10992,0
UChXOhG9bRDb3vSTg-qkPAZg,Gweilo-60,2019-02-26 04:38:51.345356,10992,0
UChXOhG9bRDb3vSTg-qkPAZg,Gweilo-60,2019-02-26 04:37:51.112596,10992,0
UChXOhG9bRDb3vSTg-qkPAZg,Gweilo-60,2019-02-26 04:36:51.198291,10992,0
UChXOhG9bRDb3vSTg-qkPAZg,Gweilo-60,2019-02-26 04:35:51.174432,10992,0
UChXOhG9bRDb3vSTg-qkPAZg,Gweilo-60,2019-02-26 04:34:52.466249,10992,-1
UChXOhG9bRDb3vSTg-qkPAZg,Gweilo-60,2019-02-26 04:33:51.180666,10993,0
UChXOhG9bRDb3vSTg-qkPAZg,Gweilo-60,2019-02-26 04:32:51.283773,10993,0
UChXOhG9bRDb3vSTg-qkPAZg,Gweilo-60,2019-02-26 04:31:50.950966,10993,0
UChXOhG9bRDb3vSTg-qkPAZg,Gweilo-60,2019-02-26 04:30:51.156639,10993,0
UChXOhG9bRDb3vSTg-qkPAZg,Gweilo-60,2019-02-26 04:29:50.89923,10993,0
UChXOhG9bRDb3vSTg-qkPAZg,Gweilo-60,2019-02-26 04:28:50.766914,10993,0
UChXOhG9bRDb3vSTg-qkPAZg,Gweilo-60,2019-02-26 04:27:51.035266,10993,0
UChXOhG9bRDb3vSTg-qkPAZg,Gweilo-60,2019-02-26 04:26:50.984715,10993,0
UChXOhG9bRDb3vSTg-qkPAZg,Gweilo-60,2019-02-26 04:25:51.374627,10993,0
UChXOhG9bRDb3vSTg-qkPAZg,Gweilo-60,2019-02-26 04:24:51.43565,10993,0
UChXOhG9bRDb3vSTg-qkPAZg,Gweilo-60,2019-02-26 04:23:50.914247,10993,0
UChXOhG9bRDb3vSTg-qkPAZg,Gweilo-60,2019-02-26 04:22:52.655644,10993,0
UChXOhG9bRDb3vSTg-qkPAZg,Gweilo-60,2019-02-26 04:21:51.421645,10993,0
UChXOhG9bRDb3vSTg-qkPAZg,Gweilo-60,2019-02-26 04:20:51.360634,10993,0
UChXOhG9bRDb3vSTg-qkPAZg,Gweilo-60,2019-02-26 04:19:50.764918,10993,0
UChXOhG9bRDb3vSTg-qkPAZg,Gweilo-60,2019-02-26 04:18:50.952808,10993,-1
UChXOhG9bRDb3vSTg-qkPAZg,Gweilo-60,2019-02-26 04:17:51.229912,10994,0
UChXOhG9bRDb3vSTg-qkPAZg,Gweilo-60,2019-02-26 04:16:50.865906,10994,1
UChXOhG9bRDb3vSTg-qkPAZg,Gweilo-60,2019-02-26 04:15:50.654416,10993,1
UChXOhG9bRDb3vSTg-qkPAZg,Gweilo-60,2019-02-26 04:14:51.519209,10992,0
UChXOhG9bRDb3vSTg-qkPAZg,Gweilo-60,2019-02-26 04:13:50.380648,10992,0
UChXOhG9bRDb3vSTg-qkPAZg,Gweilo-60,2019-02-26 04:12:52.830195,10992,0
UChXOhG9bRDb3vSTg-qkPAZg,Gweilo-60,2019-02-26 04:11:50.304725,10992,0
UChXOhG9bRDb3vSTg-qkPAZg,Gweilo-60,2019-02-26 04:10:51.448186,10992,0
UChXOhG9bRDb3vSTg-qkPAZg,Gweilo-60,2019-02-26 04:09:50.967656,10992,0
UChXOhG9bRDb3vSTg-qkPAZg,Gweilo-60,2019-02-26 04:08:52.433664,10992,0
UChXOhG9bRDb3vSTg-qkPAZg,Gweilo-60,2019-02-26 04:07:51.909704,10992,1
UChXOhG9bRDb3vSTg-qkPAZg,Gweilo-60,2019-02-26 04:06:50.736952,10991,0
UChXOhG9bRDb3vSTg-qkPAZg,Gweilo-60,2019-02-26 04:05:50.573012,10991,0
UChXOhG9bRDb3vSTg-qkPAZg,Gweilo-60,2019-02-26 04:04:51.252484,10991,0
UChXOhG9bRDb3vSTg-qkPAZg,Gweilo-60,2019-02-26 04:03:51.23426,10991,0
UChXOhG9bRDb3vSTg-qkPAZg,Gweilo-60,2019-02-26 04:02:52.483045,10991,1
UChXOhG9bRDb3vSTg-qkPAZg,Gweilo-60,2019-02-26 04:01:50.923225,10990,0
UChXOhG9bRDb3vSTg-qkPAZg,Gweilo-60,2019-02-26 04:00:51.369093,10990,0
UChXOhG9bRDb3vSTg-qkPAZg,Gweilo-60,2019-02-26 03:59:51.546986,10990,0
UChXOhG9bRDb3vSTg-qkPAZg,Gweilo-60,2019-02-26 03:58:51.678962,10990,0
UChXOhG9bRDb3vSTg-qkPAZg,Gweilo-60,2019-02-26 03:57:51.499815,10990,0
UChXOhG9bRDb3vSTg-qkPAZg,Gweilo-60,2019-02-26 03:56:51.215919,10990,0
UChXOhG9bRDb3vSTg-qkPAZg,Gweilo-60,2019-02-26 03:55:51.316171,10990,0
UChXOhG9bRDb3vSTg-qkPAZg,Gweilo-60,2019-02-26 03:54:50.986498,10990,0
UChXOhG9bRDb3vSTg-qkPAZg,Gweilo-60,2019-02-26 03:53:51.354583,10990,0
UChXOhG9bRDb3vSTg-qkPAZg,Gweilo-60,2019-02-26 03:52:51.048411,10990,0
UChXOhG9bRDb3vSTg-qkPAZg,Gweilo-60,2019-02-26 03:51:51.315022,10990,0
UChXOhG9bRDb3vSTg-qkPAZg,Gweilo-60,2019-02-26 03:50:51.450473,10990,0
UChXOhG9bRDb3vSTg-qkPAZg,Gweilo-60,2019-02-26 03:49:50.9997,10990,0
UChXOhG9bRDb3vSTg-qkPAZg,Gweilo-60,2019-02-26 03:48:51.19203,10990,0
UChXOhG9bRDb3vSTg-qkPAZg,Gweilo-60,2019-02-26 03:47:52.20062,10990,0
UChXOhG9bRDb3vSTg-qkPAZg,Gweilo-60,2019-02-26 03:46:50.741627,10990,0
UChXOhG9bRDb3vSTg-qkPAZg,Gweilo-60,2019-02-26 03:45:51.434805,10990,0
UChXOhG9bRDb3vSTg-qkPAZg,Gweilo-60,2019-02-26 03:44:51.247313,10990,0
UChXOhG9bRDb3vSTg-qkPAZg,Gweilo-60,2019-02-26 03:43:50.954701,10990,0
UChXOhG9bRDb3vSTg-qkPAZg,Gweilo-60,2019-02-26 03:42:51.093276,10990,0
UChXOhG9bRDb3vSTg-qkPAZg,Gweilo-60,2019-02-26 03:41:51.208255,10990,0
UChXOhG9bRDb3vSTg-qkPAZg,Gweilo-60,2019-02-26 03:40:52.162323,10990,-5
UChXOhG9bRDb3vSTg-qkPAZg,Gweilo-60,2019-02-26 03:39:51.238048,10995,0
UChXOhG9bRDb3vSTg-qkPAZg,Gweilo-60,2019-02-26 03:38:51.518928,10995,0
UChXOhG9bRDb3vSTg-qkPAZg,Gweilo-60,2019-02-26 03:37:51.225104,10995,0
UChXOhG9bRDb3vSTg-qkPAZg,Gweilo-60,2019-02-26 03:36:53.296429,10995,0
UChXOhG9bRDb3vSTg-qkPAZg,Gweilo-60,2019-02-26 03:35:50.67651,10995,0
UChXOhG9bRDb3vSTg-qkPAZg,Gweilo-60,2019-02-26 03:34:51.181645,10995,0
UChXOhG9bRDb3vSTg-qkPAZg,Gweilo-60,2019-02-26 03:33:51.002186,10995,0
UChXOhG9bRDb3vSTg-qkPAZg,Gweilo-60,2019-02-26 03:32:51.252494,10995,0
UChXOhG9bRDb3vSTg-qkPAZg,Gweilo-60,2019-02-26 03:31:51.091852,10995,0
UChXOhG9bRDb3vSTg-qkPAZg,Gweilo-60,2019-02-26 03:30:51.255947,10995,0
UChXOhG9bRDb3vSTg-qkPAZg,Gweilo-60,2019-02-26 03:29:50.928934,10995,0
UChXOhG9bRDb3vSTg-qkPAZg,Gweilo-60,2019-02-26 03:28:50.797309,10995,0
UChXOhG9bRDb3vSTg-qkPAZg,Gweilo-60,2019-02-26 03:27:51.109924,10995,0
UChXOhG9bRDb3vSTg-qkPAZg,Gweilo-60,2019-02-26 03:26:51.44395,10995,0
UChXOhG9bRDb3vSTg-qkPAZg,Gweilo-60,2019-02-26 03:25:50.962733,10995,0
UChXOhG9bRDb3vSTg-qkPAZg,Gweilo-60,2019-02-26 03:24:51.303792,10995,0
UChXOhG9bRDb3vSTg-qkPAZg,Gweilo-60,2019-02-26 03:23:51.432459,10995,0
UChXOhG9bRDb3vSTg-qkPAZg,Gweilo-60,2019-02-26 03:22:51.321381,10995,0
UChXOhG9bRDb3vSTg-qkPAZg,Gweilo-60,2019-02-26 03:21:51.512473,10995,0
UChXOhG9bRDb3vSTg-qkPAZg,Gweilo-60,2019-02-26 03:20:51.620348,10995,0
UChXOhG9bRDb3vSTg-qkPAZg,Gweilo-60,2019-02-26 03:19:51.443196,10995,1
UChXOhG9bRDb3vSTg-qkPAZg,Gweilo-60,2019-02-26 03:18:51.411189,10994,0
UChXOhG9bRDb3vSTg-qkPAZg,Gweilo-60,2019-02-26 03:17:51.370772,10994,0
UChXOhG9bRDb3vSTg-qkPAZg,Gweilo-60,2019-02-26 03:16:51.072111,10994,0
UChXOhG9bRDb3vSTg-qkPAZg,Gweilo-60,2019-02-26 03:15:51.05644,10994,0
UChXOhG9bRDb3vSTg-qkPAZg,Gweilo-60,2019-02-26 03:14:51.454165,10994,0
UChXOhG9bRDb3vSTg-qkPAZg,Gweilo-60,2019-02-26 03:13:51.383279,10994,0
UChXOhG9bRDb3vSTg-qkPAZg,Gweilo-60,2019-02-26 03:12:51.596966,10994,1
UChXOhG9bRDb3vSTg-qkPAZg,Gweilo-60,2019-02-26 03:11:51.670262,10993,0
UChXOhG9bRDb3vSTg-qkPAZg,Gweilo-60,2019-02-26 03:10:51.378241,10993,0
UChXOhG9bRDb3vSTg-qkPAZg,Gweilo-60,2019-02-26 03:09:51.077329,10993,0
UChXOhG9bRDb3vSTg-qkPAZg,Gweilo-60,2019-02-26 03:08:51.369202,10993,0
UChXOhG9bRDb3vSTg-qkPAZg,Gweilo-60,2019-02-26 03:07:51.037862,10993,0
UChXOhG9bRDb3vSTg-qkPAZg,Gweilo-60,2019-02-26 03:06:50.721786,10993,0
UChXOhG9bRDb3vSTg-qkPAZg,Gweilo-60,2019-02-26 03:05:51.869558,10993,0
UChXOhG9bRDb3vSTg-qkPAZg,Gweilo-60,2019-02-26 03:04:51.457466,10993,0
UChXOhG9bRDb3vSTg-qkPAZg,Gweilo-60,2019-02-26 03:03:51.410773,10993,0
UChXOhG9bRDb3vSTg-qkPAZg,Gweilo-60,2019-02-26 03:02:50.934285,10993,0
UChXOhG9bRDb3vSTg-qkPAZg,Gweilo-60,2019-02-26 03:01:51.332856,10993,0
UChXOhG9bRDb3vSTg-qkPAZg,Gweilo-60,2019-02-26 03:00:52.032198,10993,0
UChXOhG9bRDb3vSTg-qkPAZg,Gweilo-60,2019-02-26 02:59:50.610604,10993,0
UChXOhG9bRDb3vSTg-qkPAZg,Gweilo-60,2019-02-26 02:58:51.556423,10993,0
UChXOhG9bRDb3vSTg-qkPAZg,Gweilo-60,2019-02-26 02:57:51.526364,10993,0
UChXOhG9bRDb3vSTg-qkPAZg,Gweilo-60,2019-02-26 02:56:51.161513,10993,0
UChXOhG9bRDb3vSTg-qkPAZg,Gweilo-60,2019-02-26 02:55:51.507226,10993,0
UChXOhG9bRDb3vSTg-qkPAZg,Gweilo-60,2019-02-26 02:54:50.720768,10993,-1
UChXOhG9bRDb3vSTg-qkPAZg,Gweilo-60,2019-02-26 02:53:50.874334,10994,0
UChXOhG9bRDb3vSTg-qkPAZg,Gweilo-60,2019-02-26 02:52:50.786133,10994,0
UChXOhG9bRDb3vSTg-qkPAZg,Gweilo-60,2019-02-26 02:51:51.049749,10994,0
UChXOhG9bRDb3vSTg-qkPAZg,Gweilo-60,2019-02-26 02:50:50.841755,10994,0
UChXOhG9bRDb3vSTg-qkPAZg,Gweilo-60,2019-02-26 02:49:51.359291,10994,0
UChXOhG9bRDb3vSTg-qkPAZg,Gweilo-60,2019-02-26 02:48:51.435262,10994,0
UChXOhG9bRDb3vSTg-qkPAZg,Gweilo-60,2019-02-26 02:47:51.028811,10994,0
UChXOhG9bRDb3vSTg-qkPAZg,Gweilo-60,2019-02-26 02:46:51.027656,10994,0
UChXOhG9bRDb3vSTg-qkPAZg,Gweilo-60,2019-02-26 02:45:51.697622,10994,0
UChXOhG9bRDb3vSTg-qkPAZg,Gweilo-60,2019-02-26 02:44:51.265206,10994,0
UChXOhG9bRDb3vSTg-qkPAZg,Gweilo-60,2019-02-26 02:43:51.024254,10994,0
UChXOhG9bRDb3vSTg-qkPAZg,Gweilo-60,2019-02-26 02:42:50.967009,10994,0
UChXOhG9bRDb3vSTg-qkPAZg,Gweilo-60,2019-02-26 02:41:51.819511,10994,0
UChXOhG9bRDb3vSTg-qkPAZg,Gweilo-60,2019-02-26 02:40:51.295336,10994,0
UChXOhG9bRDb3vSTg-qkPAZg,Gweilo-60,2019-02-26 02:39:51.415742,10994,1
UChXOhG9bRDb3vSTg-qkPAZg,Gweilo-60,2019-02-26 02:38:51.518777,10993,0
UChXOhG9bRDb3vSTg-qkPAZg,Gweilo-60,2019-02-26 02:37:51.946684,10993,0
UChXOhG9bRDb3vSTg-qkPAZg,Gweilo-60,2019-02-26 02:36:51.281184,10993,0
UChXOhG9bRDb3vSTg-qkPAZg,Gweilo-60,2019-02-26 02:35:50.991334,10993,0
UChXOhG9bRDb3vSTg-qkPAZg,Gweilo-60,2019-02-26 02:34:51.044657,10993,0
UChXOhG9bRDb3vSTg-qkPAZg,Gweilo-60,2019-02-26 02:33:51.252026,10993,0
UChXOhG9bRDb3vSTg-qkPAZg,Gweilo-60,2019-02-26 02:32:50.950454,10993,0
UChXOhG9bRDb3vSTg-qkPAZg,Gweilo-60,2019-02-26 02:31:51.370622,10993,0
UChXOhG9bRDb3vSTg-qkPAZg,Gweilo-60,2019-02-26 02:30:50.965797,10993,0
UChXOhG9bRDb3vSTg-qkPAZg,Gweilo-60,2019-02-26 02:29:51.248163,10993,1
UChXOhG9bRDb3vSTg-qkPAZg,Gweilo-60,2019-02-26 02:28:51.00265,10992,0
UChXOhG9bRDb3vSTg-qkPAZg,Gweilo-60,2019-02-26 02:27:51.237483,10992,0
UChXOhG9bRDb3vSTg-qkPAZg,Gweilo-60,2019-02-26 02:26:51.66116,10992,0
UChXOhG9bRDb3vSTg-qkPAZg,Gweilo-60,2019-02-26 02:25:51.13059,10992,0
UChXOhG9bRDb3vSTg-qkPAZg,Gweilo-60,2019-02-26 02:24:51.371822,10992,0
UChXOhG9bRDb3vSTg-qkPAZg,Gweilo-60,2019-02-26 02:23:51.012816,10992,0
UChXOhG9bRDb3vSTg-qkPAZg,Gweilo-60,2019-02-26 02:22:51.316702,10992,0
UChXOhG9bRDb3vSTg-qkPAZg,Gweilo-60,2019-02-26 02:21:51.382368,10992,0
UChXOhG9bRDb3vSTg-qkPAZg,Gweilo-60,2019-02-26 02:20:51.425297,10992,0
UChXOhG9bRDb3vSTg-qkPAZg,Gweilo-60,2019-02-26 02:19:50.890338,10992,0
UChXOhG9bRDb3vSTg-qkPAZg,Gweilo-60,2019-02-26 02:18:51.256019,10992,0
UChXOhG9bRDb3vSTg-qkPAZg,Gweilo-60,2019-02-26 02:17:51.126835,10992,1
UChXOhG9bRDb3vSTg-qkPAZg,Gweilo-60,2019-02-26 02:16:51.37562,10991,0
UChXOhG9bRDb3vSTg-qkPAZg,Gweilo-60,2019-02-26 02:15:51.38051,10991,0
UChXOhG9bRDb3vSTg-qkPAZg,Gweilo-60,2019-02-26 02:14:50.804516,10991,0
UChXOhG9bRDb3vSTg-qkPAZg,Gweilo-60,2019-02-26 02:13:51.436673,10991,0
UChXOhG9bRDb3vSTg-qkPAZg,Gweilo-60,2019-02-26 02:12:50.935741,10991,0
UChXOhG9bRDb3vSTg-qkPAZg,Gweilo-60,2019-02-26 02:11:50.8677,10991,0
UChXOhG9bRDb3vSTg-qkPAZg,Gweilo-60,2019-02-26 02:10:51.667063,10991,0
UChXOhG9bRDb3vSTg-qkPAZg,Gweilo-60,2019-02-26 02:09:51.132648,10991,0
UChXOhG9bRDb3vSTg-qkPAZg,Gweilo-60,2019-02-26 02:08:50.842565,10991,0
UChXOhG9bRDb3vSTg-qkPAZg,Gweilo-60,2019-02-26 02:07:51.230659,10991,0
UChXOhG9bRDb3vSTg-qkPAZg,Gweilo-60,2019-02-26 02:06:51.53705,10991,0
UChXOhG9bRDb3vSTg-qkPAZg,Gweilo-60,2019-02-26 02:05:51.559564,10991,0
UChXOhG9bRDb3vSTg-qkPAZg,Gweilo-60,2019-02-26 02:04:50.815421,10991,0
UChXOhG9bRDb3vSTg-qkPAZg,Gweilo-60,2019-02-26 02:03:51.522225,10991,0
UChXOhG9bRDb3vSTg-qkPAZg,Gweilo-60,2019-02-26 02:02:51.155061,10991,0
UChXOhG9bRDb3vSTg-qkPAZg,Gweilo-60,2019-02-26 02:01:51.611619,10991,0
UChXOhG9bRDb3vSTg-qkPAZg,Gweilo-60,2019-02-26 02:00:51.831698,10991,0
UChXOhG9bRDb3vSTg-qkPAZg,Gweilo-60,2019-02-26 01:59:51.346369,10991,0
UChXOhG9bRDb3vSTg-qkPAZg,Gweilo-60,2019-02-26 01:58:51.42465,10991,0
UChXOhG9bRDb3vSTg-qkPAZg,Gweilo-60,2019-02-26 01:57:51.487779,10991,0
UChXOhG9bRDb3vSTg-qkPAZg,Gweilo-60,2019-02-26 01:56:51.121025,10991,0
UChXOhG9bRDb3vSTg-qkPAZg,Gweilo-60,2019-02-26 01:55:51.152375,10991,0
UChXOhG9bRDb3vSTg-qkPAZg,Gweilo-60,2019-02-26 01:54:51.512215,10991,0
UChXOhG9bRDb3vSTg-qkPAZg,Gweilo-60,2019-02-26 01:53:51.24024,10991,0
UChXOhG9bRDb3vSTg-qkPAZg,Gweilo-60,2019-02-26 01:52:51.076482,10991,-2
UChXOhG9bRDb3vSTg-qkPAZg,Gweilo-60,2019-02-26 01:51:51.162626,10993,0
UChXOhG9bRDb3vSTg-qkPAZg,Gweilo-60,2019-02-26 01:50:51.534208,10993,0
UChXOhG9bRDb3vSTg-qkPAZg,Gweilo-60,2019-02-26 01:49:51.132531,10993,1
UChXOhG9bRDb3vSTg-qkPAZg,Gweilo-60,2019-02-26 01:48:52.376452,10992,0
UChXOhG9bRDb3vSTg-qkPAZg,Gweilo-60,2019-02-26 01:47:50.915589,10992,0
UChXOhG9bRDb3vSTg-qkPAZg,Gweilo-60,2019-02-26 01:46:50.864457,10992,-1
UChXOhG9bRDb3vSTg-qkPAZg,Gweilo-60,2019-02-26 01:45:50.845092,10993,0
UChXOhG9bRDb3vSTg-qkPAZg,Gweilo-60,2019-02-26 01:44:51.723994,10993,0
UChXOhG9bRDb3vSTg-qkPAZg,Gweilo-60,2019-02-26 01:43:50.662761,10993,-1
UChXOhG9bRDb3vSTg-qkPAZg,Gweilo-60,2019-02-26 01:42:51.133714,10994,0
UChXOhG9bRDb3vSTg-qkPAZg,Gweilo-60,2019-02-26 01:41:50.682247,10994,-1
UChXOhG9bRDb3vSTg-qkPAZg,Gweilo-60,2019-02-26 01:40:51.150095,10995,0
UChXOhG9bRDb3vSTg-qkPAZg,Gweilo-60,2019-02-26 01:39:50.908964,10995,0
UChXOhG9bRDb3vSTg-qkPAZg,Gweilo-60,2019-02-26 01:38:51.192562,10995,-2
UChXOhG9bRDb3vSTg-qkPAZg,Gweilo-60,2019-02-26 01:37:50.996403,10997,0
UChXOhG9bRDb3vSTg-qkPAZg,Gweilo-60,2019-02-26 01:36:51.247479,10997,1
UChXOhG9bRDb3vSTg-qkPAZg,Gweilo-60,2019-02-26 01:35:50.720313,10996,0
UChXOhG9bRDb3vSTg-qkPAZg,Gweilo-60,2019-02-26 01:34:51.201085,10996,1
UChXOhG9bRDb3vSTg-qkPAZg,Gweilo-60,2019-02-26 01:33:50.949829,10995,0
UChXOhG9bRDb3vSTg-qkPAZg,Gweilo-60,2019-02-26 01:32:51.268787,10995,0
UChXOhG9bRDb3vSTg-qkPAZg,Gweilo-60,2019-02-26 01:31:50.713229,10995,0
UChXOhG9bRDb3vSTg-qkPAZg,Gweilo-60,2019-02-26 01:30:50.852077,10995,0
UChXOhG9bRDb3vSTg-qkPAZg,Gweilo-60,2019-02-26 01:29:51.209139,10995,0
UChXOhG9bRDb3vSTg-qkPAZg,Gweilo-60,2019-02-26 01:28:50.966153,10995,0
UChXOhG9bRDb3vSTg-qkPAZg,Gweilo-60,2019-02-26 01:27:51.040496,10995,0
UChXOhG9bRDb3vSTg-qkPAZg,Gweilo-60,2019-02-26 01:26:50.95379,10995,0
UChXOhG9bRDb3vSTg-qkPAZg,Gweilo-60,2019-02-26 01:25:51.426795,10995,0
UChXOhG9bRDb3vSTg-qkPAZg,Gweilo-60,2019-02-26 01:24:50.674987,10995,0
UChXOhG9bRDb3vSTg-qkPAZg,Gweilo-60,2019-02-26 01:23:50.680701,10995,0
UChXOhG9bRDb3vSTg-qkPAZg,Gweilo-60,2019-02-26 01:22:51.003788,10995,0
UChXOhG9bRDb3vSTg-qkPAZg,Gweilo-60,2019-02-26 01:21:50.840399,10995,0
UChXOhG9bRDb3vSTg-qkPAZg,Gweilo-60,2019-02-26 01:20:51.314594,10995,0
UChXOhG9bRDb3vSTg-qkPAZg,Gweilo-60,2019-02-26 01:19:50.889242,10995,0
UChXOhG9bRDb3vSTg-qkPAZg,Gweilo-60,2019-02-26 01:18:50.492801,10995,0
UChXOhG9bRDb3vSTg-qkPAZg,Gweilo-60,2019-02-26 01:17:50.809956,10995,0
UChXOhG9bRDb3vSTg-qkPAZg,Gweilo-60,2019-02-26 01:16:50.615152,10995,0
UChXOhG9bRDb3vSTg-qkPAZg,Gweilo-60,2019-02-26 01:15:50.849399,10995,0
UChXOhG9bRDb3vSTg-qkPAZg,Gweilo-60,2019-02-26 01:14:50.770485,10995,0
UChXOhG9bRDb3vSTg-qkPAZg,Gweilo-60,2019-02-26 01:13:50.827491,10995,0
UChXOhG9bRDb3vSTg-qkPAZg,Gweilo-60,2019-02-26 01:12:50.734278,10995,0
UChXOhG9bRDb3vSTg-qkPAZg,Gweilo-60,2019-02-26 01:11:51.314746,10995,0
UChXOhG9bRDb3vSTg-qkPAZg,Gweilo-60,2019-02-26 01:10:50.880739,10995,1
UChXOhG9bRDb3vSTg-qkPAZg,Gweilo-60,2019-02-26 01:09:50.561955,10994,0
UChXOhG9bRDb3vSTg-qkPAZg,Gweilo-60,2019-02-26 01:08:50.786943,10994,1
UChXOhG9bRDb3vSTg-qkPAZg,Gweilo-60,2019-02-26 01:07:51.406093,10993,0
UChXOhG9bRDb3vSTg-qkPAZg,Gweilo-60,2019-02-26 01:06:50.564778,10993,0
UChXOhG9bRDb3vSTg-qkPAZg,Gweilo-60,2019-02-26 01:05:51.085928,10993,0
UChXOhG9bRDb3vSTg-qkPAZg,Gweilo-60,2019-02-26 01:04:51.229778,10993,0
UChXOhG9bRDb3vSTg-qkPAZg,Gweilo-60,2019-02-26 01:03:51.029198,10993,0
UChXOhG9bRDb3vSTg-qkPAZg,Gweilo-60,2019-02-26 01:02:51.226388,10993,0
UChXOhG9bRDb3vSTg-qkPAZg,Gweilo-60,2019-02-26 01:01:51.13844,10993,0
UChXOhG9bRDb3vSTg-qkPAZg,Gweilo-60,2019-02-26 01:00:51.177873,10993,0
UChXOhG9bRDb3vSTg-qkPAZg,Gweilo-60,2019-02-26 00:59:50.972531,10993,0
UChXOhG9bRDb3vSTg-qkPAZg,Gweilo-60,2019-02-26 00:58:50.912445,10993,0
UChXOhG9bRDb3vSTg-qkPAZg,Gweilo-60,2019-02-26 00:57:50.790727,10993,0
UChXOhG9bRDb3vSTg-qkPAZg,Gweilo-60,2019-02-26 00:56:50.644946,10993,0
UChXOhG9bRDb3vSTg-qkPAZg,Gweilo-60,2019-02-26 00:55:51.580473,10993,0
UChXOhG9bRDb3vSTg-qkPAZg,Gweilo-60,2019-02-26 00:54:50.736485,10993,0
UChXOhG9bRDb3vSTg-qkPAZg,Gweilo-60,2019-02-26 00:53:50.512166,10993,0
UChXOhG9bRDb3vSTg-qkPAZg,Gweilo-60,2019-02-26 00:52:50.723666,10993,0
UChXOhG9bRDb3vSTg-qkPAZg,Gweilo-60,2019-02-26 00:51:50.934926,10993,0
UChXOhG9bRDb3vSTg-qkPAZg,Gweilo-60,2019-02-26 00:50:51.304828,10993,0
UChXOhG9bRDb3vSTg-qkPAZg,Gweilo-60,2019-02-26 00:49:50.709522,10993,0
UChXOhG9bRDb3vSTg-qkPAZg,Gweilo-60,2019-02-26 00:48:50.996322,10993,0
UChXOhG9bRDb3vSTg-qkPAZg,Gweilo-60,2019-02-26 00:47:51.138301,10993,0
UChXOhG9bRDb3vSTg-qkPAZg,Gweilo-60,2019-02-26 00:46:50.393679,10993,0
UChXOhG9bRDb3vSTg-qkPAZg,Gweilo-60,2019-02-26 00:45:51.174282,10993,0
UChXOhG9bRDb3vSTg-qkPAZg,Gweilo-60,2019-02-26 00:44:50.902323,10993,0
UChXOhG9bRDb3vSTg-qkPAZg,Gweilo-60,2019-02-26 00:43:51.210769,10993,0
UChXOhG9bRDb3vSTg-qkPAZg,Gweilo-60,2019-02-26 00:42:50.725967,10993,0
UChXOhG9bRDb3vSTg-qkPAZg,Gweilo-60,2019-02-26 00:41:51.327446,10993,0
UChXOhG9bRDb3vSTg-qkPAZg,Gweilo-60,2019-02-26 00:40:51.001802,10993,0
UChXOhG9bRDb3vSTg-qkPAZg,Gweilo-60,2019-02-26 00:39:51.26385,10993,0
UChXOhG9bRDb3vSTg-qkPAZg,Gweilo-60,2019-02-26 00:38:51.258757,10993,0
UChXOhG9bRDb3vSTg-qkPAZg,Gweilo-60,2019-02-26 00:37:50.816158,10993,0
UChXOhG9bRDb3vSTg-qkPAZg,Gweilo-60,2019-02-26 00:36:50.684466,10993,0
UChXOhG9bRDb3vSTg-qkPAZg,Gweilo-60,2019-02-26 00:35:50.825109,10993,0
UChXOhG9bRDb3vSTg-qkPAZg,Gweilo-60,2019-02-26 00:34:51.146032,10993,0
UChXOhG9bRDb3vSTg-qkPAZg,Gweilo-60,2019-02-26 00:33:50.415217,10993,0
UChXOhG9bRDb3vSTg-qkPAZg,Gweilo-60,2019-02-26 00:32:51.025376,10993,0
UChXOhG9bRDb3vSTg-qkPAZg,Gweilo-60,2019-02-26 00:31:50.857439,10993,0
UChXOhG9bRDb3vSTg-qkPAZg,Gweilo-60,2019-02-26 00:30:51.154095,10993,0
UChXOhG9bRDb3vSTg-qkPAZg,Gweilo-60,2019-02-26 00:29:50.666182,10993,0
UChXOhG9bRDb3vSTg-qkPAZg,Gweilo-60,2019-02-26 00:28:51.094768,10993,0
UChXOhG9bRDb3vSTg-qkPAZg,Gweilo-60,2019-02-26 00:27:50.81084,10993,0
UChXOhG9bRDb3vSTg-qkPAZg,Gweilo-60,2019-02-26 00:26:50.672037,10993,0
UChXOhG9bRDb3vSTg-qkPAZg,Gweilo-60,2019-02-26 00:25:51.27537,10993,0
UChXOhG9bRDb3vSTg-qkPAZg,Gweilo-60,2019-02-26 00:24:51.056793,10993,0
UChXOhG9bRDb3vSTg-qkPAZg,Gweilo-60,2019-02-26 00:23:50.734594,10993,0
UChXOhG9bRDb3vSTg-qkPAZg,Gweilo-60,2019-02-26 00:22:52.089841,10993,0
UChXOhG9bRDb3vSTg-qkPAZg,Gweilo-60,2019-02-26 00:21:51.451424,10993,0
UChXOhG9bRDb3vSTg-qkPAZg,Gweilo-60,2019-02-26 00:20:50.724798,10993,0
UChXOhG9bRDb3vSTg-qkPAZg,Gweilo-60,2019-02-26 00:19:50.933704,10993,0
UChXOhG9bRDb3vSTg-qkPAZg,Gweilo-60,2019-02-26 00:18:51.100252,10993,0
UChXOhG9bRDb3vSTg-qkPAZg,Gweilo-60,2019-02-26 00:17:50.660176,10993,0
UChXOhG9bRDb3vSTg-qkPAZg,Gweilo-60,2019-02-26 00:16:50.942532,10993,0
UChXOhG9bRDb3vSTg-qkPAZg,Gweilo-60,2019-02-26 00:15:50.947072,10993,0
UChXOhG9bRDb3vSTg-qkPAZg,Gweilo-60,2019-02-26 00:14:50.740482,10993,0
UChXOhG9bRDb3vSTg-qkPAZg,Gweilo-60,2019-02-26 00:13:51.05698,10993,0
UChXOhG9bRDb3vSTg-qkPAZg,Gweilo-60,2019-02-26 00:12:51.041162,10993,0
UChXOhG9bRDb3vSTg-qkPAZg,Gweilo-60,2019-02-26 00:11:50.972898,10993,0
UChXOhG9bRDb3vSTg-qkPAZg,Gweilo-60,2019-02-26 00:10:51.303217,10993,0
UChXOhG9bRDb3vSTg-qkPAZg,Gweilo-60,2019-02-26 00:09:50.961439,10993,0
UChXOhG9bRDb3vSTg-qkPAZg,Gweilo-60,2019-02-26 00:08:50.417017,10993,0
UChXOhG9bRDb3vSTg-qkPAZg,Gweilo-60,2019-02-26 00:07:51.192353,10993,0
UChXOhG9bRDb3vSTg-qkPAZg,Gweilo-60,2019-02-26 00:06:50.689915,10993,0
UChXOhG9bRDb3vSTg-qkPAZg,Gweilo-60,2019-02-26 00:05:51.073186,10993,0
UChXOhG9bRDb3vSTg-qkPAZg,Gweilo-60,2019-02-26 00:04:50.783933,10993,0
UChXOhG9bRDb3vSTg-qkPAZg,Gweilo-60,2019-02-26 00:03:51.375117,10993,0
UChXOhG9bRDb3vSTg-qkPAZg,Gweilo-60,2019-02-26 00:02:50.890343,10993,1
UChXOhG9bRDb3vSTg-qkPAZg,Gweilo-60,2019-02-26 00:01:51.263641,10992,0
UChXOhG9bRDb3vSTg-qkPAZg,Gweilo-60,2019-02-26 00:00:51.013491,10992,0
UChXOhG9bRDb3vSTg-qkPAZg,Gweilo-60,2019-02-25 23:59:50.940086,10992,0
UChXOhG9bRDb3vSTg-qkPAZg,Gweilo-60,2019-02-25 23:58:51.069623,10992,0
UChXOhG9bRDb3vSTg-qkPAZg,Gweilo-60,2019-02-25 23:57:51.096726,10992,0
UChXOhG9bRDb3vSTg-qkPAZg,Gweilo-60,2019-02-25 23:56:50.974115,10992,0
UChXOhG9bRDb3vSTg-qkPAZg,Gweilo-60,2019-02-25 23:55:50.848324,10992,0
UChXOhG9bRDb3vSTg-qkPAZg,Gweilo-60,2019-02-25 23:54:50.887384,10992,0
UChXOhG9bRDb3vSTg-qkPAZg,Gweilo-60,2019-02-25 23:53:51.741896,10992,0
UChXOhG9bRDb3vSTg-qkPAZg,Gweilo-60,2019-02-25 23:52:50.819341,10992,1
UChXOhG9bRDb3vSTg-qkPAZg,Gweilo-60,2019-02-25 23:51:50.669339,10991,0
UChXOhG9bRDb3vSTg-qkPAZg,Gweilo-60,2019-02-25 23:50:51.291498,10991,0
UChXOhG9bRDb3vSTg-qkPAZg,Gweilo-60,2019-02-25 23:49:50.913797,10991,0
UChXOhG9bRDb3vSTg-qkPAZg,Gweilo-60,2019-02-25 23:48:51.320043,10991,0
UChXOhG9bRDb3vSTg-qkPAZg,Gweilo-60,2019-02-25 23:47:50.498272,10991,0
UChXOhG9bRDb3vSTg-qkPAZg,Gweilo-60,2019-02-25 23:46:51.027381,10991,0
UChXOhG9bRDb3vSTg-qkPAZg,Gweilo-60,2019-02-25 23:45:50.886444,10991,0
UChXOhG9bRDb3vSTg-qkPAZg,Gweilo-60,2019-02-25 23:44:51.010592,10991,0
UChXOhG9bRDb3vSTg-qkPAZg,Gweilo-60,2019-02-25 23:43:51.198626,10991,0
UChXOhG9bRDb3vSTg-qkPAZg,Gweilo-60,2019-02-25 23:42:50.511299,10991,0
UChXOhG9bRDb3vSTg-qkPAZg,Gweilo-60,2019-02-25 23:41:52.431577,10991,0
UChXOhG9bRDb3vSTg-qkPAZg,Gweilo-60,2019-02-25 23:40:51.257626,10991,0
UChXOhG9bRDb3vSTg-qkPAZg,Gweilo-60,2019-02-25 23:39:50.569194,10991,0
UChXOhG9bRDb3vSTg-qkPAZg,Gweilo-60,2019-02-25 23:38:50.538432,10991,0
UChXOhG9bRDb3vSTg-qkPAZg,Gweilo-60,2019-02-25 23:37:50.856532,10991,0
UChXOhG9bRDb3vSTg-qkPAZg,Gweilo-60,2019-02-25 23:36:50.712617,10991,0
UChXOhG9bRDb3vSTg-qkPAZg,Gweilo-60,2019-02-25 23:35:50.690609,10991,0
UChXOhG9bRDb3vSTg-qkPAZg,Gweilo-60,2019-02-25 23:34:50.305232,10991,0
UChXOhG9bRDb3vSTg-qkPAZg,Gweilo-60,2019-02-25 23:33:51.247343,10991,0
UChXOhG9bRDb3vSTg-qkPAZg,Gweilo-60,2019-02-25 23:32:51.392736,10991,0
UChXOhG9bRDb3vSTg-qkPAZg,Gweilo-60,2019-02-25 23:31:51.658292,10991,-1
UChXOhG9bRDb3vSTg-qkPAZg,Gweilo-60,2019-02-25 23:30:51.019813,10992,0
UChXOhG9bRDb3vSTg-qkPAZg,Gweilo-60,2019-02-25 23:29:51.3478,10992,0
UChXOhG9bRDb3vSTg-qkPAZg,Gweilo-60,2019-02-25 23:28:51.031225,10992,0
UChXOhG9bRDb3vSTg-qkPAZg,Gweilo-60,2019-02-25 23:27:50.917723,10992,-1
UChXOhG9bRDb3vSTg-qkPAZg,Gweilo-60,2019-02-25 23:26:50.405978,10993,0
UChXOhG9bRDb3vSTg-qkPAZg,Gweilo-60,2019-02-25 23:25:50.856951,10993,0
UChXOhG9bRDb3vSTg-qkPAZg,Gweilo-60,2019-02-25 23:24:50.810168,10993,0
UChXOhG9bRDb3vSTg-qkPAZg,Gweilo-60,2019-02-25 23:23:50.415159,10993,1
UChXOhG9bRDb3vSTg-qkPAZg,Gweilo-60,2019-02-25 23:22:51.788233,10992,0
UChXOhG9bRDb3vSTg-qkPAZg,Gweilo-60,2019-02-25 23:21:51.747295,10992,-1
UChXOhG9bRDb3vSTg-qkPAZg,Gweilo-60,2019-02-25 23:20:50.712608,10993,2
UChXOhG9bRDb3vSTg-qkPAZg,Gweilo-60,2019-02-25 23:19:50.948587,10991,-2
UChXOhG9bRDb3vSTg-qkPAZg,Gweilo-60,2019-02-25 23:18:51.111059,10993,1
UChXOhG9bRDb3vSTg-qkPAZg,Gweilo-60,2019-02-25 23:17:51.120407,10992,0
UChXOhG9bRDb3vSTg-qkPAZg,Gweilo-60,2019-02-25 23:16:51.453325,10992,0
UChXOhG9bRDb3vSTg-qkPAZg,Gweilo-60,2019-02-25 23:15:51.388531,10992,0
UChXOhG9bRDb3vSTg-qkPAZg,Gweilo-60,2019-02-25 23:14:51.444473,10992,0
UChXOhG9bRDb3vSTg-qkPAZg,Gweilo-60,2019-02-25 23:13:51.358821,10992,0
UChXOhG9bRDb3vSTg-qkPAZg,Gweilo-60,2019-02-25 23:12:51.111471,10992,0
UChXOhG9bRDb3vSTg-qkPAZg,Gweilo-60,2019-02-25 23:11:51.354266,10992,0
UChXOhG9bRDb3vSTg-qkPAZg,Gweilo-60,2019-02-25 23:10:51.521977,10992,0
UChXOhG9bRDb3vSTg-qkPAZg,Gweilo-60,2019-02-25 23:09:51.849183,10992,-1
UChXOhG9bRDb3vSTg-qkPAZg,Gweilo-60,2019-02-25 23:08:50.591902,10993,0
UChXOhG9bRDb3vSTg-qkPAZg,Gweilo-60,2019-02-25 23:07:50.760524,10993,0
UChXOhG9bRDb3vSTg-qkPAZg,Gweilo-60,2019-02-25 23:06:51.18266,10993,0
UChXOhG9bRDb3vSTg-qkPAZg,Gweilo-60,2019-02-25 23:05:50.644425,10993,1
UChXOhG9bRDb3vSTg-qkPAZg,Gweilo-60,2019-02-25 23:04:51.375221,10992,0
UChXOhG9bRDb3vSTg-qkPAZg,Gweilo-60,2019-02-25 23:03:51.317432,10992,0
UChXOhG9bRDb3vSTg-qkPAZg,Gweilo-60,2019-02-25 23:02:51.065971,10992,0
UChXOhG9bRDb3vSTg-qkPAZg,Gweilo-60,2019-02-25 23:01:51.385728,10992,0
UChXOhG9bRDb3vSTg-qkPAZg,Gweilo-60,2019-02-25 23:00:51.900018,10992,0
UChXOhG9bRDb3vSTg-qkPAZg,Gweilo-60,2019-02-25 22:59:51.341694,10992,0
UChXOhG9bRDb3vSTg-qkPAZg,Gweilo-60,2019-02-25 22:58:51.584941,10992,0
UChXOhG9bRDb3vSTg-qkPAZg,Gweilo-60,2019-02-25 22:57:51.728435,10992,0
UChXOhG9bRDb3vSTg-qkPAZg,Gweilo-60,2019-02-25 22:56:50.715587,10992,0
UChXOhG9bRDb3vSTg-qkPAZg,Gweilo-60,2019-02-25 22:55:51.391009,10992,0
UChXOhG9bRDb3vSTg-qkPAZg,Gweilo-60,2019-02-25 22:54:51.155814,10992,0
UChXOhG9bRDb3vSTg-qkPAZg,Gweilo-60,2019-02-25 22:53:51.451082,10992,0
UChXOhG9bRDb3vSTg-qkPAZg,Gweilo-60,2019-02-25 22:52:50.983914,10992,0
UChXOhG9bRDb3vSTg-qkPAZg,Gweilo-60,2019-02-25 22:51:50.805207,10992,0
UChXOhG9bRDb3vSTg-qkPAZg,Gweilo-60,2019-02-25 22:50:51.540927,10992,0
UChXOhG9bRDb3vSTg-qkPAZg,Gweilo-60,2019-02-25 22:49:51.042011,10992,1
UChXOhG9bRDb3vSTg-qkPAZg,Gweilo-60,2019-02-25 22:48:51.76039,10991,0
UChXOhG9bRDb3vSTg-qkPAZg,Gweilo-60,2019-02-25 22:47:50.681343,10991,-1
UChXOhG9bRDb3vSTg-qkPAZg,Gweilo-60,2019-02-25 22:46:51.161879,10992,0
UChXOhG9bRDb3vSTg-qkPAZg,Gweilo-60,2019-02-25 22:45:51.780511,10992,1
UChXOhG9bRDb3vSTg-qkPAZg,Gweilo-60,2019-02-25 22:44:51.268471,10991,0
UChXOhG9bRDb3vSTg-qkPAZg,Gweilo-60,2019-02-25 22:43:51.331607,10991,0
UChXOhG9bRDb3vSTg-qkPAZg,Gweilo-60,2019-02-25 22:42:51.22477,10991,0
UChXOhG9bRDb3vSTg-qkPAZg,Gweilo-60,2019-02-25 22:41:50.982446,10991,1
UChXOhG9bRDb3vSTg-qkPAZg,Gweilo-60,2019-02-25 22:40:51.157322,10990,0
UChXOhG9bRDb3vSTg-qkPAZg,Gweilo-60,2019-02-25 22:39:52.512408,10990,0
UChXOhG9bRDb3vSTg-qkPAZg,Gweilo-60,2019-02-25 22:38:54.258375,10990,0
UChXOhG9bRDb3vSTg-qkPAZg,Gweilo-60,2019-02-25 22:37:51.849611,10990,0
UChXOhG9bRDb3vSTg-qkPAZg,Gweilo-60,2019-02-25 22:36:51.582297,10990,0
UChXOhG9bRDb3vSTg-qkPAZg,Gweilo-60,2019-02-25 22:35:51.275038,10990,0
UChXOhG9bRDb3vSTg-qkPAZg,Gweilo-60,2019-02-25 22:34:50.892948,10990,0
UChXOhG9bRDb3vSTg-qkPAZg,Gweilo-60,2019-02-25 22:33:51.123229,10990,0
UChXOhG9bRDb3vSTg-qkPAZg,Gweilo-60,2019-02-25 22:32:51.372904,10990,0
UChXOhG9bRDb3vSTg-qkPAZg,Gweilo-60,2019-02-25 22:31:51.03678,10990,0
UChXOhG9bRDb3vSTg-qkPAZg,Gweilo-60,2019-02-25 22:30:50.970241,10990,0
UChXOhG9bRDb3vSTg-qkPAZg,Gweilo-60,2019-02-25 22:29:51.350204,10990,0
UChXOhG9bRDb3vSTg-qkPAZg,Gweilo-60,2019-02-25 22:28:50.862567,10990,0
UChXOhG9bRDb3vSTg-qkPAZg,Gweilo-60,2019-02-25 22:27:51.175795,10990,0
UChXOhG9bRDb3vSTg-qkPAZg,Gweilo-60,2019-02-25 22:26:50.907367,10990,0
UChXOhG9bRDb3vSTg-qkPAZg,Gweilo-60,2019-02-25 22:25:51.67745,10990,0
UChXOhG9bRDb3vSTg-qkPAZg,Gweilo-60,2019-02-25 22:24:51.4862,10990,0
UChXOhG9bRDb3vSTg-qkPAZg,Gweilo-60,2019-02-25 22:23:50.948227,10990,0
UChXOhG9bRDb3vSTg-qkPAZg,Gweilo-60,2019-02-25 22:22:51.46964,10990,0
UChXOhG9bRDb3vSTg-qkPAZg,Gweilo-60,2019-02-25 22:21:51.195388,10990,0
UChXOhG9bRDb3vSTg-qkPAZg,Gweilo-60,2019-02-25 22:20:51.289504,10990,0
UChXOhG9bRDb3vSTg-qkPAZg,Gweilo-60,2019-02-25 22:19:51.025994,10990,0
UChXOhG9bRDb3vSTg-qkPAZg,Gweilo-60,2019-02-25 22:18:51.496396,10990,0
UChXOhG9bRDb3vSTg-qkPAZg,Gweilo-60,2019-02-25 22:17:52.329182,10990,0
UChXOhG9bRDb3vSTg-qkPAZg,Gweilo-60,2019-02-25 22:16:51.594687,10990,0
UChXOhG9bRDb3vSTg-qkPAZg,Gweilo-60,2019-02-25 22:15:51.593822,10990,0
UChXOhG9bRDb3vSTg-qkPAZg,Gweilo-60,2019-02-25 22:14:51.071957,10990,0
UChXOhG9bRDb3vSTg-qkPAZg,Gweilo-60,2019-02-25 22:13:51.683659,10990,0
UChXOhG9bRDb3vSTg-qkPAZg,Gweilo-60,2019-02-25 22:12:51.470305,10990,0
UChXOhG9bRDb3vSTg-qkPAZg,Gweilo-60,2019-02-25 22:11:50.561075,10990,0
UChXOhG9bRDb3vSTg-qkPAZg,Gweilo-60,2019-02-25 22:10:51.225405,10990,0
UChXOhG9bRDb3vSTg-qkPAZg,Gweilo-60,2019-02-25 22:09:51.810244,10990,0
UChXOhG9bRDb3vSTg-qkPAZg,Gweilo-60,2019-02-25 22:08:51.251345,10990,0
UChXOhG9bRDb3vSTg-qkPAZg,Gweilo-60,2019-02-25 22:07:50.872947,10990,0
UChXOhG9bRDb3vSTg-qkPAZg,Gweilo-60,2019-02-25 22:06:51.058126,10990,0
UChXOhG9bRDb3vSTg-qkPAZg,Gweilo-60,2019-02-25 22:05:51.313077,10990,0
UChXOhG9bRDb3vSTg-qkPAZg,Gweilo-60,2019-02-25 22:04:50.929509,10990,0
UChXOhG9bRDb3vSTg-qkPAZg,Gweilo-60,2019-02-25 22:03:51.035824,10990,0
UChXOhG9bRDb3vSTg-qkPAZg,Gweilo-60,2019-02-25 22:02:50.920596,10990,0
UChXOhG9bRDb3vSTg-qkPAZg,Gweilo-60,2019-02-25 22:01:51.154371,10990,0
UChXOhG9bRDb3vSTg-qkPAZg,Gweilo-60,2019-02-25 22:00:51.192112,10990,0
UChXOhG9bRDb3vSTg-qkPAZg,Gweilo-60,2019-02-25 21:59:51.117175,10990,0
UChXOhG9bRDb3vSTg-qkPAZg,Gweilo-60,2019-02-25 21:58:50.930581,10990,0
UChXOhG9bRDb3vSTg-qkPAZg,Gweilo-60,2019-02-25 21:57:51.294136,10990,0
UChXOhG9bRDb3vSTg-qkPAZg,Gweilo-60,2019-02-25 21:56:51.128033,10990,0
UChXOhG9bRDb3vSTg-qkPAZg,Gweilo-60,2019-02-25 21:55:51.439736,10990,0
UChXOhG9bRDb3vSTg-qkPAZg,Gweilo-60,2019-02-25 21:54:50.916678,10990,0
UChXOhG9bRDb3vSTg-qkPAZg,Gweilo-60,2019-02-25 21:53:50.852664,10990,0
UChXOhG9bRDb3vSTg-qkPAZg,Gweilo-60,2019-02-25 21:52:51.469311,10990,0
UChXOhG9bRDb3vSTg-qkPAZg,Gweilo-60,2019-02-25 21:51:51.350044,10990,0
UChXOhG9bRDb3vSTg-qkPAZg,Gweilo-60,2019-02-25 21:50:50.978645,10990,0
UChXOhG9bRDb3vSTg-qkPAZg,Gweilo-60,2019-02-25 21:49:50.838282,10990,0
UChXOhG9bRDb3vSTg-qkPAZg,Gweilo-60,2019-02-25 21:48:51.042585,10990,1
UChXOhG9bRDb3vSTg-qkPAZg,Gweilo-60,2019-02-25 21:47:51.465956,10989,0
UChXOhG9bRDb3vSTg-qkPAZg,Gweilo-60,2019-02-25 21:46:51.282157,10989,0
UChXOhG9bRDb3vSTg-qkPAZg,Gweilo-60,2019-02-25 21:45:51.3148,10989,0
UChXOhG9bRDb3vSTg-qkPAZg,Gweilo-60,2019-02-25 21:44:51.344282,10989,-1
UChXOhG9bRDb3vSTg-qkPAZg,Gweilo-60,2019-02-25 21:43:51.300948,10990,0
UChXOhG9bRDb3vSTg-qkPAZg,Gweilo-60,2019-02-25 21:42:51.05085,10990,0
UChXOhG9bRDb3vSTg-qkPAZg,Gweilo-60,2019-02-25 21:41:51.81295,10990,0
UChXOhG9bRDb3vSTg-qkPAZg,Gweilo-60,2019-02-25 21:40:51.385135,10990,0
UChXOhG9bRDb3vSTg-qkPAZg,Gweilo-60,2019-02-25 21:39:51.104316,10990,0
UChXOhG9bRDb3vSTg-qkPAZg,Gweilo-60,2019-02-25 21:38:50.706359,10990,0
UChXOhG9bRDb3vSTg-qkPAZg,Gweilo-60,2019-02-25 21:37:50.88764,10990,0
UChXOhG9bRDb3vSTg-qkPAZg,Gweilo-60,2019-02-25 21:36:51.010337,10990,0
UChXOhG9bRDb3vSTg-qkPAZg,Gweilo-60,2019-02-25 21:35:50.731007,10990,1
UChXOhG9bRDb3vSTg-qkPAZg,Gweilo-60,2019-02-25 21:34:51.350752,10989,0
UChXOhG9bRDb3vSTg-qkPAZg,Gweilo-60,2019-02-25 21:33:51.364962,10989,0
UChXOhG9bRDb3vSTg-qkPAZg,Gweilo-60,2019-02-25 21:32:50.98078,10989,0
UChXOhG9bRDb3vSTg-qkPAZg,Gweilo-60,2019-02-25 21:31:51.254434,10989,0
UChXOhG9bRDb3vSTg-qkPAZg,Gweilo-60,2019-02-25 21:30:50.995601,10989,0
UChXOhG9bRDb3vSTg-qkPAZg,Gweilo-60,2019-02-25 21:29:51.489462,10989,0
UChXOhG9bRDb3vSTg-qkPAZg,Gweilo-60,2019-02-25 21:28:51.053295,10989,0
UChXOhG9bRDb3vSTg-qkPAZg,Gweilo-60,2019-02-25 21:27:50.949926,10989,0
UChXOhG9bRDb3vSTg-qkPAZg,Gweilo-60,2019-02-25 21:26:50.907797,10989,0
UChXOhG9bRDb3vSTg-qkPAZg,Gweilo-60,2019-02-25 21:25:51.263146,10989,0
UChXOhG9bRDb3vSTg-qkPAZg,Gweilo-60,2019-02-25 21:24:51.369968,10989,0
UChXOhG9bRDb3vSTg-qkPAZg,Gweilo-60,2019-02-25 21:23:50.834772,10989,0
UChXOhG9bRDb3vSTg-qkPAZg,Gweilo-60,2019-02-25 21:22:51.775653,10989,0
UChXOhG9bRDb3vSTg-qkPAZg,Gweilo-60,2019-02-25 21:21:51.203892,10989,0
UChXOhG9bRDb3vSTg-qkPAZg,Gweilo-60,2019-02-25 21:20:51.275741,10989,0
UChXOhG9bRDb3vSTg-qkPAZg,Gweilo-60,2019-02-25 21:19:51.555478,10989,0
UChXOhG9bRDb3vSTg-qkPAZg,Gweilo-60,2019-02-25 21:18:51.016996,10989,0
UChXOhG9bRDb3vSTg-qkPAZg,Gweilo-60,2019-02-25 21:17:51.097957,10989,0
UChXOhG9bRDb3vSTg-qkPAZg,Gweilo-60,2019-02-25 21:16:51.485161,10989,0
UChXOhG9bRDb3vSTg-qkPAZg,Gweilo-60,2019-02-25 21:15:51.471989,10989,0
UChXOhG9bRDb3vSTg-qkPAZg,Gweilo-60,2019-02-25 21:14:51.283998,10989,0
UChXOhG9bRDb3vSTg-qkPAZg,Gweilo-60,2019-02-25 21:13:50.760053,10989,0
UChXOhG9bRDb3vSTg-qkPAZg,Gweilo-60,2019-02-25 21:12:51.476812,10989,0
UChXOhG9bRDb3vSTg-qkPAZg,Gweilo-60,2019-02-25 21:11:51.798117,10989,0
UChXOhG9bRDb3vSTg-qkPAZg,Gweilo-60,2019-02-25 21:10:52.31573,10989,0
UChXOhG9bRDb3vSTg-qkPAZg,Gweilo-60,2019-02-25 21:09:51.39841,10989,-1
UChXOhG9bRDb3vSTg-qkPAZg,Gweilo-60,2019-02-25 21:08:51.17669,10990,-3
UChXOhG9bRDb3vSTg-qkPAZg,Gweilo-60,2019-02-25 21:07:51.578567,10993,-4
UChXOhG9bRDb3vSTg-qkPAZg,Gweilo-60,2019-02-25 21:06:50.640568,10997,0
UChXOhG9bRDb3vSTg-qkPAZg,Gweilo-60,2019-02-25 21:05:51.648341,10997,0
UChXOhG9bRDb3vSTg-qkPAZg,Gweilo-60,2019-02-25 21:04:51.552552,10997,0
UChXOhG9bRDb3vSTg-qkPAZg,Gweilo-60,2019-02-25 21:03:51.377458,10997,0
UChXOhG9bRDb3vSTg-qkPAZg,Gweilo-60,2019-02-25 21:02:51.35389,10997,0
UChXOhG9bRDb3vSTg-qkPAZg,Gweilo-60,2019-02-25 21:01:50.731793,10997,1
UChXOhG9bRDb3vSTg-qkPAZg,Gweilo-60,2019-02-25 21:00:51.329327,10996,1
UChXOhG9bRDb3vSTg-qkPAZg,Gweilo-60,2019-02-25 20:59:50.761456,10995,0
UChXOhG9bRDb3vSTg-qkPAZg,Gweilo-60,2019-02-25 20:58:51.271468,10995,0
UChXOhG9bRDb3vSTg-qkPAZg,Gweilo-60,2019-02-25 20:57:51.988684,10995,0
UChXOhG9bRDb3vSTg-qkPAZg,Gweilo-60,2019-02-25 20:56:51.25573,10995,0
UChXOhG9bRDb3vSTg-qkPAZg,Gweilo-60,2019-02-25 20:55:51.284722,10995,0
UChXOhG9bRDb3vSTg-qkPAZg,Gweilo-60,2019-02-25 20:54:51.528729,10995,0
UChXOhG9bRDb3vSTg-qkPAZg,Gweilo-60,2019-02-25 20:53:50.703109,10995,0
UChXOhG9bRDb3vSTg-qkPAZg,Gweilo-60,2019-02-25 20:52:51.684429,10995,0
UChXOhG9bRDb3vSTg-qkPAZg,Gweilo-60,2019-02-25 20:51:51.46975,10995,0
UChXOhG9bRDb3vSTg-qkPAZg,Gweilo-60,2019-02-25 20:50:51.184806,10995,0
UChXOhG9bRDb3vSTg-qkPAZg,Gweilo-60,2019-02-25 20:49:51.578086,10995,0
UChXOhG9bRDb3vSTg-qkPAZg,Gweilo-60,2019-02-25 20:48:51.270084,10995,0
UChXOhG9bRDb3vSTg-qkPAZg,Gweilo-60,2019-02-25 20:47:50.665705,10995,0
UChXOhG9bRDb3vSTg-qkPAZg,Gweilo-60,2019-02-25 20:46:50.952932,10995,0
UChXOhG9bRDb3vSTg-qkPAZg,Gweilo-60,2019-02-25 20:45:51.198679,10995,0
UChXOhG9bRDb3vSTg-qkPAZg,Gweilo-60,2019-02-25 20:44:51.30289,10995,0
UChXOhG9bRDb3vSTg-qkPAZg,Gweilo-60,2019-02-25 20:43:50.929187,10995,0
UChXOhG9bRDb3vSTg-qkPAZg,Gweilo-60,2019-02-25 20:42:51.127938,10995,0
UChXOhG9bRDb3vSTg-qkPAZg,Gweilo-60,2019-02-25 20:41:51.545689,10995,0
UChXOhG9bRDb3vSTg-qkPAZg,Gweilo-60,2019-02-25 20:40:51.411589,10995,0
UChXOhG9bRDb3vSTg-qkPAZg,Gweilo-60,2019-02-25 20:39:51.148246,10995,0
UChXOhG9bRDb3vSTg-qkPAZg,Gweilo-60,2019-02-25 20:38:51.519748,10995,0
UChXOhG9bRDb3vSTg-qkPAZg,Gweilo-60,2019-02-25 20:37:51.545476,10995,0
UChXOhG9bRDb3vSTg-qkPAZg,Gweilo-60,2019-02-25 20:36:50.97617,10995,0
UChXOhG9bRDb3vSTg-qkPAZg,Gweilo-60,2019-02-25 20:35:51.513753,10995,0
UChXOhG9bRDb3vSTg-qkPAZg,Gweilo-60,2019-02-25 20:34:51.752418,10995,0
UChXOhG9bRDb3vSTg-qkPAZg,Gweilo-60,2019-02-25 20:33:50.772333,10995,0
UChXOhG9bRDb3vSTg-qkPAZg,Gweilo-60,2019-02-25 20:32:50.953199,10995,0
UChXOhG9bRDb3vSTg-qkPAZg,Gweilo-60,2019-02-25 20:31:51.58865,10995,0
UChXOhG9bRDb3vSTg-qkPAZg,Gweilo-60,2019-02-25 20:30:50.96166,10995,0
UChXOhG9bRDb3vSTg-qkPAZg,Gweilo-60,2019-02-25 20:29:51.583377,10995,0
UChXOhG9bRDb3vSTg-qkPAZg,Gweilo-60,2019-02-25 20:28:51.377222,10995,1
UChXOhG9bRDb3vSTg-qkPAZg,Gweilo-60,2019-02-25 20:27:50.943528,10994,0
UChXOhG9bRDb3vSTg-qkPAZg,Gweilo-60,2019-02-25 20:26:50.844062,10994,0
UChXOhG9bRDb3vSTg-qkPAZg,Gweilo-60,2019-02-25 20:25:51.478326,10994,0
UChXOhG9bRDb3vSTg-qkPAZg,Gweilo-60,2019-02-25 20:24:51.508321,10994,0
UChXOhG9bRDb3vSTg-qkPAZg,Gweilo-60,2019-02-25 20:23:51.153997,10994,0
UChXOhG9bRDb3vSTg-qkPAZg,Gweilo-60,2019-02-25 20:22:51.431402,10994,0
UChXOhG9bRDb3vSTg-qkPAZg,Gweilo-60,2019-02-25 20:21:50.835409,10994,0
UChXOhG9bRDb3vSTg-qkPAZg,Gweilo-60,2019-02-25 20:20:50.885827,10994,0
UChXOhG9bRDb3vSTg-qkPAZg,Gweilo-60,2019-02-25 20:19:50.519908,10994,0
UChXOhG9bRDb3vSTg-qkPAZg,Gweilo-60,2019-02-25 20:18:50.936936,10994,0
UChXOhG9bRDb3vSTg-qkPAZg,Gweilo-60,2019-02-25 20:17:51.019513,10994,0
UChXOhG9bRDb3vSTg-qkPAZg,Gweilo-60,2019-02-25 20:16:50.876326,10994,0
UChXOhG9bRDb3vSTg-qkPAZg,Gweilo-60,2019-02-25 20:15:51.12777,10994,0
UChXOhG9bRDb3vSTg-qkPAZg,Gweilo-60,2019-02-25 20:14:50.725967,10994,0
UChXOhG9bRDb3vSTg-qkPAZg,Gweilo-60,2019-02-25 20:13:51.204802,10994,0
UChXOhG9bRDb3vSTg-qkPAZg,Gweilo-60,2019-02-25 20:12:51.024867,10994,0
UChXOhG9bRDb3vSTg-qkPAZg,Gweilo-60,2019-02-25 20:11:51.107532,10994,0
UChXOhG9bRDb3vSTg-qkPAZg,Gweilo-60,2019-02-25 20:10:50.708327,10994,0
UChXOhG9bRDb3vSTg-qkPAZg,Gweilo-60,2019-02-25 20:09:51.455146,10994,0
UChXOhG9bRDb3vSTg-qkPAZg,Gweilo-60,2019-02-25 20:08:51.491955,10994,-1
UChXOhG9bRDb3vSTg-qkPAZg,Gweilo-60,2019-02-25 20:07:50.910424,10995,0
UChXOhG9bRDb3vSTg-qkPAZg,Gweilo-60,2019-02-25 20:06:50.987991,10995,0
UChXOhG9bRDb3vSTg-qkPAZg,Gweilo-60,2019-02-25 20:05:50.807122,10995,1
UChXOhG9bRDb3vSTg-qkPAZg,Gweilo-60,2019-02-25 20:04:51.036288,10994,0
UChXOhG9bRDb3vSTg-qkPAZg,Gweilo-60,2019-02-25 20:03:51.226056,10994,0
UChXOhG9bRDb3vSTg-qkPAZg,Gweilo-60,2019-02-25 20:02:50.50478,10994,0
UChXOhG9bRDb3vSTg-qkPAZg,Gweilo-60,2019-02-25 20:01:50.798704,10994,0
UChXOhG9bRDb3vSTg-qkPAZg,Gweilo-60,2019-02-25 20:00:51.644811,10994,0
UChXOhG9bRDb3vSTg-qkPAZg,Gweilo-60,2019-02-25 19:59:51.023663,10994,0
UChXOhG9bRDb3vSTg-qkPAZg,Gweilo-60,2019-02-25 19:58:51.101309,10994,1
UChXOhG9bRDb3vSTg-qkPAZg,Gweilo-60,2019-02-25 19:57:51.198042,10993,0
UChXOhG9bRDb3vSTg-qkPAZg,Gweilo-60,2019-02-25 19:56:51.147112,10993,0
UChXOhG9bRDb3vSTg-qkPAZg,Gweilo-60,2019-02-25 19:55:51.178369,10993,0
UChXOhG9bRDb3vSTg-qkPAZg,Gweilo-60,2019-02-25 19:54:50.889254,10993,-1
UChXOhG9bRDb3vSTg-qkPAZg,Gweilo-60,2019-02-25 19:53:51.007453,10994,0
UChXOhG9bRDb3vSTg-qkPAZg,Gweilo-60,2019-02-25 19:52:51.147428,10994,0
UChXOhG9bRDb3vSTg-qkPAZg,Gweilo-60,2019-02-25 19:51:50.74585,10994,0
UChXOhG9bRDb3vSTg-qkPAZg,Gweilo-60,2019-02-25 19:50:51.321594,10994,0
UChXOhG9bRDb3vSTg-qkPAZg,Gweilo-60,2019-02-25 19:49:51.008912,10994,0
UChXOhG9bRDb3vSTg-qkPAZg,Gweilo-60,2019-02-25 19:48:51.067674,10994,0
UChXOhG9bRDb3vSTg-qkPAZg,Gweilo-60,2019-02-25 19:47:51.727631,10994,0
UChXOhG9bRDb3vSTg-qkPAZg,Gweilo-60,2019-02-25 19:46:51.058967,10994,0
UChXOhG9bRDb3vSTg-qkPAZg,Gweilo-60,2019-02-25 19:45:50.511922,10994,0
UChXOhG9bRDb3vSTg-qkPAZg,Gweilo-60,2019-02-25 19:44:50.768818,10994,0
UChXOhG9bRDb3vSTg-qkPAZg,Gweilo-60,2019-02-25 19:43:51.425787,10994,0
UChXOhG9bRDb3vSTg-qkPAZg,Gweilo-60,2019-02-25 19:42:51.265101,10994,0
UChXOhG9bRDb3vSTg-qkPAZg,Gweilo-60,2019-02-25 19:41:50.913223,10994,0
UChXOhG9bRDb3vSTg-qkPAZg,Gweilo-60,2019-02-25 19:40:51.138027,10994,0
UChXOhG9bRDb3vSTg-qkPAZg,Gweilo-60,2019-02-25 19:39:50.928212,10994,0
UChXOhG9bRDb3vSTg-qkPAZg,Gweilo-60,2019-02-25 19:38:50.303952,10994,0
UChXOhG9bRDb3vSTg-qkPAZg,Gweilo-60,2019-02-25 19:37:50.926347,10994,0
UChXOhG9bRDb3vSTg-qkPAZg,Gweilo-60,2019-02-25 19:36:51.23062,10994,0
UChXOhG9bRDb3vSTg-qkPAZg,Gweilo-60,2019-02-25 19:35:50.937904,10994,0
UChXOhG9bRDb3vSTg-qkPAZg,Gweilo-60,2019-02-25 19:34:51.065657,10994,1
UChXOhG9bRDb3vSTg-qkPAZg,Gweilo-60,2019-02-25 19:33:51.512436,10993,0
UChXOhG9bRDb3vSTg-qkPAZg,Gweilo-60,2019-02-25 19:32:50.867109,10993,0
UChXOhG9bRDb3vSTg-qkPAZg,Gweilo-60,2019-02-25 19:31:50.608175,10993,0
UChXOhG9bRDb3vSTg-qkPAZg,Gweilo-60,2019-02-25 19:30:50.713768,10993,0
UChXOhG9bRDb3vSTg-qkPAZg,Gweilo-60,2019-02-25 19:29:50.944869,10993,0
UChXOhG9bRDb3vSTg-qkPAZg,Gweilo-60,2019-02-25 19:28:51.059082,10993,0
UChXOhG9bRDb3vSTg-qkPAZg,Gweilo-60,2019-02-25 19:27:50.711146,10993,0
UChXOhG9bRDb3vSTg-qkPAZg,Gweilo-60,2019-02-25 19:26:50.945324,10993,0
UChXOhG9bRDb3vSTg-qkPAZg,Gweilo-60,2019-02-25 19:25:50.498696,10993,0
UChXOhG9bRDb3vSTg-qkPAZg,Gweilo-60,2019-02-25 19:24:51.645255,10993,0
UChXOhG9bRDb3vSTg-qkPAZg,Gweilo-60,2019-02-25 19:23:50.61122,10993,0
UChXOhG9bRDb3vSTg-qkPAZg,Gweilo-60,2019-02-25 19:22:50.732822,10993,0
UChXOhG9bRDb3vSTg-qkPAZg,Gweilo-60,2019-02-25 19:21:51.238245,10993,0
UChXOhG9bRDb3vSTg-qkPAZg,Gweilo-60,2019-02-25 19:20:51.535369,10993,0
UChXOhG9bRDb3vSTg-qkPAZg,Gweilo-60,2019-02-25 19:19:51.087432,10993,0
UChXOhG9bRDb3vSTg-qkPAZg,Gweilo-60,2019-02-25 19:18:51.449164,10993,0
UChXOhG9bRDb3vSTg-qkPAZg,Gweilo-60,2019-02-25 19:17:51.158893,10993,0
UChXOhG9bRDb3vSTg-qkPAZg,Gweilo-60,2019-02-25 19:16:51.441317,10993,0
UChXOhG9bRDb3vSTg-qkPAZg,Gweilo-60,2019-02-25 19:15:51.184889,10993,0
UChXOhG9bRDb3vSTg-qkPAZg,Gweilo-60,2019-02-25 19:14:51.564164,10993,0
UChXOhG9bRDb3vSTg-qkPAZg,Gweilo-60,2019-02-25 19:13:50.826241,10993,0
UChXOhG9bRDb3vSTg-qkPAZg,Gweilo-60,2019-02-25 19:12:50.489192,10993,0
UChXOhG9bRDb3vSTg-qkPAZg,Gweilo-60,2019-02-25 19:11:51.383691,10993,0
UChXOhG9bRDb3vSTg-qkPAZg,Gweilo-60,2019-02-25 19:10:51.008433,10993,0
UChXOhG9bRDb3vSTg-qkPAZg,Gweilo-60,2019-02-25 19:09:50.483945,10993,0
UChXOhG9bRDb3vSTg-qkPAZg,Gweilo-60,2019-02-25 19:08:50.501867,10993,0
UChXOhG9bRDb3vSTg-qkPAZg,Gweilo-60,2019-02-25 19:07:51.040758,10993,0
UChXOhG9bRDb3vSTg-qkPAZg,Gweilo-60,2019-02-25 19:06:50.567044,10993,0
UChXOhG9bRDb3vSTg-qkPAZg,Gweilo-60,2019-02-25 19:05:51.024344,10993,0
UChXOhG9bRDb3vSTg-qkPAZg,Gweilo-60,2019-02-25 19:04:51.194253,10993,-4
UChXOhG9bRDb3vSTg-qkPAZg,Gweilo-60,2019-02-25 19:03:50.754499,10997,0
UChXOhG9bRDb3vSTg-qkPAZg,Gweilo-60,2019-02-25 19:02:51.236072,10997,0
UChXOhG9bRDb3vSTg-qkPAZg,Gweilo-60,2019-02-25 19:01:51.373333,10997,-1
UChXOhG9bRDb3vSTg-qkPAZg,Gweilo-60,2019-02-25 19:00:51.196506,10998,1
UChXOhG9bRDb3vSTg-qkPAZg,Gweilo-60,2019-02-25 18:59:50.435511,10997,0
UChXOhG9bRDb3vSTg-qkPAZg,Gweilo-60,2019-02-25 18:58:50.598851,10997,0
UChXOhG9bRDb3vSTg-qkPAZg,Gweilo-60,2019-02-25 18:57:51.072955,10997,0
UChXOhG9bRDb3vSTg-qkPAZg,Gweilo-60,2019-02-25 18:56:51.735533,10997,0
UChXOhG9bRDb3vSTg-qkPAZg,Gweilo-60,2019-02-25 18:55:50.94447,10997,0
UChXOhG9bRDb3vSTg-qkPAZg,Gweilo-60,2019-02-25 18:54:50.566922,10997,1
UChXOhG9bRDb3vSTg-qkPAZg,Gweilo-60,2019-02-25 18:53:51.301433,10996,0
UChXOhG9bRDb3vSTg-qkPAZg,Gweilo-60,2019-02-25 18:52:51.583458,10996,0
UChXOhG9bRDb3vSTg-qkPAZg,Gweilo-60,2019-02-25 18:51:50.855915,10996,0
UChXOhG9bRDb3vSTg-qkPAZg,Gweilo-60,2019-02-25 18:50:50.556897,10996,0
UChXOhG9bRDb3vSTg-qkPAZg,Gweilo-60,2019-02-25 18:49:50.376958,10996,1
UChXOhG9bRDb3vSTg-qkPAZg,Gweilo-60,2019-02-25 18:48:51.016365,10995,0
UChXOhG9bRDb3vSTg-qkPAZg,Gweilo-60,2019-02-25 18:47:50.8663,10995,0
UChXOhG9bRDb3vSTg-qkPAZg,Gweilo-60,2019-02-25 18:46:51.076763,10995,0
UChXOhG9bRDb3vSTg-qkPAZg,Gweilo-60,2019-02-25 18:45:50.716155,10995,0
UChXOhG9bRDb3vSTg-qkPAZg,Gweilo-60,2019-02-25 18:44:50.740429,10995,0
UChXOhG9bRDb3vSTg-qkPAZg,Gweilo-60,2019-02-25 18:43:51.050629,10995,0
UChXOhG9bRDb3vSTg-qkPAZg,Gweilo-60,2019-02-25 18:42:51.190461,10995,1
UChXOhG9bRDb3vSTg-qkPAZg,Gweilo-60,2019-02-25 18:41:51.415301,10994,0
UChXOhG9bRDb3vSTg-qkPAZg,Gweilo-60,2019-02-25 18:40:50.948607,10994,0
UChXOhG9bRDb3vSTg-qkPAZg,Gweilo-60,2019-02-25 18:39:50.846591,10994,0
UChXOhG9bRDb3vSTg-qkPAZg,Gweilo-60,2019-02-25 18:38:50.992517,10994,0
UChXOhG9bRDb3vSTg-qkPAZg,Gweilo-60,2019-02-25 18:37:52.273788,10994,0
UChXOhG9bRDb3vSTg-qkPAZg,Gweilo-60,2019-02-25 18:36:51.299367,10994,0
UChXOhG9bRDb3vSTg-qkPAZg,Gweilo-60,2019-02-25 18:35:51.019662,10994,1
UChXOhG9bRDb3vSTg-qkPAZg,Gweilo-60,2019-02-25 18:34:50.814433,10993,0
UChXOhG9bRDb3vSTg-qkPAZg,Gweilo-60,2019-02-25 18:33:50.885102,10993,0
UChXOhG9bRDb3vSTg-qkPAZg,Gweilo-60,2019-02-25 18:32:50.844668,10993,0
UChXOhG9bRDb3vSTg-qkPAZg,Gweilo-60,2019-02-25 18:31:51.364401,10993,0
UChXOhG9bRDb3vSTg-qkPAZg,Gweilo-60,2019-02-25 18:30:51.43974,10993,0
UChXOhG9bRDb3vSTg-qkPAZg,Gweilo-60,2019-02-25 18:29:52.18095,10993,0
UChXOhG9bRDb3vSTg-qkPAZg,Gweilo-60,2019-02-25 18:28:51.549795,10993,1
UChXOhG9bRDb3vSTg-qkPAZg,Gweilo-60,2019-02-25 18:27:51.640644,10992,0
UChXOhG9bRDb3vSTg-qkPAZg,Gweilo-60,2019-02-25 18:26:50.767453,10992,0
UChXOhG9bRDb3vSTg-qkPAZg,Gweilo-60,2019-02-25 18:25:51.329639,10992,0
UChXOhG9bRDb3vSTg-qkPAZg,Gweilo-60,2019-02-25 18:24:51.253838,10992,0
UChXOhG9bRDb3vSTg-qkPAZg,Gweilo-60,2019-02-25 18:23:50.860846,10992,0
UChXOhG9bRDb3vSTg-qkPAZg,Gweilo-60,2019-02-25 18:22:51.038466,10992,0
UChXOhG9bRDb3vSTg-qkPAZg,Gweilo-60,2019-02-25 18:21:50.81503,10992,0
UChXOhG9bRDb3vSTg-qkPAZg,Gweilo-60,2019-02-25 18:20:51.568692,10992,0
UChXOhG9bRDb3vSTg-qkPAZg,Gweilo-60,2019-02-25 18:19:51.595226,10992,0
UChXOhG9bRDb3vSTg-qkPAZg,Gweilo-60,2019-02-25 18:18:51.313733,10992,0
UChXOhG9bRDb3vSTg-qkPAZg,Gweilo-60,2019-02-25 18:17:51.720764,10992,0
UChXOhG9bRDb3vSTg-qkPAZg,Gweilo-60,2019-02-25 18:16:51.311891,10992,0
UChXOhG9bRDb3vSTg-qkPAZg,Gweilo-60,2019-02-25 18:15:51.644383,10992,0
UChXOhG9bRDb3vSTg-qkPAZg,Gweilo-60,2019-02-25 18:14:51.896393,10992,0
UChXOhG9bRDb3vSTg-qkPAZg,Gweilo-60,2019-02-25 18:13:50.996688,10992,1
UChXOhG9bRDb3vSTg-qkPAZg,Gweilo-60,2019-02-25 18:12:51.470269,10991,0
UChXOhG9bRDb3vSTg-qkPAZg,Gweilo-60,2019-02-25 18:11:50.89321,10991,0
UChXOhG9bRDb3vSTg-qkPAZg,Gweilo-60,2019-02-25 18:10:51.151307,10991,0
UChXOhG9bRDb3vSTg-qkPAZg,Gweilo-60,2019-02-25 18:09:51.066289,10991,0
UChXOhG9bRDb3vSTg-qkPAZg,Gweilo-60,2019-02-25 18:08:50.721832,10991,0
UChXOhG9bRDb3vSTg-qkPAZg,Gweilo-60,2019-02-25 18:07:50.942737,10991,0
UChXOhG9bRDb3vSTg-qkPAZg,Gweilo-60,2019-02-25 18:06:50.800798,10991,0
UChXOhG9bRDb3vSTg-qkPAZg,Gweilo-60,2019-02-25 18:05:52.38589,10991,0
UChXOhG9bRDb3vSTg-qkPAZg,Gweilo-60,2019-02-25 18:04:51.022832,10991,0
UChXOhG9bRDb3vSTg-qkPAZg,Gweilo-60,2019-02-25 18:03:50.823104,10991,0
UChXOhG9bRDb3vSTg-qkPAZg,Gweilo-60,2019-02-25 18:02:51.778209,10991,1
UChXOhG9bRDb3vSTg-qkPAZg,Gweilo-60,2019-02-25 18:01:50.921117,10990,0
UChXOhG9bRDb3vSTg-qkPAZg,Gweilo-60,2019-02-25 18:00:51.581175,10990,0
UChXOhG9bRDb3vSTg-qkPAZg,Gweilo-60,2019-02-25 17:59:51.187469,10990,0
UChXOhG9bRDb3vSTg-qkPAZg,Gweilo-60,2019-02-25 17:58:51.284203,10990,1
UChXOhG9bRDb3vSTg-qkPAZg,Gweilo-60,2019-02-25 17:57:51.161392,10989,0
UChXOhG9bRDb3vSTg-qkPAZg,Gweilo-60,2019-02-25 17:56:51.573312,10989,0
UChXOhG9bRDb3vSTg-qkPAZg,Gweilo-60,2019-02-25 17:55:50.797421,10989,0
UChXOhG9bRDb3vSTg-qkPAZg,Gweilo-60,2019-02-25 17:54:51.157127,10989,0
UChXOhG9bRDb3vSTg-qkPAZg,Gweilo-60,2019-02-25 17:53:51.67208,10989,0
UChXOhG9bRDb3vSTg-qkPAZg,Gweilo-60,2019-02-25 17:52:51.259474,10989,0
UChXOhG9bRDb3vSTg-qkPAZg,Gweilo-60,2019-02-25 17:51:51.139487,10989,0
UChXOhG9bRDb3vSTg-qkPAZg,Gweilo-60,2019-02-25 17:50:51.505865,10989,0
UChXOhG9bRDb3vSTg-qkPAZg,Gweilo-60,2019-02-25 17:49:50.780978,10989,0
UChXOhG9bRDb3vSTg-qkPAZg,Gweilo-60,2019-02-25 17:48:50.882184,10989,0
UChXOhG9bRDb3vSTg-qkPAZg,Gweilo-60,2019-02-25 17:47:51.072108,10989,0
UChXOhG9bRDb3vSTg-qkPAZg,Gweilo-60,2019-02-25 17:46:51.871011,10989,0
UChXOhG9bRDb3vSTg-qkPAZg,Gweilo-60,2019-02-25 17:45:51.296843,10989,0
UChXOhG9bRDb3vSTg-qkPAZg,Gweilo-60,2019-02-25 17:44:50.596735,10989,0
UChXOhG9bRDb3vSTg-qkPAZg,Gweilo-60,2019-02-25 17:43:51.329753,10989,0
UChXOhG9bRDb3vSTg-qkPAZg,Gweilo-60,2019-02-25 17:42:51.272573,10989,0
UChXOhG9bRDb3vSTg-qkPAZg,Gweilo-60,2019-02-25 17:41:51.359191,10989,0
UChXOhG9bRDb3vSTg-qkPAZg,Gweilo-60,2019-02-25 17:40:50.652097,10989,0
UChXOhG9bRDb3vSTg-qkPAZg,Gweilo-60,2019-02-25 17:39:50.998908,10989,0
UChXOhG9bRDb3vSTg-qkPAZg,Gweilo-60,2019-02-25 17:38:50.595514,10989,0
UChXOhG9bRDb3vSTg-qkPAZg,Gweilo-60,2019-02-25 17:37:51.660976,10989,0
UChXOhG9bRDb3vSTg-qkPAZg,Gweilo-60,2019-02-25 17:36:51.074801,10989,0
UChXOhG9bRDb3vSTg-qkPAZg,Gweilo-60,2019-02-25 17:35:50.95902,10989,0
UChXOhG9bRDb3vSTg-qkPAZg,Gweilo-60,2019-02-25 17:34:51.193075,10989,0
UChXOhG9bRDb3vSTg-qkPAZg,Gweilo-60,2019-02-25 17:33:52.288223,10989,0
UChXOhG9bRDb3vSTg-qkPAZg,Gweilo-60,2019-02-25 17:32:51.089382,10989,0
UChXOhG9bRDb3vSTg-qkPAZg,Gweilo-60,2019-02-25 17:31:50.93062,10989,1
UChXOhG9bRDb3vSTg-qkPAZg,Gweilo-60,2019-02-25 17:30:50.933717,10988,0
UChXOhG9bRDb3vSTg-qkPAZg,Gweilo-60,2019-02-25 17:29:51.901435,10988,0
UChXOhG9bRDb3vSTg-qkPAZg,Gweilo-60,2019-02-25 17:28:51.105002,10988,0
UChXOhG9bRDb3vSTg-qkPAZg,Gweilo-60,2019-02-25 17:27:50.994688,10988,0
UChXOhG9bRDb3vSTg-qkPAZg,Gweilo-60,2019-02-25 17:26:51.252445,10988,0
UChXOhG9bRDb3vSTg-qkPAZg,Gweilo-60,2019-02-25 17:25:51.605045,10988,0
UChXOhG9bRDb3vSTg-qkPAZg,Gweilo-60,2019-02-25 17:24:51.330703,10988,1
UChXOhG9bRDb3vSTg-qkPAZg,Gweilo-60,2019-02-25 17:23:50.810246,10987,0
UChXOhG9bRDb3vSTg-qkPAZg,Gweilo-60,2019-02-25 17:22:51.825641,10987,1
UChXOhG9bRDb3vSTg-qkPAZg,Gweilo-60,2019-02-25 17:21:51.354352,10986,0
UChXOhG9bRDb3vSTg-qkPAZg,Gweilo-60,2019-02-25 17:20:51.142628,10986,0
UChXOhG9bRDb3vSTg-qkPAZg,Gweilo-60,2019-02-25 17:19:50.884684,10986,0
UChXOhG9bRDb3vSTg-qkPAZg,Gweilo-60,2019-02-25 17:18:51.137026,10986,0
UChXOhG9bRDb3vSTg-qkPAZg,Gweilo-60,2019-02-25 17:17:51.129459,10986,0
UChXOhG9bRDb3vSTg-qkPAZg,Gweilo-60,2019-02-25 17:16:50.948688,10986,0
UChXOhG9bRDb3vSTg-qkPAZg,Gweilo-60,2019-02-25 17:15:51.455589,10986,0
UChXOhG9bRDb3vSTg-qkPAZg,Gweilo-60,2019-02-25 17:14:50.901213,10986,0
UChXOhG9bRDb3vSTg-qkPAZg,Gweilo-60,2019-02-25 17:13:50.915691,10986,0
UChXOhG9bRDb3vSTg-qkPAZg,Gweilo-60,2019-02-25 17:12:51.117469,10986,0
UChXOhG9bRDb3vSTg-qkPAZg,Gweilo-60,2019-02-25 17:11:51.635122,10986,0
UChXOhG9bRDb3vSTg-qkPAZg,Gweilo-60,2019-02-25 17:10:51.07768,10986,0
UChXOhG9bRDb3vSTg-qkPAZg,Gweilo-60,2019-02-25 17:09:51.334437,10986,0
UChXOhG9bRDb3vSTg-qkPAZg,Gweilo-60,2019-02-25 17:08:51.048716,10986,0
UChXOhG9bRDb3vSTg-qkPAZg,Gweilo-60,2019-02-25 17:07:51.301424,10986,0
UChXOhG9bRDb3vSTg-qkPAZg,Gweilo-60,2019-02-25 17:06:51.160413,10986,0
UChXOhG9bRDb3vSTg-qkPAZg,Gweilo-60,2019-02-25 17:05:50.993374,10986,0
UChXOhG9bRDb3vSTg-qkPAZg,Gweilo-60,2019-02-25 17:04:51.328986,10986,0
UChXOhG9bRDb3vSTg-qkPAZg,Gweilo-60,2019-02-25 17:03:50.936924,10986,0
UChXOhG9bRDb3vSTg-qkPAZg,Gweilo-60,2019-02-25 17:02:51.238687,10986,0
UChXOhG9bRDb3vSTg-qkPAZg,Gweilo-60,2019-02-25 17:01:51.182346,10986,0
UChXOhG9bRDb3vSTg-qkPAZg,Gweilo-60,2019-02-25 17:00:51.192276,10986,0
UChXOhG9bRDb3vSTg-qkPAZg,Gweilo-60,2019-02-25 16:59:51.443065,10986,0
UChXOhG9bRDb3vSTg-qkPAZg,Gweilo-60,2019-02-25 16:58:51.06947,10986,0
UChXOhG9bRDb3vSTg-qkPAZg,Gweilo-60,2019-02-25 16:57:51.416243,10986,0
UChXOhG9bRDb3vSTg-qkPAZg,Gweilo-60,2019-02-25 16:56:50.857295,10986,0
UChXOhG9bRDb3vSTg-qkPAZg,Gweilo-60,2019-02-25 16:55:51.156614,10986,0
UChXOhG9bRDb3vSTg-qkPAZg,Gweilo-60,2019-02-25 16:54:51.003256,10986,0
UChXOhG9bRDb3vSTg-qkPAZg,Gweilo-60,2019-02-25 16:53:51.696209,10986,0
UChXOhG9bRDb3vSTg-qkPAZg,Gweilo-60,2019-02-25 16:52:50.702789,10986,0
UChXOhG9bRDb3vSTg-qkPAZg,Gweilo-60,2019-02-25 16:51:50.915052,10986,0
UChXOhG9bRDb3vSTg-qkPAZg,Gweilo-60,2019-02-25 16:50:51.130599,10986,0
UChXOhG9bRDb3vSTg-qkPAZg,Gweilo-60,2019-02-25 16:49:50.939911,10986,0
UChXOhG9bRDb3vSTg-qkPAZg,Gweilo-60,2019-02-25 16:48:50.849334,10986,0
UChXOhG9bRDb3vSTg-qkPAZg,Gweilo-60,2019-02-25 16:47:51.320383,10986,0
UChXOhG9bRDb3vSTg-qkPAZg,Gweilo-60,2019-02-25 16:46:51.061616,10986,0
UChXOhG9bRDb3vSTg-qkPAZg,Gweilo-60,2019-02-25 16:45:50.762599,10986,0
UChXOhG9bRDb3vSTg-qkPAZg,Gweilo-60,2019-02-25 16:44:51.454006,10986,0
UChXOhG9bRDb3vSTg-qkPAZg,Gweilo-60,2019-02-25 16:43:51.087804,10986,0
UChXOhG9bRDb3vSTg-qkPAZg,Gweilo-60,2019-02-25 16:42:51.040132,10986,0
UChXOhG9bRDb3vSTg-qkPAZg,Gweilo-60,2019-02-25 16:41:51.337882,10986,0
UChXOhG9bRDb3vSTg-qkPAZg,Gweilo-60,2019-02-25 16:40:51.307258,10986,0
UChXOhG9bRDb3vSTg-qkPAZg,Gweilo-60,2019-02-25 16:39:50.93944,10986,0
UChXOhG9bRDb3vSTg-qkPAZg,Gweilo-60,2019-02-25 16:38:51.410713,10986,0
UChXOhG9bRDb3vSTg-qkPAZg,Gweilo-60,2019-02-25 16:37:51.347226,10986,1
UChXOhG9bRDb3vSTg-qkPAZg,Gweilo-60,2019-02-25 16:36:51.576347,10985,0
UChXOhG9bRDb3vSTg-qkPAZg,Gweilo-60,2019-02-25 16:35:51.000426,10985,0
UChXOhG9bRDb3vSTg-qkPAZg,Gweilo-60,2019-02-25 16:34:51.227881,10985,0
UChXOhG9bRDb3vSTg-qkPAZg,Gweilo-60,2019-02-25 16:33:52.497238,10985,0
UChXOhG9bRDb3vSTg-qkPAZg,Gweilo-60,2019-02-25 16:32:51.137336,10985,0
UChXOhG9bRDb3vSTg-qkPAZg,Gweilo-60,2019-02-25 16:31:51.573172,10985,0
UChXOhG9bRDb3vSTg-qkPAZg,Gweilo-60,2019-02-25 16:30:50.768289,10985,0
UChXOhG9bRDb3vSTg-qkPAZg,Gweilo-60,2019-02-25 16:29:50.75476,10985,0
UChXOhG9bRDb3vSTg-qkPAZg,Gweilo-60,2019-02-25 16:28:51.212955,10985,0
UChXOhG9bRDb3vSTg-qkPAZg,Gweilo-60,2019-02-25 16:27:51.512797,10985,0
UChXOhG9bRDb3vSTg-qkPAZg,Gweilo-60,2019-02-25 16:26:50.81345,10985,0
UChXOhG9bRDb3vSTg-qkPAZg,Gweilo-60,2019-02-25 16:25:51.164855,10985,0
UChXOhG9bRDb3vSTg-qkPAZg,Gweilo-60,2019-02-25 16:24:50.94922,10985,0
UChXOhG9bRDb3vSTg-qkPAZg,Gweilo-60,2019-02-25 16:23:51.384089,10985,0
UChXOhG9bRDb3vSTg-qkPAZg,Gweilo-60,2019-02-25 16:22:51.698915,10985,0
UChXOhG9bRDb3vSTg-qkPAZg,Gweilo-60,2019-02-25 16:21:51.071637,10985,0
UChXOhG9bRDb3vSTg-qkPAZg,Gweilo-60,2019-02-25 16:20:51.863053,10985,0
UChXOhG9bRDb3vSTg-qkPAZg,Gweilo-60,2019-02-25 16:19:51.219933,10985,0
UChXOhG9bRDb3vSTg-qkPAZg,Gweilo-60,2019-02-25 16:18:51.061403,10985,0
UChXOhG9bRDb3vSTg-qkPAZg,Gweilo-60,2019-02-25 16:17:50.973243,10985,0
UChXOhG9bRDb3vSTg-qkPAZg,Gweilo-60,2019-02-25 16:16:51.123712,10985,0
UChXOhG9bRDb3vSTg-qkPAZg,Gweilo-60,2019-02-25 16:15:51.224765,10985,0
UChXOhG9bRDb3vSTg-qkPAZg,Gweilo-60,2019-02-25 16:14:51.071214,10985,0
UChXOhG9bRDb3vSTg-qkPAZg,Gweilo-60,2019-02-25 16:13:51.224741,10985,0
UChXOhG9bRDb3vSTg-qkPAZg,Gweilo-60,2019-02-25 16:12:51.214314,10985,0
UChXOhG9bRDb3vSTg-qkPAZg,Gweilo-60,2019-02-25 16:11:50.555756,10985,0
UChXOhG9bRDb3vSTg-qkPAZg,Gweilo-60,2019-02-25 16:10:51.643359,10985,0
UChXOhG9bRDb3vSTg-qkPAZg,Gweilo-60,2019-02-25 16:09:51.649201,10985,0
UChXOhG9bRDb3vSTg-qkPAZg,Gweilo-60,2019-02-25 16:08:51.806268,10985,0
UChXOhG9bRDb3vSTg-qkPAZg,Gweilo-60,2019-02-25 16:07:51.111377,10985,0
UChXOhG9bRDb3vSTg-qkPAZg,Gweilo-60,2019-02-25 16:06:51.016083,10985,0
UChXOhG9bRDb3vSTg-qkPAZg,Gweilo-60,2019-02-25 16:05:51.121487,10985,0
UChXOhG9bRDb3vSTg-qkPAZg,Gweilo-60,2019-02-25 16:04:51.445478,10985,0
UChXOhG9bRDb3vSTg-qkPAZg,Gweilo-60,2019-02-25 16:03:51.318195,10985,0
UChXOhG9bRDb3vSTg-qkPAZg,Gweilo-60,2019-02-25 16:02:51.190446,10985,0
UChXOhG9bRDb3vSTg-qkPAZg,Gweilo-60,2019-02-25 16:01:51.492127,10985,0
UChXOhG9bRDb3vSTg-qkPAZg,Gweilo-60,2019-02-25 16:00:50.855364,10985,0
UChXOhG9bRDb3vSTg-qkPAZg,Gweilo-60,2019-02-25 15:59:51.094181,10985,0
UChXOhG9bRDb3vSTg-qkPAZg,Gweilo-60,2019-02-25 15:58:51.701207,10985,0
UChXOhG9bRDb3vSTg-qkPAZg,Gweilo-60,2019-02-25 15:57:51.554465,10985,0
UChXOhG9bRDb3vSTg-qkPAZg,Gweilo-60,2019-02-25 15:56:51.288201,10985,0
UChXOhG9bRDb3vSTg-qkPAZg,Gweilo-60,2019-02-25 15:55:51.050566,10985,0
UChXOhG9bRDb3vSTg-qkPAZg,Gweilo-60,2019-02-25 15:54:50.536314,10985,0
UChXOhG9bRDb3vSTg-qkPAZg,Gweilo-60,2019-02-25 15:53:50.824843,10985,0
UChXOhG9bRDb3vSTg-qkPAZg,Gweilo-60,2019-02-25 15:52:51.084492,10985,0
UChXOhG9bRDb3vSTg-qkPAZg,Gweilo-60,2019-02-25 15:51:51.8181,10985,0
UChXOhG9bRDb3vSTg-qkPAZg,Gweilo-60,2019-02-25 15:50:51.240454,10985,0
UChXOhG9bRDb3vSTg-qkPAZg,Gweilo-60,2019-02-25 15:49:51.396936,10985,0
UChXOhG9bRDb3vSTg-qkPAZg,Gweilo-60,2019-02-25 15:48:51.723447,10985,0
UChXOhG9bRDb3vSTg-qkPAZg,Gweilo-60,2019-02-25 15:47:51.016295,10985,0
UChXOhG9bRDb3vSTg-qkPAZg,Gweilo-60,2019-02-25 15:46:51.267381,10985,0
UChXOhG9bRDb3vSTg-qkPAZg,Gweilo-60,2019-02-25 15:45:51.471663,10985,0
UChXOhG9bRDb3vSTg-qkPAZg,Gweilo-60,2019-02-25 15:44:51.055829,10985,0
UChXOhG9bRDb3vSTg-qkPAZg,Gweilo-60,2019-02-25 15:43:51.581887,10985,0
UChXOhG9bRDb3vSTg-qkPAZg,Gweilo-60,2019-02-25 15:42:51.525588,10985,0
UChXOhG9bRDb3vSTg-qkPAZg,Gweilo-60,2019-02-25 15:41:52.415304,10985,0
UChXOhG9bRDb3vSTg-qkPAZg,Gweilo-60,2019-02-25 15:40:51.507543,10985,0
UChXOhG9bRDb3vSTg-qkPAZg,Gweilo-60,2019-02-25 15:39:51.089914,10985,0
UChXOhG9bRDb3vSTg-qkPAZg,Gweilo-60,2019-02-25 15:38:51.101099,10985,1
UChXOhG9bRDb3vSTg-qkPAZg,Gweilo-60,2019-02-25 15:37:51.017513,10984,0
UChXOhG9bRDb3vSTg-qkPAZg,Gweilo-60,2019-02-25 15:36:51.136723,10984,0
UChXOhG9bRDb3vSTg-qkPAZg,Gweilo-60,2019-02-25 15:35:51.230041,10984,0
UChXOhG9bRDb3vSTg-qkPAZg,Gweilo-60,2019-02-25 15:34:51.141305,10984,0
UChXOhG9bRDb3vSTg-qkPAZg,Gweilo-60,2019-02-25 15:33:50.858364,10984,1
UChXOhG9bRDb3vSTg-qkPAZg,Gweilo-60,2019-02-25 15:32:51.512773,10983,0
UChXOhG9bRDb3vSTg-qkPAZg,Gweilo-60,2019-02-25 15:31:50.80638,10983,0
UChXOhG9bRDb3vSTg-qkPAZg,Gweilo-60,2019-02-25 15:30:51.217063,10983,0
UChXOhG9bRDb3vSTg-qkPAZg,Gweilo-60,2019-02-25 15:29:51.193576,10983,1
UChXOhG9bRDb3vSTg-qkPAZg,Gweilo-60,2019-02-25 15:28:50.97388,10982,0
UChXOhG9bRDb3vSTg-qkPAZg,Gweilo-60,2019-02-25 15:27:50.775855,10982,0
UChXOhG9bRDb3vSTg-qkPAZg,Gweilo-60,2019-02-25 15:26:50.550201,10982,1
UChXOhG9bRDb3vSTg-qkPAZg,Gweilo-60,2019-02-25 15:25:50.949035,10981,0
UChXOhG9bRDb3vSTg-qkPAZg,Gweilo-60,2019-02-25 15:24:51.206477,10981,0
UChXOhG9bRDb3vSTg-qkPAZg,Gweilo-60,2019-02-25 15:23:51.41977,10981,2
UChXOhG9bRDb3vSTg-qkPAZg,Gweilo-60,2019-02-25 15:22:50.83497,10979,0
UChXOhG9bRDb3vSTg-qkPAZg,Gweilo-60,2019-02-25 15:21:50.98008,10979,0
UChXOhG9bRDb3vSTg-qkPAZg,Gweilo-60,2019-02-25 15:20:50.881083,10979,0
UChXOhG9bRDb3vSTg-qkPAZg,Gweilo-60,2019-02-25 15:19:51.434349,10979,0
UChXOhG9bRDb3vSTg-qkPAZg,Gweilo-60,2019-02-25 15:18:51.130173,10979,0
UChXOhG9bRDb3vSTg-qkPAZg,Gweilo-60,2019-02-25 15:17:50.851304,10979,0
UChXOhG9bRDb3vSTg-qkPAZg,Gweilo-60,2019-02-25 15:16:50.839625,10979,0
UChXOhG9bRDb3vSTg-qkPAZg,Gweilo-60,2019-02-25 15:15:51.295313,10979,0
UChXOhG9bRDb3vSTg-qkPAZg,Gweilo-60,2019-02-25 15:14:50.601905,10979,0
UChXOhG9bRDb3vSTg-qkPAZg,Gweilo-60,2019-02-25 15:13:50.961251,10979,0
UChXOhG9bRDb3vSTg-qkPAZg,Gweilo-60,2019-02-25 15:12:50.573247,10979,0
UChXOhG9bRDb3vSTg-qkPAZg,Gweilo-60,2019-02-25 15:11:50.886788,10979,0
UChXOhG9bRDb3vSTg-qkPAZg,Gweilo-60,2019-02-25 15:10:51.550227,10979,0
UChXOhG9bRDb3vSTg-qkPAZg,Gweilo-60,2019-02-25 15:09:51.374417,10979,0
UChXOhG9bRDb3vSTg-qkPAZg,Gweilo-60,2019-02-25 15:08:50.919495,10979,0
UChXOhG9bRDb3vSTg-qkPAZg,Gweilo-60,2019-02-25 15:07:50.747395,10979,0
UChXOhG9bRDb3vSTg-qkPAZg,Gweilo-60,2019-02-25 15:06:50.861403,10979,0
UChXOhG9bRDb3vSTg-qkPAZg,Gweilo-60,2019-02-25 15:05:51.111941,10979,1
UChXOhG9bRDb3vSTg-qkPAZg,Gweilo-60,2019-02-25 15:04:51.61418,10978,0
UChXOhG9bRDb3vSTg-qkPAZg,Gweilo-60,2019-02-25 15:03:51.282073,10978,1
UChXOhG9bRDb3vSTg-qkPAZg,Gweilo-60,2019-02-25 15:02:51.125612,10977,0
UChXOhG9bRDb3vSTg-qkPAZg,Gweilo-60,2019-02-25 15:01:51.77234,10977,0
UChXOhG9bRDb3vSTg-qkPAZg,Gweilo-60,2019-02-25 15:00:50.868295,10977,0
UChXOhG9bRDb3vSTg-qkPAZg,Gweilo-60,2019-02-25 14:59:51.210743,10977,0
UChXOhG9bRDb3vSTg-qkPAZg,Gweilo-60,2019-02-25 14:58:50.848213,10977,0
UChXOhG9bRDb3vSTg-qkPAZg,Gweilo-60,2019-02-25 14:57:51.194975,10977,0
UChXOhG9bRDb3vSTg-qkPAZg,Gweilo-60,2019-02-25 14:56:51.590987,10977,0
UChXOhG9bRDb3vSTg-qkPAZg,Gweilo-60,2019-02-25 14:55:51.529321,10977,0
UChXOhG9bRDb3vSTg-qkPAZg,Gweilo-60,2019-02-25 14:54:51.004276,10977,0
UChXOhG9bRDb3vSTg-qkPAZg,Gweilo-60,2019-02-25 14:53:51.527837,10977,0
UChXOhG9bRDb3vSTg-qkPAZg,Gweilo-60,2019-02-25 14:52:51.232251,10977,0
UChXOhG9bRDb3vSTg-qkPAZg,Gweilo-60,2019-02-25 14:51:51.100262,10977,0
UChXOhG9bRDb3vSTg-qkPAZg,Gweilo-60,2019-02-25 14:50:50.698562,10977,0
UChXOhG9bRDb3vSTg-qkPAZg,Gweilo-60,2019-02-25 14:49:50.884685,10977,0
UChXOhG9bRDb3vSTg-qkPAZg,Gweilo-60,2019-02-25 14:48:51.556872,10977,0
UChXOhG9bRDb3vSTg-qkPAZg,Gweilo-60,2019-02-25 14:47:50.949459,10977,0
UChXOhG9bRDb3vSTg-qkPAZg,Gweilo-60,2019-02-25 14:46:50.778155,10977,0
UChXOhG9bRDb3vSTg-qkPAZg,Gweilo-60,2019-02-25 14:45:50.984993,10977,0
UChXOhG9bRDb3vSTg-qkPAZg,Gweilo-60,2019-02-25 14:44:50.986853,10977,0
UChXOhG9bRDb3vSTg-qkPAZg,Gweilo-60,2019-02-25 14:43:51.238636,10977,0
UChXOhG9bRDb3vSTg-qkPAZg,Gweilo-60,2019-02-25 14:42:51.22919,10977,0
UChXOhG9bRDb3vSTg-qkPAZg,Gweilo-60,2019-02-25 14:41:51.266179,10977,0
UChXOhG9bRDb3vSTg-qkPAZg,Gweilo-60,2019-02-25 14:40:51.183113,10977,0
UChXOhG9bRDb3vSTg-qkPAZg,Gweilo-60,2019-02-25 14:39:51.068113,10977,0
UChXOhG9bRDb3vSTg-qkPAZg,Gweilo-60,2019-02-25 14:38:51.720606,10977,0
UChXOhG9bRDb3vSTg-qkPAZg,Gweilo-60,2019-02-25 14:37:50.918619,10977,0
UChXOhG9bRDb3vSTg-qkPAZg,Gweilo-60,2019-02-25 14:36:51.427012,10977,0
UChXOhG9bRDb3vSTg-qkPAZg,Gweilo-60,2019-02-25 14:35:51.080564,10977,0
UChXOhG9bRDb3vSTg-qkPAZg,Gweilo-60,2019-02-25 14:34:50.585891,10977,0
UChXOhG9bRDb3vSTg-qkPAZg,Gweilo-60,2019-02-25 14:33:50.969713,10977,0
UChXOhG9bRDb3vSTg-qkPAZg,Gweilo-60,2019-02-25 14:32:51.680906,10977,0
UChXOhG9bRDb3vSTg-qkPAZg,Gweilo-60,2019-02-25 14:31:50.963577,10977,0
UChXOhG9bRDb3vSTg-qkPAZg,Gweilo-60,2019-02-25 14:30:51.175882,10977,0
UChXOhG9bRDb3vSTg-qkPAZg,Gweilo-60,2019-02-25 14:29:51.291604,10977,0
UChXOhG9bRDb3vSTg-qkPAZg,Gweilo-60,2019-02-25 14:28:51.255443,10977,0
UChXOhG9bRDb3vSTg-qkPAZg,Gweilo-60,2019-02-25 14:27:51.296654,10977,0
UChXOhG9bRDb3vSTg-qkPAZg,Gweilo-60,2019-02-25 14:26:51.269871,10977,0
UChXOhG9bRDb3vSTg-qkPAZg,Gweilo-60,2019-02-25 14:25:51.183099,10977,0
UChXOhG9bRDb3vSTg-qkPAZg,Gweilo-60,2019-02-25 14:24:51.120474,10977,0
UChXOhG9bRDb3vSTg-qkPAZg,Gweilo-60,2019-02-25 14:23:51.517657,10977,0
UChXOhG9bRDb3vSTg-qkPAZg,Gweilo-60,2019-02-25 14:22:51.086645,10977,0
UChXOhG9bRDb3vSTg-qkPAZg,Gweilo-60,2019-02-25 14:21:51.021897,10977,0
UChXOhG9bRDb3vSTg-qkPAZg,Gweilo-60,2019-02-25 14:20:50.967133,10977,0
UChXOhG9bRDb3vSTg-qkPAZg,Gweilo-60,2019-02-25 14:19:50.895566,10977,0
UChXOhG9bRDb3vSTg-qkPAZg,Gweilo-60,2019-02-25 14:18:50.879991,10977,0
UChXOhG9bRDb3vSTg-qkPAZg,Gweilo-60,2019-02-25 14:17:51.679734,10977,0
UChXOhG9bRDb3vSTg-qkPAZg,Gweilo-60,2019-02-25 14:16:51.392396,10977,0
UChXOhG9bRDb3vSTg-qkPAZg,Gweilo-60,2019-02-25 14:15:51.386531,10977,0
UChXOhG9bRDb3vSTg-qkPAZg,Gweilo-60,2019-02-25 14:14:51.816539,10977,0
UChXOhG9bRDb3vSTg-qkPAZg,Gweilo-60,2019-02-25 14:13:50.949976,10977,0
UChXOhG9bRDb3vSTg-qkPAZg,Gweilo-60,2019-02-25 14:12:51.042737,10977,1
UChXOhG9bRDb3vSTg-qkPAZg,Gweilo-60,2019-02-25 14:11:51.221397,10976,0
UChXOhG9bRDb3vSTg-qkPAZg,Gweilo-60,2019-02-25 14:10:51.190023,10976,0
UChXOhG9bRDb3vSTg-qkPAZg,Gweilo-60,2019-02-25 14:09:51.208485,10976,0
UChXOhG9bRDb3vSTg-qkPAZg,Gweilo-60,2019-02-25 14:08:51.494608,10976,0
UChXOhG9bRDb3vSTg-qkPAZg,Gweilo-60,2019-02-25 14:07:51.327494,10976,0
UChXOhG9bRDb3vSTg-qkPAZg,Gweilo-60,2019-02-25 14:06:51.246157,10976,0
UChXOhG9bRDb3vSTg-qkPAZg,Gweilo-60,2019-02-25 14:05:51.300278,10976,0
UChXOhG9bRDb3vSTg-qkPAZg,Gweilo-60,2019-02-25 14:04:50.823635,10976,0
UChXOhG9bRDb3vSTg-qkPAZg,Gweilo-60,2019-02-25 14:03:51.031006,10976,0
UChXOhG9bRDb3vSTg-qkPAZg,Gweilo-60,2019-02-25 14:02:51.166868,10976,0
UChXOhG9bRDb3vSTg-qkPAZg,Gweilo-60,2019-02-25 14:01:51.390623,10976,0
UChXOhG9bRDb3vSTg-qkPAZg,Gweilo-60,2019-02-25 14:00:51.956832,10976,0
UChXOhG9bRDb3vSTg-qkPAZg,Gweilo-60,2019-02-25 13:59:51.198866,10976,0
UChXOhG9bRDb3vSTg-qkPAZg,Gweilo-60,2019-02-25 13:58:52.117305,10976,0
UChXOhG9bRDb3vSTg-qkPAZg,Gweilo-60,2019-02-25 13:57:51.02659,10976,0
UChXOhG9bRDb3vSTg-qkPAZg,Gweilo-60,2019-02-25 13:56:50.955689,10976,0
UChXOhG9bRDb3vSTg-qkPAZg,Gweilo-60,2019-02-25 13:55:50.620814,10976,0
UChXOhG9bRDb3vSTg-qkPAZg,Gweilo-60,2019-02-25 13:54:51.203385,10976,0
UChXOhG9bRDb3vSTg-qkPAZg,Gweilo-60,2019-02-25 13:53:52.002276,10976,0
UChXOhG9bRDb3vSTg-qkPAZg,Gweilo-60,2019-02-25 13:52:51.100663,10976,0
UChXOhG9bRDb3vSTg-qkPAZg,Gweilo-60,2019-02-25 13:51:50.783538,10976,0
UChXOhG9bRDb3vSTg-qkPAZg,Gweilo-60,2019-02-25 13:50:51.064395,10976,0
UChXOhG9bRDb3vSTg-qkPAZg,Gweilo-60,2019-02-25 13:49:51.092473,10976,0
UChXOhG9bRDb3vSTg-qkPAZg,Gweilo-60,2019-02-25 13:48:51.285865,10976,1
UChXOhG9bRDb3vSTg-qkPAZg,Gweilo-60,2019-02-25 13:47:51.44331,10975,1
UChXOhG9bRDb3vSTg-qkPAZg,Gweilo-60,2019-02-25 13:46:51.477944,10974,0
UChXOhG9bRDb3vSTg-qkPAZg,Gweilo-60,2019-02-25 13:45:51.293273,10974,0
UChXOhG9bRDb3vSTg-qkPAZg,Gweilo-60,2019-02-25 13:44:51.15998,10974,0
UChXOhG9bRDb3vSTg-qkPAZg,Gweilo-60,2019-02-25 13:43:50.859279,10974,0
UChXOhG9bRDb3vSTg-qkPAZg,Gweilo-60,2019-02-25 13:42:51.292747,10974,1
UChXOhG9bRDb3vSTg-qkPAZg,Gweilo-60,2019-02-25 13:41:51.208058,10973,1
UChXOhG9bRDb3vSTg-qkPAZg,Gweilo-60,2019-02-25 13:40:51.410005,10972,0
UChXOhG9bRDb3vSTg-qkPAZg,Gweilo-60,2019-02-25 13:39:51.817423,10972,0
UChXOhG9bRDb3vSTg-qkPAZg,Gweilo-60,2019-02-25 13:38:50.632453,10972,0
UChXOhG9bRDb3vSTg-qkPAZg,Gweilo-60,2019-02-25 13:37:51.370342,10972,0
UChXOhG9bRDb3vSTg-qkPAZg,Gweilo-60,2019-02-25 13:36:50.93059,10972,0
UChXOhG9bRDb3vSTg-qkPAZg,Gweilo-60,2019-02-25 13:35:51.281182,10972,0
UChXOhG9bRDb3vSTg-qkPAZg,Gweilo-60,2019-02-25 13:34:51.032231,10972,0
UChXOhG9bRDb3vSTg-qkPAZg,Gweilo-60,2019-02-25 13:33:51.316519,10972,0
UChXOhG9bRDb3vSTg-qkPAZg,Gweilo-60,2019-02-25 13:32:51.178089,10972,0
UChXOhG9bRDb3vSTg-qkPAZg,Gweilo-60,2019-02-25 13:31:51.187353,10972,0
UChXOhG9bRDb3vSTg-qkPAZg,Gweilo-60,2019-02-25 13:30:50.734323,10972,0
UChXOhG9bRDb3vSTg-qkPAZg,Gweilo-60,2019-02-25 13:29:51.219976,10972,0
UChXOhG9bRDb3vSTg-qkPAZg,Gweilo-60,2019-02-25 13:28:51.462245,10972,0
UChXOhG9bRDb3vSTg-qkPAZg,Gweilo-60,2019-02-25 13:27:51.444988,10972,0
UChXOhG9bRDb3vSTg-qkPAZg,Gweilo-60,2019-02-25 13:26:51.006319,10972,0
UChXOhG9bRDb3vSTg-qkPAZg,Gweilo-60,2019-02-25 13:25:51.154392,10972,0
UChXOhG9bRDb3vSTg-qkPAZg,Gweilo-60,2019-02-25 13:24:51.412377,10972,0
UChXOhG9bRDb3vSTg-qkPAZg,Gweilo-60,2019-02-25 13:23:51.630377,10972,0
UChXOhG9bRDb3vSTg-qkPAZg,Gweilo-60,2019-02-25 13:22:51.266331,10972,0
UChXOhG9bRDb3vSTg-qkPAZg,Gweilo-60,2019-02-25 13:21:51.000314,10972,0
UChXOhG9bRDb3vSTg-qkPAZg,Gweilo-60,2019-02-25 13:20:51.432428,10972,0
UChXOhG9bRDb3vSTg-qkPAZg,Gweilo-60,2019-02-25 13:19:50.835774,10972,0
UChXOhG9bRDb3vSTg-qkPAZg,Gweilo-60,2019-02-25 13:18:50.618312,10972,0
UChXOhG9bRDb3vSTg-qkPAZg,Gweilo-60,2019-02-25 13:17:51.356002,10972,0
UChXOhG9bRDb3vSTg-qkPAZg,Gweilo-60,2019-02-25 13:16:50.841688,10972,0
UChXOhG9bRDb3vSTg-qkPAZg,Gweilo-60,2019-02-25 13:15:51.406999,10972,0
UChXOhG9bRDb3vSTg-qkPAZg,Gweilo-60,2019-02-25 13:14:50.856609,10972,-1
UChXOhG9bRDb3vSTg-qkPAZg,Gweilo-60,2019-02-25 13:13:50.89647,10973,-1
UChXOhG9bRDb3vSTg-qkPAZg,Gweilo-60,2019-02-25 13:12:51.461287,10974,0
UChXOhG9bRDb3vSTg-qkPAZg,Gweilo-60,2019-02-25 13:11:50.821937,10974,1
UChXOhG9bRDb3vSTg-qkPAZg,Gweilo-60,2019-02-25 13:10:51.641074,10973,-1
UChXOhG9bRDb3vSTg-qkPAZg,Gweilo-60,2019-02-25 13:09:50.81635,10974,-1
UChXOhG9bRDb3vSTg-qkPAZg,Gweilo-60,2019-02-25 13:08:50.868636,10975,-2
UChXOhG9bRDb3vSTg-qkPAZg,Gweilo-60,2019-02-25 13:07:51.334446,10977,0
UChXOhG9bRDb3vSTg-qkPAZg,Gweilo-60,2019-02-25 13:06:51.241117,10977,0
UChXOhG9bRDb3vSTg-qkPAZg,Gweilo-60,2019-02-25 13:05:50.968359,10977,-3
UChXOhG9bRDb3vSTg-qkPAZg,Gweilo-60,2019-02-25 13:04:51.027892,10980,-1
UChXOhG9bRDb3vSTg-qkPAZg,Gweilo-60,2019-02-25 13:03:51.001466,10981,-1
UChXOhG9bRDb3vSTg-qkPAZg,Gweilo-60,2019-02-25 13:02:51.042819,10982,-2
UChXOhG9bRDb3vSTg-qkPAZg,Gweilo-60,2019-02-25 13:01:50.776238,10984,-3
UChXOhG9bRDb3vSTg-qkPAZg,Gweilo-60,2019-02-25 13:00:51.664113,10987,-3
UChXOhG9bRDb3vSTg-qkPAZg,Gweilo-60,2019-02-25 12:59:51.003911,10990,-2
UChXOhG9bRDb3vSTg-qkPAZg,Gweilo-60,2019-02-25 12:58:51.432085,10992,0
UChXOhG9bRDb3vSTg-qkPAZg,Gweilo-60,2019-02-25 12:57:51.149865,10992,-2
UChXOhG9bRDb3vSTg-qkPAZg,Gweilo-60,2019-02-25 12:56:50.673649,10994,0
UChXOhG9bRDb3vSTg-qkPAZg,Gweilo-60,2019-02-25 12:55:51.093754,10994,0
UChXOhG9bRDb3vSTg-qkPAZg,Gweilo-60,2019-02-25 12:54:51.329914,10994,0
UChXOhG9bRDb3vSTg-qkPAZg,Gweilo-60,2019-02-25 12:53:51.11239,10994,0
UChXOhG9bRDb3vSTg-qkPAZg,Gweilo-60,2019-02-25 12:52:50.982813,10994,0
UChXOhG9bRDb3vSTg-qkPAZg,Gweilo-60,2019-02-25 12:51:51.522096,10994,0
UChXOhG9bRDb3vSTg-qkPAZg,Gweilo-60,2019-02-25 12:50:50.80136,10994,0
UChXOhG9bRDb3vSTg-qkPAZg,Gweilo-60,2019-02-25 12:49:52.480119,10994,0
UChXOhG9bRDb3vSTg-qkPAZg,Gweilo-60,2019-02-25 12:48:50.871762,10994,0
UChXOhG9bRDb3vSTg-qkPAZg,Gweilo-60,2019-02-25 12:47:51.074092,10994,1
UChXOhG9bRDb3vSTg-qkPAZg,Gweilo-60,2019-02-25 12:46:50.805706,10993,0
UChXOhG9bRDb3vSTg-qkPAZg,Gweilo-60,2019-02-25 12:45:50.775452,10993,0
UChXOhG9bRDb3vSTg-qkPAZg,Gweilo-60,2019-02-25 12:44:51.402406,10993,0
UChXOhG9bRDb3vSTg-qkPAZg,Gweilo-60,2019-02-25 12:43:51.497496,10993,0
UChXOhG9bRDb3vSTg-qkPAZg,Gweilo-60,2019-02-25 12:42:50.79307,10993,0
UChXOhG9bRDb3vSTg-qkPAZg,Gweilo-60,2019-02-25 12:41:51.481714,10993,0
UChXOhG9bRDb3vSTg-qkPAZg,Gweilo-60,2019-02-25 12:40:50.78423,10993,0
UChXOhG9bRDb3vSTg-qkPAZg,Gweilo-60,2019-02-25 12:39:51.166705,10993,0
UChXOhG9bRDb3vSTg-qkPAZg,Gweilo-60,2019-02-25 12:38:51.056546,10993,0
UChXOhG9bRDb3vSTg-qkPAZg,Gweilo-60,2019-02-25 12:37:50.960365,10993,0
UChXOhG9bRDb3vSTg-qkPAZg,Gweilo-60,2019-02-25 12:36:51.579791,10993,0
UChXOhG9bRDb3vSTg-qkPAZg,Gweilo-60,2019-02-25 12:35:51.389742,10993,0
UChXOhG9bRDb3vSTg-qkPAZg,Gweilo-60,2019-02-25 12:34:51.362918,10993,0
UChXOhG9bRDb3vSTg-qkPAZg,Gweilo-60,2019-02-25 12:33:50.695027,10993,0
UChXOhG9bRDb3vSTg-qkPAZg,Gweilo-60,2019-02-25 12:32:51.620646,10993,0
UChXOhG9bRDb3vSTg-qkPAZg,Gweilo-60,2019-02-25 12:31:51.634026,10993,0
UChXOhG9bRDb3vSTg-qkPAZg,Gweilo-60,2019-02-25 12:30:51.168705,10993,0
UChXOhG9bRDb3vSTg-qkPAZg,Gweilo-60,2019-02-25 12:29:51.892115,10993,1
UChXOhG9bRDb3vSTg-qkPAZg,Gweilo-60,2019-02-25 12:28:51.671947,10992,1
UChXOhG9bRDb3vSTg-qkPAZg,Gweilo-60,2019-02-25 12:27:51.860827,10991,0
UChXOhG9bRDb3vSTg-qkPAZg,Gweilo-60,2019-02-25 12:26:51.614383,10991,0
UChXOhG9bRDb3vSTg-qkPAZg,Gweilo-60,2019-02-25 12:25:50.840879,10991,0
UChXOhG9bRDb3vSTg-qkPAZg,Gweilo-60,2019-02-25 12:24:51.365396,10991,1
UChXOhG9bRDb3vSTg-qkPAZg,Gweilo-60,2019-02-25 12:23:51.251822,10990,0
UChXOhG9bRDb3vSTg-qkPAZg,Gweilo-60,2019-02-25 12:22:50.740405,10990,0
UChXOhG9bRDb3vSTg-qkPAZg,Gweilo-60,2019-02-25 12:21:51.466617,10990,0
UChXOhG9bRDb3vSTg-qkPAZg,Gweilo-60,2019-02-25 12:20:51.061465,10990,1
UChXOhG9bRDb3vSTg-qkPAZg,Gweilo-60,2019-02-25 12:19:50.687182,10989,0
UChXOhG9bRDb3vSTg-qkPAZg,Gweilo-60,2019-02-25 12:18:51.265212,10989,0
UChXOhG9bRDb3vSTg-qkPAZg,Gweilo-60,2019-02-25 12:17:50.847638,10989,1
UChXOhG9bRDb3vSTg-qkPAZg,Gweilo-60,2019-02-25 12:16:50.671278,10988,0
UChXOhG9bRDb3vSTg-qkPAZg,Gweilo-60,2019-02-25 12:15:51.008666,10988,1
UChXOhG9bRDb3vSTg-qkPAZg,Gweilo-60,2019-02-25 12:14:50.818314,10987,0
UChXOhG9bRDb3vSTg-qkPAZg,Gweilo-60,2019-02-25 12:13:50.761013,10987,0
UChXOhG9bRDb3vSTg-qkPAZg,Gweilo-60,2019-02-25 12:12:51.192092,10987,0
UChXOhG9bRDb3vSTg-qkPAZg,Gweilo-60,2019-02-25 12:11:51.049038,10987,0
UChXOhG9bRDb3vSTg-qkPAZg,Gweilo-60,2019-02-25 12:10:51.613749,10987,0
UChXOhG9bRDb3vSTg-qkPAZg,Gweilo-60,2019-02-25 12:09:50.936883,10987,0
UChXOhG9bRDb3vSTg-qkPAZg,Gweilo-60,2019-02-25 12:08:51.544772,10987,0
UChXOhG9bRDb3vSTg-qkPAZg,Gweilo-60,2019-02-25 12:07:50.596668,10987,0
UChXOhG9bRDb3vSTg-qkPAZg,Gweilo-60,2019-02-25 12:06:51.042618,10987,0
UChXOhG9bRDb3vSTg-qkPAZg,Gweilo-60,2019-02-25 12:05:51.394615,10987,1
UChXOhG9bRDb3vSTg-qkPAZg,Gweilo-60,2019-02-25 12:04:51.123668,10986,0
UChXOhG9bRDb3vSTg-qkPAZg,Gweilo-60,2019-02-25 12:03:51.03207,10986,1
UChXOhG9bRDb3vSTg-qkPAZg,Gweilo-60,2019-02-25 12:02:51.130907,10985,0
UChXOhG9bRDb3vSTg-qkPAZg,Gweilo-60,2019-02-25 12:01:50.894781,10985,0
UChXOhG9bRDb3vSTg-qkPAZg,Gweilo-60,2019-02-25 12:00:51.316467,10985,0
UChXOhG9bRDb3vSTg-qkPAZg,Gweilo-60,2019-02-25 11:59:51.235327,10985,1
UChXOhG9bRDb3vSTg-qkPAZg,Gweilo-60,2019-02-25 11:58:50.75767,10984,0
UChXOhG9bRDb3vSTg-qkPAZg,Gweilo-60,2019-02-25 11:57:51.102911,10984,0
UChXOhG9bRDb3vSTg-qkPAZg,Gweilo-60,2019-02-25 11:56:50.569512,10984,0
UChXOhG9bRDb3vSTg-qkPAZg,Gweilo-60,2019-02-25 11:55:50.582735,10984,2
UChXOhG9bRDb3vSTg-qkPAZg,Gweilo-60,2019-02-25 11:54:51.464869,10982,0
UChXOhG9bRDb3vSTg-qkPAZg,Gweilo-60,2019-02-25 11:53:50.354082,10982,0
UChXOhG9bRDb3vSTg-qkPAZg,Gweilo-60,2019-02-25 11:52:51.155362,10982,0
UChXOhG9bRDb3vSTg-qkPAZg,Gweilo-60,2019-02-25 11:51:50.890462,10982,0
UChXOhG9bRDb3vSTg-qkPAZg,Gweilo-60,2019-02-25 11:50:51.859786,10982,0
UChXOhG9bRDb3vSTg-qkPAZg,Gweilo-60,2019-02-25 11:49:51.129925,10982,0
UChXOhG9bRDb3vSTg-qkPAZg,Gweilo-60,2019-02-25 11:48:51.211204,10982,0
UChXOhG9bRDb3vSTg-qkPAZg,Gweilo-60,2019-02-25 11:47:51.107754,10982,0
UChXOhG9bRDb3vSTg-qkPAZg,Gweilo-60,2019-02-25 11:46:50.901772,10982,0
UChXOhG9bRDb3vSTg-qkPAZg,Gweilo-60,2019-02-25 11:45:51.966121,10982,0
UChXOhG9bRDb3vSTg-qkPAZg,Gweilo-60,2019-02-25 11:44:50.847011,10982,0
UChXOhG9bRDb3vSTg-qkPAZg,Gweilo-60,2019-02-25 11:43:51.405259,10982,1
UChXOhG9bRDb3vSTg-qkPAZg,Gweilo-60,2019-02-25 11:42:51.217954,10981,0
UChXOhG9bRDb3vSTg-qkPAZg,Gweilo-60,2019-02-25 11:41:50.987101,10981,0
UChXOhG9bRDb3vSTg-qkPAZg,Gweilo-60,2019-02-25 11:40:51.264166,10981,0
UChXOhG9bRDb3vSTg-qkPAZg,Gweilo-60,2019-02-25 11:39:51.116795,10981,0
UChXOhG9bRDb3vSTg-qkPAZg,Gweilo-60,2019-02-25 11:38:50.847784,10981,0
UChXOhG9bRDb3vSTg-qkPAZg,Gweilo-60,2019-02-25 11:37:51.386149,10981,0
UChXOhG9bRDb3vSTg-qkPAZg,Gweilo-60,2019-02-25 11:36:50.886175,10981,0
UChXOhG9bRDb3vSTg-qkPAZg,Gweilo-60,2019-02-25 11:35:51.018241,10981,0
UChXOhG9bRDb3vSTg-qkPAZg,Gweilo-60,2019-02-25 11:34:51.812286,10981,0
UChXOhG9bRDb3vSTg-qkPAZg,Gweilo-60,2019-02-25 11:33:51.2016,10981,1
UChXOhG9bRDb3vSTg-qkPAZg,Gweilo-60,2019-02-25 11:32:51.026852,10980,0
UChXOhG9bRDb3vSTg-qkPAZg,Gweilo-60,2019-02-25 11:31:51.026183,10980,1
UChXOhG9bRDb3vSTg-qkPAZg,Gweilo-60,2019-02-25 11:30:50.634435,10979,0
UChXOhG9bRDb3vSTg-qkPAZg,Gweilo-60,2019-02-25 11:29:51.363748,10979,0
UChXOhG9bRDb3vSTg-qkPAZg,Gweilo-60,2019-02-25 11:28:50.891905,10979,0
UChXOhG9bRDb3vSTg-qkPAZg,Gweilo-60,2019-02-25 11:27:50.680406,10979,2
UChXOhG9bRDb3vSTg-qkPAZg,Gweilo-60,2019-02-25 11:26:50.920248,10977,0
UChXOhG9bRDb3vSTg-qkPAZg,Gweilo-60,2019-02-25 11:25:50.709824,10977,0
UChXOhG9bRDb3vSTg-qkPAZg,Gweilo-60,2019-02-25 11:24:52.024286,10977,0
UChXOhG9bRDb3vSTg-qkPAZg,Gweilo-60,2019-02-25 11:23:50.843429,10977,-1
UChXOhG9bRDb3vSTg-qkPAZg,Gweilo-60,2019-02-25 11:22:50.785236,10978,0
UChXOhG9bRDb3vSTg-qkPAZg,Gweilo-60,2019-02-25 11:21:50.680874,10978,0
UChXOhG9bRDb3vSTg-qkPAZg,Gweilo-60,2019-02-25 11:20:50.98158,10978,0
UChXOhG9bRDb3vSTg-qkPAZg,Gweilo-60,2019-02-25 11:19:51.949921,10978,-2
UChXOhG9bRDb3vSTg-qkPAZg,Gweilo-60,2019-02-25 11:18:50.915164,10980,0
UChXOhG9bRDb3vSTg-qkPAZg,Gweilo-60,2019-02-25 11:17:50.758488,10980,-1
UChXOhG9bRDb3vSTg-qkPAZg,Gweilo-60,2019-02-25 11:16:50.779533,10981,-1
UChXOhG9bRDb3vSTg-qkPAZg,Gweilo-60,2019-02-25 11:15:50.732618,10982,-1
UChXOhG9bRDb3vSTg-qkPAZg,Gweilo-60,2019-02-25 11:14:51.190578,10983,-1
UChXOhG9bRDb3vSTg-qkPAZg,Gweilo-60,2019-02-25 11:13:50.745063,10984,-5
UChXOhG9bRDb3vSTg-qkPAZg,Gweilo-60,2019-02-25 11:12:50.851062,10989,0
UChXOhG9bRDb3vSTg-qkPAZg,Gweilo-60,2019-02-25 11:11:50.734627,10989,-3
UChXOhG9bRDb3vSTg-qkPAZg,Gweilo-60,2019-02-25 11:10:51.174439,10992,-3
UChXOhG9bRDb3vSTg-qkPAZg,Gweilo-60,2019-02-25 11:09:51.239371,10995,0
UChXOhG9bRDb3vSTg-qkPAZg,Gweilo-60,2019-02-25 11:08:50.951967,10995,-4
UChXOhG9bRDb3vSTg-qkPAZg,Gweilo-60,2019-02-25 11:07:51.053495,10999,-3
UChXOhG9bRDb3vSTg-qkPAZg,Gweilo-60,2019-02-25 11:06:50.809966,11002,-2
UChXOhG9bRDb3vSTg-qkPAZg,Gweilo-60,2019-02-25 11:05:51.216429,11004,-4
UChXOhG9bRDb3vSTg-qkPAZg,Gweilo-60,2019-02-25 11:04:51.036736,11008,3
UChXOhG9bRDb3vSTg-qkPAZg,Gweilo-60,2019-02-25 11:03:50.964664,11005,0
UChXOhG9bRDb3vSTg-qkPAZg,Gweilo-60,2019-02-25 11:02:50.811505,11005,1
UChXOhG9bRDb3vSTg-qkPAZg,Gweilo-60,2019-02-25 11:01:51.075114,11004,0
UChXOhG9bRDb3vSTg-qkPAZg,Gweilo-60,2019-02-25 11:00:51.194913,11004,0
UChXOhG9bRDb3vSTg-qkPAZg,Gweilo-60,2019-02-25 10:59:50.784333,11004,0
UChXOhG9bRDb3vSTg-qkPAZg,Gweilo-60,2019-02-25 10:58:51.348906,11004,1
UChXOhG9bRDb3vSTg-qkPAZg,Gweilo-60,2019-02-25 10:57:50.703103,11003,0
UChXOhG9bRDb3vSTg-qkPAZg,Gweilo-60,2019-02-25 10:56:50.905105,11003,0
UChXOhG9bRDb3vSTg-qkPAZg,Gweilo-60,2019-02-25 10:55:50.601505,11003,-1
UChXOhG9bRDb3vSTg-qkPAZg,Gweilo-60,2019-02-25 10:54:50.95253,11004,-1
UChXOhG9bRDb3vSTg-qkPAZg,Gweilo-60,2019-02-25 10:53:51.579527,11005,0
UChXOhG9bRDb3vSTg-qkPAZg,Gweilo-60,2019-02-25 10:52:51.048115,11005,0
UChXOhG9bRDb3vSTg-qkPAZg,Gweilo-60,2019-02-25 10:51:51.756986,11005,0
UChXOhG9bRDb3vSTg-qkPAZg,Gweilo-60,2019-02-25 10:50:50.878609,11005,1
UChXOhG9bRDb3vSTg-qkPAZg,Gweilo-60,2019-02-25 10:49:50.645484,11004,0
UChXOhG9bRDb3vSTg-qkPAZg,Gweilo-60,2019-02-25 10:48:52.18382,11004,0
UChXOhG9bRDb3vSTg-qkPAZg,Gweilo-60,2019-02-25 10:47:50.815331,11004,0
UChXOhG9bRDb3vSTg-qkPAZg,Gweilo-60,2019-02-25 10:46:50.827435,11004,0
UChXOhG9bRDb3vSTg-qkPAZg,Gweilo-60,2019-02-25 10:45:50.467246,11004,0
UChXOhG9bRDb3vSTg-qkPAZg,Gweilo-60,2019-02-25 10:44:50.446395,11004,0
UChXOhG9bRDb3vSTg-qkPAZg,Gweilo-60,2019-02-25 10:43:50.731295,11004,0
UChXOhG9bRDb3vSTg-qkPAZg,Gweilo-60,2019-02-25 10:42:51.164253,11004,0
UChXOhG9bRDb3vSTg-qkPAZg,Gweilo-60,2019-02-25 10:41:51.023316,11004,0
UChXOhG9bRDb3vSTg-qkPAZg,Gweilo-60,2019-02-25 10:40:50.788698,11004,0
UChXOhG9bRDb3vSTg-qkPAZg,Gweilo-60,2019-02-25 10:39:50.679481,11004,0
UChXOhG9bRDb3vSTg-qkPAZg,Gweilo-60,2019-02-25 10:38:51.240814,11004,0
UChXOhG9bRDb3vSTg-qkPAZg,Gweilo-60,2019-02-25 10:37:50.988215,11004,0
UChXOhG9bRDb3vSTg-qkPAZg,Gweilo-60,2019-02-25 10:36:50.854854,11004,0
UChXOhG9bRDb3vSTg-qkPAZg,Gweilo-60,2019-02-25 10:35:50.981173,11004,0
UChXOhG9bRDb3vSTg-qkPAZg,Gweilo-60,2019-02-25 10:34:50.857903,11004,0
UChXOhG9bRDb3vSTg-qkPAZg,Gweilo-60,2019-02-25 10:33:50.84825,11004,0
UChXOhG9bRDb3vSTg-qkPAZg,Gweilo-60,2019-02-25 10:32:50.545338,11004,0
UChXOhG9bRDb3vSTg-qkPAZg,Gweilo-60,2019-02-25 10:31:50.60255,11004,2
UChXOhG9bRDb3vSTg-qkPAZg,Gweilo-60,2019-02-25 10:30:51.13875,11002,0
UChXOhG9bRDb3vSTg-qkPAZg,Gweilo-60,2019-02-25 10:29:51.513456,11002,0
UChXOhG9bRDb3vSTg-qkPAZg,Gweilo-60,2019-02-25 10:28:51.460065,11002,0
UChXOhG9bRDb3vSTg-qkPAZg,Gweilo-60,2019-02-25 10:27:50.914954,11002,0
UChXOhG9bRDb3vSTg-qkPAZg,Gweilo-60,2019-02-25 10:26:51.04737,11002,0
UChXOhG9bRDb3vSTg-qkPAZg,Gweilo-60,2019-02-25 10:25:51.524717,11002,0
UChXOhG9bRDb3vSTg-qkPAZg,Gweilo-60,2019-02-25 10:24:51.20077,11002,-1
UChXOhG9bRDb3vSTg-qkPAZg,Gweilo-60,2019-02-25 10:23:50.258387,11003,1
UChXOhG9bRDb3vSTg-qkPAZg,Gweilo-60,2019-02-25 10:22:50.557008,11002,0
UChXOhG9bRDb3vSTg-qkPAZg,Gweilo-60,2019-02-25 10:21:50.923569,11002,0
UChXOhG9bRDb3vSTg-qkPAZg,Gweilo-60,2019-02-25 10:20:50.870506,11002,0
UChXOhG9bRDb3vSTg-qkPAZg,Gweilo-60,2019-02-25 10:19:51.086648,11002,0
UChXOhG9bRDb3vSTg-qkPAZg,Gweilo-60,2019-02-25 10:18:51.764829,11002,1
UChXOhG9bRDb3vSTg-qkPAZg,Gweilo-60,2019-02-25 10:17:51.540076,11001,0
UChXOhG9bRDb3vSTg-qkPAZg,Gweilo-60,2019-02-25 10:16:51.386767,11001,1
UChXOhG9bRDb3vSTg-qkPAZg,Gweilo-60,2019-02-25 10:15:51.033967,11000,1
UChXOhG9bRDb3vSTg-qkPAZg,Gweilo-60,2019-02-25 10:14:51.400754,10999,0
UChXOhG9bRDb3vSTg-qkPAZg,Gweilo-60,2019-02-25 10:13:50.387232,10999,0
UChXOhG9bRDb3vSTg-qkPAZg,Gweilo-60,2019-02-25 10:12:51.006838,10999,0
UChXOhG9bRDb3vSTg-qkPAZg,Gweilo-60,2019-02-25 10:11:50.825296,10999,0
UChXOhG9bRDb3vSTg-qkPAZg,Gweilo-60,2019-02-25 10:10:51.103903,10999,0
UChXOhG9bRDb3vSTg-qkPAZg,Gweilo-60,2019-02-25 10:09:50.997809,10999,1
UChXOhG9bRDb3vSTg-qkPAZg,Gweilo-60,2019-02-25 10:08:51.314776,10998,0
UChXOhG9bRDb3vSTg-qkPAZg,Gweilo-60,2019-02-25 10:07:50.513747,10998,0
UChXOhG9bRDb3vSTg-qkPAZg,Gweilo-60,2019-02-25 10:06:50.911535,10998,0
UChXOhG9bRDb3vSTg-qkPAZg,Gweilo-60,2019-02-25 10:05:51.003513,10998,0
UChXOhG9bRDb3vSTg-qkPAZg,Gweilo-60,2019-02-25 10:04:50.819105,10998,0
UChXOhG9bRDb3vSTg-qkPAZg,Gweilo-60,2019-02-25 10:03:50.788303,10998,1
UChXOhG9bRDb3vSTg-qkPAZg,Gweilo-60,2019-02-25 10:02:50.963306,10997,0
UChXOhG9bRDb3vSTg-qkPAZg,Gweilo-60,2019-02-25 10:01:51.819474,10997,0
UChXOhG9bRDb3vSTg-qkPAZg,Gweilo-60,2019-02-25 10:00:50.971611,10997,0
UChXOhG9bRDb3vSTg-qkPAZg,Gweilo-60,2019-02-25 09:59:50.461272,10997,0
UChXOhG9bRDb3vSTg-qkPAZg,Gweilo-60,2019-02-25 09:58:51.037476,10997,0
UChXOhG9bRDb3vSTg-qkPAZg,Gweilo-60,2019-02-25 09:57:50.918694,10997,1
UChXOhG9bRDb3vSTg-qkPAZg,Gweilo-60,2019-02-25 09:56:51.269251,10996,1
UChXOhG9bRDb3vSTg-qkPAZg,Gweilo-60,2019-02-25 09:55:51.644663,10995,0
UChXOhG9bRDb3vSTg-qkPAZg,Gweilo-60,2019-02-25 09:54:50.705448,10995,0
UChXOhG9bRDb3vSTg-qkPAZg,Gweilo-60,2019-02-25 09:53:50.35379,10995,1
UChXOhG9bRDb3vSTg-qkPAZg,Gweilo-60,2019-02-25 09:52:50.9512,10994,0
UChXOhG9bRDb3vSTg-qkPAZg,Gweilo-60,2019-02-25 09:51:50.642875,10994,0
UChXOhG9bRDb3vSTg-qkPAZg,Gweilo-60,2019-02-25 09:50:50.876781,10994,0
UChXOhG9bRDb3vSTg-qkPAZg,Gweilo-60,2019-02-25 09:49:51.162626,10994,0
UChXOhG9bRDb3vSTg-qkPAZg,Gweilo-60,2019-02-25 09:48:51.025492,10994,1
UChXOhG9bRDb3vSTg-qkPAZg,Gweilo-60,2019-02-25 09:47:51.020759,10993,0
UChXOhG9bRDb3vSTg-qkPAZg,Gweilo-60,2019-02-25 09:46:50.692103,10993,0
UChXOhG9bRDb3vSTg-qkPAZg,Gweilo-60,2019-02-25 09:45:50.672005,10993,0
UChXOhG9bRDb3vSTg-qkPAZg,Gweilo-60,2019-02-25 09:44:50.971053,10993,0
UChXOhG9bRDb3vSTg-qkPAZg,Gweilo-60,2019-02-25 09:43:51.026357,10993,0
UChXOhG9bRDb3vSTg-qkPAZg,Gweilo-60,2019-02-25 09:42:51.125226,10993,0
UChXOhG9bRDb3vSTg-qkPAZg,Gweilo-60,2019-02-25 09:41:50.803169,10993,0
UChXOhG9bRDb3vSTg-qkPAZg,Gweilo-60,2019-02-25 09:40:50.814097,10993,1
UChXOhG9bRDb3vSTg-qkPAZg,Gweilo-60,2019-02-25 09:39:50.812226,10992,1
UChXOhG9bRDb3vSTg-qkPAZg,Gweilo-60,2019-02-25 09:38:51.436743,10991,1
UChXOhG9bRDb3vSTg-qkPAZg,Gweilo-60,2019-02-25 09:37:51.159494,10990,0
UChXOhG9bRDb3vSTg-qkPAZg,Gweilo-60,2019-02-25 09:36:50.776673,10990,0
UChXOhG9bRDb3vSTg-qkPAZg,Gweilo-60,2019-02-25 09:35:50.950667,10990,0
UChXOhG9bRDb3vSTg-qkPAZg,Gweilo-60,2019-02-25 09:34:50.658613,10990,0
UChXOhG9bRDb3vSTg-qkPAZg,Gweilo-60,2019-02-25 09:33:50.613758,10990,0
UChXOhG9bRDb3vSTg-qkPAZg,Gweilo-60,2019-02-25 09:32:50.738345,10990,0
UChXOhG9bRDb3vSTg-qkPAZg,Gweilo-60,2019-02-25 09:31:51.218606,10990,0
UChXOhG9bRDb3vSTg-qkPAZg,Gweilo-60,2019-02-25 09:30:50.9605,10990,0
UChXOhG9bRDb3vSTg-qkPAZg,Gweilo-60,2019-02-25 09:29:51.043956,10990,0
UChXOhG9bRDb3vSTg-qkPAZg,Gweilo-60,2019-02-25 09:28:50.587415,10990,0
UChXOhG9bRDb3vSTg-qkPAZg,Gweilo-60,2019-02-25 09:27:51.132707,10990,1
UChXOhG9bRDb3vSTg-qkPAZg,Gweilo-60,2019-02-25 09:26:51.179663,10989,0
UChXOhG9bRDb3vSTg-qkPAZg,Gweilo-60,2019-02-25 09:25:51.008548,10989,0
UChXOhG9bRDb3vSTg-qkPAZg,Gweilo-60,2019-02-25 09:24:51.030162,10989,0
UChXOhG9bRDb3vSTg-qkPAZg,Gweilo-60,2019-02-25 09:23:50.954519,10989,0
UChXOhG9bRDb3vSTg-qkPAZg,Gweilo-60,2019-02-25 09:22:51.103995,10989,0
UChXOhG9bRDb3vSTg-qkPAZg,Gweilo-60,2019-02-25 09:21:51.156029,10989,0
UChXOhG9bRDb3vSTg-qkPAZg,Gweilo-60,2019-02-25 09:20:51.168017,10989,0
UChXOhG9bRDb3vSTg-qkPAZg,Gweilo-60,2019-02-25 09:19:50.831336,10989,1
UChXOhG9bRDb3vSTg-qkPAZg,Gweilo-60,2019-02-25 09:18:50.470321,10988,0
UChXOhG9bRDb3vSTg-qkPAZg,Gweilo-60,2019-02-25 09:17:51.007768,10988,1
UChXOhG9bRDb3vSTg-qkPAZg,Gweilo-60,2019-02-25 09:16:51.022295,10987,0
UChXOhG9bRDb3vSTg-qkPAZg,Gweilo-60,2019-02-25 09:15:51.066872,10987,0
UChXOhG9bRDb3vSTg-qkPAZg,Gweilo-60,2019-02-25 09:14:51.141325,10987,0
UChXOhG9bRDb3vSTg-qkPAZg,Gweilo-60,2019-02-25 09:13:51.110236,10987,1
UChXOhG9bRDb3vSTg-qkPAZg,Gweilo-60,2019-02-25 09:12:50.926943,10986,3
UChXOhG9bRDb3vSTg-qkPAZg,Gweilo-60,2019-02-25 09:11:51.207117,10983,0
UChXOhG9bRDb3vSTg-qkPAZg,Gweilo-60,2019-02-25 09:10:50.565026,10983,0
UChXOhG9bRDb3vSTg-qkPAZg,Gweilo-60,2019-02-25 09:09:51.068566,10983,0
UChXOhG9bRDb3vSTg-qkPAZg,Gweilo-60,2019-02-25 09:08:50.733565,10983,-1
UChXOhG9bRDb3vSTg-qkPAZg,Gweilo-60,2019-02-25 09:07:50.88124,10984,0
UChXOhG9bRDb3vSTg-qkPAZg,Gweilo-60,2019-02-25 09:06:50.957674,10984,1
UChXOhG9bRDb3vSTg-qkPAZg,Gweilo-60,2019-02-25 09:05:50.992685,10983,0
UChXOhG9bRDb3vSTg-qkPAZg,Gweilo-60,2019-02-25 09:04:50.788373,10983,0
UChXOhG9bRDb3vSTg-qkPAZg,Gweilo-60,2019-02-25 09:03:51.453644,10983,1
UChXOhG9bRDb3vSTg-qkPAZg,Gweilo-60,2019-02-25 09:02:50.930056,10982,0
UChXOhG9bRDb3vSTg-qkPAZg,Gweilo-60,2019-02-25 09:01:50.859705,10982,1
UChXOhG9bRDb3vSTg-qkPAZg,Gweilo-60,2019-02-25 09:00:51.206987,10981,0
UChXOhG9bRDb3vSTg-qkPAZg,Gweilo-60,2019-02-25 08:59:50.985524,10981,0
UChXOhG9bRDb3vSTg-qkPAZg,Gweilo-60,2019-02-25 08:58:50.88479,10981,0
UChXOhG9bRDb3vSTg-qkPAZg,Gweilo-60,2019-02-25 08:57:50.380951,10981,0
UChXOhG9bRDb3vSTg-qkPAZg,Gweilo-60,2019-02-25 08:56:50.650455,10981,0
UChXOhG9bRDb3vSTg-qkPAZg,Gweilo-60,2019-02-25 08:55:50.665143,10981,0
UChXOhG9bRDb3vSTg-qkPAZg,Gweilo-60,2019-02-25 08:54:50.588287,10981,2
UChXOhG9bRDb3vSTg-qkPAZg,Gweilo-60,2019-02-25 08:53:50.556067,10979,0
UChXOhG9bRDb3vSTg-qkPAZg,Gweilo-60,2019-02-25 08:52:51.310201,10979,0
UChXOhG9bRDb3vSTg-qkPAZg,Gweilo-60,2019-02-25 08:51:50.676867,10979,1
UChXOhG9bRDb3vSTg-qkPAZg,Gweilo-60,2019-02-25 08:50:50.939052,10978,0
UChXOhG9bRDb3vSTg-qkPAZg,Gweilo-60,2019-02-25 08:49:50.725608,10978,0
UChXOhG9bRDb3vSTg-qkPAZg,Gweilo-60,2019-02-25 08:48:51.233893,10978,2
UChXOhG9bRDb3vSTg-qkPAZg,Gweilo-60,2019-02-25 08:47:51.586755,10976,0
UChXOhG9bRDb3vSTg-qkPAZg,Gweilo-60,2019-02-25 08:46:50.488995,10976,0
UChXOhG9bRDb3vSTg-qkPAZg,Gweilo-60,2019-02-25 08:45:50.791283,10976,1
UChXOhG9bRDb3vSTg-qkPAZg,Gweilo-60,2019-02-25 08:44:51.041038,10975,0
UChXOhG9bRDb3vSTg-qkPAZg,Gweilo-60,2019-02-25 08:43:51.329058,10975,0
UChXOhG9bRDb3vSTg-qkPAZg,Gweilo-60,2019-02-25 08:42:50.92372,10975,0
UChXOhG9bRDb3vSTg-qkPAZg,Gweilo-60,2019-02-25 08:41:50.786866,10975,1
UChXOhG9bRDb3vSTg-qkPAZg,Gweilo-60,2019-02-25 08:40:50.910248,10974,-1
UChXOhG9bRDb3vSTg-qkPAZg,Gweilo-60,2019-02-25 08:39:51.081645,10975,1
UChXOhG9bRDb3vSTg-qkPAZg,Gweilo-60,2019-02-25 08:38:51.013065,10974,0
UChXOhG9bRDb3vSTg-qkPAZg,Gweilo-60,2019-02-25 08:37:50.743409,10974,0
UChXOhG9bRDb3vSTg-qkPAZg,Gweilo-60,2019-02-25 08:36:50.778858,10974,0
UChXOhG9bRDb3vSTg-qkPAZg,Gweilo-60,2019-02-25 08:35:50.581159,10974,1
UChXOhG9bRDb3vSTg-qkPAZg,Gweilo-60,2019-02-25 08:34:51.587239,10973,0
UChXOhG9bRDb3vSTg-qkPAZg,Gweilo-60,2019-02-25 08:33:50.910599,10973,1
UChXOhG9bRDb3vSTg-qkPAZg,Gweilo-60,2019-02-25 08:32:51.050101,10972,0
UChXOhG9bRDb3vSTg-qkPAZg,Gweilo-60,2019-02-25 08:31:50.547869,10972,0
UChXOhG9bRDb3vSTg-qkPAZg,Gweilo-60,2019-02-25 08:30:50.650297,10972,0
UChXOhG9bRDb3vSTg-qkPAZg,Gweilo-60,2019-02-25 08:29:50.554971,10972,0
UChXOhG9bRDb3vSTg-qkPAZg,Gweilo-60,2019-02-25 08:28:50.724731,10972,0
UChXOhG9bRDb3vSTg-qkPAZg,Gweilo-60,2019-02-25 08:27:50.88394,10972,0
UChXOhG9bRDb3vSTg-qkPAZg,Gweilo-60,2019-02-25 08:26:51.106716,10972,0
UChXOhG9bRDb3vSTg-qkPAZg,Gweilo-60,2019-02-25 08:25:51.103594,10972,0
UChXOhG9bRDb3vSTg-qkPAZg,Gweilo-60,2019-02-25 08:24:51.100765,10972,0
UChXOhG9bRDb3vSTg-qkPAZg,Gweilo-60,2019-02-25 08:23:50.696243,10972,0
UChXOhG9bRDb3vSTg-qkPAZg,Gweilo-60,2019-02-25 08:22:50.644522,10972,1
UChXOhG9bRDb3vSTg-qkPAZg,Gweilo-60,2019-02-25 08:21:51.164534,10971,0
UChXOhG9bRDb3vSTg-qkPAZg,Gweilo-60,2019-02-25 08:20:50.544295,10971,0
UChXOhG9bRDb3vSTg-qkPAZg,Gweilo-60,2019-02-25 08:19:50.805301,10971,0
UChXOhG9bRDb3vSTg-qkPAZg,Gweilo-60,2019-02-25 08:18:51.10912,10971,0
UChXOhG9bRDb3vSTg-qkPAZg,Gweilo-60,2019-02-25 08:17:50.758252,10971,0
UChXOhG9bRDb3vSTg-qkPAZg,Gweilo-60,2019-02-25 08:16:50.887414,10971,0
UChXOhG9bRDb3vSTg-qkPAZg,Gweilo-60,2019-02-25 08:15:50.932496,10971,0
UChXOhG9bRDb3vSTg-qkPAZg,Gweilo-60,2019-02-25 08:14:50.726336,10971,1
UChXOhG9bRDb3vSTg-qkPAZg,Gweilo-60,2019-02-25 08:13:51.118117,10970,1
UChXOhG9bRDb3vSTg-qkPAZg,Gweilo-60,2019-02-25 08:12:51.021056,10969,1
UChXOhG9bRDb3vSTg-qkPAZg,Gweilo-60,2019-02-25 08:11:51.539523,10968,1
UChXOhG9bRDb3vSTg-qkPAZg,Gweilo-60,2019-02-25 08:10:51.602535,10967,0
UChXOhG9bRDb3vSTg-qkPAZg,Gweilo-60,2019-02-25 08:09:50.589416,10967,1
UChXOhG9bRDb3vSTg-qkPAZg,Gweilo-60,2019-02-25 08:08:50.935325,10966,0
UChXOhG9bRDb3vSTg-qkPAZg,Gweilo-60,2019-02-25 08:07:51.115411,10966,0
UChXOhG9bRDb3vSTg-qkPAZg,Gweilo-60,2019-02-25 08:06:50.781295,10966,0
UChXOhG9bRDb3vSTg-qkPAZg,Gweilo-60,2019-02-25 08:05:51.33578,10966,0
UChXOhG9bRDb3vSTg-qkPAZg,Gweilo-60,2019-02-25 08:04:50.921124,10966,0
UChXOhG9bRDb3vSTg-qkPAZg,Gweilo-60,2019-02-25 08:03:51.185374,10966,0
UChXOhG9bRDb3vSTg-qkPAZg,Gweilo-60,2019-02-25 08:02:51.516331,10966,0
UChXOhG9bRDb3vSTg-qkPAZg,Gweilo-60,2019-02-25 08:01:50.905286,10966,0
UChXOhG9bRDb3vSTg-qkPAZg,Gweilo-60,2019-02-25 08:00:50.868902,10966,0
UChXOhG9bRDb3vSTg-qkPAZg,Gweilo-60,2019-02-25 07:59:50.841729,10966,0
UChXOhG9bRDb3vSTg-qkPAZg,Gweilo-60,2019-02-25 07:58:50.722207,10966,0
UChXOhG9bRDb3vSTg-qkPAZg,Gweilo-60,2019-02-25 07:57:50.817582,10966,0
UChXOhG9bRDb3vSTg-qkPAZg,Gweilo-60,2019-02-25 07:56:50.82993,10966,1
UChXOhG9bRDb3vSTg-qkPAZg,Gweilo-60,2019-02-25 07:55:50.569963,10965,0
UChXOhG9bRDb3vSTg-qkPAZg,Gweilo-60,2019-02-25 07:54:51.481513,10965,0
UChXOhG9bRDb3vSTg-qkPAZg,Gweilo-60,2019-02-25 07:53:51.236769,10965,0
UChXOhG9bRDb3vSTg-qkPAZg,Gweilo-60,2019-02-25 07:52:50.997137,10965,0
UChXOhG9bRDb3vSTg-qkPAZg,Gweilo-60,2019-02-25 07:51:51.490463,10965,0
UChXOhG9bRDb3vSTg-qkPAZg,Gweilo-60,2019-02-25 07:50:50.825617,10965,1
UChXOhG9bRDb3vSTg-qkPAZg,Gweilo-60,2019-02-25 07:49:50.976712,10964,0
UChXOhG9bRDb3vSTg-qkPAZg,Gweilo-60,2019-02-25 07:48:51.174352,10964,0
UChXOhG9bRDb3vSTg-qkPAZg,Gweilo-60,2019-02-25 07:47:50.747774,10964,0
UChXOhG9bRDb3vSTg-qkPAZg,Gweilo-60,2019-02-25 07:46:50.89176,10964,0
UChXOhG9bRDb3vSTg-qkPAZg,Gweilo-60,2019-02-25 07:45:50.910414,10964,0
UChXOhG9bRDb3vSTg-qkPAZg,Gweilo-60,2019-02-25 07:44:51.140336,10964,0
UChXOhG9bRDb3vSTg-qkPAZg,Gweilo-60,2019-02-25 07:43:51.971628,10964,0
UChXOhG9bRDb3vSTg-qkPAZg,Gweilo-60,2019-02-25 07:42:51.113964,10964,1
UChXOhG9bRDb3vSTg-qkPAZg,Gweilo-60,2019-02-25 07:41:50.925682,10963,0
UChXOhG9bRDb3vSTg-qkPAZg,Gweilo-60,2019-02-25 07:40:51.124519,10963,0
UChXOhG9bRDb3vSTg-qkPAZg,Gweilo-60,2019-02-25 07:39:51.704524,10963,0
UChXOhG9bRDb3vSTg-qkPAZg,Gweilo-60,2019-02-25 07:38:51.393588,10963,0
UChXOhG9bRDb3vSTg-qkPAZg,Gweilo-60,2019-02-25 07:37:51.423818,10963,0
UChXOhG9bRDb3vSTg-qkPAZg,Gweilo-60,2019-02-25 07:36:51.551408,10963,0
UChXOhG9bRDb3vSTg-qkPAZg,Gweilo-60,2019-02-25 07:35:51.032795,10963,0
UChXOhG9bRDb3vSTg-qkPAZg,Gweilo-60,2019-02-25 07:34:51.04388,10963,2
UChXOhG9bRDb3vSTg-qkPAZg,Gweilo-60,2019-02-25 07:33:50.65844,10961,0
UChXOhG9bRDb3vSTg-qkPAZg,Gweilo-60,2019-02-25 07:32:50.792302,10961,1
UChXOhG9bRDb3vSTg-qkPAZg,Gweilo-60,2019-02-25 07:31:51.378031,10960,0
UChXOhG9bRDb3vSTg-qkPAZg,Gweilo-60,2019-02-25 07:30:50.980928,10960,0
UChXOhG9bRDb3vSTg-qkPAZg,Gweilo-60,2019-02-25 07:29:51.73455,10960,0
UChXOhG9bRDb3vSTg-qkPAZg,Gweilo-60,2019-02-25 07:28:51.582293,10960,0
UChXOhG9bRDb3vSTg-qkPAZg,Gweilo-60,2019-02-25 07:27:51.585944,10960,0
UChXOhG9bRDb3vSTg-qkPAZg,Gweilo-60,2019-02-25 07:26:50.654136,10960,1
UChXOhG9bRDb3vSTg-qkPAZg,Gweilo-60,2019-02-25 07:25:50.81112,10959,1
UChXOhG9bRDb3vSTg-qkPAZg,Gweilo-60,2019-02-25 07:24:51.173202,10958,0
UChXOhG9bRDb3vSTg-qkPAZg,Gweilo-60,2019-02-25 07:23:51.520544,10958,0
UChXOhG9bRDb3vSTg-qkPAZg,Gweilo-60,2019-02-25 07:22:50.837182,10958,2
UChXOhG9bRDb3vSTg-qkPAZg,Gweilo-60,2019-02-25 07:21:51.037237,10956,0
UChXOhG9bRDb3vSTg-qkPAZg,Gweilo-60,2019-02-25 07:20:51.525865,10956,1
UChXOhG9bRDb3vSTg-qkPAZg,Gweilo-60,2019-02-25 07:19:51.737761,10955,0
UChXOhG9bRDb3vSTg-qkPAZg,Gweilo-60,2019-02-25 07:18:51.22986,10955,0
UChXOhG9bRDb3vSTg-qkPAZg,Gweilo-60,2019-02-25 07:17:50.954444,10955,1
UChXOhG9bRDb3vSTg-qkPAZg,Gweilo-60,2019-02-25 07:16:51.255941,10954,1
UChXOhG9bRDb3vSTg-qkPAZg,Gweilo-60,2019-02-25 07:15:51.725217,10953,0
UChXOhG9bRDb3vSTg-qkPAZg,Gweilo-60,2019-02-25 07:14:51.2143,10953,1
UChXOhG9bRDb3vSTg-qkPAZg,Gweilo-60,2019-02-25 07:13:51.004166,10952,0
UChXOhG9bRDb3vSTg-qkPAZg,Gweilo-60,2019-02-25 07:12:51.15384,10952,0
UChXOhG9bRDb3vSTg-qkPAZg,Gweilo-60,2019-02-25 07:11:51.552275,10952,1
UChXOhG9bRDb3vSTg-qkPAZg,Gweilo-60,2019-02-25 07:10:50.696025,10951,0
UChXOhG9bRDb3vSTg-qkPAZg,Gweilo-60,2019-02-25 07:09:51.312461,10951,0
UChXOhG9bRDb3vSTg-qkPAZg,Gweilo-60,2019-02-25 07:08:51.055135,10951,0
UChXOhG9bRDb3vSTg-qkPAZg,Gweilo-60,2019-02-25 07:07:51.024567,10951,0
UChXOhG9bRDb3vSTg-qkPAZg,Gweilo-60,2019-02-25 07:06:51.371111,10951,0
UChXOhG9bRDb3vSTg-qkPAZg,Gweilo-60,2019-02-25 07:05:51.392548,10951,1
UChXOhG9bRDb3vSTg-qkPAZg,Gweilo-60,2019-02-25 07:04:50.572327,10950,0
UChXOhG9bRDb3vSTg-qkPAZg,Gweilo-60,2019-02-25 07:03:51.388078,10950,0
UChXOhG9bRDb3vSTg-qkPAZg,Gweilo-60,2019-02-25 07:02:51.14943,10950,0
UChXOhG9bRDb3vSTg-qkPAZg,Gweilo-60,2019-02-25 07:01:51.231403,10950,0
UChXOhG9bRDb3vSTg-qkPAZg,Gweilo-60,2019-02-25 07:00:51.281484,10950,1
UChXOhG9bRDb3vSTg-qkPAZg,Gweilo-60,2019-02-25 06:59:51.056139,10949,0
UChXOhG9bRDb3vSTg-qkPAZg,Gweilo-60,2019-02-25 06:58:50.969303,10949,0
UChXOhG9bRDb3vSTg-qkPAZg,Gweilo-60,2019-02-25 06:57:51.124962,10949,0
UChXOhG9bRDb3vSTg-qkPAZg,Gweilo-60,2019-02-25 06:56:51.1342,10949,0
UChXOhG9bRDb3vSTg-qkPAZg,Gweilo-60,2019-02-25 06:55:51.469173,10949,0
UChXOhG9bRDb3vSTg-qkPAZg,Gweilo-60,2019-02-25 06:54:51.423908,10949,0
UChXOhG9bRDb3vSTg-qkPAZg,Gweilo-60,2019-02-25 06:53:51.092749,10949,0
UChXOhG9bRDb3vSTg-qkPAZg,Gweilo-60,2019-02-25 06:52:50.837019,10949,0
UChXOhG9bRDb3vSTg-qkPAZg,Gweilo-60,2019-02-25 06:51:51.27702,10949,1
UChXOhG9bRDb3vSTg-qkPAZg,Gweilo-60,2019-02-25 06:50:50.747108,10948,0
UChXOhG9bRDb3vSTg-qkPAZg,Gweilo-60,2019-02-25 06:49:50.756235,10948,0
UChXOhG9bRDb3vSTg-qkPAZg,Gweilo-60,2019-02-25 06:48:51.242604,10948,0
UChXOhG9bRDb3vSTg-qkPAZg,Gweilo-60,2019-02-25 06:47:50.909814,10948,0
UChXOhG9bRDb3vSTg-qkPAZg,Gweilo-60,2019-02-25 06:46:51.276544,10948,0
UChXOhG9bRDb3vSTg-qkPAZg,Gweilo-60,2019-02-25 06:45:51.287361,10948,0
UChXOhG9bRDb3vSTg-qkPAZg,Gweilo-60,2019-02-25 06:44:51.003942,10948,2
UChXOhG9bRDb3vSTg-qkPAZg,Gweilo-60,2019-02-25 06:43:51.38578,10946,0
UChXOhG9bRDb3vSTg-qkPAZg,Gweilo-60,2019-02-25 06:42:51.569123,10946,0
UChXOhG9bRDb3vSTg-qkPAZg,Gweilo-60,2019-02-25 06:41:51.441036,10946,0
UChXOhG9bRDb3vSTg-qkPAZg,Gweilo-60,2019-02-25 06:40:51.054937,10946,0
UChXOhG9bRDb3vSTg-qkPAZg,Gweilo-60,2019-02-25 06:39:51.669782,10946,1
UChXOhG9bRDb3vSTg-qkPAZg,Gweilo-60,2019-02-25 06:38:51.382586,10945,0
UChXOhG9bRDb3vSTg-qkPAZg,Gweilo-60,2019-02-25 06:37:51.610761,10945,0
UChXOhG9bRDb3vSTg-qkPAZg,Gweilo-60,2019-02-25 06:36:51.721977,10945,0
UChXOhG9bRDb3vSTg-qkPAZg,Gweilo-60,2019-02-25 06:35:51.294044,10945,-1
UChXOhG9bRDb3vSTg-qkPAZg,Gweilo-60,2019-02-25 06:34:51.90144,10946,0
UChXOhG9bRDb3vSTg-qkPAZg,Gweilo-60,2019-02-25 06:33:51.161106,10946,2
UChXOhG9bRDb3vSTg-qkPAZg,Gweilo-60,2019-02-25 06:32:51.375495,10944,0
UChXOhG9bRDb3vSTg-qkPAZg,Gweilo-60,2019-02-25 06:31:51.410286,10944,0
UChXOhG9bRDb3vSTg-qkPAZg,Gweilo-60,2019-02-25 06:30:51.521395,10944,0
UChXOhG9bRDb3vSTg-qkPAZg,Gweilo-60,2019-02-25 06:29:51.721441,10944,1
UChXOhG9bRDb3vSTg-qkPAZg,Gweilo-60,2019-02-25 06:28:51.804402,10943,0
UChXOhG9bRDb3vSTg-qkPAZg,Gweilo-60,2019-02-25 06:27:51.12702,10943,0
UChXOhG9bRDb3vSTg-qkPAZg,Gweilo-60,2019-02-25 06:26:51.378069,10943,0
UChXOhG9bRDb3vSTg-qkPAZg,Gweilo-60,2019-02-25 06:25:51.368026,10943,1
UChXOhG9bRDb3vSTg-qkPAZg,Gweilo-60,2019-02-25 06:24:51.347796,10942,0
UChXOhG9bRDb3vSTg-qkPAZg,Gweilo-60,2019-02-25 06:23:52.183685,10942,0
UChXOhG9bRDb3vSTg-qkPAZg,Gweilo-60,2019-02-25 06:22:51.199577,10942,0
UChXOhG9bRDb3vSTg-qkPAZg,Gweilo-60,2019-02-25 06:21:51.564985,10942,0
UChXOhG9bRDb3vSTg-qkPAZg,Gweilo-60,2019-02-25 06:20:51.25284,10942,0
UChXOhG9bRDb3vSTg-qkPAZg,Gweilo-60,2019-02-25 06:19:51.479594,10942,0
UChXOhG9bRDb3vSTg-qkPAZg,Gweilo-60,2019-02-25 06:18:51.197754,10942,0
UChXOhG9bRDb3vSTg-qkPAZg,Gweilo-60,2019-02-25 06:17:51.370326,10942,0
UChXOhG9bRDb3vSTg-qkPAZg,Gweilo-60,2019-02-25 06:16:51.331361,10942,0
UChXOhG9bRDb3vSTg-qkPAZg,Gweilo-60,2019-02-25 06:15:51.509626,10942,0
UChXOhG9bRDb3vSTg-qkPAZg,Gweilo-60,2019-02-25 06:14:51.548742,10942,0
UChXOhG9bRDb3vSTg-qkPAZg,Gweilo-60,2019-02-25 06:13:51.629612,10942,0
UChXOhG9bRDb3vSTg-qkPAZg,Gweilo-60,2019-02-25 06:12:51.527405,10942,0
UChXOhG9bRDb3vSTg-qkPAZg,Gweilo-60,2019-02-25 06:11:51.577227,10942,0
UChXOhG9bRDb3vSTg-qkPAZg,Gweilo-60,2019-02-25 06:10:51.174837,10942,0
UChXOhG9bRDb3vSTg-qkPAZg,Gweilo-60,2019-02-25 06:09:51.020687,10942,0
UChXOhG9bRDb3vSTg-qkPAZg,Gweilo-60,2019-02-25 06:08:50.752414,10942,0
UChXOhG9bRDb3vSTg-qkPAZg,Gweilo-60,2019-02-25 06:07:51.211696,10942,0
UChXOhG9bRDb3vSTg-qkPAZg,Gweilo-60,2019-02-25 06:06:51.861421,10942,0
UChXOhG9bRDb3vSTg-qkPAZg,Gweilo-60,2019-02-25 06:05:51.156396,10942,0
UChXOhG9bRDb3vSTg-qkPAZg,Gweilo-60,2019-02-25 06:04:51.952551,10942,0
UChXOhG9bRDb3vSTg-qkPAZg,Gweilo-60,2019-02-25 06:03:50.981836,10942,0
UChXOhG9bRDb3vSTg-qkPAZg,Gweilo-60,2019-02-25 06:02:50.962105,10942,0
UChXOhG9bRDb3vSTg-qkPAZg,Gweilo-60,2019-02-25 06:01:51.079141,10942,1
UChXOhG9bRDb3vSTg-qkPAZg,Gweilo-60,2019-02-25 06:00:51.739456,10941,0
UChXOhG9bRDb3vSTg-qkPAZg,Gweilo-60,2019-02-25 05:59:50.32025,10941,0
UChXOhG9bRDb3vSTg-qkPAZg,Gweilo-60,2019-02-25 05:58:50.962544,10941,0
UChXOhG9bRDb3vSTg-qkPAZg,Gweilo-60,2019-02-25 05:57:51.232499,10941,1
UChXOhG9bRDb3vSTg-qkPAZg,Gweilo-60,2019-02-25 05:56:51.860731,10940,0
UChXOhG9bRDb3vSTg-qkPAZg,Gweilo-60,2019-02-25 05:55:51.810741,10940,0
UChXOhG9bRDb3vSTg-qkPAZg,Gweilo-60,2019-02-25 05:54:51.646149,10940,0
UChXOhG9bRDb3vSTg-qkPAZg,Gweilo-60,2019-02-25 05:53:51.229781,10940,0
UChXOhG9bRDb3vSTg-qkPAZg,Gweilo-60,2019-02-25 05:52:51.260574,10940,0
UChXOhG9bRDb3vSTg-qkPAZg,Gweilo-60,2019-02-25 05:51:51.736027,10940,0
UChXOhG9bRDb3vSTg-qkPAZg,Gweilo-60,2019-02-25 05:50:51.267201,10940,0
UChXOhG9bRDb3vSTg-qkPAZg,Gweilo-60,2019-02-25 05:49:51.70316,10940,0
UChXOhG9bRDb3vSTg-qkPAZg,Gweilo-60,2019-02-25 05:48:51.061031,10940,0
UChXOhG9bRDb3vSTg-qkPAZg,Gweilo-60,2019-02-25 05:47:51.360821,10940,0
UChXOhG9bRDb3vSTg-qkPAZg,Gweilo-60,2019-02-25 05:46:51.535309,10940,0
UChXOhG9bRDb3vSTg-qkPAZg,Gweilo-60,2019-02-25 05:45:51.717472,10940,0
UChXOhG9bRDb3vSTg-qkPAZg,Gweilo-60,2019-02-25 05:44:51.172444,10940,0
UChXOhG9bRDb3vSTg-qkPAZg,Gweilo-60,2019-02-25 05:43:51.174919,10940,0
UChXOhG9bRDb3vSTg-qkPAZg,Gweilo-60,2019-02-25 05:42:51.210281,10940,0
UChXOhG9bRDb3vSTg-qkPAZg,Gweilo-60,2019-02-25 05:41:51.358398,10940,0
UChXOhG9bRDb3vSTg-qkPAZg,Gweilo-60,2019-02-25 05:40:51.107591,10940,0
UChXOhG9bRDb3vSTg-qkPAZg,Gweilo-60,2019-02-25 05:39:51.291177,10940,0
UChXOhG9bRDb3vSTg-qkPAZg,Gweilo-60,2019-02-25 05:38:51.197137,10940,0
UChXOhG9bRDb3vSTg-qkPAZg,Gweilo-60,2019-02-25 05:37:51.235234,10940,0
UChXOhG9bRDb3vSTg-qkPAZg,Gweilo-60,2019-02-25 05:36:51.44328,10940,0
UChXOhG9bRDb3vSTg-qkPAZg,Gweilo-60,2019-02-25 05:35:51.069788,10940,0
UChXOhG9bRDb3vSTg-qkPAZg,Gweilo-60,2019-02-25 05:34:51.250009,10940,0
UChXOhG9bRDb3vSTg-qkPAZg,Gweilo-60,2019-02-25 05:33:51.125979,10940,0
UChXOhG9bRDb3vSTg-qkPAZg,Gweilo-60,2019-02-25 05:32:51.28103,10940,0
UChXOhG9bRDb3vSTg-qkPAZg,Gweilo-60,2019-02-25 05:31:51.429799,10940,0
UChXOhG9bRDb3vSTg-qkPAZg,Gweilo-60,2019-02-25 05:30:51.064362,10940,0
UChXOhG9bRDb3vSTg-qkPAZg,Gweilo-60,2019-02-25 05:29:51.877588,10940,0
UChXOhG9bRDb3vSTg-qkPAZg,Gweilo-60,2019-02-25 05:28:51.451659,10940,0
UChXOhG9bRDb3vSTg-qkPAZg,Gweilo-60,2019-02-25 05:27:50.923559,10940,0
UChXOhG9bRDb3vSTg-qkPAZg,Gweilo-60,2019-02-25 05:26:51.233686,10940,0
UChXOhG9bRDb3vSTg-qkPAZg,Gweilo-60,2019-02-25 05:25:50.810593,10940,0
UChXOhG9bRDb3vSTg-qkPAZg,Gweilo-60,2019-02-25 05:24:51.577361,10940,0
UChXOhG9bRDb3vSTg-qkPAZg,Gweilo-60,2019-02-25 05:23:51.91167,10940,0
UChXOhG9bRDb3vSTg-qkPAZg,Gweilo-60,2019-02-25 05:22:50.720004,10940,0
UChXOhG9bRDb3vSTg-qkPAZg,Gweilo-60,2019-02-25 05:21:51.663925,10940,0
UChXOhG9bRDb3vSTg-qkPAZg,Gweilo-60,2019-02-25 05:20:51.185205,10940,0
UChXOhG9bRDb3vSTg-qkPAZg,Gweilo-60,2019-02-25 05:19:51.497637,10940,0
UChXOhG9bRDb3vSTg-qkPAZg,Gweilo-60,2019-02-25 05:18:51.424364,10940,0
UChXOhG9bRDb3vSTg-qkPAZg,Gweilo-60,2019-02-25 05:17:51.113646,10940,0
UChXOhG9bRDb3vSTg-qkPAZg,Gweilo-60,2019-02-25 05:16:51.609213,10940,0
UChXOhG9bRDb3vSTg-qkPAZg,Gweilo-60,2019-02-25 05:15:50.700207,10940,0
UChXOhG9bRDb3vSTg-qkPAZg,Gweilo-60,2019-02-25 05:14:51.142007,10940,0
UChXOhG9bRDb3vSTg-qkPAZg,Gweilo-60,2019-02-25 05:13:51.299337,10940,0
UChXOhG9bRDb3vSTg-qkPAZg,Gweilo-60,2019-02-25 05:12:51.277587,10940,0
UChXOhG9bRDb3vSTg-qkPAZg,Gweilo-60,2019-02-25 05:11:51.049302,10940,1
UChXOhG9bRDb3vSTg-qkPAZg,Gweilo-60,2019-02-25 05:10:51.535022,10939,0
UChXOhG9bRDb3vSTg-qkPAZg,Gweilo-60,2019-02-25 05:09:51.579312,10939,0
UChXOhG9bRDb3vSTg-qkPAZg,Gweilo-60,2019-02-25 05:08:50.728473,10939,0
UChXOhG9bRDb3vSTg-qkPAZg,Gweilo-60,2019-02-25 05:07:51.22964,10939,0
UChXOhG9bRDb3vSTg-qkPAZg,Gweilo-60,2019-02-25 05:06:51.283043,10939,0
UChXOhG9bRDb3vSTg-qkPAZg,Gweilo-60,2019-02-25 05:05:51.842159,10939,0
UChXOhG9bRDb3vSTg-qkPAZg,Gweilo-60,2019-02-25 05:04:51.164689,10939,0
UChXOhG9bRDb3vSTg-qkPAZg,Gweilo-60,2019-02-25 05:03:50.99993,10939,1
UChXOhG9bRDb3vSTg-qkPAZg,Gweilo-60,2019-02-25 05:02:51.815046,10938,0
UChXOhG9bRDb3vSTg-qkPAZg,Gweilo-60,2019-02-25 05:01:51.487901,10938,0
UChXOhG9bRDb3vSTg-qkPAZg,Gweilo-60,2019-02-25 05:00:51.274816,10938,0
UChXOhG9bRDb3vSTg-qkPAZg,Gweilo-60,2019-02-25 04:59:51.157895,10938,0
UChXOhG9bRDb3vSTg-qkPAZg,Gweilo-60,2019-02-25 04:58:51.179886,10938,0
UChXOhG9bRDb3vSTg-qkPAZg,Gweilo-60,2019-02-25 04:57:51.244141,10938,0
UChXOhG9bRDb3vSTg-qkPAZg,Gweilo-60,2019-02-25 04:56:51.211738,10938,0
UChXOhG9bRDb3vSTg-qkPAZg,Gweilo-60,2019-02-25 04:55:51.806766,10938,0
UChXOhG9bRDb3vSTg-qkPAZg,Gweilo-60,2019-02-25 04:54:51.377206,10938,0
UChXOhG9bRDb3vSTg-qkPAZg,Gweilo-60,2019-02-25 04:53:51.182371,10938,0
UChXOhG9bRDb3vSTg-qkPAZg,Gweilo-60,2019-02-25 04:52:51.13111,10938,0
UChXOhG9bRDb3vSTg-qkPAZg,Gweilo-60,2019-02-25 04:51:51.088167,10938,0
UChXOhG9bRDb3vSTg-qkPAZg,Gweilo-60,2019-02-25 04:50:51.481758,10938,0
UChXOhG9bRDb3vSTg-qkPAZg,Gweilo-60,2019-02-25 04:49:51.210481,10938,0
UChXOhG9bRDb3vSTg-qkPAZg,Gweilo-60,2019-02-25 04:48:51.658842,10938,0
UChXOhG9bRDb3vSTg-qkPAZg,Gweilo-60,2019-02-25 04:47:51.005964,10938,0
UChXOhG9bRDb3vSTg-qkPAZg,Gweilo-60,2019-02-25 04:46:50.905109,10938,0
UChXOhG9bRDb3vSTg-qkPAZg,Gweilo-60,2019-02-25 04:45:51.416834,10938,0
UChXOhG9bRDb3vSTg-qkPAZg,Gweilo-60,2019-02-25 04:44:51.404585,10938,0
UChXOhG9bRDb3vSTg-qkPAZg,Gweilo-60,2019-02-25 04:43:51.979049,10938,0
UChXOhG9bRDb3vSTg-qkPAZg,Gweilo-60,2019-02-25 04:42:50.785308,10938,0
UChXOhG9bRDb3vSTg-qkPAZg,Gweilo-60,2019-02-25 04:41:51.07035,10938,0
UChXOhG9bRDb3vSTg-qkPAZg,Gweilo-60,2019-02-25 04:40:51.547789,10938,0
UChXOhG9bRDb3vSTg-qkPAZg,Gweilo-60,2019-02-25 04:39:51.934148,10938,0
UChXOhG9bRDb3vSTg-qkPAZg,Gweilo-60,2019-02-25 04:38:52.086637,10938,0
UChXOhG9bRDb3vSTg-qkPAZg,Gweilo-60,2019-02-25 04:37:51.210196,10938,0
UChXOhG9bRDb3vSTg-qkPAZg,Gweilo-60,2019-02-25 04:36:50.599072,10938,0
UChXOhG9bRDb3vSTg-qkPAZg,Gweilo-60,2019-02-25 04:35:50.79347,10938,0
UChXOhG9bRDb3vSTg-qkPAZg,Gweilo-60,2019-02-25 04:34:51.043804,10938,0
UChXOhG9bRDb3vSTg-qkPAZg,Gweilo-60,2019-02-25 04:33:50.962185,10938,0
UChXOhG9bRDb3vSTg-qkPAZg,Gweilo-60,2019-02-25 04:32:51.792,10938,0
UChXOhG9bRDb3vSTg-qkPAZg,Gweilo-60,2019-02-25 04:31:50.821844,10938,0
UChXOhG9bRDb3vSTg-qkPAZg,Gweilo-60,2019-02-25 04:30:51.921159,10938,0
UChXOhG9bRDb3vSTg-qkPAZg,Gweilo-60,2019-02-25 04:29:51.212493,10938,0
UChXOhG9bRDb3vSTg-qkPAZg,Gweilo-60,2019-02-25 04:28:51.323725,10938,0
UChXOhG9bRDb3vSTg-qkPAZg,Gweilo-60,2019-02-25 04:27:50.957427,10938,0
UChXOhG9bRDb3vSTg-qkPAZg,Gweilo-60,2019-02-25 04:26:51.315306,10938,0
UChXOhG9bRDb3vSTg-qkPAZg,Gweilo-60,2019-02-25 04:25:50.95193,10938,0
UChXOhG9bRDb3vSTg-qkPAZg,Gweilo-60,2019-02-25 04:24:51.058329,10938,0
UChXOhG9bRDb3vSTg-qkPAZg,Gweilo-60,2019-02-25 04:23:51.1785,10938,0
UChXOhG9bRDb3vSTg-qkPAZg,Gweilo-60,2019-02-25 04:22:50.847689,10938,0
UChXOhG9bRDb3vSTg-qkPAZg,Gweilo-60,2019-02-25 04:21:51.269615,10938,0
UChXOhG9bRDb3vSTg-qkPAZg,Gweilo-60,2019-02-25 04:20:51.020432,10938,0
UChXOhG9bRDb3vSTg-qkPAZg,Gweilo-60,2019-02-25 04:19:50.811031,10938,0
UChXOhG9bRDb3vSTg-qkPAZg,Gweilo-60,2019-02-25 04:18:50.915968,10938,0
UChXOhG9bRDb3vSTg-qkPAZg,Gweilo-60,2019-02-25 04:17:51.128227,10938,0
UChXOhG9bRDb3vSTg-qkPAZg,Gweilo-60,2019-02-25 04:16:51.090736,10938,0
UChXOhG9bRDb3vSTg-qkPAZg,Gweilo-60,2019-02-25 04:15:51.67333,10938,0
UChXOhG9bRDb3vSTg-qkPAZg,Gweilo-60,2019-02-25 04:14:51.441225,10938,0
UChXOhG9bRDb3vSTg-qkPAZg,Gweilo-60,2019-02-25 04:13:50.805229,10938,0
UChXOhG9bRDb3vSTg-qkPAZg,Gweilo-60,2019-02-25 04:12:51.995186,10938,0
UChXOhG9bRDb3vSTg-qkPAZg,Gweilo-60,2019-02-25 04:11:51.231932,10938,1
UChXOhG9bRDb3vSTg-qkPAZg,Gweilo-60,2019-02-25 04:10:50.922364,10937,0
UChXOhG9bRDb3vSTg-qkPAZg,Gweilo-60,2019-02-25 04:09:50.847562,10937,0
UChXOhG9bRDb3vSTg-qkPAZg,Gweilo-60,2019-02-25 04:08:51.705059,10937,0
UChXOhG9bRDb3vSTg-qkPAZg,Gweilo-60,2019-02-25 04:07:51.198791,10937,0
UChXOhG9bRDb3vSTg-qkPAZg,Gweilo-60,2019-02-25 04:06:51.56993,10937,0
UChXOhG9bRDb3vSTg-qkPAZg,Gweilo-60,2019-02-25 04:05:51.16949,10937,0
UChXOhG9bRDb3vSTg-qkPAZg,Gweilo-60,2019-02-25 04:04:51.406462,10937,0
UChXOhG9bRDb3vSTg-qkPAZg,Gweilo-60,2019-02-25 04:03:51.584346,10937,0
UChXOhG9bRDb3vSTg-qkPAZg,Gweilo-60,2019-02-25 04:02:51.471635,10937,0
UChXOhG9bRDb3vSTg-qkPAZg,Gweilo-60,2019-02-25 04:01:50.996029,10937,0
UChXOhG9bRDb3vSTg-qkPAZg,Gweilo-60,2019-02-25 04:00:51.173186,10937,0
UChXOhG9bRDb3vSTg-qkPAZg,Gweilo-60,2019-02-25 03:59:51.02374,10937,0
UChXOhG9bRDb3vSTg-qkPAZg,Gweilo-60,2019-02-25 03:58:51.313029,10937,0
UChXOhG9bRDb3vSTg-qkPAZg,Gweilo-60,2019-02-25 03:57:51.399632,10937,0
UChXOhG9bRDb3vSTg-qkPAZg,Gweilo-60,2019-02-25 03:56:51.233193,10937,0
UChXOhG9bRDb3vSTg-qkPAZg,Gweilo-60,2019-02-25 03:55:51.425654,10937,0
UChXOhG9bRDb3vSTg-qkPAZg,Gweilo-60,2019-02-25 03:54:51.108227,10937,0
UChXOhG9bRDb3vSTg-qkPAZg,Gweilo-60,2019-02-25 03:53:51.052663,10937,0
UChXOhG9bRDb3vSTg-qkPAZg,Gweilo-60,2019-02-25 03:52:51.395454,10937,0
UChXOhG9bRDb3vSTg-qkPAZg,Gweilo-60,2019-02-25 03:51:50.783066,10937,0
UChXOhG9bRDb3vSTg-qkPAZg,Gweilo-60,2019-02-25 03:50:51.580586,10937,-1
UChXOhG9bRDb3vSTg-qkPAZg,Gweilo-60,2019-02-25 03:49:51.026518,10938,0
UChXOhG9bRDb3vSTg-qkPAZg,Gweilo-60,2019-02-25 03:48:51.129872,10938,0
UChXOhG9bRDb3vSTg-qkPAZg,Gweilo-60,2019-02-25 03:47:51.152229,10938,0
UChXOhG9bRDb3vSTg-qkPAZg,Gweilo-60,2019-02-25 03:46:51.035256,10938,1
UChXOhG9bRDb3vSTg-qkPAZg,Gweilo-60,2019-02-25 03:45:51.207663,10937,0
UChXOhG9bRDb3vSTg-qkPAZg,Gweilo-60,2019-02-25 03:44:51.209902,10937,0
UChXOhG9bRDb3vSTg-qkPAZg,Gweilo-60,2019-02-25 03:43:50.910084,10937,0
UChXOhG9bRDb3vSTg-qkPAZg,Gweilo-60,2019-02-25 03:42:51.303213,10937,0
UChXOhG9bRDb3vSTg-qkPAZg,Gweilo-60,2019-02-25 03:41:51.474849,10937,0
UChXOhG9bRDb3vSTg-qkPAZg,Gweilo-60,2019-02-25 03:40:51.457794,10937,0
UChXOhG9bRDb3vSTg-qkPAZg,Gweilo-60,2019-02-25 03:39:51.087867,10937,0
UChXOhG9bRDb3vSTg-qkPAZg,Gweilo-60,2019-02-25 03:38:51.303848,10937,0
UChXOhG9bRDb3vSTg-qkPAZg,Gweilo-60,2019-02-25 03:37:51.21388,10937,0
UChXOhG9bRDb3vSTg-qkPAZg,Gweilo-60,2019-02-25 03:36:51.659524,10937,0
UChXOhG9bRDb3vSTg-qkPAZg,Gweilo-60,2019-02-25 03:35:51.904343,10937,0
UChXOhG9bRDb3vSTg-qkPAZg,Gweilo-60,2019-02-25 03:34:51.115163,10937,0
UChXOhG9bRDb3vSTg-qkPAZg,Gweilo-60,2019-02-25 03:33:51.148206,10937,0
UChXOhG9bRDb3vSTg-qkPAZg,Gweilo-60,2019-02-25 03:32:51.19057,10937,0
UChXOhG9bRDb3vSTg-qkPAZg,Gweilo-60,2019-02-25 03:31:52.264899,10937,0
UChXOhG9bRDb3vSTg-qkPAZg,Gweilo-60,2019-02-25 03:30:51.494333,10937,0
UChXOhG9bRDb3vSTg-qkPAZg,Gweilo-60,2019-02-25 03:29:50.776176,10937,0
UChXOhG9bRDb3vSTg-qkPAZg,Gweilo-60,2019-02-25 03:28:51.453,10937,0
UChXOhG9bRDb3vSTg-qkPAZg,Gweilo-60,2019-02-25 03:27:51.220858,10937,0
UChXOhG9bRDb3vSTg-qkPAZg,Gweilo-60,2019-02-25 03:26:51.347735,10937,0
UChXOhG9bRDb3vSTg-qkPAZg,Gweilo-60,2019-02-25 03:25:50.934616,10937,0
UChXOhG9bRDb3vSTg-qkPAZg,Gweilo-60,2019-02-25 03:24:51.28389,10937,0
UChXOhG9bRDb3vSTg-qkPAZg,Gweilo-60,2019-02-25 03:23:51.594148,10937,0
UChXOhG9bRDb3vSTg-qkPAZg,Gweilo-60,2019-02-25 03:22:51.420412,10937,0
UChXOhG9bRDb3vSTg-qkPAZg,Gweilo-60,2019-02-25 03:21:51.097571,10937,-1
UChXOhG9bRDb3vSTg-qkPAZg,Gweilo-60,2019-02-25 03:20:51.298108,10938,0
UChXOhG9bRDb3vSTg-qkPAZg,Gweilo-60,2019-02-25 03:19:51.214652,10938,0
UChXOhG9bRDb3vSTg-qkPAZg,Gweilo-60,2019-02-25 03:18:51.428649,10938,0
UChXOhG9bRDb3vSTg-qkPAZg,Gweilo-60,2019-02-25 03:17:51.265874,10938,-1
UChXOhG9bRDb3vSTg-qkPAZg,Gweilo-60,2019-02-25 03:16:51.183617,10939,0
UChXOhG9bRDb3vSTg-qkPAZg,Gweilo-60,2019-02-25 03:15:51.146792,10939,0
UChXOhG9bRDb3vSTg-qkPAZg,Gweilo-60,2019-02-25 03:14:50.69887,10939,-1
UChXOhG9bRDb3vSTg-qkPAZg,Gweilo-60,2019-02-25 03:13:54.984794,10940,0
UChXOhG9bRDb3vSTg-qkPAZg,Gweilo-60,2019-02-25 03:12:51.103994,10940,0
UChXOhG9bRDb3vSTg-qkPAZg,Gweilo-60,2019-02-25 03:11:50.964619,10940,0
UChXOhG9bRDb3vSTg-qkPAZg,Gweilo-60,2019-02-25 03:10:52.083336,10940,-1
UChXOhG9bRDb3vSTg-qkPAZg,Gweilo-60,2019-02-25 03:09:51.334723,10941,-1
UChXOhG9bRDb3vSTg-qkPAZg,Gweilo-60,2019-02-25 03:08:51.404795,10942,-1
UChXOhG9bRDb3vSTg-qkPAZg,Gweilo-60,2019-02-25 03:07:51.398635,10943,-1
UChXOhG9bRDb3vSTg-qkPAZg,Gweilo-60,2019-02-25 03:06:51.954845,10944,-1
UChXOhG9bRDb3vSTg-qkPAZg,Gweilo-60,2019-02-25 03:05:50.731509,10945,1
UChXOhG9bRDb3vSTg-qkPAZg,Gweilo-60,2019-02-25 03:04:51.401207,10944,0
UChXOhG9bRDb3vSTg-qkPAZg,Gweilo-60,2019-02-25 03:03:51.406471,10944,0
UChXOhG9bRDb3vSTg-qkPAZg,Gweilo-60,2019-02-25 03:02:51.442285,10944,0
UChXOhG9bRDb3vSTg-qkPAZg,Gweilo-60,2019-02-25 03:01:50.976152,10944,0
UChXOhG9bRDb3vSTg-qkPAZg,Gweilo-60,2019-02-25 03:00:51.310189,10944,0
UChXOhG9bRDb3vSTg-qkPAZg,Gweilo-60,2019-02-25 02:59:51.102905,10944,0
UChXOhG9bRDb3vSTg-qkPAZg,Gweilo-60,2019-02-25 02:58:51.053014,10944,0
UChXOhG9bRDb3vSTg-qkPAZg,Gweilo-60,2019-02-25 02:57:50.858844,10944,0
UChXOhG9bRDb3vSTg-qkPAZg,Gweilo-60,2019-02-25 02:56:50.863573,10944,0
UChXOhG9bRDb3vSTg-qkPAZg,Gweilo-60,2019-02-25 02:55:51.505139,10944,0
UChXOhG9bRDb3vSTg-qkPAZg,Gweilo-60,2019-02-25 02:54:51.809462,10944,0
UChXOhG9bRDb3vSTg-qkPAZg,Gweilo-60,2019-02-25 02:53:51.121907,10944,0
UChXOhG9bRDb3vSTg-qkPAZg,Gweilo-60,2019-02-25 02:52:50.771774,10944,0
UChXOhG9bRDb3vSTg-qkPAZg,Gweilo-60,2019-02-25 02:51:51.231038,10944,0
UChXOhG9bRDb3vSTg-qkPAZg,Gweilo-60,2019-02-25 02:50:51.548945,10944,0
UChXOhG9bRDb3vSTg-qkPAZg,Gweilo-60,2019-02-25 02:49:51.480439,10944,0
UChXOhG9bRDb3vSTg-qkPAZg,Gweilo-60,2019-02-25 02:48:51.322729,10944,0
UChXOhG9bRDb3vSTg-qkPAZg,Gweilo-60,2019-02-25 02:47:50.849908,10944,0
UChXOhG9bRDb3vSTg-qkPAZg,Gweilo-60,2019-02-25 02:46:51.526995,10944,0
UChXOhG9bRDb3vSTg-qkPAZg,Gweilo-60,2019-02-25 02:45:51.257983,10944,0
UChXOhG9bRDb3vSTg-qkPAZg,Gweilo-60,2019-02-25 02:44:50.920047,10944,0
UChXOhG9bRDb3vSTg-qkPAZg,Gweilo-60,2019-02-25 02:43:51.405098,10944,0
UChXOhG9bRDb3vSTg-qkPAZg,Gweilo-60,2019-02-25 02:42:50.579549,10944,0
UChXOhG9bRDb3vSTg-qkPAZg,Gweilo-60,2019-02-25 02:41:50.859586,10944,0
UChXOhG9bRDb3vSTg-qkPAZg,Gweilo-60,2019-02-25 02:40:51.030945,10944,0
UChXOhG9bRDb3vSTg-qkPAZg,Gweilo-60,2019-02-25 02:39:51.180303,10944,0
UChXOhG9bRDb3vSTg-qkPAZg,Gweilo-60,2019-02-25 02:38:51.319621,10944,0
UChXOhG9bRDb3vSTg-qkPAZg,Gweilo-60,2019-02-25 02:37:51.173229,10944,0
UChXOhG9bRDb3vSTg-qkPAZg,Gweilo-60,2019-02-25 02:36:50.780664,10944,0
UChXOhG9bRDb3vSTg-qkPAZg,Gweilo-60,2019-02-25 02:35:51.125063,10944,0
UChXOhG9bRDb3vSTg-qkPAZg,Gweilo-60,2019-02-25 02:34:50.838481,10944,0
UChXOhG9bRDb3vSTg-qkPAZg,Gweilo-60,2019-02-25 02:33:51.083676,10944,0
UChXOhG9bRDb3vSTg-qkPAZg,Gweilo-60,2019-02-25 02:32:50.613083,10944,0
UChXOhG9bRDb3vSTg-qkPAZg,Gweilo-60,2019-02-25 02:31:51.058822,10944,0
UChXOhG9bRDb3vSTg-qkPAZg,Gweilo-60,2019-02-25 02:30:50.966522,10944,0
UChXOhG9bRDb3vSTg-qkPAZg,Gweilo-60,2019-02-25 02:29:51.329016,10944,0
UChXOhG9bRDb3vSTg-qkPAZg,Gweilo-60,2019-02-25 02:28:50.940222,10944,0
UChXOhG9bRDb3vSTg-qkPAZg,Gweilo-60,2019-02-25 02:27:50.839347,10944,0
UChXOhG9bRDb3vSTg-qkPAZg,Gweilo-60,2019-02-25 02:26:51.186925,10944,0
UChXOhG9bRDb3vSTg-qkPAZg,Gweilo-60,2019-02-25 02:25:51.469101,10944,0
UChXOhG9bRDb3vSTg-qkPAZg,Gweilo-60,2019-02-25 02:24:50.776958,10944,0
UChXOhG9bRDb3vSTg-qkPAZg,Gweilo-60,2019-02-25 02:23:50.78718,10944,0
UChXOhG9bRDb3vSTg-qkPAZg,Gweilo-60,2019-02-25 02:22:51.187758,10944,0
UChXOhG9bRDb3vSTg-qkPAZg,Gweilo-60,2019-02-25 02:21:51.314733,10944,0
UChXOhG9bRDb3vSTg-qkPAZg,Gweilo-60,2019-02-25 02:20:50.781188,10944,0
UChXOhG9bRDb3vSTg-qkPAZg,Gweilo-60,2019-02-25 02:19:50.960037,10944,0
UChXOhG9bRDb3vSTg-qkPAZg,Gweilo-60,2019-02-25 02:18:51.483425,10944,0
UChXOhG9bRDb3vSTg-qkPAZg,Gweilo-60,2019-02-25 02:17:51.556405,10944,0
UChXOhG9bRDb3vSTg-qkPAZg,Gweilo-60,2019-02-25 02:16:51.009299,10944,0
UChXOhG9bRDb3vSTg-qkPAZg,Gweilo-60,2019-02-25 02:15:51.133115,10944,0
UChXOhG9bRDb3vSTg-qkPAZg,Gweilo-60,2019-02-25 02:14:51.468407,10944,0
UChXOhG9bRDb3vSTg-qkPAZg,Gweilo-60,2019-02-25 02:13:51.33587,10944,-1
UChXOhG9bRDb3vSTg-qkPAZg,Gweilo-60,2019-02-25 02:12:50.939091,10945,0
UChXOhG9bRDb3vSTg-qkPAZg,Gweilo-60,2019-02-25 02:11:51.214324,10945,0
UChXOhG9bRDb3vSTg-qkPAZg,Gweilo-60,2019-02-25 02:10:50.94706,10945,0
UChXOhG9bRDb3vSTg-qkPAZg,Gweilo-60,2019-02-25 02:09:51.075783,10945,0
UChXOhG9bRDb3vSTg-qkPAZg,Gweilo-60,2019-02-25 02:08:51.8792,10945,0
UChXOhG9bRDb3vSTg-qkPAZg,Gweilo-60,2019-02-25 02:07:50.935646,10945,0
UChXOhG9bRDb3vSTg-qkPAZg,Gweilo-60,2019-02-25 02:06:51.22806,10945,0
UChXOhG9bRDb3vSTg-qkPAZg,Gweilo-60,2019-02-25 02:05:51.781878,10945,0
UChXOhG9bRDb3vSTg-qkPAZg,Gweilo-60,2019-02-25 02:04:52.099674,10945,0
UChXOhG9bRDb3vSTg-qkPAZg,Gweilo-60,2019-02-25 02:03:52.391556,10945,0
UChXOhG9bRDb3vSTg-qkPAZg,Gweilo-60,2019-02-25 02:02:52.151213,10945,0
UChXOhG9bRDb3vSTg-qkPAZg,Gweilo-60,2019-02-25 02:01:52.17338,10945,0
UChXOhG9bRDb3vSTg-qkPAZg,Gweilo-60,2019-02-25 02:00:51.238651,10945,0
UChXOhG9bRDb3vSTg-qkPAZg,Gweilo-60,2019-02-25 01:59:51.291309,10945,0
UChXOhG9bRDb3vSTg-qkPAZg,Gweilo-60,2019-02-25 01:58:51.421898,10945,0
UChXOhG9bRDb3vSTg-qkPAZg,Gweilo-60,2019-02-25 01:57:51.604394,10945,0
UChXOhG9bRDb3vSTg-qkPAZg,Gweilo-60,2019-02-25 01:56:50.857327,10945,0
UChXOhG9bRDb3vSTg-qkPAZg,Gweilo-60,2019-02-25 01:55:50.686826,10945,0
UChXOhG9bRDb3vSTg-qkPAZg,Gweilo-60,2019-02-25 01:54:50.782855,10945,0
UChXOhG9bRDb3vSTg-qkPAZg,Gweilo-60,2019-02-25 01:53:50.719035,10945,0
UChXOhG9bRDb3vSTg-qkPAZg,Gweilo-60,2019-02-25 01:52:50.920802,10945,0
UChXOhG9bRDb3vSTg-qkPAZg,Gweilo-60,2019-02-25 01:51:51.421582,10945,0
UChXOhG9bRDb3vSTg-qkPAZg,Gweilo-60,2019-02-25 01:50:51.24265,10945,0
UChXOhG9bRDb3vSTg-qkPAZg,Gweilo-60,2019-02-25 01:49:51.107173,10945,0
UChXOhG9bRDb3vSTg-qkPAZg,Gweilo-60,2019-02-25 01:48:51.098741,10945,0
UChXOhG9bRDb3vSTg-qkPAZg,Gweilo-60,2019-02-25 01:47:51.048146,10945,0
UChXOhG9bRDb3vSTg-qkPAZg,Gweilo-60,2019-02-25 01:46:52.002363,10945,0
UChXOhG9bRDb3vSTg-qkPAZg,Gweilo-60,2019-02-25 01:45:51.080165,10945,0
UChXOhG9bRDb3vSTg-qkPAZg,Gweilo-60,2019-02-25 01:44:50.657712,10945,0
UChXOhG9bRDb3vSTg-qkPAZg,Gweilo-60,2019-02-25 01:43:51.053423,10945,0
UChXOhG9bRDb3vSTg-qkPAZg,Gweilo-60,2019-02-25 01:42:50.862392,10945,1
UChXOhG9bRDb3vSTg-qkPAZg,Gweilo-60,2019-02-25 01:41:50.867672,10944,0
UChXOhG9bRDb3vSTg-qkPAZg,Gweilo-60,2019-02-25 01:40:50.933716,10944,0
UChXOhG9bRDb3vSTg-qkPAZg,Gweilo-60,2019-02-25 01:39:51.258008,10944,0
UChXOhG9bRDb3vSTg-qkPAZg,Gweilo-60,2019-02-25 01:38:52.529595,10944,0
UChXOhG9bRDb3vSTg-qkPAZg,Gweilo-60,2019-02-25 01:37:51.245693,10944,0
UChXOhG9bRDb3vSTg-qkPAZg,Gweilo-60,2019-02-25 01:36:51.108115,10944,0
UChXOhG9bRDb3vSTg-qkPAZg,Gweilo-60,2019-02-25 01:35:50.791198,10944,0
UChXOhG9bRDb3vSTg-qkPAZg,Gweilo-60,2019-02-25 01:34:51.759769,10944,0
UChXOhG9bRDb3vSTg-qkPAZg,Gweilo-60,2019-02-25 01:33:51.230472,10944,0
UChXOhG9bRDb3vSTg-qkPAZg,Gweilo-60,2019-02-25 01:32:51.161734,10944,0
UChXOhG9bRDb3vSTg-qkPAZg,Gweilo-60,2019-02-25 01:31:50.925846,10944,0
UChXOhG9bRDb3vSTg-qkPAZg,Gweilo-60,2019-02-25 01:30:50.96056,10944,0
UChXOhG9bRDb3vSTg-qkPAZg,Gweilo-60,2019-02-25 01:29:52.038471,10944,0
UChXOhG9bRDb3vSTg-qkPAZg,Gweilo-60,2019-02-25 01:28:50.8804,10944,0
UChXOhG9bRDb3vSTg-qkPAZg,Gweilo-60,2019-02-25 01:27:50.912255,10944,0
UChXOhG9bRDb3vSTg-qkPAZg,Gweilo-60,2019-02-25 01:26:50.834065,10944,0
UChXOhG9bRDb3vSTg-qkPAZg,Gweilo-60,2019-02-25 01:25:50.814135,10944,1
UChXOhG9bRDb3vSTg-qkPAZg,Gweilo-60,2019-02-25 01:24:50.703878,10943,0
UChXOhG9bRDb3vSTg-qkPAZg,Gweilo-60,2019-02-25 01:23:51.0239,10943,0
UChXOhG9bRDb3vSTg-qkPAZg,Gweilo-60,2019-02-25 01:22:50.36305,10943,0
UChXOhG9bRDb3vSTg-qkPAZg,Gweilo-60,2019-02-25 01:21:50.694488,10943,0
UChXOhG9bRDb3vSTg-qkPAZg,Gweilo-60,2019-02-25 01:20:50.863193,10943,0
UChXOhG9bRDb3vSTg-qkPAZg,Gweilo-60,2019-02-25 01:19:51.196288,10943,0
UChXOhG9bRDb3vSTg-qkPAZg,Gweilo-60,2019-02-25 01:18:50.892603,10943,0
UChXOhG9bRDb3vSTg-qkPAZg,Gweilo-60,2019-02-25 01:17:50.988914,10943,0
UChXOhG9bRDb3vSTg-qkPAZg,Gweilo-60,2019-02-25 01:16:51.016735,10943,0
UChXOhG9bRDb3vSTg-qkPAZg,Gweilo-60,2019-02-25 01:15:51.33223,10943,0
UChXOhG9bRDb3vSTg-qkPAZg,Gweilo-60,2019-02-25 01:14:50.301,10943,0
UChXOhG9bRDb3vSTg-qkPAZg,Gweilo-60,2019-02-25 01:13:51.040584,10943,0
UChXOhG9bRDb3vSTg-qkPAZg,Gweilo-60,2019-02-25 01:12:51.233265,10943,0
UChXOhG9bRDb3vSTg-qkPAZg,Gweilo-60,2019-02-25 01:11:50.674843,10943,0
UChXOhG9bRDb3vSTg-qkPAZg,Gweilo-60,2019-02-25 01:10:50.785908,10943,0
UChXOhG9bRDb3vSTg-qkPAZg,Gweilo-60,2019-02-25 01:09:50.976332,10943,0
UChXOhG9bRDb3vSTg-qkPAZg,Gweilo-60,2019-02-25 01:08:51.595823,10943,0
UChXOhG9bRDb3vSTg-qkPAZg,Gweilo-60,2019-02-25 01:07:50.689726,10943,0
UChXOhG9bRDb3vSTg-qkPAZg,Gweilo-60,2019-02-25 01:06:51.087881,10943,0
UChXOhG9bRDb3vSTg-qkPAZg,Gweilo-60,2019-02-25 01:05:51.316809,10943,0
UChXOhG9bRDb3vSTg-qkPAZg,Gweilo-60,2019-02-25 01:04:51.121443,10943,0
UChXOhG9bRDb3vSTg-qkPAZg,Gweilo-60,2019-02-25 01:03:51.286576,10943,0
UChXOhG9bRDb3vSTg-qkPAZg,Gweilo-60,2019-02-25 01:02:51.460617,10943,0
UChXOhG9bRDb3vSTg-qkPAZg,Gweilo-60,2019-02-25 01:01:51.529666,10943,0
UChXOhG9bRDb3vSTg-qkPAZg,Gweilo-60,2019-02-25 01:00:51.562691,10943,0
UChXOhG9bRDb3vSTg-qkPAZg,Gweilo-60,2019-02-25 00:59:50.730846,10943,0
UChXOhG9bRDb3vSTg-qkPAZg,Gweilo-60,2019-02-25 00:58:51.07886,10943,0
UChXOhG9bRDb3vSTg-qkPAZg,Gweilo-60,2019-02-25 00:57:52.056566,10943,0
UChXOhG9bRDb3vSTg-qkPAZg,Gweilo-60,2019-02-25 00:56:50.763005,10943,0
UChXOhG9bRDb3vSTg-qkPAZg,Gweilo-60,2019-02-25 00:55:50.711739,10943,0
UChXOhG9bRDb3vSTg-qkPAZg,Gweilo-60,2019-02-25 00:54:50.967445,10943,0
UChXOhG9bRDb3vSTg-qkPAZg,Gweilo-60,2019-02-25 00:53:50.866782,10943,0
UChXOhG9bRDb3vSTg-qkPAZg,Gweilo-60,2019-02-25 00:52:51.065742,10943,0
UChXOhG9bRDb3vSTg-qkPAZg,Gweilo-60,2019-02-25 00:51:50.967143,10943,0
UChXOhG9bRDb3vSTg-qkPAZg,Gweilo-60,2019-02-25 00:50:50.500499,10943,0
UChXOhG9bRDb3vSTg-qkPAZg,Gweilo-60,2019-02-25 00:49:51.475008,10943,0
UChXOhG9bRDb3vSTg-qkPAZg,Gweilo-60,2019-02-25 00:48:51.329158,10943,0
UChXOhG9bRDb3vSTg-qkPAZg,Gweilo-60,2019-02-25 00:47:51.336782,10943,0
UChXOhG9bRDb3vSTg-qkPAZg,Gweilo-60,2019-02-25 00:46:50.707897,10943,0
UChXOhG9bRDb3vSTg-qkPAZg,Gweilo-60,2019-02-25 00:45:51.035258,10943,0
UChXOhG9bRDb3vSTg-qkPAZg,Gweilo-60,2019-02-25 00:44:51.751699,10943,0
UChXOhG9bRDb3vSTg-qkPAZg,Gweilo-60,2019-02-25 00:43:50.935376,10943,0
UChXOhG9bRDb3vSTg-qkPAZg,Gweilo-60,2019-02-25 00:42:50.814532,10943,0
UChXOhG9bRDb3vSTg-qkPAZg,Gweilo-60,2019-02-25 00:41:51.22961,10943,0
UChXOhG9bRDb3vSTg-qkPAZg,Gweilo-60,2019-02-25 00:40:51.835018,10943,1
UChXOhG9bRDb3vSTg-qkPAZg,Gweilo-60,2019-02-25 00:39:51.867454,10942,0
UChXOhG9bRDb3vSTg-qkPAZg,Gweilo-60,2019-02-25 00:38:51.011384,10942,0
UChXOhG9bRDb3vSTg-qkPAZg,Gweilo-60,2019-02-25 00:37:51.07864,10942,0
UChXOhG9bRDb3vSTg-qkPAZg,Gweilo-60,2019-02-25 00:36:50.697345,10942,0
UChXOhG9bRDb3vSTg-qkPAZg,Gweilo-60,2019-02-25 00:35:50.982985,10942,0
UChXOhG9bRDb3vSTg-qkPAZg,Gweilo-60,2019-02-25 00:34:50.73171,10942,0
UChXOhG9bRDb3vSTg-qkPAZg,Gweilo-60,2019-02-25 00:33:51.243359,10942,1
UChXOhG9bRDb3vSTg-qkPAZg,Gweilo-60,2019-02-25 00:32:50.711003,10941,0
UChXOhG9bRDb3vSTg-qkPAZg,Gweilo-60,2019-02-25 00:31:51.276958,10941,0
UChXOhG9bRDb3vSTg-qkPAZg,Gweilo-60,2019-02-25 00:30:51.27244,10941,0
UChXOhG9bRDb3vSTg-qkPAZg,Gweilo-60,2019-02-25 00:29:51.016613,10941,1
UChXOhG9bRDb3vSTg-qkPAZg,Gweilo-60,2019-02-25 00:28:51.051572,10940,0
UChXOhG9bRDb3vSTg-qkPAZg,Gweilo-60,2019-02-25 00:27:51.036586,10940,0
UChXOhG9bRDb3vSTg-qkPAZg,Gweilo-60,2019-02-25 00:27:00.802472,10940,0
UChXOhG9bRDb3vSTg-qkPAZg,Gweilo-60,2019-02-25 00:25:50.981735,10940,0
UChXOhG9bRDb3vSTg-qkPAZg,Gweilo-60,2019-02-25 00:24:50.94746,10940,0
UChXOhG9bRDb3vSTg-qkPAZg,Gweilo-60,2019-02-25 00:23:50.984819,10940,0
UChXOhG9bRDb3vSTg-qkPAZg,Gweilo-60,2019-02-25 00:22:51.777297,10940,0
UChXOhG9bRDb3vSTg-qkPAZg,Gweilo-60,2019-02-25 00:21:51.479221,10940,0
UChXOhG9bRDb3vSTg-qkPAZg,Gweilo-60,2019-02-25 00:20:50.607302,10940,0
UChXOhG9bRDb3vSTg-qkPAZg,Gweilo-60,2019-02-25 00:19:50.682697,10940,0
UChXOhG9bRDb3vSTg-qkPAZg,Gweilo-60,2019-02-25 00:18:52.060084,10940,0
UChXOhG9bRDb3vSTg-qkPAZg,Gweilo-60,2019-02-25 00:17:51.047898,10940,0
UChXOhG9bRDb3vSTg-qkPAZg,Gweilo-60,2019-02-25 00:16:51.029405,10940,0
UChXOhG9bRDb3vSTg-qkPAZg,Gweilo-60,2019-02-25 00:15:51.454809,10940,0
UChXOhG9bRDb3vSTg-qkPAZg,Gweilo-60,2019-02-25 00:14:51.452144,10940,0
UChXOhG9bRDb3vSTg-qkPAZg,Gweilo-60,2019-02-25 00:13:51.264966,10940,0
UChXOhG9bRDb3vSTg-qkPAZg,Gweilo-60,2019-02-25 00:12:50.732545,10940,0
UChXOhG9bRDb3vSTg-qkPAZg,Gweilo-60,2019-02-25 00:11:50.666767,10940,0
UChXOhG9bRDb3vSTg-qkPAZg,Gweilo-60,2019-02-25 00:10:50.744607,10940,1
UChXOhG9bRDb3vSTg-qkPAZg,Gweilo-60,2019-02-25 00:09:51.060017,10939,0
UChXOhG9bRDb3vSTg-qkPAZg,Gweilo-60,2019-02-25 00:08:50.799359,10939,0
UChXOhG9bRDb3vSTg-qkPAZg,Gweilo-60,2019-02-25 00:07:50.788428,10939,0
UChXOhG9bRDb3vSTg-qkPAZg,Gweilo-60,2019-02-25 00:06:50.424338,10939,0
UChXOhG9bRDb3vSTg-qkPAZg,Gweilo-60,2019-02-25 00:05:50.796203,10939,0
UChXOhG9bRDb3vSTg-qkPAZg,Gweilo-60,2019-02-25 00:04:51.174176,10939,0
UChXOhG9bRDb3vSTg-qkPAZg,Gweilo-60,2019-02-25 00:03:50.960338,10939,0
UChXOhG9bRDb3vSTg-qkPAZg,Gweilo-60,2019-02-25 00:02:51.267501,10939,0
UChXOhG9bRDb3vSTg-qkPAZg,Gweilo-60,2019-02-25 00:01:51.30573,10939,0
UChXOhG9bRDb3vSTg-qkPAZg,Gweilo-60,2019-02-25 00:00:51.051194,10939,0
UChXOhG9bRDb3vSTg-qkPAZg,Gweilo-60,2019-02-24 23:59:50.920635,10939,0
UChXOhG9bRDb3vSTg-qkPAZg,Gweilo-60,2019-02-24 23:58:51.111345,10939,0
UChXOhG9bRDb3vSTg-qkPAZg,Gweilo-60,2019-02-24 23:57:50.728655,10939,0
UChXOhG9bRDb3vSTg-qkPAZg,Gweilo-60,2019-02-24 23:56:50.813443,10939,0
UChXOhG9bRDb3vSTg-qkPAZg,Gweilo-60,2019-02-24 23:55:51.279195,10939,0
UChXOhG9bRDb3vSTg-qkPAZg,Gweilo-60,2019-02-24 23:54:51.434865,10939,0
UChXOhG9bRDb3vSTg-qkPAZg,Gweilo-60,2019-02-24 23:53:51.548986,10939,0
UChXOhG9bRDb3vSTg-qkPAZg,Gweilo-60,2019-02-24 23:52:50.574105,10939,0
UChXOhG9bRDb3vSTg-qkPAZg,Gweilo-60,2019-02-24 23:51:51.416131,10939,1
UChXOhG9bRDb3vSTg-qkPAZg,Gweilo-60,2019-02-24 23:50:51.430921,10938,0
UChXOhG9bRDb3vSTg-qkPAZg,Gweilo-60,2019-02-24 23:49:50.471289,10938,0
UChXOhG9bRDb3vSTg-qkPAZg,Gweilo-60,2019-02-24 23:48:50.710875,10938,0
UChXOhG9bRDb3vSTg-qkPAZg,Gweilo-60,2019-02-24 23:47:51.043705,10938,0
UChXOhG9bRDb3vSTg-qkPAZg,Gweilo-60,2019-02-24 23:46:51.015002,10938,0
UChXOhG9bRDb3vSTg-qkPAZg,Gweilo-60,2019-02-24 23:45:51.735613,10938,0
UChXOhG9bRDb3vSTg-qkPAZg,Gweilo-60,2019-02-24 23:44:51.119311,10938,0
UChXOhG9bRDb3vSTg-qkPAZg,Gweilo-60,2019-02-24 23:43:51.374889,10938,0
UChXOhG9bRDb3vSTg-qkPAZg,Gweilo-60,2019-02-24 23:42:51.262293,10938,0
UChXOhG9bRDb3vSTg-qkPAZg,Gweilo-60,2019-02-24 23:41:51.022207,10938,0
UChXOhG9bRDb3vSTg-qkPAZg,Gweilo-60,2019-02-24 23:40:51.367587,10938,0
UChXOhG9bRDb3vSTg-qkPAZg,Gweilo-60,2019-02-24 23:39:51.112402,10938,0
UChXOhG9bRDb3vSTg-qkPAZg,Gweilo-60,2019-02-24 23:38:51.029651,10938,0
UChXOhG9bRDb3vSTg-qkPAZg,Gweilo-60,2019-02-24 23:37:51.208347,10938,0
UChXOhG9bRDb3vSTg-qkPAZg,Gweilo-60,2019-02-24 23:36:51.112264,10938,0
UChXOhG9bRDb3vSTg-qkPAZg,Gweilo-60,2019-02-24 23:35:50.86051,10938,0
UChXOhG9bRDb3vSTg-qkPAZg,Gweilo-60,2019-02-24 23:34:51.352688,10938,0
UChXOhG9bRDb3vSTg-qkPAZg,Gweilo-60,2019-02-24 23:33:51.101127,10938,0
UChXOhG9bRDb3vSTg-qkPAZg,Gweilo-60,2019-02-24 23:32:50.333267,10938,0
UChXOhG9bRDb3vSTg-qkPAZg,Gweilo-60,2019-02-24 23:31:51.358834,10938,0
UChXOhG9bRDb3vSTg-qkPAZg,Gweilo-60,2019-02-24 23:30:51.076491,10938,0
UChXOhG9bRDb3vSTg-qkPAZg,Gweilo-60,2019-02-24 23:29:51.057748,10938,0
UChXOhG9bRDb3vSTg-qkPAZg,Gweilo-60,2019-02-24 23:28:51.49689,10938,0
UChXOhG9bRDb3vSTg-qkPAZg,Gweilo-60,2019-02-24 23:27:51.063556,10938,0
UChXOhG9bRDb3vSTg-qkPAZg,Gweilo-60,2019-02-24 23:26:51.220412,10938,0
UChXOhG9bRDb3vSTg-qkPAZg,Gweilo-60,2019-02-24 23:25:50.932793,10938,0
UChXOhG9bRDb3vSTg-qkPAZg,Gweilo-60,2019-02-24 23:24:51.310951,10938,0
UChXOhG9bRDb3vSTg-qkPAZg,Gweilo-60,2019-02-24 23:23:50.564622,10938,0
UChXOhG9bRDb3vSTg-qkPAZg,Gweilo-60,2019-02-24 23:22:51.104618,10938,0
UChXOhG9bRDb3vSTg-qkPAZg,Gweilo-60,2019-02-24 23:21:51.335538,10938,0
UChXOhG9bRDb3vSTg-qkPAZg,Gweilo-60,2019-02-24 23:20:50.759631,10938,0
UChXOhG9bRDb3vSTg-qkPAZg,Gweilo-60,2019-02-24 23:19:51.61933,10938,0
UChXOhG9bRDb3vSTg-qkPAZg,Gweilo-60,2019-02-24 23:18:51.260128,10938,0
UChXOhG9bRDb3vSTg-qkPAZg,Gweilo-60,2019-02-24 23:17:51.458416,10938,0
UChXOhG9bRDb3vSTg-qkPAZg,Gweilo-60,2019-02-24 23:16:51.624151,10938,1
UChXOhG9bRDb3vSTg-qkPAZg,Gweilo-60,2019-02-24 23:15:51.395607,10937,0
UChXOhG9bRDb3vSTg-qkPAZg,Gweilo-60,2019-02-24 23:14:51.623849,10937,0
UChXOhG9bRDb3vSTg-qkPAZg,Gweilo-60,2019-02-24 23:13:51.570155,10937,0
UChXOhG9bRDb3vSTg-qkPAZg,Gweilo-60,2019-02-24 23:12:51.34505,10937,0
UChXOhG9bRDb3vSTg-qkPAZg,Gweilo-60,2019-02-24 23:11:51.710197,10937,0
UChXOhG9bRDb3vSTg-qkPAZg,Gweilo-60,2019-02-24 23:10:51.158515,10937,0
UChXOhG9bRDb3vSTg-qkPAZg,Gweilo-60,2019-02-24 23:09:51.327445,10937,0
UChXOhG9bRDb3vSTg-qkPAZg,Gweilo-60,2019-02-24 23:08:51.516695,10937,1
UChXOhG9bRDb3vSTg-qkPAZg,Gweilo-60,2019-02-24 23:07:51.242218,10936,0
UChXOhG9bRDb3vSTg-qkPAZg,Gweilo-60,2019-02-24 23:06:50.943351,10936,0
UChXOhG9bRDb3vSTg-qkPAZg,Gweilo-60,2019-02-24 23:05:51.303851,10936,1
UChXOhG9bRDb3vSTg-qkPAZg,Gweilo-60,2019-02-24 23:04:50.961177,10935,0
UChXOhG9bRDb3vSTg-qkPAZg,Gweilo-60,2019-02-24 23:03:51.350468,10935,0
UChXOhG9bRDb3vSTg-qkPAZg,Gweilo-60,2019-02-24 23:02:50.93257,10935,0
UChXOhG9bRDb3vSTg-qkPAZg,Gweilo-60,2019-02-24 23:01:51.853635,10935,0
UChXOhG9bRDb3vSTg-qkPAZg,Gweilo-60,2019-02-24 23:00:51.334307,10935,0
UChXOhG9bRDb3vSTg-qkPAZg,Gweilo-60,2019-02-24 22:59:51.227298,10935,0
UChXOhG9bRDb3vSTg-qkPAZg,Gweilo-60,2019-02-24 22:58:50.977893,10935,1
UChXOhG9bRDb3vSTg-qkPAZg,Gweilo-60,2019-02-24 22:57:50.988071,10934,1
UChXOhG9bRDb3vSTg-qkPAZg,Gweilo-60,2019-02-24 22:56:50.927058,10933,0
UChXOhG9bRDb3vSTg-qkPAZg,Gweilo-60,2019-02-24 22:55:51.118162,10933,0
UChXOhG9bRDb3vSTg-qkPAZg,Gweilo-60,2019-02-24 22:54:51.146425,10933,0
UChXOhG9bRDb3vSTg-qkPAZg,Gweilo-60,2019-02-24 22:53:51.771845,10933,0
UChXOhG9bRDb3vSTg-qkPAZg,Gweilo-60,2019-02-24 22:52:51.022265,10933,0
UChXOhG9bRDb3vSTg-qkPAZg,Gweilo-60,2019-02-24 22:51:51.344779,10933,0
UChXOhG9bRDb3vSTg-qkPAZg,Gweilo-60,2019-02-24 22:50:51.789973,10933,0
UChXOhG9bRDb3vSTg-qkPAZg,Gweilo-60,2019-02-24 22:49:51.647116,10933,0
UChXOhG9bRDb3vSTg-qkPAZg,Gweilo-60,2019-02-24 22:48:51.356967,10933,0
UChXOhG9bRDb3vSTg-qkPAZg,Gweilo-60,2019-02-24 22:47:50.548824,10933,0
UChXOhG9bRDb3vSTg-qkPAZg,Gweilo-60,2019-02-24 22:46:51.183379,10933,0
UChXOhG9bRDb3vSTg-qkPAZg,Gweilo-60,2019-02-24 22:45:50.849463,10933,0
UChXOhG9bRDb3vSTg-qkPAZg,Gweilo-60,2019-02-24 22:44:51.642912,10933,0
UChXOhG9bRDb3vSTg-qkPAZg,Gweilo-60,2019-02-24 22:43:51.542342,10933,0
UChXOhG9bRDb3vSTg-qkPAZg,Gweilo-60,2019-02-24 22:42:51.049799,10933,0
UChXOhG9bRDb3vSTg-qkPAZg,Gweilo-60,2019-02-24 22:41:51.103795,10933,0
UChXOhG9bRDb3vSTg-qkPAZg,Gweilo-60,2019-02-24 22:40:51.103325,10933,1
UChXOhG9bRDb3vSTg-qkPAZg,Gweilo-60,2019-02-24 22:39:51.894389,10932,0
UChXOhG9bRDb3vSTg-qkPAZg,Gweilo-60,2019-02-24 22:38:51.090377,10932,0
UChXOhG9bRDb3vSTg-qkPAZg,Gweilo-60,2019-02-24 22:37:51.299022,10932,0
UChXOhG9bRDb3vSTg-qkPAZg,Gweilo-60,2019-02-24 22:36:51.11974,10932,0
UChXOhG9bRDb3vSTg-qkPAZg,Gweilo-60,2019-02-24 22:35:51.139528,10932,0
UChXOhG9bRDb3vSTg-qkPAZg,Gweilo-60,2019-02-24 22:34:50.880081,10932,0
UChXOhG9bRDb3vSTg-qkPAZg,Gweilo-60,2019-02-24 22:33:51.843586,10932,0
UChXOhG9bRDb3vSTg-qkPAZg,Gweilo-60,2019-02-24 22:32:51.248057,10932,0
UChXOhG9bRDb3vSTg-qkPAZg,Gweilo-60,2019-02-24 22:31:52.006705,10932,0
UChXOhG9bRDb3vSTg-qkPAZg,Gweilo-60,2019-02-24 22:30:51.20864,10932,0
UChXOhG9bRDb3vSTg-qkPAZg,Gweilo-60,2019-02-24 22:29:51.259928,10932,0
UChXOhG9bRDb3vSTg-qkPAZg,Gweilo-60,2019-02-24 22:28:51.463068,10932,0
UChXOhG9bRDb3vSTg-qkPAZg,Gweilo-60,2019-02-24 22:27:51.024984,10932,0
UChXOhG9bRDb3vSTg-qkPAZg,Gweilo-60,2019-02-24 22:26:50.98899,10932,1
UChXOhG9bRDb3vSTg-qkPAZg,Gweilo-60,2019-02-24 22:25:51.449392,10931,-1
UChXOhG9bRDb3vSTg-qkPAZg,Gweilo-60,2019-02-24 22:24:51.163207,10932,0
UChXOhG9bRDb3vSTg-qkPAZg,Gweilo-60,2019-02-24 22:23:50.960248,10932,0
UChXOhG9bRDb3vSTg-qkPAZg,Gweilo-60,2019-02-24 22:22:51.056478,10932,-1
UChXOhG9bRDb3vSTg-qkPAZg,Gweilo-60,2019-02-24 22:21:51.258864,10933,0
UChXOhG9bRDb3vSTg-qkPAZg,Gweilo-60,2019-02-24 22:20:51.195328,10933,0
UChXOhG9bRDb3vSTg-qkPAZg,Gweilo-60,2019-02-24 22:19:51.55931,10933,0
UChXOhG9bRDb3vSTg-qkPAZg,Gweilo-60,2019-02-24 22:18:51.123399,10933,0
UChXOhG9bRDb3vSTg-qkPAZg,Gweilo-60,2019-02-24 22:17:51.002246,10933,0
UChXOhG9bRDb3vSTg-qkPAZg,Gweilo-60,2019-02-24 22:16:51.183468,10933,0
UChXOhG9bRDb3vSTg-qkPAZg,Gweilo-60,2019-02-24 22:15:50.67858,10933,0
UChXOhG9bRDb3vSTg-qkPAZg,Gweilo-60,2019-02-24 22:14:51.633661,10933,0
UChXOhG9bRDb3vSTg-qkPAZg,Gweilo-60,2019-02-24 22:13:50.982736,10933,0
UChXOhG9bRDb3vSTg-qkPAZg,Gweilo-60,2019-02-24 22:12:51.221938,10933,0
UChXOhG9bRDb3vSTg-qkPAZg,Gweilo-60,2019-02-24 22:11:50.472161,10933,0
UChXOhG9bRDb3vSTg-qkPAZg,Gweilo-60,2019-02-24 22:10:50.942673,10933,1
UChXOhG9bRDb3vSTg-qkPAZg,Gweilo-60,2019-02-24 22:09:50.689669,10932,0
UChXOhG9bRDb3vSTg-qkPAZg,Gweilo-60,2019-02-24 22:08:50.753308,10932,0
UChXOhG9bRDb3vSTg-qkPAZg,Gweilo-60,2019-02-24 22:07:50.963115,10932,0
UChXOhG9bRDb3vSTg-qkPAZg,Gweilo-60,2019-02-24 22:06:50.974461,10932,0
UChXOhG9bRDb3vSTg-qkPAZg,Gweilo-60,2019-02-24 22:05:51.237756,10932,0
UChXOhG9bRDb3vSTg-qkPAZg,Gweilo-60,2019-02-24 22:04:51.122235,10932,0
UChXOhG9bRDb3vSTg-qkPAZg,Gweilo-60,2019-02-24 22:03:51.473815,10932,0
UChXOhG9bRDb3vSTg-qkPAZg,Gweilo-60,2019-02-24 22:02:51.55084,10932,0
UChXOhG9bRDb3vSTg-qkPAZg,Gweilo-60,2019-02-24 22:01:51.459042,10932,0
UChXOhG9bRDb3vSTg-qkPAZg,Gweilo-60,2019-02-24 22:00:51.070767,10932,0
UChXOhG9bRDb3vSTg-qkPAZg,Gweilo-60,2019-02-24 21:59:51.264004,10932,0
UChXOhG9bRDb3vSTg-qkPAZg,Gweilo-60,2019-02-24 21:58:50.933948,10932,0
UChXOhG9bRDb3vSTg-qkPAZg,Gweilo-60,2019-02-24 21:57:51.602644,10932,0
UChXOhG9bRDb3vSTg-qkPAZg,Gweilo-60,2019-02-24 21:56:51.275051,10932,0
UChXOhG9bRDb3vSTg-qkPAZg,Gweilo-60,2019-02-24 21:55:51.629288,10932,0
UChXOhG9bRDb3vSTg-qkPAZg,Gweilo-60,2019-02-24 21:54:51.276954,10932,0
UChXOhG9bRDb3vSTg-qkPAZg,Gweilo-60,2019-02-24 21:53:51.204415,10932,0
UChXOhG9bRDb3vSTg-qkPAZg,Gweilo-60,2019-02-24 21:52:52.359803,10932,0
UChXOhG9bRDb3vSTg-qkPAZg,Gweilo-60,2019-02-24 21:51:51.610831,10932,0
UChXOhG9bRDb3vSTg-qkPAZg,Gweilo-60,2019-02-24 21:50:51.288108,10932,0
UChXOhG9bRDb3vSTg-qkPAZg,Gweilo-60,2019-02-24 21:49:51.329463,10932,0
UChXOhG9bRDb3vSTg-qkPAZg,Gweilo-60,2019-02-24 21:48:50.911913,10932,0
UChXOhG9bRDb3vSTg-qkPAZg,Gweilo-60,2019-02-24 21:47:51.971817,10932,0
UChXOhG9bRDb3vSTg-qkPAZg,Gweilo-60,2019-02-24 21:46:51.742926,10932,0
UChXOhG9bRDb3vSTg-qkPAZg,Gweilo-60,2019-02-24 21:45:51.02027,10932,0
UChXOhG9bRDb3vSTg-qkPAZg,Gweilo-60,2019-02-24 21:44:51.593678,10932,0
UChXOhG9bRDb3vSTg-qkPAZg,Gweilo-60,2019-02-24 21:43:50.925308,10932,1
UChXOhG9bRDb3vSTg-qkPAZg,Gweilo-60,2019-02-24 21:42:51.265121,10931,0
UChXOhG9bRDb3vSTg-qkPAZg,Gweilo-60,2019-02-24 21:41:51.119262,10931,0
UChXOhG9bRDb3vSTg-qkPAZg,Gweilo-60,2019-02-24 21:40:51.594275,10931,0
UChXOhG9bRDb3vSTg-qkPAZg,Gweilo-60,2019-02-24 21:39:50.729207,10931,0
UChXOhG9bRDb3vSTg-qkPAZg,Gweilo-60,2019-02-24 21:38:51.150914,10931,0
UChXOhG9bRDb3vSTg-qkPAZg,Gweilo-60,2019-02-24 21:37:51.354971,10931,0
UChXOhG9bRDb3vSTg-qkPAZg,Gweilo-60,2019-02-24 21:36:51.541697,10931,0
UChXOhG9bRDb3vSTg-qkPAZg,Gweilo-60,2019-02-24 21:35:51.375322,10931,0
UChXOhG9bRDb3vSTg-qkPAZg,Gweilo-60,2019-02-24 21:34:51.224922,10931,0
UChXOhG9bRDb3vSTg-qkPAZg,Gweilo-60,2019-02-24 21:33:50.924482,10931,0
UChXOhG9bRDb3vSTg-qkPAZg,Gweilo-60,2019-02-24 21:32:51.531008,10931,0
UChXOhG9bRDb3vSTg-qkPAZg,Gweilo-60,2019-02-24 21:31:53.256831,10931,0
UChXOhG9bRDb3vSTg-qkPAZg,Gweilo-60,2019-02-24 21:30:51.13587,10931,0
UChXOhG9bRDb3vSTg-qkPAZg,Gweilo-60,2019-02-24 21:29:51.776579,10931,0
UChXOhG9bRDb3vSTg-qkPAZg,Gweilo-60,2019-02-24 21:28:51.463752,10931,0
UChXOhG9bRDb3vSTg-qkPAZg,Gweilo-60,2019-02-24 21:27:51.58846,10931,0
UChXOhG9bRDb3vSTg-qkPAZg,Gweilo-60,2019-02-24 21:26:51.298001,10931,0
UChXOhG9bRDb3vSTg-qkPAZg,Gweilo-60,2019-02-24 21:25:51.218098,10931,0
UChXOhG9bRDb3vSTg-qkPAZg,Gweilo-60,2019-02-24 21:24:51.210118,10931,0
UChXOhG9bRDb3vSTg-qkPAZg,Gweilo-60,2019-02-24 21:23:51.025217,10931,0
UChXOhG9bRDb3vSTg-qkPAZg,Gweilo-60,2019-02-24 21:22:53.985371,10931,0
UChXOhG9bRDb3vSTg-qkPAZg,Gweilo-60,2019-02-24 21:21:51.078598,10931,0
UChXOhG9bRDb3vSTg-qkPAZg,Gweilo-60,2019-02-24 21:20:50.645482,10931,1
UChXOhG9bRDb3vSTg-qkPAZg,Gweilo-60,2019-02-24 21:19:52.156191,10930,0
UChXOhG9bRDb3vSTg-qkPAZg,Gweilo-60,2019-02-24 21:18:51.553584,10930,0
UChXOhG9bRDb3vSTg-qkPAZg,Gweilo-60,2019-02-24 21:17:51.707107,10930,0
UChXOhG9bRDb3vSTg-qkPAZg,Gweilo-60,2019-02-24 21:16:51.935781,10930,0
UChXOhG9bRDb3vSTg-qkPAZg,Gweilo-60,2019-02-24 21:15:51.153024,10930,0
UChXOhG9bRDb3vSTg-qkPAZg,Gweilo-60,2019-02-24 21:14:51.070943,10930,0
UChXOhG9bRDb3vSTg-qkPAZg,Gweilo-60,2019-02-24 21:13:51.078743,10930,0
UChXOhG9bRDb3vSTg-qkPAZg,Gweilo-60,2019-02-24 21:12:51.307922,10930,0
UChXOhG9bRDb3vSTg-qkPAZg,Gweilo-60,2019-02-24 21:11:51.085833,10930,0
UChXOhG9bRDb3vSTg-qkPAZg,Gweilo-60,2019-02-24 21:10:51.426816,10930,0
UChXOhG9bRDb3vSTg-qkPAZg,Gweilo-60,2019-02-24 21:09:51.012525,10930,0
UChXOhG9bRDb3vSTg-qkPAZg,Gweilo-60,2019-02-24 21:08:51.105389,10930,0
UChXOhG9bRDb3vSTg-qkPAZg,Gweilo-60,2019-02-24 21:07:51.229084,10930,0
UChXOhG9bRDb3vSTg-qkPAZg,Gweilo-60,2019-02-24 21:06:50.716368,10930,0
UChXOhG9bRDb3vSTg-qkPAZg,Gweilo-60,2019-02-24 21:05:50.710649,10930,1
UChXOhG9bRDb3vSTg-qkPAZg,Gweilo-60,2019-02-24 21:04:51.523066,10929,0
UChXOhG9bRDb3vSTg-qkPAZg,Gweilo-60,2019-02-24 21:03:51.018947,10929,0
UChXOhG9bRDb3vSTg-qkPAZg,Gweilo-60,2019-02-24 21:02:51.560759,10929,0
UChXOhG9bRDb3vSTg-qkPAZg,Gweilo-60,2019-02-24 21:01:51.163401,10929,0
UChXOhG9bRDb3vSTg-qkPAZg,Gweilo-60,2019-02-24 21:00:51.301927,10929,0
UChXOhG9bRDb3vSTg-qkPAZg,Gweilo-60,2019-02-24 20:59:51.427528,10929,0
UChXOhG9bRDb3vSTg-qkPAZg,Gweilo-60,2019-02-24 20:58:50.881246,10929,0
UChXOhG9bRDb3vSTg-qkPAZg,Gweilo-60,2019-02-24 20:57:51.605124,10929,0
UChXOhG9bRDb3vSTg-qkPAZg,Gweilo-60,2019-02-24 20:56:50.842168,10929,0
UChXOhG9bRDb3vSTg-qkPAZg,Gweilo-60,2019-02-24 20:55:51.162334,10929,1
UChXOhG9bRDb3vSTg-qkPAZg,Gweilo-60,2019-02-24 20:54:51.317953,10928,0
UChXOhG9bRDb3vSTg-qkPAZg,Gweilo-60,2019-02-24 20:53:51.029137,10928,0
UChXOhG9bRDb3vSTg-qkPAZg,Gweilo-60,2019-02-24 20:52:51.050345,10928,0
UChXOhG9bRDb3vSTg-qkPAZg,Gweilo-60,2019-02-24 20:51:50.972948,10928,0
UChXOhG9bRDb3vSTg-qkPAZg,Gweilo-60,2019-02-24 20:50:51.086792,10928,0
UChXOhG9bRDb3vSTg-qkPAZg,Gweilo-60,2019-02-24 20:49:51.060466,10928,0
UChXOhG9bRDb3vSTg-qkPAZg,Gweilo-60,2019-02-24 20:48:51.317609,10928,0
UChXOhG9bRDb3vSTg-qkPAZg,Gweilo-60,2019-02-24 20:47:51.198757,10928,0
UChXOhG9bRDb3vSTg-qkPAZg,Gweilo-60,2019-02-24 20:46:50.977264,10928,0
UChXOhG9bRDb3vSTg-qkPAZg,Gweilo-60,2019-02-24 20:45:51.477714,10928,0
UChXOhG9bRDb3vSTg-qkPAZg,Gweilo-60,2019-02-24 20:44:51.177155,10928,0
UChXOhG9bRDb3vSTg-qkPAZg,Gweilo-60,2019-02-24 20:43:50.850758,10928,0
UChXOhG9bRDb3vSTg-qkPAZg,Gweilo-60,2019-02-24 20:42:50.7085,10928,0
UChXOhG9bRDb3vSTg-qkPAZg,Gweilo-60,2019-02-24 20:41:50.449822,10928,0
UChXOhG9bRDb3vSTg-qkPAZg,Gweilo-60,2019-02-24 20:40:51.919145,10928,0
UChXOhG9bRDb3vSTg-qkPAZg,Gweilo-60,2019-02-24 20:39:50.788558,10928,0
UChXOhG9bRDb3vSTg-qkPAZg,Gweilo-60,2019-02-24 20:38:51.685126,10928,0
UChXOhG9bRDb3vSTg-qkPAZg,Gweilo-60,2019-02-24 20:37:51.360865,10928,0
UChXOhG9bRDb3vSTg-qkPAZg,Gweilo-60,2019-02-24 20:36:51.75919,10928,0
UChXOhG9bRDb3vSTg-qkPAZg,Gweilo-60,2019-02-24 20:35:51.615459,10928,0
UChXOhG9bRDb3vSTg-qkPAZg,Gweilo-60,2019-02-24 20:34:50.574818,10928,0
UChXOhG9bRDb3vSTg-qkPAZg,Gweilo-60,2019-02-24 20:33:51.648558,10928,0
UChXOhG9bRDb3vSTg-qkPAZg,Gweilo-60,2019-02-24 20:32:51.549494,10928,0
UChXOhG9bRDb3vSTg-qkPAZg,Gweilo-60,2019-02-24 20:31:51.332592,10928,0
UChXOhG9bRDb3vSTg-qkPAZg,Gweilo-60,2019-02-24 20:30:51.446716,10928,0
UChXOhG9bRDb3vSTg-qkPAZg,Gweilo-60,2019-02-24 20:29:50.977078,10928,0
UChXOhG9bRDb3vSTg-qkPAZg,Gweilo-60,2019-02-24 20:28:50.651218,10928,0
UChXOhG9bRDb3vSTg-qkPAZg,Gweilo-60,2019-02-24 20:27:51.271701,10928,0
UChXOhG9bRDb3vSTg-qkPAZg,Gweilo-60,2019-02-24 20:26:50.53546,10928,0
UChXOhG9bRDb3vSTg-qkPAZg,Gweilo-60,2019-02-24 20:25:50.918336,10928,0
UChXOhG9bRDb3vSTg-qkPAZg,Gweilo-60,2019-02-24 20:24:51.28162,10928,0
UChXOhG9bRDb3vSTg-qkPAZg,Gweilo-60,2019-02-24 20:23:51.361802,10928,0
UChXOhG9bRDb3vSTg-qkPAZg,Gweilo-60,2019-02-24 20:22:51.02761,10928,0
UChXOhG9bRDb3vSTg-qkPAZg,Gweilo-60,2019-02-24 20:21:51.283005,10928,0
UChXOhG9bRDb3vSTg-qkPAZg,Gweilo-60,2019-02-24 20:20:51.065575,10928,1
UChXOhG9bRDb3vSTg-qkPAZg,Gweilo-60,2019-02-24 20:19:51.320628,10927,0
UChXOhG9bRDb3vSTg-qkPAZg,Gweilo-60,2019-02-24 20:18:51.201226,10927,0
UChXOhG9bRDb3vSTg-qkPAZg,Gweilo-60,2019-02-24 20:17:51.006067,10927,0
UChXOhG9bRDb3vSTg-qkPAZg,Gweilo-60,2019-02-24 20:16:51.641567,10927,0
UChXOhG9bRDb3vSTg-qkPAZg,Gweilo-60,2019-02-24 20:15:51.454183,10927,0
UChXOhG9bRDb3vSTg-qkPAZg,Gweilo-60,2019-02-24 20:14:51.477335,10927,0
UChXOhG9bRDb3vSTg-qkPAZg,Gweilo-60,2019-02-24 20:13:51.340962,10927,0
UChXOhG9bRDb3vSTg-qkPAZg,Gweilo-60,2019-02-24 20:12:51.883424,10927,0
UChXOhG9bRDb3vSTg-qkPAZg,Gweilo-60,2019-02-24 20:11:51.639865,10927,0
UChXOhG9bRDb3vSTg-qkPAZg,Gweilo-60,2019-02-24 20:10:51.219605,10927,0
UChXOhG9bRDb3vSTg-qkPAZg,Gweilo-60,2019-02-24 20:09:51.601941,10927,0
UChXOhG9bRDb3vSTg-qkPAZg,Gweilo-60,2019-02-24 20:08:51.445061,10927,0
UChXOhG9bRDb3vSTg-qkPAZg,Gweilo-60,2019-02-24 20:07:51.362363,10927,1
UChXOhG9bRDb3vSTg-qkPAZg,Gweilo-60,2019-02-24 20:06:50.978243,10926,0
UChXOhG9bRDb3vSTg-qkPAZg,Gweilo-60,2019-02-24 20:05:51.193743,10926,1
UChXOhG9bRDb3vSTg-qkPAZg,Gweilo-60,2019-02-24 20:04:51.353943,10925,0
UChXOhG9bRDb3vSTg-qkPAZg,Gweilo-60,2019-02-24 20:03:51.277029,10925,0
UChXOhG9bRDb3vSTg-qkPAZg,Gweilo-60,2019-02-24 20:02:51.141211,10925,0
UChXOhG9bRDb3vSTg-qkPAZg,Gweilo-60,2019-02-24 20:01:50.848563,10925,0
UChXOhG9bRDb3vSTg-qkPAZg,Gweilo-60,2019-02-24 20:00:51.202274,10925,0
UChXOhG9bRDb3vSTg-qkPAZg,Gweilo-60,2019-02-24 19:59:51.04136,10925,0
UChXOhG9bRDb3vSTg-qkPAZg,Gweilo-60,2019-02-24 19:58:51.279091,10925,0
UChXOhG9bRDb3vSTg-qkPAZg,Gweilo-60,2019-02-24 19:57:51.721424,10925,0
UChXOhG9bRDb3vSTg-qkPAZg,Gweilo-60,2019-02-24 19:56:50.658805,10925,0
UChXOhG9bRDb3vSTg-qkPAZg,Gweilo-60,2019-02-24 19:55:50.962465,10925,0
UChXOhG9bRDb3vSTg-qkPAZg,Gweilo-60,2019-02-24 19:54:51.046825,10925,0
UChXOhG9bRDb3vSTg-qkPAZg,Gweilo-60,2019-02-24 19:53:52.765502,10925,0
UChXOhG9bRDb3vSTg-qkPAZg,Gweilo-60,2019-02-24 19:52:51.694454,10925,0
UChXOhG9bRDb3vSTg-qkPAZg,Gweilo-60,2019-02-24 19:51:51.569052,10925,0
UChXOhG9bRDb3vSTg-qkPAZg,Gweilo-60,2019-02-24 19:50:51.172162,10925,0
UChXOhG9bRDb3vSTg-qkPAZg,Gweilo-60,2019-02-24 19:49:51.221641,10925,0
UChXOhG9bRDb3vSTg-qkPAZg,Gweilo-60,2019-02-24 19:48:51.131067,10925,0
UChXOhG9bRDb3vSTg-qkPAZg,Gweilo-60,2019-02-24 19:47:51.620562,10925,0
UChXOhG9bRDb3vSTg-qkPAZg,Gweilo-60,2019-02-24 19:46:51.411997,10925,0
UChXOhG9bRDb3vSTg-qkPAZg,Gweilo-60,2019-02-24 19:45:51.16066,10925,0
UChXOhG9bRDb3vSTg-qkPAZg,Gweilo-60,2019-02-24 19:44:51.081714,10925,0
UChXOhG9bRDb3vSTg-qkPAZg,Gweilo-60,2019-02-24 19:43:50.851759,10925,0
UChXOhG9bRDb3vSTg-qkPAZg,Gweilo-60,2019-02-24 19:42:50.656874,10925,0
UChXOhG9bRDb3vSTg-qkPAZg,Gweilo-60,2019-02-24 19:41:50.880117,10925,0
UChXOhG9bRDb3vSTg-qkPAZg,Gweilo-60,2019-02-24 19:40:50.930465,10925,0
UChXOhG9bRDb3vSTg-qkPAZg,Gweilo-60,2019-02-24 19:39:51.36831,10925,-1
UChXOhG9bRDb3vSTg-qkPAZg,Gweilo-60,2019-02-24 19:38:51.319271,10926,0
UChXOhG9bRDb3vSTg-qkPAZg,Gweilo-60,2019-02-24 19:37:51.078706,10926,0
UChXOhG9bRDb3vSTg-qkPAZg,Gweilo-60,2019-02-24 19:36:50.899093,10926,0
UChXOhG9bRDb3vSTg-qkPAZg,Gweilo-60,2019-02-24 19:35:51.130262,10926,0
UChXOhG9bRDb3vSTg-qkPAZg,Gweilo-60,2019-02-24 19:34:51.308221,10926,0
UChXOhG9bRDb3vSTg-qkPAZg,Gweilo-60,2019-02-24 19:33:51.053701,10926,0
UChXOhG9bRDb3vSTg-qkPAZg,Gweilo-60,2019-02-24 19:32:50.880248,10926,0
UChXOhG9bRDb3vSTg-qkPAZg,Gweilo-60,2019-02-24 19:31:50.939897,10926,1
UChXOhG9bRDb3vSTg-qkPAZg,Gweilo-60,2019-02-24 19:30:51.046987,10925,0
UChXOhG9bRDb3vSTg-qkPAZg,Gweilo-60,2019-02-24 19:29:50.953758,10925,0
UChXOhG9bRDb3vSTg-qkPAZg,Gweilo-60,2019-02-24 19:28:51.784014,10925,0
UChXOhG9bRDb3vSTg-qkPAZg,Gweilo-60,2019-02-24 19:27:51.011911,10925,0
UChXOhG9bRDb3vSTg-qkPAZg,Gweilo-60,2019-02-24 19:26:51.6155,10925,0
UChXOhG9bRDb3vSTg-qkPAZg,Gweilo-60,2019-02-24 19:25:51.085352,10925,0
UChXOhG9bRDb3vSTg-qkPAZg,Gweilo-60,2019-02-24 19:24:51.555812,10925,0
UChXOhG9bRDb3vSTg-qkPAZg,Gweilo-60,2019-02-24 19:23:51.293642,10925,0
UChXOhG9bRDb3vSTg-qkPAZg,Gweilo-60,2019-02-24 19:22:51.201678,10925,0
UChXOhG9bRDb3vSTg-qkPAZg,Gweilo-60,2019-02-24 19:21:50.984405,10925,0
UChXOhG9bRDb3vSTg-qkPAZg,Gweilo-60,2019-02-24 19:20:51.433192,10925,0
UChXOhG9bRDb3vSTg-qkPAZg,Gweilo-60,2019-02-24 19:19:52.08378,10925,0
UChXOhG9bRDb3vSTg-qkPAZg,Gweilo-60,2019-02-24 19:18:51.366601,10925,0
UChXOhG9bRDb3vSTg-qkPAZg,Gweilo-60,2019-02-24 19:17:51.794095,10925,0
UChXOhG9bRDb3vSTg-qkPAZg,Gweilo-60,2019-02-24 19:16:51.308183,10925,1
UChXOhG9bRDb3vSTg-qkPAZg,Gweilo-60,2019-02-24 19:15:51.530859,10924,0
UChXOhG9bRDb3vSTg-qkPAZg,Gweilo-60,2019-02-24 19:14:51.05504,10924,0
UChXOhG9bRDb3vSTg-qkPAZg,Gweilo-60,2019-02-24 19:13:51.730851,10924,0
UChXOhG9bRDb3vSTg-qkPAZg,Gweilo-60,2019-02-24 19:12:51.505738,10924,0
UChXOhG9bRDb3vSTg-qkPAZg,Gweilo-60,2019-02-24 19:11:51.031788,10924,0
UChXOhG9bRDb3vSTg-qkPAZg,Gweilo-60,2019-02-24 19:10:50.956251,10924,0
UChXOhG9bRDb3vSTg-qkPAZg,Gweilo-60,2019-02-24 19:09:51.025133,10924,0
UChXOhG9bRDb3vSTg-qkPAZg,Gweilo-60,2019-02-24 19:08:51.475118,10924,0
UChXOhG9bRDb3vSTg-qkPAZg,Gweilo-60,2019-02-24 19:07:51.781566,10924,0
UChXOhG9bRDb3vSTg-qkPAZg,Gweilo-60,2019-02-24 19:06:51.275894,10924,0
UChXOhG9bRDb3vSTg-qkPAZg,Gweilo-60,2019-02-24 19:05:51.507834,10924,0
UChXOhG9bRDb3vSTg-qkPAZg,Gweilo-60,2019-02-24 19:04:51.670971,10924,0
UChXOhG9bRDb3vSTg-qkPAZg,Gweilo-60,2019-02-24 19:03:51.429435,10924,0
UChXOhG9bRDb3vSTg-qkPAZg,Gweilo-60,2019-02-24 19:02:51.337254,10924,0
UChXOhG9bRDb3vSTg-qkPAZg,Gweilo-60,2019-02-24 19:01:51.258007,10924,0
UChXOhG9bRDb3vSTg-qkPAZg,Gweilo-60,2019-02-24 19:00:51.649226,10924,0
UChXOhG9bRDb3vSTg-qkPAZg,Gweilo-60,2019-02-24 18:59:51.257696,10924,0
UChXOhG9bRDb3vSTg-qkPAZg,Gweilo-60,2019-02-24 18:58:50.976282,10924,0
UChXOhG9bRDb3vSTg-qkPAZg,Gweilo-60,2019-02-24 18:57:51.809725,10924,0
UChXOhG9bRDb3vSTg-qkPAZg,Gweilo-60,2019-02-24 18:56:51.215935,10924,0
UChXOhG9bRDb3vSTg-qkPAZg,Gweilo-60,2019-02-24 18:55:51.010087,10924,0
UChXOhG9bRDb3vSTg-qkPAZg,Gweilo-60,2019-02-24 18:54:51.331433,10924,0
UChXOhG9bRDb3vSTg-qkPAZg,Gweilo-60,2019-02-24 18:53:51.273906,10924,0
UChXOhG9bRDb3vSTg-qkPAZg,Gweilo-60,2019-02-24 18:52:51.179694,10924,0
UChXOhG9bRDb3vSTg-qkPAZg,Gweilo-60,2019-02-24 18:51:51.923162,10924,0
UChXOhG9bRDb3vSTg-qkPAZg,Gweilo-60,2019-02-24 18:50:51.411833,10924,0
UChXOhG9bRDb3vSTg-qkPAZg,Gweilo-60,2019-02-24 18:49:51.02309,10924,0
UChXOhG9bRDb3vSTg-qkPAZg,Gweilo-60,2019-02-24 18:48:51.078953,10924,0
UChXOhG9bRDb3vSTg-qkPAZg,Gweilo-60,2019-02-24 18:47:51.439791,10924,0
UChXOhG9bRDb3vSTg-qkPAZg,Gweilo-60,2019-02-24 18:46:51.395375,10924,0
UChXOhG9bRDb3vSTg-qkPAZg,Gweilo-60,2019-02-24 18:45:51.220277,10924,1
UChXOhG9bRDb3vSTg-qkPAZg,Gweilo-60,2019-02-24 18:44:52.279324,10923,0
UChXOhG9bRDb3vSTg-qkPAZg,Gweilo-60,2019-02-24 18:43:50.869198,10923,0
UChXOhG9bRDb3vSTg-qkPAZg,Gweilo-60,2019-02-24 18:42:51.286482,10923,0
UChXOhG9bRDb3vSTg-qkPAZg,Gweilo-60,2019-02-24 18:41:51.518742,10923,0
UChXOhG9bRDb3vSTg-qkPAZg,Gweilo-60,2019-02-24 18:40:51.684264,10923,1
UChXOhG9bRDb3vSTg-qkPAZg,Gweilo-60,2019-02-24 18:39:51.453205,10922,0
UChXOhG9bRDb3vSTg-qkPAZg,Gweilo-60,2019-02-24 18:38:51.891027,10922,0
UChXOhG9bRDb3vSTg-qkPAZg,Gweilo-60,2019-02-24 18:37:51.139136,10922,0
UChXOhG9bRDb3vSTg-qkPAZg,Gweilo-60,2019-02-24 18:36:51.038037,10922,0
UChXOhG9bRDb3vSTg-qkPAZg,Gweilo-60,2019-02-24 18:35:51.334418,10922,0
UChXOhG9bRDb3vSTg-qkPAZg,Gweilo-60,2019-02-24 18:34:51.489257,10922,0
UChXOhG9bRDb3vSTg-qkPAZg,Gweilo-60,2019-02-24 18:33:51.687077,10922,0
UChXOhG9bRDb3vSTg-qkPAZg,Gweilo-60,2019-02-24 18:32:50.868254,10922,0
UChXOhG9bRDb3vSTg-qkPAZg,Gweilo-60,2019-02-24 18:31:51.203183,10922,0
UChXOhG9bRDb3vSTg-qkPAZg,Gweilo-60,2019-02-24 18:30:51.580528,10922,0
UChXOhG9bRDb3vSTg-qkPAZg,Gweilo-60,2019-02-24 18:29:51.772589,10922,0
UChXOhG9bRDb3vSTg-qkPAZg,Gweilo-60,2019-02-24 18:28:50.976347,10922,0
UChXOhG9bRDb3vSTg-qkPAZg,Gweilo-60,2019-02-24 18:27:50.73422,10922,0
UChXOhG9bRDb3vSTg-qkPAZg,Gweilo-60,2019-02-24 18:26:51.054241,10922,0
UChXOhG9bRDb3vSTg-qkPAZg,Gweilo-60,2019-02-24 18:25:51.437352,10922,-1
UChXOhG9bRDb3vSTg-qkPAZg,Gweilo-60,2019-02-24 18:24:51.66993,10923,0
UChXOhG9bRDb3vSTg-qkPAZg,Gweilo-60,2019-02-24 18:23:51.267937,10923,0
UChXOhG9bRDb3vSTg-qkPAZg,Gweilo-60,2019-02-24 18:22:51.612337,10923,0
UChXOhG9bRDb3vSTg-qkPAZg,Gweilo-60,2019-02-24 18:21:51.337627,10923,0
UChXOhG9bRDb3vSTg-qkPAZg,Gweilo-60,2019-02-24 18:20:51.417151,10923,0
UChXOhG9bRDb3vSTg-qkPAZg,Gweilo-60,2019-02-24 18:19:51.265694,10923,0
UChXOhG9bRDb3vSTg-qkPAZg,Gweilo-60,2019-02-24 18:18:50.905291,10923,0
UChXOhG9bRDb3vSTg-qkPAZg,Gweilo-60,2019-02-24 18:17:51.530044,10923,0
UChXOhG9bRDb3vSTg-qkPAZg,Gweilo-60,2019-02-24 18:16:51.923596,10923,0
UChXOhG9bRDb3vSTg-qkPAZg,Gweilo-60,2019-02-24 18:15:51.275556,10923,0
UChXOhG9bRDb3vSTg-qkPAZg,Gweilo-60,2019-02-24 18:14:51.472128,10923,0
UChXOhG9bRDb3vSTg-qkPAZg,Gweilo-60,2019-02-24 18:13:51.153616,10923,1
UChXOhG9bRDb3vSTg-qkPAZg,Gweilo-60,2019-02-24 18:12:51.558008,10922,0
UChXOhG9bRDb3vSTg-qkPAZg,Gweilo-60,2019-02-24 18:11:51.865951,10922,0
UChXOhG9bRDb3vSTg-qkPAZg,Gweilo-60,2019-02-24 18:10:51.123272,10922,0
UChXOhG9bRDb3vSTg-qkPAZg,Gweilo-60,2019-02-24 18:09:51.633185,10922,0
UChXOhG9bRDb3vSTg-qkPAZg,Gweilo-60,2019-02-24 18:08:51.310814,10922,0
UChXOhG9bRDb3vSTg-qkPAZg,Gweilo-60,2019-02-24 18:07:51.645254,10922,0
UChXOhG9bRDb3vSTg-qkPAZg,Gweilo-60,2019-02-24 18:06:51.134657,10922,0
UChXOhG9bRDb3vSTg-qkPAZg,Gweilo-60,2019-02-24 18:05:51.071694,10922,0
UChXOhG9bRDb3vSTg-qkPAZg,Gweilo-60,2019-02-24 18:04:51.202336,10922,0
UChXOhG9bRDb3vSTg-qkPAZg,Gweilo-60,2019-02-24 18:03:51.545402,10922,0
UChXOhG9bRDb3vSTg-qkPAZg,Gweilo-60,2019-02-24 18:02:51.221686,10922,0
UChXOhG9bRDb3vSTg-qkPAZg,Gweilo-60,2019-02-24 18:01:51.166428,10922,0
UChXOhG9bRDb3vSTg-qkPAZg,Gweilo-60,2019-02-24 18:00:51.449876,10922,0
UChXOhG9bRDb3vSTg-qkPAZg,Gweilo-60,2019-02-24 17:59:51.374952,10922,0
UChXOhG9bRDb3vSTg-qkPAZg,Gweilo-60,2019-02-24 17:58:51.629503,10922,0
UChXOhG9bRDb3vSTg-qkPAZg,Gweilo-60,2019-02-24 17:57:51.205735,10922,0
UChXOhG9bRDb3vSTg-qkPAZg,Gweilo-60,2019-02-24 17:56:51.728751,10922,0
UChXOhG9bRDb3vSTg-qkPAZg,Gweilo-60,2019-02-24 17:55:51.179737,10922,0
UChXOhG9bRDb3vSTg-qkPAZg,Gweilo-60,2019-02-24 17:54:51.68603,10922,0
UChXOhG9bRDb3vSTg-qkPAZg,Gweilo-60,2019-02-24 17:53:51.440428,10922,0
UChXOhG9bRDb3vSTg-qkPAZg,Gweilo-60,2019-02-24 17:52:51.24014,10922,0
UChXOhG9bRDb3vSTg-qkPAZg,Gweilo-60,2019-02-24 17:51:51.100847,10922,0
UChXOhG9bRDb3vSTg-qkPAZg,Gweilo-60,2019-02-24 17:50:51.279302,10922,0
UChXOhG9bRDb3vSTg-qkPAZg,Gweilo-60,2019-02-24 17:49:51.541633,10922,0
UChXOhG9bRDb3vSTg-qkPAZg,Gweilo-60,2019-02-24 17:48:51.552651,10922,0
UChXOhG9bRDb3vSTg-qkPAZg,Gweilo-60,2019-02-24 17:47:51.092083,10922,0
UChXOhG9bRDb3vSTg-qkPAZg,Gweilo-60,2019-02-24 17:46:51.495084,10922,0
UChXOhG9bRDb3vSTg-qkPAZg,Gweilo-60,2019-02-24 17:45:51.386461,10922,0
UChXOhG9bRDb3vSTg-qkPAZg,Gweilo-60,2019-02-24 17:44:50.742356,10922,0
UChXOhG9bRDb3vSTg-qkPAZg,Gweilo-60,2019-02-24 17:43:50.693281,10922,0
UChXOhG9bRDb3vSTg-qkPAZg,Gweilo-60,2019-02-24 17:42:51.415321,10922,0
UChXOhG9bRDb3vSTg-qkPAZg,Gweilo-60,2019-02-24 17:41:51.15959,10922,0
UChXOhG9bRDb3vSTg-qkPAZg,Gweilo-60,2019-02-24 17:40:51.321471,10922,0
UChXOhG9bRDb3vSTg-qkPAZg,Gweilo-60,2019-02-24 17:39:51.363327,10922,0
UChXOhG9bRDb3vSTg-qkPAZg,Gweilo-60,2019-02-24 17:38:50.929597,10922,0
UChXOhG9bRDb3vSTg-qkPAZg,Gweilo-60,2019-02-24 17:37:51.104539,10922,0
UChXOhG9bRDb3vSTg-qkPAZg,Gweilo-60,2019-02-24 17:36:51.425916,10922,0
UChXOhG9bRDb3vSTg-qkPAZg,Gweilo-60,2019-02-24 17:35:51.541632,10922,0
UChXOhG9bRDb3vSTg-qkPAZg,Gweilo-60,2019-02-24 17:34:51.400878,10922,0
UChXOhG9bRDb3vSTg-qkPAZg,Gweilo-60,2019-02-24 17:33:51.337201,10922,0
UChXOhG9bRDb3vSTg-qkPAZg,Gweilo-60,2019-02-24 17:32:51.348712,10922,0
UChXOhG9bRDb3vSTg-qkPAZg,Gweilo-60,2019-02-24 17:31:50.821843,10922,0
UChXOhG9bRDb3vSTg-qkPAZg,Gweilo-60,2019-02-24 17:30:51.250869,10922,0
UChXOhG9bRDb3vSTg-qkPAZg,Gweilo-60,2019-02-24 17:29:51.300586,10922,0
UChXOhG9bRDb3vSTg-qkPAZg,Gweilo-60,2019-02-24 17:28:51.661882,10922,0
UChXOhG9bRDb3vSTg-qkPAZg,Gweilo-60,2019-02-24 17:27:51.091939,10922,0
UChXOhG9bRDb3vSTg-qkPAZg,Gweilo-60,2019-02-24 17:26:50.757806,10922,0
UChXOhG9bRDb3vSTg-qkPAZg,Gweilo-60,2019-02-24 17:25:51.414449,10922,0
UChXOhG9bRDb3vSTg-qkPAZg,Gweilo-60,2019-02-24 17:24:51.070587,10922,0
UChXOhG9bRDb3vSTg-qkPAZg,Gweilo-60,2019-02-24 17:23:51.380742,10922,0
UChXOhG9bRDb3vSTg-qkPAZg,Gweilo-60,2019-02-24 17:22:51.789239,10922,0
UChXOhG9bRDb3vSTg-qkPAZg,Gweilo-60,2019-02-24 17:21:50.984251,10922,0
UChXOhG9bRDb3vSTg-qkPAZg,Gweilo-60,2019-02-24 17:20:51.256254,10922,0
UChXOhG9bRDb3vSTg-qkPAZg,Gweilo-60,2019-02-24 17:19:51.340654,10922,0
UChXOhG9bRDb3vSTg-qkPAZg,Gweilo-60,2019-02-24 17:18:51.626752,10922,0
UChXOhG9bRDb3vSTg-qkPAZg,Gweilo-60,2019-02-24 17:17:51.189027,10922,0
UChXOhG9bRDb3vSTg-qkPAZg,Gweilo-60,2019-02-24 17:16:50.842402,10922,0
UChXOhG9bRDb3vSTg-qkPAZg,Gweilo-60,2019-02-24 17:15:51.629264,10922,0
UChXOhG9bRDb3vSTg-qkPAZg,Gweilo-60,2019-02-24 17:14:51.011473,10922,0
UChXOhG9bRDb3vSTg-qkPAZg,Gweilo-60,2019-02-24 17:13:51.492189,10922,0
UChXOhG9bRDb3vSTg-qkPAZg,Gweilo-60,2019-02-24 17:12:50.850916,10922,0
UChXOhG9bRDb3vSTg-qkPAZg,Gweilo-60,2019-02-24 17:11:51.473831,10922,0
UChXOhG9bRDb3vSTg-qkPAZg,Gweilo-60,2019-02-24 17:10:52.162286,10922,-1
UChXOhG9bRDb3vSTg-qkPAZg,Gweilo-60,2019-02-24 17:09:51.10177,10923,0
UChXOhG9bRDb3vSTg-qkPAZg,Gweilo-60,2019-02-24 17:08:51.378943,10923,0
UChXOhG9bRDb3vSTg-qkPAZg,Gweilo-60,2019-02-24 17:07:51.182403,10923,0
UChXOhG9bRDb3vSTg-qkPAZg,Gweilo-60,2019-02-24 17:06:51.68061,10923,0
UChXOhG9bRDb3vSTg-qkPAZg,Gweilo-60,2019-02-24 17:05:51.353334,10923,0
UChXOhG9bRDb3vSTg-qkPAZg,Gweilo-60,2019-02-24 17:04:51.788174,10923,0
UChXOhG9bRDb3vSTg-qkPAZg,Gweilo-60,2019-02-24 17:03:51.275408,10923,0
UChXOhG9bRDb3vSTg-qkPAZg,Gweilo-60,2019-02-24 17:02:51.026561,10923,0
UChXOhG9bRDb3vSTg-qkPAZg,Gweilo-60,2019-02-24 17:01:51.79241,10923,0
UChXOhG9bRDb3vSTg-qkPAZg,Gweilo-60,2019-02-24 17:00:51.475397,10923,0
UChXOhG9bRDb3vSTg-qkPAZg,Gweilo-60,2019-02-24 16:59:51.940041,10923,0
UChXOhG9bRDb3vSTg-qkPAZg,Gweilo-60,2019-02-24 16:58:51.926102,10923,0
UChXOhG9bRDb3vSTg-qkPAZg,Gweilo-60,2019-02-24 16:57:51.464782,10923,0
UChXOhG9bRDb3vSTg-qkPAZg,Gweilo-60,2019-02-24 16:56:51.16375,10923,0
UChXOhG9bRDb3vSTg-qkPAZg,Gweilo-60,2019-02-24 16:55:51.547084,10923,0
UChXOhG9bRDb3vSTg-qkPAZg,Gweilo-60,2019-02-24 16:54:51.243102,10923,0
UChXOhG9bRDb3vSTg-qkPAZg,Gweilo-60,2019-02-24 16:53:51.206562,10923,0
UChXOhG9bRDb3vSTg-qkPAZg,Gweilo-60,2019-02-24 16:52:51.620403,10923,0
UChXOhG9bRDb3vSTg-qkPAZg,Gweilo-60,2019-02-24 16:51:51.414328,10923,0
UChXOhG9bRDb3vSTg-qkPAZg,Gweilo-60,2019-02-24 16:50:51.113173,10923,0
UChXOhG9bRDb3vSTg-qkPAZg,Gweilo-60,2019-02-24 16:49:51.232457,10923,0
UChXOhG9bRDb3vSTg-qkPAZg,Gweilo-60,2019-02-24 16:48:51.487091,10923,0
UChXOhG9bRDb3vSTg-qkPAZg,Gweilo-60,2019-02-24 16:47:52.068764,10923,0
UChXOhG9bRDb3vSTg-qkPAZg,Gweilo-60,2019-02-24 16:46:51.488214,10923,0
UChXOhG9bRDb3vSTg-qkPAZg,Gweilo-60,2019-02-24 16:45:51.317216,10923,0
UChXOhG9bRDb3vSTg-qkPAZg,Gweilo-60,2019-02-24 16:44:51.055291,10923,0
UChXOhG9bRDb3vSTg-qkPAZg,Gweilo-60,2019-02-24 16:43:51.522041,10923,0
UChXOhG9bRDb3vSTg-qkPAZg,Gweilo-60,2019-02-24 16:42:51.003943,10923,0
UChXOhG9bRDb3vSTg-qkPAZg,Gweilo-60,2019-02-24 16:41:51.101326,10923,0
UChXOhG9bRDb3vSTg-qkPAZg,Gweilo-60,2019-02-24 16:40:51.18286,10923,0
UChXOhG9bRDb3vSTg-qkPAZg,Gweilo-60,2019-02-24 16:39:50.834913,10923,0
UChXOhG9bRDb3vSTg-qkPAZg,Gweilo-60,2019-02-24 16:38:51.11141,10923,0
UChXOhG9bRDb3vSTg-qkPAZg,Gweilo-60,2019-02-24 16:37:51.637615,10923,0
UChXOhG9bRDb3vSTg-qkPAZg,Gweilo-60,2019-02-24 16:36:51.010814,10923,0
UChXOhG9bRDb3vSTg-qkPAZg,Gweilo-60,2019-02-24 16:35:51.315398,10923,0
UChXOhG9bRDb3vSTg-qkPAZg,Gweilo-60,2019-02-24 16:34:51.418628,10923,0
UChXOhG9bRDb3vSTg-qkPAZg,Gweilo-60,2019-02-24 16:33:51.237489,10923,0
UChXOhG9bRDb3vSTg-qkPAZg,Gweilo-60,2019-02-24 16:32:51.226396,10923,0
UChXOhG9bRDb3vSTg-qkPAZg,Gweilo-60,2019-02-24 16:31:50.817055,10923,0
UChXOhG9bRDb3vSTg-qkPAZg,Gweilo-60,2019-02-24 16:30:51.125303,10923,0
UChXOhG9bRDb3vSTg-qkPAZg,Gweilo-60,2019-02-24 16:29:51.660491,10923,0
UChXOhG9bRDb3vSTg-qkPAZg,Gweilo-60,2019-02-24 16:28:51.291272,10923,1
UChXOhG9bRDb3vSTg-qkPAZg,Gweilo-60,2019-02-24 16:27:51.056146,10922,0
UChXOhG9bRDb3vSTg-qkPAZg,Gweilo-60,2019-02-24 16:26:51.707601,10922,0
UChXOhG9bRDb3vSTg-qkPAZg,Gweilo-60,2019-02-24 16:25:51.334365,10922,0
UChXOhG9bRDb3vSTg-qkPAZg,Gweilo-60,2019-02-24 16:24:51.326481,10922,0
UChXOhG9bRDb3vSTg-qkPAZg,Gweilo-60,2019-02-24 16:23:52.17429,10922,0
UChXOhG9bRDb3vSTg-qkPAZg,Gweilo-60,2019-02-24 16:22:51.795949,10922,0
UChXOhG9bRDb3vSTg-qkPAZg,Gweilo-60,2019-02-24 16:21:51.591896,10922,0
UChXOhG9bRDb3vSTg-qkPAZg,Gweilo-60,2019-02-24 16:20:51.242259,10922,0
UChXOhG9bRDb3vSTg-qkPAZg,Gweilo-60,2019-02-24 16:19:51.152497,10922,0
UChXOhG9bRDb3vSTg-qkPAZg,Gweilo-60,2019-02-24 16:18:51.397792,10922,0
UChXOhG9bRDb3vSTg-qkPAZg,Gweilo-60,2019-02-24 16:17:51.440669,10922,0
UChXOhG9bRDb3vSTg-qkPAZg,Gweilo-60,2019-02-24 16:16:51.486503,10922,0
UChXOhG9bRDb3vSTg-qkPAZg,Gweilo-60,2019-02-24 16:15:51.840961,10922,0
UChXOhG9bRDb3vSTg-qkPAZg,Gweilo-60,2019-02-24 16:14:51.253365,10922,0
UChXOhG9bRDb3vSTg-qkPAZg,Gweilo-60,2019-02-24 16:13:51.539151,10922,0
UChXOhG9bRDb3vSTg-qkPAZg,Gweilo-60,2019-02-24 16:12:51.165391,10922,0
UChXOhG9bRDb3vSTg-qkPAZg,Gweilo-60,2019-02-24 16:11:51.045154,10922,0
UChXOhG9bRDb3vSTg-qkPAZg,Gweilo-60,2019-02-24 16:10:51.588751,10922,0
UChXOhG9bRDb3vSTg-qkPAZg,Gweilo-60,2019-02-24 16:09:51.241113,10922,0
UChXOhG9bRDb3vSTg-qkPAZg,Gweilo-60,2019-02-24 16:08:51.410794,10922,0
UChXOhG9bRDb3vSTg-qkPAZg,Gweilo-60,2019-02-24 16:07:51.36891,10922,0
UChXOhG9bRDb3vSTg-qkPAZg,Gweilo-60,2019-02-24 16:06:51.102269,10922,0
UChXOhG9bRDb3vSTg-qkPAZg,Gweilo-60,2019-02-24 16:05:51.537402,10922,0
UChXOhG9bRDb3vSTg-qkPAZg,Gweilo-60,2019-02-24 16:04:51.385582,10922,0
UChXOhG9bRDb3vSTg-qkPAZg,Gweilo-60,2019-02-24 16:03:52.501593,10922,0
UChXOhG9bRDb3vSTg-qkPAZg,Gweilo-60,2019-02-24 16:02:51.104116,10922,0
UChXOhG9bRDb3vSTg-qkPAZg,Gweilo-60,2019-02-24 16:01:50.910204,10922,1
UChXOhG9bRDb3vSTg-qkPAZg,Gweilo-60,2019-02-24 16:00:51.251445,10921,0
UChXOhG9bRDb3vSTg-qkPAZg,Gweilo-60,2019-02-24 15:59:50.9973,10921,0
UChXOhG9bRDb3vSTg-qkPAZg,Gweilo-60,2019-02-24 15:58:51.511657,10921,0
UChXOhG9bRDb3vSTg-qkPAZg,Gweilo-60,2019-02-24 15:57:51.765174,10921,0
UChXOhG9bRDb3vSTg-qkPAZg,Gweilo-60,2019-02-24 15:56:51.171548,10921,0
UChXOhG9bRDb3vSTg-qkPAZg,Gweilo-60,2019-02-24 15:55:51.284908,10921,1
UChXOhG9bRDb3vSTg-qkPAZg,Gweilo-60,2019-02-24 15:54:51.323608,10920,0
UChXOhG9bRDb3vSTg-qkPAZg,Gweilo-60,2019-02-24 15:53:51.170335,10920,0
UChXOhG9bRDb3vSTg-qkPAZg,Gweilo-60,2019-02-24 15:52:50.926655,10920,1
UChXOhG9bRDb3vSTg-qkPAZg,Gweilo-60,2019-02-24 15:51:51.40034,10919,0
UChXOhG9bRDb3vSTg-qkPAZg,Gweilo-60,2019-02-24 15:50:51.34273,10919,0
UChXOhG9bRDb3vSTg-qkPAZg,Gweilo-60,2019-02-24 15:49:51.703756,10919,0
UChXOhG9bRDb3vSTg-qkPAZg,Gweilo-60,2019-02-24 15:48:51.426004,10919,0
UChXOhG9bRDb3vSTg-qkPAZg,Gweilo-60,2019-02-24 15:47:51.394286,10919,0
UChXOhG9bRDb3vSTg-qkPAZg,Gweilo-60,2019-02-24 15:46:51.73652,10919,0
UChXOhG9bRDb3vSTg-qkPAZg,Gweilo-60,2019-02-24 15:45:51.32541,10919,0
UChXOhG9bRDb3vSTg-qkPAZg,Gweilo-60,2019-02-24 15:44:51.73198,10919,0
UChXOhG9bRDb3vSTg-qkPAZg,Gweilo-60,2019-02-24 15:43:51.108368,10919,0
UChXOhG9bRDb3vSTg-qkPAZg,Gweilo-60,2019-02-24 15:42:51.524978,10919,0
UChXOhG9bRDb3vSTg-qkPAZg,Gweilo-60,2019-02-24 15:41:51.858495,10919,0
UChXOhG9bRDb3vSTg-qkPAZg,Gweilo-60,2019-02-24 15:40:51.07275,10919,0
UChXOhG9bRDb3vSTg-qkPAZg,Gweilo-60,2019-02-24 15:39:51.349247,10919,0
UChXOhG9bRDb3vSTg-qkPAZg,Gweilo-60,2019-02-24 15:38:51.298868,10919,0
UChXOhG9bRDb3vSTg-qkPAZg,Gweilo-60,2019-02-24 15:37:50.824475,10919,0
UChXOhG9bRDb3vSTg-qkPAZg,Gweilo-60,2019-02-24 15:36:51.462213,10919,0
UChXOhG9bRDb3vSTg-qkPAZg,Gweilo-60,2019-02-24 15:35:50.860823,10919,0
UChXOhG9bRDb3vSTg-qkPAZg,Gweilo-60,2019-02-24 15:34:51.363896,10919,0
UChXOhG9bRDb3vSTg-qkPAZg,Gweilo-60,2019-02-24 15:33:51.005964,10919,0
UChXOhG9bRDb3vSTg-qkPAZg,Gweilo-60,2019-02-24 15:32:51.476498,10919,0
UChXOhG9bRDb3vSTg-qkPAZg,Gweilo-60,2019-02-24 15:31:51.406803,10919,0
UChXOhG9bRDb3vSTg-qkPAZg,Gweilo-60,2019-02-24 15:30:50.922669,10919,0
UChXOhG9bRDb3vSTg-qkPAZg,Gweilo-60,2019-02-24 15:29:51.224409,10919,0
UChXOhG9bRDb3vSTg-qkPAZg,Gweilo-60,2019-02-24 15:28:51.457945,10919,0
UChXOhG9bRDb3vSTg-qkPAZg,Gweilo-60,2019-02-24 15:27:50.904892,10919,0
UChXOhG9bRDb3vSTg-qkPAZg,Gweilo-60,2019-02-24 15:26:51.54819,10919,-1
UChXOhG9bRDb3vSTg-qkPAZg,Gweilo-60,2019-02-24 15:25:50.626886,10920,0
UChXOhG9bRDb3vSTg-qkPAZg,Gweilo-60,2019-02-24 15:24:51.55571,10920,0
UChXOhG9bRDb3vSTg-qkPAZg,Gweilo-60,2019-02-24 15:23:51.60633,10920,0
UChXOhG9bRDb3vSTg-qkPAZg,Gweilo-60,2019-02-24 15:22:51.341024,10920,0
UChXOhG9bRDb3vSTg-qkPAZg,Gweilo-60,2019-02-24 15:21:51.437779,10920,0
UChXOhG9bRDb3vSTg-qkPAZg,Gweilo-60,2019-02-24 15:20:51.536017,10920,0
UChXOhG9bRDb3vSTg-qkPAZg,Gweilo-60,2019-02-24 15:19:50.670542,10920,0
UChXOhG9bRDb3vSTg-qkPAZg,Gweilo-60,2019-02-24 15:18:51.319811,10920,0
UChXOhG9bRDb3vSTg-qkPAZg,Gweilo-60,2019-02-24 15:17:51.260278,10920,0
UChXOhG9bRDb3vSTg-qkPAZg,Gweilo-60,2019-02-24 15:16:51.62796,10920,0
UChXOhG9bRDb3vSTg-qkPAZg,Gweilo-60,2019-02-24 15:15:51.270617,10920,0
UChXOhG9bRDb3vSTg-qkPAZg,Gweilo-60,2019-02-24 15:14:51.621167,10920,0
UChXOhG9bRDb3vSTg-qkPAZg,Gweilo-60,2019-02-24 15:13:51.163726,10920,1
UChXOhG9bRDb3vSTg-qkPAZg,Gweilo-60,2019-02-24 15:12:51.296517,10919,0
UChXOhG9bRDb3vSTg-qkPAZg,Gweilo-60,2019-02-24 15:11:51.46068,10919,0
UChXOhG9bRDb3vSTg-qkPAZg,Gweilo-60,2019-02-24 15:10:51.406571,10919,0
UChXOhG9bRDb3vSTg-qkPAZg,Gweilo-60,2019-02-24 15:09:51.466305,10919,0
UChXOhG9bRDb3vSTg-qkPAZg,Gweilo-60,2019-02-24 15:08:51.493119,10919,0
UChXOhG9bRDb3vSTg-qkPAZg,Gweilo-60,2019-02-24 15:07:51.044447,10919,0
UChXOhG9bRDb3vSTg-qkPAZg,Gweilo-60,2019-02-24 15:06:51.850886,10919,0
UChXOhG9bRDb3vSTg-qkPAZg,Gweilo-60,2019-02-24 15:05:51.490124,10919,0
UChXOhG9bRDb3vSTg-qkPAZg,Gweilo-60,2019-02-24 15:04:50.994025,10919,0
UChXOhG9bRDb3vSTg-qkPAZg,Gweilo-60,2019-02-24 15:03:51.297994,10919,1
UChXOhG9bRDb3vSTg-qkPAZg,Gweilo-60,2019-02-24 15:02:51.7623,10918,0
UChXOhG9bRDb3vSTg-qkPAZg,Gweilo-60,2019-02-24 15:01:51.785261,10918,0
UChXOhG9bRDb3vSTg-qkPAZg,Gweilo-60,2019-02-24 15:00:51.30504,10918,0
UChXOhG9bRDb3vSTg-qkPAZg,Gweilo-60,2019-02-24 14:59:51.471733,10918,0
UChXOhG9bRDb3vSTg-qkPAZg,Gweilo-60,2019-02-24 14:58:51.104913,10918,0
UChXOhG9bRDb3vSTg-qkPAZg,Gweilo-60,2019-02-24 14:57:50.99681,10918,0
UChXOhG9bRDb3vSTg-qkPAZg,Gweilo-60,2019-02-24 14:56:50.774064,10918,0
UChXOhG9bRDb3vSTg-qkPAZg,Gweilo-60,2019-02-24 14:55:51.003706,10918,0
UChXOhG9bRDb3vSTg-qkPAZg,Gweilo-60,2019-02-24 14:54:51.214905,10918,0
UChXOhG9bRDb3vSTg-qkPAZg,Gweilo-60,2019-02-24 14:53:50.834408,10918,0
UChXOhG9bRDb3vSTg-qkPAZg,Gweilo-60,2019-02-24 14:52:51.052773,10918,0
UChXOhG9bRDb3vSTg-qkPAZg,Gweilo-60,2019-02-24 14:51:51.0792,10918,0
UChXOhG9bRDb3vSTg-qkPAZg,Gweilo-60,2019-02-24 14:50:51.357393,10918,0
UChXOhG9bRDb3vSTg-qkPAZg,Gweilo-60,2019-02-24 14:49:51.583894,10918,0
UChXOhG9bRDb3vSTg-qkPAZg,Gweilo-60,2019-02-24 14:48:51.203137,10918,0
UChXOhG9bRDb3vSTg-qkPAZg,Gweilo-60,2019-02-24 14:47:51.186104,10918,0
UChXOhG9bRDb3vSTg-qkPAZg,Gweilo-60,2019-02-24 14:46:51.049658,10918,0
UChXOhG9bRDb3vSTg-qkPAZg,Gweilo-60,2019-02-24 14:45:51.810229,10918,0
UChXOhG9bRDb3vSTg-qkPAZg,Gweilo-60,2019-02-24 14:44:51.352128,10918,0
UChXOhG9bRDb3vSTg-qkPAZg,Gweilo-60,2019-02-24 14:43:51.768103,10918,0
UChXOhG9bRDb3vSTg-qkPAZg,Gweilo-60,2019-02-24 14:42:51.013356,10918,0
UChXOhG9bRDb3vSTg-qkPAZg,Gweilo-60,2019-02-24 14:41:51.274968,10918,0
UChXOhG9bRDb3vSTg-qkPAZg,Gweilo-60,2019-02-24 14:40:50.531778,10918,0
UChXOhG9bRDb3vSTg-qkPAZg,Gweilo-60,2019-02-24 14:39:50.818623,10918,0
UChXOhG9bRDb3vSTg-qkPAZg,Gweilo-60,2019-02-24 14:38:51.138582,10918,0
UChXOhG9bRDb3vSTg-qkPAZg,Gweilo-60,2019-02-24 14:37:51.323752,10918,0
UChXOhG9bRDb3vSTg-qkPAZg,Gweilo-60,2019-02-24 14:36:51.339389,10918,0
UChXOhG9bRDb3vSTg-qkPAZg,Gweilo-60,2019-02-24 14:35:51.177912,10918,0
UChXOhG9bRDb3vSTg-qkPAZg,Gweilo-60,2019-02-24 14:34:51.134524,10918,0
UChXOhG9bRDb3vSTg-qkPAZg,Gweilo-60,2019-02-24 14:33:51.585862,10918,0
UChXOhG9bRDb3vSTg-qkPAZg,Gweilo-60,2019-02-24 14:32:51.86505,10918,0
UChXOhG9bRDb3vSTg-qkPAZg,Gweilo-60,2019-02-24 14:31:51.230578,10918,0
UChXOhG9bRDb3vSTg-qkPAZg,Gweilo-60,2019-02-24 14:30:51.672023,10918,0
UChXOhG9bRDb3vSTg-qkPAZg,Gweilo-60,2019-02-24 14:29:51.545088,10918,0
UChXOhG9bRDb3vSTg-qkPAZg,Gweilo-60,2019-02-24 14:28:51.232852,10918,0
UChXOhG9bRDb3vSTg-qkPAZg,Gweilo-60,2019-02-24 14:27:50.843464,10918,0
UChXOhG9bRDb3vSTg-qkPAZg,Gweilo-60,2019-02-24 14:26:51.16212,10918,0
UChXOhG9bRDb3vSTg-qkPAZg,Gweilo-60,2019-02-24 14:25:51.323271,10918,0
UChXOhG9bRDb3vSTg-qkPAZg,Gweilo-60,2019-02-24 14:24:51.14268,10918,0
UChXOhG9bRDb3vSTg-qkPAZg,Gweilo-60,2019-02-24 14:23:51.507217,10918,0
UChXOhG9bRDb3vSTg-qkPAZg,Gweilo-60,2019-02-24 14:22:51.123455,10918,0
UChXOhG9bRDb3vSTg-qkPAZg,Gweilo-60,2019-02-24 14:21:51.22028,10918,0
UChXOhG9bRDb3vSTg-qkPAZg,Gweilo-60,2019-02-24 14:20:51.658234,10918,0
UChXOhG9bRDb3vSTg-qkPAZg,Gweilo-60,2019-02-24 14:19:51.014567,10918,0
UChXOhG9bRDb3vSTg-qkPAZg,Gweilo-60,2019-02-24 14:18:52.056546,10918,0
UChXOhG9bRDb3vSTg-qkPAZg,Gweilo-60,2019-02-24 14:17:51.197795,10918,0
UChXOhG9bRDb3vSTg-qkPAZg,Gweilo-60,2019-02-24 14:16:51.405176,10918,0
UChXOhG9bRDb3vSTg-qkPAZg,Gweilo-60,2019-02-24 14:15:51.452163,10918,0
UChXOhG9bRDb3vSTg-qkPAZg,Gweilo-60,2019-02-24 14:14:51.661767,10918,0
UChXOhG9bRDb3vSTg-qkPAZg,Gweilo-60,2019-02-24 14:13:51.509722,10918,0
UChXOhG9bRDb3vSTg-qkPAZg,Gweilo-60,2019-02-24 14:12:51.438895,10918,0
UChXOhG9bRDb3vSTg-qkPAZg,Gweilo-60,2019-02-24 14:11:51.195022,10918,0
UChXOhG9bRDb3vSTg-qkPAZg,Gweilo-60,2019-02-24 14:10:51.195721,10918,0
UChXOhG9bRDb3vSTg-qkPAZg,Gweilo-60,2019-02-24 14:09:51.379412,10918,0
UChXOhG9bRDb3vSTg-qkPAZg,Gweilo-60,2019-02-24 14:08:51.340797,10918,0
UChXOhG9bRDb3vSTg-qkPAZg,Gweilo-60,2019-02-24 14:07:50.696095,10918,0
UChXOhG9bRDb3vSTg-qkPAZg,Gweilo-60,2019-02-24 14:06:51.338163,10918,0
UChXOhG9bRDb3vSTg-qkPAZg,Gweilo-60,2019-02-24 14:05:51.105272,10918,0
UChXOhG9bRDb3vSTg-qkPAZg,Gweilo-60,2019-02-24 14:04:51.154158,10918,0
UChXOhG9bRDb3vSTg-qkPAZg,Gweilo-60,2019-02-24 14:03:51.324248,10918,0
UChXOhG9bRDb3vSTg-qkPAZg,Gweilo-60,2019-02-24 14:02:51.145121,10918,0
UChXOhG9bRDb3vSTg-qkPAZg,Gweilo-60,2019-02-24 14:01:51.396592,10918,0
UChXOhG9bRDb3vSTg-qkPAZg,Gweilo-60,2019-02-24 14:00:51.068135,10918,0
UChXOhG9bRDb3vSTg-qkPAZg,Gweilo-60,2019-02-24 13:59:51.135387,10918,0
UChXOhG9bRDb3vSTg-qkPAZg,Gweilo-60,2019-02-24 13:58:51.022923,10918,0
UChXOhG9bRDb3vSTg-qkPAZg,Gweilo-60,2019-02-24 13:57:50.721391,10918,0
UChXOhG9bRDb3vSTg-qkPAZg,Gweilo-60,2019-02-24 13:56:51.408354,10918,0
UChXOhG9bRDb3vSTg-qkPAZg,Gweilo-60,2019-02-24 13:55:50.992392,10918,0
UChXOhG9bRDb3vSTg-qkPAZg,Gweilo-60,2019-02-24 13:54:51.102099,10918,0
UChXOhG9bRDb3vSTg-qkPAZg,Gweilo-60,2019-02-24 13:53:51.370318,10918,0
UChXOhG9bRDb3vSTg-qkPAZg,Gweilo-60,2019-02-24 13:52:51.40373,10918,0
UChXOhG9bRDb3vSTg-qkPAZg,Gweilo-60,2019-02-24 13:51:50.770926,10918,0
UChXOhG9bRDb3vSTg-qkPAZg,Gweilo-60,2019-02-24 13:50:51.175313,10918,0
UChXOhG9bRDb3vSTg-qkPAZg,Gweilo-60,2019-02-24 13:49:51.708463,10918,0
UChXOhG9bRDb3vSTg-qkPAZg,Gweilo-60,2019-02-24 13:48:50.858753,10918,0
UChXOhG9bRDb3vSTg-qkPAZg,Gweilo-60,2019-02-24 13:47:51.002711,10918,0
UChXOhG9bRDb3vSTg-qkPAZg,Gweilo-60,2019-02-24 13:46:50.929883,10918,0
UChXOhG9bRDb3vSTg-qkPAZg,Gweilo-60,2019-02-24 13:45:51.523401,10918,0
UChXOhG9bRDb3vSTg-qkPAZg,Gweilo-60,2019-02-24 13:44:51.234121,10918,1
UChXOhG9bRDb3vSTg-qkPAZg,Gweilo-60,2019-02-24 13:43:50.834576,10917,0
UChXOhG9bRDb3vSTg-qkPAZg,Gweilo-60,2019-02-24 13:42:51.294107,10917,0
UChXOhG9bRDb3vSTg-qkPAZg,Gweilo-60,2019-02-24 13:41:51.35835,10917,0
UChXOhG9bRDb3vSTg-qkPAZg,Gweilo-60,2019-02-24 13:40:51.336932,10917,0
UChXOhG9bRDb3vSTg-qkPAZg,Gweilo-60,2019-02-24 13:39:50.836818,10917,0
UChXOhG9bRDb3vSTg-qkPAZg,Gweilo-60,2019-02-24 13:38:50.830804,10917,0
UChXOhG9bRDb3vSTg-qkPAZg,Gweilo-60,2019-02-24 13:37:51.137051,10917,0
UChXOhG9bRDb3vSTg-qkPAZg,Gweilo-60,2019-02-24 13:36:51.171403,10917,0
UChXOhG9bRDb3vSTg-qkPAZg,Gweilo-60,2019-02-24 13:35:51.530594,10917,0
UChXOhG9bRDb3vSTg-qkPAZg,Gweilo-60,2019-02-24 13:34:50.75951,10917,0
UChXOhG9bRDb3vSTg-qkPAZg,Gweilo-60,2019-02-24 13:33:51.081894,10917,0
UChXOhG9bRDb3vSTg-qkPAZg,Gweilo-60,2019-02-24 13:32:50.930427,10917,0
UChXOhG9bRDb3vSTg-qkPAZg,Gweilo-60,2019-02-24 13:31:50.91482,10917,0
UChXOhG9bRDb3vSTg-qkPAZg,Gweilo-60,2019-02-24 13:30:50.919681,10917,0
UChXOhG9bRDb3vSTg-qkPAZg,Gweilo-60,2019-02-24 13:29:51.146413,10917,0
UChXOhG9bRDb3vSTg-qkPAZg,Gweilo-60,2019-02-24 13:28:51.145971,10917,0
UChXOhG9bRDb3vSTg-qkPAZg,Gweilo-60,2019-02-24 13:27:51.093652,10917,1
UChXOhG9bRDb3vSTg-qkPAZg,Gweilo-60,2019-02-24 13:26:50.828915,10916,0
UChXOhG9bRDb3vSTg-qkPAZg,Gweilo-60,2019-02-24 13:25:51.140855,10916,0
UChXOhG9bRDb3vSTg-qkPAZg,Gweilo-60,2019-02-24 13:24:51.32601,10916,0
UChXOhG9bRDb3vSTg-qkPAZg,Gweilo-60,2019-02-24 13:23:51.18452,10916,0
UChXOhG9bRDb3vSTg-qkPAZg,Gweilo-60,2019-02-24 13:22:51.38868,10916,0
UChXOhG9bRDb3vSTg-qkPAZg,Gweilo-60,2019-02-24 13:21:51.241582,10916,0
UChXOhG9bRDb3vSTg-qkPAZg,Gweilo-60,2019-02-24 13:20:50.965285,10916,0
UChXOhG9bRDb3vSTg-qkPAZg,Gweilo-60,2019-02-24 13:19:51.181085,10916,0
UChXOhG9bRDb3vSTg-qkPAZg,Gweilo-60,2019-02-24 13:18:51.173205,10916,0
UChXOhG9bRDb3vSTg-qkPAZg,Gweilo-60,2019-02-24 13:17:51.331344,10916,0
UChXOhG9bRDb3vSTg-qkPAZg,Gweilo-60,2019-02-24 13:16:51.244708,10916,1
UChXOhG9bRDb3vSTg-qkPAZg,Gweilo-60,2019-02-24 13:15:51.214224,10915,-1
UChXOhG9bRDb3vSTg-qkPAZg,Gweilo-60,2019-02-24 13:14:51.543038,10916,0
UChXOhG9bRDb3vSTg-qkPAZg,Gweilo-60,2019-02-24 13:13:51.872109,10916,0
UChXOhG9bRDb3vSTg-qkPAZg,Gweilo-60,2019-02-24 13:12:51.02263,10916,0
UChXOhG9bRDb3vSTg-qkPAZg,Gweilo-60,2019-02-24 13:11:51.252239,10916,0
UChXOhG9bRDb3vSTg-qkPAZg,Gweilo-60,2019-02-24 13:10:51.170369,10916,1
UChXOhG9bRDb3vSTg-qkPAZg,Gweilo-60,2019-02-24 13:09:50.880303,10915,0
UChXOhG9bRDb3vSTg-qkPAZg,Gweilo-60,2019-02-24 13:08:50.703317,10915,0
UChXOhG9bRDb3vSTg-qkPAZg,Gweilo-60,2019-02-24 13:07:52.238741,10915,0
UChXOhG9bRDb3vSTg-qkPAZg,Gweilo-60,2019-02-24 13:06:51.328302,10915,0
UChXOhG9bRDb3vSTg-qkPAZg,Gweilo-60,2019-02-24 13:05:51.156416,10915,0
UChXOhG9bRDb3vSTg-qkPAZg,Gweilo-60,2019-02-24 13:04:51.25686,10915,0
UChXOhG9bRDb3vSTg-qkPAZg,Gweilo-60,2019-02-24 13:03:51.314963,10915,0
UChXOhG9bRDb3vSTg-qkPAZg,Gweilo-60,2019-02-24 13:02:51.058262,10915,0
UChXOhG9bRDb3vSTg-qkPAZg,Gweilo-60,2019-02-24 13:01:50.651144,10915,0
UChXOhG9bRDb3vSTg-qkPAZg,Gweilo-60,2019-02-24 13:00:50.812605,10915,0
UChXOhG9bRDb3vSTg-qkPAZg,Gweilo-60,2019-02-24 12:59:50.689203,10915,0
UChXOhG9bRDb3vSTg-qkPAZg,Gweilo-60,2019-02-24 12:58:50.953739,10915,0
UChXOhG9bRDb3vSTg-qkPAZg,Gweilo-60,2019-02-24 12:57:51.527184,10915,0
UChXOhG9bRDb3vSTg-qkPAZg,Gweilo-60,2019-02-24 12:56:51.125031,10915,0
UChXOhG9bRDb3vSTg-qkPAZg,Gweilo-60,2019-02-24 12:55:51.209196,10915,0
UChXOhG9bRDb3vSTg-qkPAZg,Gweilo-60,2019-02-24 12:54:51.041408,10915,0
UChXOhG9bRDb3vSTg-qkPAZg,Gweilo-60,2019-02-24 12:53:51.464757,10915,0
UChXOhG9bRDb3vSTg-qkPAZg,Gweilo-60,2019-02-24 12:52:51.545217,10915,0
UChXOhG9bRDb3vSTg-qkPAZg,Gweilo-60,2019-02-24 12:51:51.077944,10915,0
UChXOhG9bRDb3vSTg-qkPAZg,Gweilo-60,2019-02-24 12:50:50.973875,10915,0
UChXOhG9bRDb3vSTg-qkPAZg,Gweilo-60,2019-02-24 12:49:50.918027,10915,0
UChXOhG9bRDb3vSTg-qkPAZg,Gweilo-60,2019-02-24 12:48:51.398766,10915,0
UChXOhG9bRDb3vSTg-qkPAZg,Gweilo-60,2019-02-24 12:47:51.086791,10915,0
UChXOhG9bRDb3vSTg-qkPAZg,Gweilo-60,2019-02-24 12:46:51.124011,10915,0
UChXOhG9bRDb3vSTg-qkPAZg,Gweilo-60,2019-02-24 12:45:51.707776,10915,0
UChXOhG9bRDb3vSTg-qkPAZg,Gweilo-60,2019-02-24 12:44:50.996712,10915,0
UChXOhG9bRDb3vSTg-qkPAZg,Gweilo-60,2019-02-24 12:43:51.663287,10915,0
UChXOhG9bRDb3vSTg-qkPAZg,Gweilo-60,2019-02-24 12:42:50.949994,10915,0
UChXOhG9bRDb3vSTg-qkPAZg,Gweilo-60,2019-02-24 12:41:51.395581,10915,0
UChXOhG9bRDb3vSTg-qkPAZg,Gweilo-60,2019-02-24 12:40:51.300022,10915,1
UChXOhG9bRDb3vSTg-qkPAZg,Gweilo-60,2019-02-24 12:39:50.960677,10914,0
UChXOhG9bRDb3vSTg-qkPAZg,Gweilo-60,2019-02-24 12:38:51.259666,10914,0
UChXOhG9bRDb3vSTg-qkPAZg,Gweilo-60,2019-02-24 12:37:51.246543,10914,0
UChXOhG9bRDb3vSTg-qkPAZg,Gweilo-60,2019-02-24 12:36:51.131613,10914,0
UChXOhG9bRDb3vSTg-qkPAZg,Gweilo-60,2019-02-24 12:35:50.931401,10914,0
UChXOhG9bRDb3vSTg-qkPAZg,Gweilo-60,2019-02-24 12:34:51.632067,10914,1
UChXOhG9bRDb3vSTg-qkPAZg,Gweilo-60,2019-02-24 12:33:51.17827,10913,0
UChXOhG9bRDb3vSTg-qkPAZg,Gweilo-60,2019-02-24 12:32:51.372919,10913,0
UChXOhG9bRDb3vSTg-qkPAZg,Gweilo-60,2019-02-24 12:31:51.665285,10913,0
UChXOhG9bRDb3vSTg-qkPAZg,Gweilo-60,2019-02-24 12:30:51.63565,10913,0
UChXOhG9bRDb3vSTg-qkPAZg,Gweilo-60,2019-02-24 12:29:50.81366,10913,0
UChXOhG9bRDb3vSTg-qkPAZg,Gweilo-60,2019-02-24 12:28:51.596482,10913,0
UChXOhG9bRDb3vSTg-qkPAZg,Gweilo-60,2019-02-24 12:27:51.533748,10913,0
UChXOhG9bRDb3vSTg-qkPAZg,Gweilo-60,2019-02-24 12:26:51.259181,10913,0
UChXOhG9bRDb3vSTg-qkPAZg,Gweilo-60,2019-02-24 12:25:51.205227,10913,0
UChXOhG9bRDb3vSTg-qkPAZg,Gweilo-60,2019-02-24 12:24:51.38717,10913,0
UChXOhG9bRDb3vSTg-qkPAZg,Gweilo-60,2019-02-24 12:23:51.706695,10913,0
UChXOhG9bRDb3vSTg-qkPAZg,Gweilo-60,2019-02-24 12:22:51.327253,10913,0
UChXOhG9bRDb3vSTg-qkPAZg,Gweilo-60,2019-02-24 12:21:51.069378,10913,0
UChXOhG9bRDb3vSTg-qkPAZg,Gweilo-60,2019-02-24 12:20:51.350932,10913,0
UChXOhG9bRDb3vSTg-qkPAZg,Gweilo-60,2019-02-24 12:19:50.958471,10913,0
UChXOhG9bRDb3vSTg-qkPAZg,Gweilo-60,2019-02-24 12:18:51.459945,10913,0
UChXOhG9bRDb3vSTg-qkPAZg,Gweilo-60,2019-02-24 12:17:50.996018,10913,0
UChXOhG9bRDb3vSTg-qkPAZg,Gweilo-60,2019-02-24 12:16:51.673489,10913,0
UChXOhG9bRDb3vSTg-qkPAZg,Gweilo-60,2019-02-24 12:15:51.429484,10913,0
UChXOhG9bRDb3vSTg-qkPAZg,Gweilo-60,2019-02-24 12:14:51.204175,10913,0
UChXOhG9bRDb3vSTg-qkPAZg,Gweilo-60,2019-02-24 12:13:51.567436,10913,0
UChXOhG9bRDb3vSTg-qkPAZg,Gweilo-60,2019-02-24 12:12:51.335213,10913,0
UChXOhG9bRDb3vSTg-qkPAZg,Gweilo-60,2019-02-24 12:11:51.06786,10913,0
UChXOhG9bRDb3vSTg-qkPAZg,Gweilo-60,2019-02-24 12:10:51.184183,10913,-1
UChXOhG9bRDb3vSTg-qkPAZg,Gweilo-60,2019-02-24 12:09:51.357089,10914,0
UChXOhG9bRDb3vSTg-qkPAZg,Gweilo-60,2019-02-24 12:08:51.002638,10914,0
UChXOhG9bRDb3vSTg-qkPAZg,Gweilo-60,2019-02-24 12:07:51.365259,10914,0
UChXOhG9bRDb3vSTg-qkPAZg,Gweilo-60,2019-02-24 12:06:51.212419,10914,0
UChXOhG9bRDb3vSTg-qkPAZg,Gweilo-60,2019-02-24 12:05:51.25032,10914,1
UChXOhG9bRDb3vSTg-qkPAZg,Gweilo-60,2019-02-24 12:04:51.310116,10913,-1
UChXOhG9bRDb3vSTg-qkPAZg,Gweilo-60,2019-02-24 12:03:50.988857,10914,1
UChXOhG9bRDb3vSTg-qkPAZg,Gweilo-60,2019-02-24 12:02:51.310873,10913,0
UChXOhG9bRDb3vSTg-qkPAZg,Gweilo-60,2019-02-24 12:01:51.178859,10913,0
UChXOhG9bRDb3vSTg-qkPAZg,Gweilo-60,2019-02-24 12:00:51.172858,10913,1
UChXOhG9bRDb3vSTg-qkPAZg,Gweilo-60,2019-02-24 11:59:50.958071,10912,0
UChXOhG9bRDb3vSTg-qkPAZg,Gweilo-60,2019-02-24 11:58:51.165797,10912,0
UChXOhG9bRDb3vSTg-qkPAZg,Gweilo-60,2019-02-24 11:57:51.30689,10912,0
UChXOhG9bRDb3vSTg-qkPAZg,Gweilo-60,2019-02-24 11:56:52.007538,10912,0
UChXOhG9bRDb3vSTg-qkPAZg,Gweilo-60,2019-02-24 11:55:51.993747,10912,0
UChXOhG9bRDb3vSTg-qkPAZg,Gweilo-60,2019-02-24 11:54:51.077299,10912,0
UChXOhG9bRDb3vSTg-qkPAZg,Gweilo-60,2019-02-24 11:53:51.171641,10912,0
UChXOhG9bRDb3vSTg-qkPAZg,Gweilo-60,2019-02-24 11:52:51.100128,10912,2
UChXOhG9bRDb3vSTg-qkPAZg,Gweilo-60,2019-02-24 11:51:51.297674,10910,0
UChXOhG9bRDb3vSTg-qkPAZg,Gweilo-60,2019-02-24 11:50:51.077262,10910,0
UChXOhG9bRDb3vSTg-qkPAZg,Gweilo-60,2019-02-24 11:49:51.249435,10910,0
UChXOhG9bRDb3vSTg-qkPAZg,Gweilo-60,2019-02-24 11:48:51.535666,10910,0
UChXOhG9bRDb3vSTg-qkPAZg,Gweilo-60,2019-02-24 11:47:51.160696,10910,0
UChXOhG9bRDb3vSTg-qkPAZg,Gweilo-60,2019-02-24 11:46:50.990189,10910,0
UChXOhG9bRDb3vSTg-qkPAZg,Gweilo-60,2019-02-24 11:45:51.234639,10910,0
UChXOhG9bRDb3vSTg-qkPAZg,Gweilo-60,2019-02-24 11:44:51.458164,10910,0
UChXOhG9bRDb3vSTg-qkPAZg,Gweilo-60,2019-02-24 11:43:51.005297,10910,0
UChXOhG9bRDb3vSTg-qkPAZg,Gweilo-60,2019-02-24 11:42:51.461951,10910,0
UChXOhG9bRDb3vSTg-qkPAZg,Gweilo-60,2019-02-24 11:41:50.895784,10910,-1
UChXOhG9bRDb3vSTg-qkPAZg,Gweilo-60,2019-02-24 11:40:51.282195,10911,0
UChXOhG9bRDb3vSTg-qkPAZg,Gweilo-60,2019-02-24 11:39:51.29308,10911,0
UChXOhG9bRDb3vSTg-qkPAZg,Gweilo-60,2019-02-24 11:38:51.413731,10911,0
UChXOhG9bRDb3vSTg-qkPAZg,Gweilo-60,2019-02-24 11:37:51.294788,10911,0
UChXOhG9bRDb3vSTg-qkPAZg,Gweilo-60,2019-02-24 11:36:51.672057,10911,0
UChXOhG9bRDb3vSTg-qkPAZg,Gweilo-60,2019-02-24 11:35:51.836256,10911,0
UChXOhG9bRDb3vSTg-qkPAZg,Gweilo-60,2019-02-24 11:34:51.15803,10911,1
UChXOhG9bRDb3vSTg-qkPAZg,Gweilo-60,2019-02-24 11:33:51.323866,10910,0
UChXOhG9bRDb3vSTg-qkPAZg,Gweilo-60,2019-02-24 11:32:51.488406,10910,0
UChXOhG9bRDb3vSTg-qkPAZg,Gweilo-60,2019-02-24 11:31:50.720827,10910,0
UChXOhG9bRDb3vSTg-qkPAZg,Gweilo-60,2019-02-24 11:30:51.430225,10910,-1
UChXOhG9bRDb3vSTg-qkPAZg,Gweilo-60,2019-02-24 11:29:51.252267,10911,0
UChXOhG9bRDb3vSTg-qkPAZg,Gweilo-60,2019-02-24 11:28:50.98286,10911,0
UChXOhG9bRDb3vSTg-qkPAZg,Gweilo-60,2019-02-24 11:27:51.026346,10911,0
UChXOhG9bRDb3vSTg-qkPAZg,Gweilo-60,2019-02-24 11:26:51.575645,10911,0
UChXOhG9bRDb3vSTg-qkPAZg,Gweilo-60,2019-02-24 11:25:50.962692,10911,0
UChXOhG9bRDb3vSTg-qkPAZg,Gweilo-60,2019-02-24 11:24:50.993221,10911,0
UChXOhG9bRDb3vSTg-qkPAZg,Gweilo-60,2019-02-24 11:23:51.670166,10911,0
UChXOhG9bRDb3vSTg-qkPAZg,Gweilo-60,2019-02-24 11:22:51.226208,10911,0
UChXOhG9bRDb3vSTg-qkPAZg,Gweilo-60,2019-02-24 11:21:51.512891,10911,0
UChXOhG9bRDb3vSTg-qkPAZg,Gweilo-60,2019-02-24 11:20:51.275804,10911,0
UChXOhG9bRDb3vSTg-qkPAZg,Gweilo-60,2019-02-24 11:19:52.933457,10911,0
UChXOhG9bRDb3vSTg-qkPAZg,Gweilo-60,2019-02-24 11:18:50.887393,10911,0
UChXOhG9bRDb3vSTg-qkPAZg,Gweilo-60,2019-02-24 11:17:51.257476,10911,0
UChXOhG9bRDb3vSTg-qkPAZg,Gweilo-60,2019-02-24 11:16:51.038651,10911,0
UChXOhG9bRDb3vSTg-qkPAZg,Gweilo-60,2019-02-24 11:15:51.629326,10911,0
UChXOhG9bRDb3vSTg-qkPAZg,Gweilo-60,2019-02-24 11:14:50.833163,10911,0
UChXOhG9bRDb3vSTg-qkPAZg,Gweilo-60,2019-02-24 11:13:50.95802,10911,1
UChXOhG9bRDb3vSTg-qkPAZg,Gweilo-60,2019-02-24 11:12:50.692063,10910,0
UChXOhG9bRDb3vSTg-qkPAZg,Gweilo-60,2019-02-24 11:11:50.986927,10910,0
UChXOhG9bRDb3vSTg-qkPAZg,Gweilo-60,2019-02-24 11:10:51.573938,10910,1
UChXOhG9bRDb3vSTg-qkPAZg,Gweilo-60,2019-02-24 11:09:51.058808,10909,0
UChXOhG9bRDb3vSTg-qkPAZg,Gweilo-60,2019-02-24 11:08:50.494688,10909,0
UChXOhG9bRDb3vSTg-qkPAZg,Gweilo-60,2019-02-24 11:07:50.73791,10909,0
UChXOhG9bRDb3vSTg-qkPAZg,Gweilo-60,2019-02-24 11:06:51.357584,10909,0
UChXOhG9bRDb3vSTg-qkPAZg,Gweilo-60,2019-02-24 11:05:50.992323,10909,0
UChXOhG9bRDb3vSTg-qkPAZg,Gweilo-60,2019-02-24 11:04:51.533484,10909,0
UChXOhG9bRDb3vSTg-qkPAZg,Gweilo-60,2019-02-24 11:03:51.050163,10909,0
UChXOhG9bRDb3vSTg-qkPAZg,Gweilo-60,2019-02-24 11:02:51.527781,10909,1
UChXOhG9bRDb3vSTg-qkPAZg,Gweilo-60,2019-02-24 11:01:51.625353,10908,0
UChXOhG9bRDb3vSTg-qkPAZg,Gweilo-60,2019-02-24 11:00:51.679655,10908,0
UChXOhG9bRDb3vSTg-qkPAZg,Gweilo-60,2019-02-24 10:59:50.990361,10908,0
UChXOhG9bRDb3vSTg-qkPAZg,Gweilo-60,2019-02-24 10:58:51.281225,10908,0
UChXOhG9bRDb3vSTg-qkPAZg,Gweilo-60,2019-02-24 10:57:51.249421,10908,0
UChXOhG9bRDb3vSTg-qkPAZg,Gweilo-60,2019-02-24 10:56:51.046433,10908,0
UChXOhG9bRDb3vSTg-qkPAZg,Gweilo-60,2019-02-24 10:55:50.963163,10908,0
UChXOhG9bRDb3vSTg-qkPAZg,Gweilo-60,2019-02-24 10:54:50.949149,10908,0
UChXOhG9bRDb3vSTg-qkPAZg,Gweilo-60,2019-02-24 10:53:51.016491,10908,0
UChXOhG9bRDb3vSTg-qkPAZg,Gweilo-60,2019-02-24 10:52:50.655287,10908,0
UChXOhG9bRDb3vSTg-qkPAZg,Gweilo-60,2019-02-24 10:51:50.908281,10908,0
UChXOhG9bRDb3vSTg-qkPAZg,Gweilo-60,2019-02-24 10:50:51.644412,10908,0
UChXOhG9bRDb3vSTg-qkPAZg,Gweilo-60,2019-02-24 10:49:51.122586,10908,0
UChXOhG9bRDb3vSTg-qkPAZg,Gweilo-60,2019-02-24 10:48:51.67701,10908,0
UChXOhG9bRDb3vSTg-qkPAZg,Gweilo-60,2019-02-24 10:47:50.932072,10908,0
UChXOhG9bRDb3vSTg-qkPAZg,Gweilo-60,2019-02-24 10:46:51.425931,10908,0
UChXOhG9bRDb3vSTg-qkPAZg,Gweilo-60,2019-02-24 10:45:51.049433,10908,0
UChXOhG9bRDb3vSTg-qkPAZg,Gweilo-60,2019-02-24 10:44:51.772724,10908,0
UChXOhG9bRDb3vSTg-qkPAZg,Gweilo-60,2019-02-24 10:43:51.549699,10908,0
UChXOhG9bRDb3vSTg-qkPAZg,Gweilo-60,2019-02-24 10:42:50.824054,10908,0
UChXOhG9bRDb3vSTg-qkPAZg,Gweilo-60,2019-02-24 10:41:51.046406,10908,0
UChXOhG9bRDb3vSTg-qkPAZg,Gweilo-60,2019-02-24 10:40:51.467515,10908,0
UChXOhG9bRDb3vSTg-qkPAZg,Gweilo-60,2019-02-24 10:39:51.441186,10908,0
UChXOhG9bRDb3vSTg-qkPAZg,Gweilo-60,2019-02-24 10:38:51.008983,10908,0
UChXOhG9bRDb3vSTg-qkPAZg,Gweilo-60,2019-02-24 10:37:51.063301,10908,0
UChXOhG9bRDb3vSTg-qkPAZg,Gweilo-60,2019-02-24 10:36:51.200681,10908,0
UChXOhG9bRDb3vSTg-qkPAZg,Gweilo-60,2019-02-24 10:35:51.447867,10908,0
UChXOhG9bRDb3vSTg-qkPAZg,Gweilo-60,2019-02-24 10:34:51.283471,10908,0
UChXOhG9bRDb3vSTg-qkPAZg,Gweilo-60,2019-02-24 10:33:51.442594,10908,0
UChXOhG9bRDb3vSTg-qkPAZg,Gweilo-60,2019-02-24 10:32:51.913015,10908,0
UChXOhG9bRDb3vSTg-qkPAZg,Gweilo-60,2019-02-24 10:31:51.058867,10908,0
UChXOhG9bRDb3vSTg-qkPAZg,Gweilo-60,2019-02-24 10:30:51.316734,10908,0
UChXOhG9bRDb3vSTg-qkPAZg,Gweilo-60,2019-02-24 10:29:51.28863,10908,0
UChXOhG9bRDb3vSTg-qkPAZg,Gweilo-60,2019-02-24 10:28:50.958848,10908,0
UChXOhG9bRDb3vSTg-qkPAZg,Gweilo-60,2019-02-24 10:27:51.345121,10908,0
UChXOhG9bRDb3vSTg-qkPAZg,Gweilo-60,2019-02-24 10:26:51.261587,10908,0
UChXOhG9bRDb3vSTg-qkPAZg,Gweilo-60,2019-02-24 10:25:51.166666,10908,0
UChXOhG9bRDb3vSTg-qkPAZg,Gweilo-60,2019-02-24 10:24:51.080657,10908,0
UChXOhG9bRDb3vSTg-qkPAZg,Gweilo-60,2019-02-24 10:23:50.921143,10908,0
UChXOhG9bRDb3vSTg-qkPAZg,Gweilo-60,2019-02-24 10:22:51.180649,10908,0
UChXOhG9bRDb3vSTg-qkPAZg,Gweilo-60,2019-02-24 10:21:50.992593,10908,0
UChXOhG9bRDb3vSTg-qkPAZg,Gweilo-60,2019-02-24 10:20:51.363422,10908,0
UChXOhG9bRDb3vSTg-qkPAZg,Gweilo-60,2019-02-24 10:19:51.278205,10908,0
UChXOhG9bRDb3vSTg-qkPAZg,Gweilo-60,2019-02-24 10:18:51.26468,10908,0
UChXOhG9bRDb3vSTg-qkPAZg,Gweilo-60,2019-02-24 10:17:50.75441,10908,0
UChXOhG9bRDb3vSTg-qkPAZg,Gweilo-60,2019-02-24 10:16:51.701493,10908,1
UChXOhG9bRDb3vSTg-qkPAZg,Gweilo-60,2019-02-24 10:15:50.788036,10907,0
UChXOhG9bRDb3vSTg-qkPAZg,Gweilo-60,2019-02-24 10:14:51.381582,10907,0
UChXOhG9bRDb3vSTg-qkPAZg,Gweilo-60,2019-02-24 10:13:51.742751,10907,0
UChXOhG9bRDb3vSTg-qkPAZg,Gweilo-60,2019-02-24 10:12:51.613966,10907,0
UChXOhG9bRDb3vSTg-qkPAZg,Gweilo-60,2019-02-24 10:11:51.331456,10907,0
UChXOhG9bRDb3vSTg-qkPAZg,Gweilo-60,2019-02-24 10:10:50.972535,10907,0
UChXOhG9bRDb3vSTg-qkPAZg,Gweilo-60,2019-02-24 10:09:51.171797,10907,0
UChXOhG9bRDb3vSTg-qkPAZg,Gweilo-60,2019-02-24 10:08:52.08908,10907,0
UChXOhG9bRDb3vSTg-qkPAZg,Gweilo-60,2019-02-24 10:07:51.784796,10907,0
UChXOhG9bRDb3vSTg-qkPAZg,Gweilo-60,2019-02-24 10:06:51.190347,10907,0
UChXOhG9bRDb3vSTg-qkPAZg,Gweilo-60,2019-02-24 10:05:51.478721,10907,0
UChXOhG9bRDb3vSTg-qkPAZg,Gweilo-60,2019-02-24 10:04:50.722075,10907,0
UChXOhG9bRDb3vSTg-qkPAZg,Gweilo-60,2019-02-24 10:03:51.3272,10907,0
UChXOhG9bRDb3vSTg-qkPAZg,Gweilo-60,2019-02-24 10:02:51.360588,10907,0
UChXOhG9bRDb3vSTg-qkPAZg,Gweilo-60,2019-02-24 10:01:51.396738,10907,0
UChXOhG9bRDb3vSTg-qkPAZg,Gweilo-60,2019-02-24 10:00:51.245152,10907,0
UChXOhG9bRDb3vSTg-qkPAZg,Gweilo-60,2019-02-24 09:59:51.204003,10907,0
UChXOhG9bRDb3vSTg-qkPAZg,Gweilo-60,2019-02-24 09:58:51.622059,10907,0
UChXOhG9bRDb3vSTg-qkPAZg,Gweilo-60,2019-02-24 09:57:51.009867,10907,0
UChXOhG9bRDb3vSTg-qkPAZg,Gweilo-60,2019-02-24 09:56:51.25904,10907,0
UChXOhG9bRDb3vSTg-qkPAZg,Gweilo-60,2019-02-24 09:55:51.427707,10907,0
UChXOhG9bRDb3vSTg-qkPAZg,Gweilo-60,2019-02-24 09:54:51.473256,10907,0
UChXOhG9bRDb3vSTg-qkPAZg,Gweilo-60,2019-02-24 09:53:50.650874,10907,0
UChXOhG9bRDb3vSTg-qkPAZg,Gweilo-60,2019-02-24 09:52:51.096409,10907,0
UChXOhG9bRDb3vSTg-qkPAZg,Gweilo-60,2019-02-24 09:51:51.393317,10907,0
UChXOhG9bRDb3vSTg-qkPAZg,Gweilo-60,2019-02-24 09:50:51.065562,10907,0
UChXOhG9bRDb3vSTg-qkPAZg,Gweilo-60,2019-02-24 09:49:51.213749,10907,0
UChXOhG9bRDb3vSTg-qkPAZg,Gweilo-60,2019-02-24 09:48:50.58649,10907,0
UChXOhG9bRDb3vSTg-qkPAZg,Gweilo-60,2019-02-24 09:47:51.393026,10907,0
UChXOhG9bRDb3vSTg-qkPAZg,Gweilo-60,2019-02-24 09:46:51.333027,10907,0
UChXOhG9bRDb3vSTg-qkPAZg,Gweilo-60,2019-02-24 09:45:51.04849,10907,0
UChXOhG9bRDb3vSTg-qkPAZg,Gweilo-60,2019-02-24 09:44:50.907748,10907,0
UChXOhG9bRDb3vSTg-qkPAZg,Gweilo-60,2019-02-24 09:43:51.634297,10907,0
UChXOhG9bRDb3vSTg-qkPAZg,Gweilo-60,2019-02-24 09:42:52.535963,10907,0
UChXOhG9bRDb3vSTg-qkPAZg,Gweilo-60,2019-02-24 09:41:51.469648,10907,0
UChXOhG9bRDb3vSTg-qkPAZg,Gweilo-60,2019-02-24 09:40:51.14705,10907,0
UChXOhG9bRDb3vSTg-qkPAZg,Gweilo-60,2019-02-24 09:39:51.879314,10907,0
UChXOhG9bRDb3vSTg-qkPAZg,Gweilo-60,2019-02-24 09:38:51.827674,10907,0
UChXOhG9bRDb3vSTg-qkPAZg,Gweilo-60,2019-02-24 09:37:51.464369,10907,0
UChXOhG9bRDb3vSTg-qkPAZg,Gweilo-60,2019-02-24 09:36:50.821882,10907,0
UChXOhG9bRDb3vSTg-qkPAZg,Gweilo-60,2019-02-24 09:35:51.328323,10907,0
UChXOhG9bRDb3vSTg-qkPAZg,Gweilo-60,2019-02-24 09:34:51.140227,10907,0
UChXOhG9bRDb3vSTg-qkPAZg,Gweilo-60,2019-02-24 09:33:51.286208,10907,0
UChXOhG9bRDb3vSTg-qkPAZg,Gweilo-60,2019-02-24 09:32:51.02694,10907,0
UChXOhG9bRDb3vSTg-qkPAZg,Gweilo-60,2019-02-24 09:31:51.097998,10907,1
UChXOhG9bRDb3vSTg-qkPAZg,Gweilo-60,2019-02-24 09:30:51.783192,10906,0
UChXOhG9bRDb3vSTg-qkPAZg,Gweilo-60,2019-02-24 09:29:50.996072,10906,0
UChXOhG9bRDb3vSTg-qkPAZg,Gweilo-60,2019-02-24 09:28:50.992626,10906,0
UChXOhG9bRDb3vSTg-qkPAZg,Gweilo-60,2019-02-24 09:27:50.970131,10906,0
UChXOhG9bRDb3vSTg-qkPAZg,Gweilo-60,2019-02-24 09:26:51.393132,10906,1
UChXOhG9bRDb3vSTg-qkPAZg,Gweilo-60,2019-02-24 09:25:51.204408,10905,0
UChXOhG9bRDb3vSTg-qkPAZg,Gweilo-60,2019-02-24 09:24:51.223862,10905,0
UChXOhG9bRDb3vSTg-qkPAZg,Gweilo-60,2019-02-24 09:23:51.291656,10905,0
UChXOhG9bRDb3vSTg-qkPAZg,Gweilo-60,2019-02-24 09:22:51.010494,10905,0
UChXOhG9bRDb3vSTg-qkPAZg,Gweilo-60,2019-02-24 09:21:51.739169,10905,0
UChXOhG9bRDb3vSTg-qkPAZg,Gweilo-60,2019-02-24 09:20:50.855242,10905,0
UChXOhG9bRDb3vSTg-qkPAZg,Gweilo-60,2019-02-24 09:19:51.361966,10905,0
UChXOhG9bRDb3vSTg-qkPAZg,Gweilo-60,2019-02-24 09:18:51.140452,10905,0
UChXOhG9bRDb3vSTg-qkPAZg,Gweilo-60,2019-02-24 09:17:50.678224,10905,0
UChXOhG9bRDb3vSTg-qkPAZg,Gweilo-60,2019-02-24 09:16:51.299197,10905,0
UChXOhG9bRDb3vSTg-qkPAZg,Gweilo-60,2019-02-24 09:15:51.148691,10905,0
UChXOhG9bRDb3vSTg-qkPAZg,Gweilo-60,2019-02-24 09:14:50.9743,10905,0
UChXOhG9bRDb3vSTg-qkPAZg,Gweilo-60,2019-02-24 09:13:51.891362,10905,0
UChXOhG9bRDb3vSTg-qkPAZg,Gweilo-60,2019-02-24 09:12:51.272671,10905,0
UChXOhG9bRDb3vSTg-qkPAZg,Gweilo-60,2019-02-24 09:11:50.876891,10905,0
UChXOhG9bRDb3vSTg-qkPAZg,Gweilo-60,2019-02-24 09:10:51.151661,10905,0
UChXOhG9bRDb3vSTg-qkPAZg,Gweilo-60,2019-02-24 09:09:51.156882,10905,0
UChXOhG9bRDb3vSTg-qkPAZg,Gweilo-60,2019-02-24 09:08:51.624632,10905,0
UChXOhG9bRDb3vSTg-qkPAZg,Gweilo-60,2019-02-24 09:07:51.06877,10905,0
UChXOhG9bRDb3vSTg-qkPAZg,Gweilo-60,2019-02-24 09:06:51.627662,10905,0
UChXOhG9bRDb3vSTg-qkPAZg,Gweilo-60,2019-02-24 09:05:50.842084,10905,0
UChXOhG9bRDb3vSTg-qkPAZg,Gweilo-60,2019-02-24 09:04:51.036009,10905,0
UChXOhG9bRDb3vSTg-qkPAZg,Gweilo-60,2019-02-24 09:03:51.8305,10905,0
UChXOhG9bRDb3vSTg-qkPAZg,Gweilo-60,2019-02-24 09:02:51.089937,10905,0
UChXOhG9bRDb3vSTg-qkPAZg,Gweilo-60,2019-02-24 09:01:51.670948,10905,0
UChXOhG9bRDb3vSTg-qkPAZg,Gweilo-60,2019-02-24 09:00:51.440334,10905,0
UChXOhG9bRDb3vSTg-qkPAZg,Gweilo-60,2019-02-24 08:59:51.15299,10905,0
UChXOhG9bRDb3vSTg-qkPAZg,Gweilo-60,2019-02-24 08:58:51.184375,10905,0
UChXOhG9bRDb3vSTg-qkPAZg,Gweilo-60,2019-02-24 08:57:51.983342,10905,0
UChXOhG9bRDb3vSTg-qkPAZg,Gweilo-60,2019-02-24 08:56:51.493769,10905,0
UChXOhG9bRDb3vSTg-qkPAZg,Gweilo-60,2019-02-24 08:55:51.061115,10905,0
UChXOhG9bRDb3vSTg-qkPAZg,Gweilo-60,2019-02-24 08:54:51.73024,10905,0
UChXOhG9bRDb3vSTg-qkPAZg,Gweilo-60,2019-02-24 08:53:51.062726,10905,0
UChXOhG9bRDb3vSTg-qkPAZg,Gweilo-60,2019-02-24 08:52:50.907969,10905,0
UChXOhG9bRDb3vSTg-qkPAZg,Gweilo-60,2019-02-24 08:51:51.997011,10905,0
UChXOhG9bRDb3vSTg-qkPAZg,Gweilo-60,2019-02-24 08:50:50.918815,10905,0
UChXOhG9bRDb3vSTg-qkPAZg,Gweilo-60,2019-02-24 08:49:51.266131,10905,0
UChXOhG9bRDb3vSTg-qkPAZg,Gweilo-60,2019-02-24 08:48:51.739296,10905,1
UChXOhG9bRDb3vSTg-qkPAZg,Gweilo-60,2019-02-24 08:47:51.462562,10904,0
UChXOhG9bRDb3vSTg-qkPAZg,Gweilo-60,2019-02-24 08:46:51.426803,10904,0
UChXOhG9bRDb3vSTg-qkPAZg,Gweilo-60,2019-02-24 08:45:50.902794,10904,0
UChXOhG9bRDb3vSTg-qkPAZg,Gweilo-60,2019-02-24 08:44:51.859049,10904,0
UChXOhG9bRDb3vSTg-qkPAZg,Gweilo-60,2019-02-24 08:43:50.638864,10904,0
UChXOhG9bRDb3vSTg-qkPAZg,Gweilo-60,2019-02-24 08:42:51.431455,10904,0
UChXOhG9bRDb3vSTg-qkPAZg,Gweilo-60,2019-02-24 08:41:51.706657,10904,0
UChXOhG9bRDb3vSTg-qkPAZg,Gweilo-60,2019-02-24 08:40:50.935782,10904,0
UChXOhG9bRDb3vSTg-qkPAZg,Gweilo-60,2019-02-24 08:39:50.86158,10904,0
UChXOhG9bRDb3vSTg-qkPAZg,Gweilo-60,2019-02-24 08:38:51.102274,10904,0
UChXOhG9bRDb3vSTg-qkPAZg,Gweilo-60,2019-02-24 08:37:51.157325,10904,0
UChXOhG9bRDb3vSTg-qkPAZg,Gweilo-60,2019-02-24 08:36:51.47696,10904,0
UChXOhG9bRDb3vSTg-qkPAZg,Gweilo-60,2019-02-24 08:35:51.119818,10904,0
UChXOhG9bRDb3vSTg-qkPAZg,Gweilo-60,2019-02-24 08:34:50.679731,10904,0
UChXOhG9bRDb3vSTg-qkPAZg,Gweilo-60,2019-02-24 08:33:50.709964,10904,0
UChXOhG9bRDb3vSTg-qkPAZg,Gweilo-60,2019-02-24 08:32:51.695407,10904,0
UChXOhG9bRDb3vSTg-qkPAZg,Gweilo-60,2019-02-24 08:31:50.979453,10904,0
UChXOhG9bRDb3vSTg-qkPAZg,Gweilo-60,2019-02-24 08:30:51.314478,10904,0
UChXOhG9bRDb3vSTg-qkPAZg,Gweilo-60,2019-02-24 08:29:51.523211,10904,0
UChXOhG9bRDb3vSTg-qkPAZg,Gweilo-60,2019-02-24 08:28:51.230598,10904,0
UChXOhG9bRDb3vSTg-qkPAZg,Gweilo-60,2019-02-24 08:27:51.216464,10904,0
UChXOhG9bRDb3vSTg-qkPAZg,Gweilo-60,2019-02-24 08:26:50.937737,10904,0
UChXOhG9bRDb3vSTg-qkPAZg,Gweilo-60,2019-02-24 08:25:51.326986,10904,0
UChXOhG9bRDb3vSTg-qkPAZg,Gweilo-60,2019-02-24 08:24:50.98906,10904,0
UChXOhG9bRDb3vSTg-qkPAZg,Gweilo-60,2019-02-24 08:23:51.282598,10904,0
UChXOhG9bRDb3vSTg-qkPAZg,Gweilo-60,2019-02-24 08:22:50.840104,10904,0
UChXOhG9bRDb3vSTg-qkPAZg,Gweilo-60,2019-02-24 08:21:51.170243,10904,0
UChXOhG9bRDb3vSTg-qkPAZg,Gweilo-60,2019-02-24 08:20:51.02789,10904,0
UChXOhG9bRDb3vSTg-qkPAZg,Gweilo-60,2019-02-24 08:19:51.161351,10904,0
UChXOhG9bRDb3vSTg-qkPAZg,Gweilo-60,2019-02-24 08:18:51.256726,10904,0
UChXOhG9bRDb3vSTg-qkPAZg,Gweilo-60,2019-02-24 08:17:51.044607,10904,0
UChXOhG9bRDb3vSTg-qkPAZg,Gweilo-60,2019-02-24 08:16:51.636023,10904,0
UChXOhG9bRDb3vSTg-qkPAZg,Gweilo-60,2019-02-24 08:15:51.838489,10904,0
UChXOhG9bRDb3vSTg-qkPAZg,Gweilo-60,2019-02-24 08:14:51.533263,10904,0
UChXOhG9bRDb3vSTg-qkPAZg,Gweilo-60,2019-02-24 08:13:51.719859,10904,0
UChXOhG9bRDb3vSTg-qkPAZg,Gweilo-60,2019-02-24 08:12:51.337976,10904,0
UChXOhG9bRDb3vSTg-qkPAZg,Gweilo-60,2019-02-24 08:11:51.096076,10904,0
UChXOhG9bRDb3vSTg-qkPAZg,Gweilo-60,2019-02-24 08:10:51.089572,10904,0
UChXOhG9bRDb3vSTg-qkPAZg,Gweilo-60,2019-02-24 08:09:51.529319,10904,0
UChXOhG9bRDb3vSTg-qkPAZg,Gweilo-60,2019-02-24 08:08:51.317919,10904,0
UChXOhG9bRDb3vSTg-qkPAZg,Gweilo-60,2019-02-24 08:07:51.268373,10904,0
UChXOhG9bRDb3vSTg-qkPAZg,Gweilo-60,2019-02-24 08:06:51.483218,10904,0
UChXOhG9bRDb3vSTg-qkPAZg,Gweilo-60,2019-02-24 08:05:51.818052,10904,0
UChXOhG9bRDb3vSTg-qkPAZg,Gweilo-60,2019-02-24 08:04:51.395005,10904,0
UChXOhG9bRDb3vSTg-qkPAZg,Gweilo-60,2019-02-24 08:03:51.32381,10904,0
UChXOhG9bRDb3vSTg-qkPAZg,Gweilo-60,2019-02-24 08:02:51.24039,10904,0
UChXOhG9bRDb3vSTg-qkPAZg,Gweilo-60,2019-02-24 08:01:50.948599,10904,0
UChXOhG9bRDb3vSTg-qkPAZg,Gweilo-60,2019-02-24 08:00:51.09717,10904,0
UChXOhG9bRDb3vSTg-qkPAZg,Gweilo-60,2019-02-24 07:59:51.199663,10904,0
UChXOhG9bRDb3vSTg-qkPAZg,Gweilo-60,2019-02-24 07:58:50.752565,10904,0
UChXOhG9bRDb3vSTg-qkPAZg,Gweilo-60,2019-02-24 07:57:51.197449,10904,0
UChXOhG9bRDb3vSTg-qkPAZg,Gweilo-60,2019-02-24 07:56:51.174112,10904,0
UChXOhG9bRDb3vSTg-qkPAZg,Gweilo-60,2019-02-24 07:55:51.168847,10904,0
UChXOhG9bRDb3vSTg-qkPAZg,Gweilo-60,2019-02-24 07:54:50.905102,10904,0
UChXOhG9bRDb3vSTg-qkPAZg,Gweilo-60,2019-02-24 07:53:52.173203,10904,0
UChXOhG9bRDb3vSTg-qkPAZg,Gweilo-60,2019-02-24 07:52:50.581487,10904,0
UChXOhG9bRDb3vSTg-qkPAZg,Gweilo-60,2019-02-24 07:51:51.256475,10904,0
UChXOhG9bRDb3vSTg-qkPAZg,Gweilo-60,2019-02-24 07:50:50.79264,10904,0
UChXOhG9bRDb3vSTg-qkPAZg,Gweilo-60,2019-02-24 07:49:50.975642,10904,0
UChXOhG9bRDb3vSTg-qkPAZg,Gweilo-60,2019-02-24 07:48:51.15286,10904,0
UChXOhG9bRDb3vSTg-qkPAZg,Gweilo-60,2019-02-24 07:47:51.554933,10904,0
UChXOhG9bRDb3vSTg-qkPAZg,Gweilo-60,2019-02-24 07:46:51.224022,10904,0
UChXOhG9bRDb3vSTg-qkPAZg,Gweilo-60,2019-02-24 07:45:51.475404,10904,0
UChXOhG9bRDb3vSTg-qkPAZg,Gweilo-60,2019-02-24 07:44:51.115431,10904,0
UChXOhG9bRDb3vSTg-qkPAZg,Gweilo-60,2019-02-24 07:43:51.356692,10904,0
UChXOhG9bRDb3vSTg-qkPAZg,Gweilo-60,2019-02-24 07:42:50.91237,10904,0
UChXOhG9bRDb3vSTg-qkPAZg,Gweilo-60,2019-02-24 07:41:51.320582,10904,0
UChXOhG9bRDb3vSTg-qkPAZg,Gweilo-60,2019-02-24 07:40:50.904602,10904,0
UChXOhG9bRDb3vSTg-qkPAZg,Gweilo-60,2019-02-24 07:39:51.377369,10904,0
UChXOhG9bRDb3vSTg-qkPAZg,Gweilo-60,2019-02-24 07:38:51.163553,10904,0
UChXOhG9bRDb3vSTg-qkPAZg,Gweilo-60,2019-02-24 07:37:51.148869,10904,0
UChXOhG9bRDb3vSTg-qkPAZg,Gweilo-60,2019-02-24 07:36:51.257191,10904,0
UChXOhG9bRDb3vSTg-qkPAZg,Gweilo-60,2019-02-24 07:35:51.051984,10904,0
UChXOhG9bRDb3vSTg-qkPAZg,Gweilo-60,2019-02-24 07:34:51.602875,10904,0
UChXOhG9bRDb3vSTg-qkPAZg,Gweilo-60,2019-02-24 07:33:51.519927,10904,0
UChXOhG9bRDb3vSTg-qkPAZg,Gweilo-60,2019-02-24 07:32:51.17111,10904,0
UChXOhG9bRDb3vSTg-qkPAZg,Gweilo-60,2019-02-24 07:31:51.818852,10904,0
UChXOhG9bRDb3vSTg-qkPAZg,Gweilo-60,2019-02-24 07:30:50.564361,10904,0
UChXOhG9bRDb3vSTg-qkPAZg,Gweilo-60,2019-02-24 07:29:51.489173,10904,0
UChXOhG9bRDb3vSTg-qkPAZg,Gweilo-60,2019-02-24 07:28:51.006079,10904,0
UChXOhG9bRDb3vSTg-qkPAZg,Gweilo-60,2019-02-24 07:27:50.988096,10904,0
UChXOhG9bRDb3vSTg-qkPAZg,Gweilo-60,2019-02-24 07:26:50.929764,10904,0
UChXOhG9bRDb3vSTg-qkPAZg,Gweilo-60,2019-02-24 07:25:51.081137,10904,0
UChXOhG9bRDb3vSTg-qkPAZg,Gweilo-60,2019-02-24 07:24:51.667675,10904,0
UChXOhG9bRDb3vSTg-qkPAZg,Gweilo-60,2019-02-24 07:23:50.864253,10904,0
UChXOhG9bRDb3vSTg-qkPAZg,Gweilo-60,2019-02-24 07:22:51.369224,10904,0
UChXOhG9bRDb3vSTg-qkPAZg,Gweilo-60,2019-02-24 07:21:51.47083,10904,0
UChXOhG9bRDb3vSTg-qkPAZg,Gweilo-60,2019-02-24 07:20:50.867162,10904,1
UChXOhG9bRDb3vSTg-qkPAZg,Gweilo-60,2019-02-24 07:19:51.085891,10903,0
UChXOhG9bRDb3vSTg-qkPAZg,Gweilo-60,2019-02-24 07:18:50.974631,10903,0
UChXOhG9bRDb3vSTg-qkPAZg,Gweilo-60,2019-02-24 07:17:51.253224,10903,0
UChXOhG9bRDb3vSTg-qkPAZg,Gweilo-60,2019-02-24 07:16:51.674607,10903,0
UChXOhG9bRDb3vSTg-qkPAZg,Gweilo-60,2019-02-24 07:15:50.918877,10903,0
UChXOhG9bRDb3vSTg-qkPAZg,Gweilo-60,2019-02-24 07:14:51.348485,10903,0
UChXOhG9bRDb3vSTg-qkPAZg,Gweilo-60,2019-02-24 07:13:51.162619,10903,0
UChXOhG9bRDb3vSTg-qkPAZg,Gweilo-60,2019-02-24 07:12:51.199275,10903,0
UChXOhG9bRDb3vSTg-qkPAZg,Gweilo-60,2019-02-24 07:11:51.173886,10903,0
UChXOhG9bRDb3vSTg-qkPAZg,Gweilo-60,2019-02-24 07:10:50.932914,10903,0
UChXOhG9bRDb3vSTg-qkPAZg,Gweilo-60,2019-02-24 07:09:51.140443,10903,0
UChXOhG9bRDb3vSTg-qkPAZg,Gweilo-60,2019-02-24 07:08:51.307433,10903,0
UChXOhG9bRDb3vSTg-qkPAZg,Gweilo-60,2019-02-24 07:07:51.184375,10903,0
UChXOhG9bRDb3vSTg-qkPAZg,Gweilo-60,2019-02-24 07:06:50.98784,10903,0
UChXOhG9bRDb3vSTg-qkPAZg,Gweilo-60,2019-02-24 07:05:51.404755,10903,0
UChXOhG9bRDb3vSTg-qkPAZg,Gweilo-60,2019-02-24 07:04:51.281913,10903,0
UChXOhG9bRDb3vSTg-qkPAZg,Gweilo-60,2019-02-24 07:03:50.880875,10903,0
UChXOhG9bRDb3vSTg-qkPAZg,Gweilo-60,2019-02-24 07:02:50.856811,10903,0
UChXOhG9bRDb3vSTg-qkPAZg,Gweilo-60,2019-02-24 07:01:50.927687,10903,0
UChXOhG9bRDb3vSTg-qkPAZg,Gweilo-60,2019-02-24 07:00:51.146997,10903,0
UChXOhG9bRDb3vSTg-qkPAZg,Gweilo-60,2019-02-24 06:59:51.291962,10903,0
UChXOhG9bRDb3vSTg-qkPAZg,Gweilo-60,2019-02-24 06:58:51.464715,10903,0
UChXOhG9bRDb3vSTg-qkPAZg,Gweilo-60,2019-02-24 06:57:51.311267,10903,0
UChXOhG9bRDb3vSTg-qkPAZg,Gweilo-60,2019-02-24 06:56:51.671454,10903,0
UChXOhG9bRDb3vSTg-qkPAZg,Gweilo-60,2019-02-24 06:55:50.968771,10903,0
UChXOhG9bRDb3vSTg-qkPAZg,Gweilo-60,2019-02-24 06:54:51.249468,10903,0
UChXOhG9bRDb3vSTg-qkPAZg,Gweilo-60,2019-02-24 06:53:51.33434,10903,0
UChXOhG9bRDb3vSTg-qkPAZg,Gweilo-60,2019-02-24 06:52:50.958372,10903,0
UChXOhG9bRDb3vSTg-qkPAZg,Gweilo-60,2019-02-24 06:51:51.795645,10903,0
UChXOhG9bRDb3vSTg-qkPAZg,Gweilo-60,2019-02-24 06:50:51.055318,10903,0
UChXOhG9bRDb3vSTg-qkPAZg,Gweilo-60,2019-02-24 06:49:51.198114,10903,0
UChXOhG9bRDb3vSTg-qkPAZg,Gweilo-60,2019-02-24 06:48:51.040499,10903,0
UChXOhG9bRDb3vSTg-qkPAZg,Gweilo-60,2019-02-24 06:47:51.115059,10903,0
UChXOhG9bRDb3vSTg-qkPAZg,Gweilo-60,2019-02-24 06:46:51.307963,10903,0
UChXOhG9bRDb3vSTg-qkPAZg,Gweilo-60,2019-02-24 06:45:51.275377,10903,0
UChXOhG9bRDb3vSTg-qkPAZg,Gweilo-60,2019-02-24 06:44:51.334114,10903,0
UChXOhG9bRDb3vSTg-qkPAZg,Gweilo-60,2019-02-24 06:43:51.564279,10903,0
UChXOhG9bRDb3vSTg-qkPAZg,Gweilo-60,2019-02-24 06:42:51.573368,10903,0
UChXOhG9bRDb3vSTg-qkPAZg,Gweilo-60,2019-02-24 06:41:51.400966,10903,0
UChXOhG9bRDb3vSTg-qkPAZg,Gweilo-60,2019-02-24 06:40:50.9306,10903,0
UChXOhG9bRDb3vSTg-qkPAZg,Gweilo-60,2019-02-24 06:39:51.017779,10903,0
UChXOhG9bRDb3vSTg-qkPAZg,Gweilo-60,2019-02-24 06:38:51.285586,10903,0
UChXOhG9bRDb3vSTg-qkPAZg,Gweilo-60,2019-02-24 06:37:51.438699,10903,0
UChXOhG9bRDb3vSTg-qkPAZg,Gweilo-60,2019-02-24 06:36:52.058351,10903,0
UChXOhG9bRDb3vSTg-qkPAZg,Gweilo-60,2019-02-24 06:35:52.063476,10903,0
UChXOhG9bRDb3vSTg-qkPAZg,Gweilo-60,2019-02-24 06:34:51.297105,10903,0
UChXOhG9bRDb3vSTg-qkPAZg,Gweilo-60,2019-02-24 06:33:51.287918,10903,0
UChXOhG9bRDb3vSTg-qkPAZg,Gweilo-60,2019-02-24 06:32:51.592959,10903,0
UChXOhG9bRDb3vSTg-qkPAZg,Gweilo-60,2019-02-24 06:31:51.111568,10903,0
UChXOhG9bRDb3vSTg-qkPAZg,Gweilo-60,2019-02-24 06:30:51.349102,10903,0
UChXOhG9bRDb3vSTg-qkPAZg,Gweilo-60,2019-02-24 06:29:51.314011,10903,0
UChXOhG9bRDb3vSTg-qkPAZg,Gweilo-60,2019-02-24 06:28:51.911913,10903,0
UChXOhG9bRDb3vSTg-qkPAZg,Gweilo-60,2019-02-24 06:27:51.283315,10903,0
UChXOhG9bRDb3vSTg-qkPAZg,Gweilo-60,2019-02-24 06:26:51.045302,10903,0
UChXOhG9bRDb3vSTg-qkPAZg,Gweilo-60,2019-02-24 06:25:51.519379,10903,0
UChXOhG9bRDb3vSTg-qkPAZg,Gweilo-60,2019-02-24 06:24:51.995788,10903,0
UChXOhG9bRDb3vSTg-qkPAZg,Gweilo-60,2019-02-24 06:23:51.213465,10903,0
UChXOhG9bRDb3vSTg-qkPAZg,Gweilo-60,2019-02-24 06:22:51.601059,10903,0
UChXOhG9bRDb3vSTg-qkPAZg,Gweilo-60,2019-02-24 06:21:50.973428,10903,1
UChXOhG9bRDb3vSTg-qkPAZg,Gweilo-60,2019-02-24 06:20:51.623002,10902,0
UChXOhG9bRDb3vSTg-qkPAZg,Gweilo-60,2019-02-24 06:19:51.258244,10902,0
UChXOhG9bRDb3vSTg-qkPAZg,Gweilo-60,2019-02-24 06:18:51.352408,10902,0
UChXOhG9bRDb3vSTg-qkPAZg,Gweilo-60,2019-02-24 06:17:51.328145,10902,0
UChXOhG9bRDb3vSTg-qkPAZg,Gweilo-60,2019-02-24 06:16:51.459193,10902,0
UChXOhG9bRDb3vSTg-qkPAZg,Gweilo-60,2019-02-24 06:15:50.582526,10902,0
UChXOhG9bRDb3vSTg-qkPAZg,Gweilo-60,2019-02-24 06:14:50.780232,10902,0
UChXOhG9bRDb3vSTg-qkPAZg,Gweilo-60,2019-02-24 06:13:51.249773,10902,0
UChXOhG9bRDb3vSTg-qkPAZg,Gweilo-60,2019-02-24 06:12:51.376584,10902,0
UChXOhG9bRDb3vSTg-qkPAZg,Gweilo-60,2019-02-24 06:11:50.948763,10902,0
UChXOhG9bRDb3vSTg-qkPAZg,Gweilo-60,2019-02-24 06:10:51.272396,10902,0
UChXOhG9bRDb3vSTg-qkPAZg,Gweilo-60,2019-02-24 06:09:51.244625,10902,0
UChXOhG9bRDb3vSTg-qkPAZg,Gweilo-60,2019-02-24 06:08:51.429036,10902,0
UChXOhG9bRDb3vSTg-qkPAZg,Gweilo-60,2019-02-24 06:07:51.479475,10902,0
UChXOhG9bRDb3vSTg-qkPAZg,Gweilo-60,2019-02-24 06:06:52.307367,10902,0
UChXOhG9bRDb3vSTg-qkPAZg,Gweilo-60,2019-02-24 06:05:51.048502,10902,0
UChXOhG9bRDb3vSTg-qkPAZg,Gweilo-60,2019-02-24 06:04:51.115562,10902,0
UChXOhG9bRDb3vSTg-qkPAZg,Gweilo-60,2019-02-24 06:03:51.415325,10902,0
UChXOhG9bRDb3vSTg-qkPAZg,Gweilo-60,2019-02-24 06:02:51.148447,10902,0
UChXOhG9bRDb3vSTg-qkPAZg,Gweilo-60,2019-02-24 06:01:51.581154,10902,0
UChXOhG9bRDb3vSTg-qkPAZg,Gweilo-60,2019-02-24 06:00:50.973,10902,0
UChXOhG9bRDb3vSTg-qkPAZg,Gweilo-60,2019-02-24 05:59:50.984274,10902,0
UChXOhG9bRDb3vSTg-qkPAZg,Gweilo-60,2019-02-24 05:58:51.493965,10902,0
UChXOhG9bRDb3vSTg-qkPAZg,Gweilo-60,2019-02-24 05:57:51.268827,10902,0
UChXOhG9bRDb3vSTg-qkPAZg,Gweilo-60,2019-02-24 05:56:51.562518,10902,0
UChXOhG9bRDb3vSTg-qkPAZg,Gweilo-60,2019-02-24 05:55:50.862885,10902,0
UChXOhG9bRDb3vSTg-qkPAZg,Gweilo-60,2019-02-24 05:54:50.605312,10902,0
UChXOhG9bRDb3vSTg-qkPAZg,Gweilo-60,2019-02-24 05:53:51.240355,10902,0
UChXOhG9bRDb3vSTg-qkPAZg,Gweilo-60,2019-02-24 05:52:51.534775,10902,0
UChXOhG9bRDb3vSTg-qkPAZg,Gweilo-60,2019-02-24 05:51:51.53574,10902,0
UChXOhG9bRDb3vSTg-qkPAZg,Gweilo-60,2019-02-24 05:50:51.605029,10902,0
UChXOhG9bRDb3vSTg-qkPAZg,Gweilo-60,2019-02-24 05:49:51.057706,10902,0
UChXOhG9bRDb3vSTg-qkPAZg,Gweilo-60,2019-02-24 05:48:51.00023,10902,0
UChXOhG9bRDb3vSTg-qkPAZg,Gweilo-60,2019-02-24 05:47:52.05304,10902,0
UChXOhG9bRDb3vSTg-qkPAZg,Gweilo-60,2019-02-24 05:46:51.629942,10902,0
UChXOhG9bRDb3vSTg-qkPAZg,Gweilo-60,2019-02-24 05:45:52.084528,10902,0
UChXOhG9bRDb3vSTg-qkPAZg,Gweilo-60,2019-02-24 05:44:51.176995,10902,0
UChXOhG9bRDb3vSTg-qkPAZg,Gweilo-60,2019-02-24 05:43:51.206284,10902,0
UChXOhG9bRDb3vSTg-qkPAZg,Gweilo-60,2019-02-24 05:42:51.404076,10902,0
UChXOhG9bRDb3vSTg-qkPAZg,Gweilo-60,2019-02-24 05:41:51.274932,10902,0
UChXOhG9bRDb3vSTg-qkPAZg,Gweilo-60,2019-02-24 05:40:51.26345,10902,0
UChXOhG9bRDb3vSTg-qkPAZg,Gweilo-60,2019-02-24 05:39:51.296398,10902,0
UChXOhG9bRDb3vSTg-qkPAZg,Gweilo-60,2019-02-24 05:38:51.20147,10902,0
UChXOhG9bRDb3vSTg-qkPAZg,Gweilo-60,2019-02-24 05:37:51.35786,10902,0
UChXOhG9bRDb3vSTg-qkPAZg,Gweilo-60,2019-02-24 05:36:51.190453,10902,0
UChXOhG9bRDb3vSTg-qkPAZg,Gweilo-60,2019-02-24 05:35:51.550211,10902,0
UChXOhG9bRDb3vSTg-qkPAZg,Gweilo-60,2019-02-24 05:34:50.960994,10902,0
UChXOhG9bRDb3vSTg-qkPAZg,Gweilo-60,2019-02-24 05:33:50.89558,10902,1
UChXOhG9bRDb3vSTg-qkPAZg,Gweilo-60,2019-02-24 05:32:51.072087,10901,0
UChXOhG9bRDb3vSTg-qkPAZg,Gweilo-60,2019-02-24 05:31:51.381882,10901,0
UChXOhG9bRDb3vSTg-qkPAZg,Gweilo-60,2019-02-24 05:30:51.456512,10901,0
UChXOhG9bRDb3vSTg-qkPAZg,Gweilo-60,2019-02-24 05:29:51.241574,10901,0
UChXOhG9bRDb3vSTg-qkPAZg,Gweilo-60,2019-02-24 05:28:50.875408,10901,0
UChXOhG9bRDb3vSTg-qkPAZg,Gweilo-60,2019-02-24 05:27:50.661284,10901,0
UChXOhG9bRDb3vSTg-qkPAZg,Gweilo-60,2019-02-24 05:26:51.258012,10901,0
UChXOhG9bRDb3vSTg-qkPAZg,Gweilo-60,2019-02-24 05:25:51.132482,10901,0
UChXOhG9bRDb3vSTg-qkPAZg,Gweilo-60,2019-02-24 05:24:51.372498,10901,0
UChXOhG9bRDb3vSTg-qkPAZg,Gweilo-60,2019-02-24 05:23:51.075763,10901,0
UChXOhG9bRDb3vSTg-qkPAZg,Gweilo-60,2019-02-24 05:22:51.603171,10901,0
UChXOhG9bRDb3vSTg-qkPAZg,Gweilo-60,2019-02-24 05:21:51.202146,10901,0
UChXOhG9bRDb3vSTg-qkPAZg,Gweilo-60,2019-02-24 05:20:51.236704,10901,0
UChXOhG9bRDb3vSTg-qkPAZg,Gweilo-60,2019-02-24 05:19:51.224564,10901,0
UChXOhG9bRDb3vSTg-qkPAZg,Gweilo-60,2019-02-24 05:18:51.630455,10901,0
UChXOhG9bRDb3vSTg-qkPAZg,Gweilo-60,2019-02-24 05:17:51.324861,10901,0
UChXOhG9bRDb3vSTg-qkPAZg,Gweilo-60,2019-02-24 05:16:50.799551,10901,0
UChXOhG9bRDb3vSTg-qkPAZg,Gweilo-60,2019-02-24 05:15:51.594253,10901,0
UChXOhG9bRDb3vSTg-qkPAZg,Gweilo-60,2019-02-24 05:14:51.65525,10901,0
UChXOhG9bRDb3vSTg-qkPAZg,Gweilo-60,2019-02-24 05:13:51.418701,10901,0
UChXOhG9bRDb3vSTg-qkPAZg,Gweilo-60,2019-02-24 05:12:51.169719,10901,0
UChXOhG9bRDb3vSTg-qkPAZg,Gweilo-60,2019-02-24 05:11:51.570034,10901,0
UChXOhG9bRDb3vSTg-qkPAZg,Gweilo-60,2019-02-24 05:10:51.455762,10901,0
UChXOhG9bRDb3vSTg-qkPAZg,Gweilo-60,2019-02-24 05:09:52.304945,10901,0
UChXOhG9bRDb3vSTg-qkPAZg,Gweilo-60,2019-02-24 05:08:51.022832,10901,0
UChXOhG9bRDb3vSTg-qkPAZg,Gweilo-60,2019-02-24 05:07:51.183481,10901,0
UChXOhG9bRDb3vSTg-qkPAZg,Gweilo-60,2019-02-24 05:06:51.682393,10901,0
UChXOhG9bRDb3vSTg-qkPAZg,Gweilo-60,2019-02-24 05:05:52.119592,10901,0
UChXOhG9bRDb3vSTg-qkPAZg,Gweilo-60,2019-02-24 05:04:51.390779,10901,0
UChXOhG9bRDb3vSTg-qkPAZg,Gweilo-60,2019-02-24 05:03:51.298708,10901,0
UChXOhG9bRDb3vSTg-qkPAZg,Gweilo-60,2019-02-24 05:02:51.445126,10901,0
UChXOhG9bRDb3vSTg-qkPAZg,Gweilo-60,2019-02-24 05:01:51.181016,10901,0
UChXOhG9bRDb3vSTg-qkPAZg,Gweilo-60,2019-02-24 05:00:52.529397,10901,0
UChXOhG9bRDb3vSTg-qkPAZg,Gweilo-60,2019-02-24 04:59:52.64299,10901,0
UChXOhG9bRDb3vSTg-qkPAZg,Gweilo-60,2019-02-24 04:58:51.121847,10901,0
UChXOhG9bRDb3vSTg-qkPAZg,Gweilo-60,2019-02-24 04:57:51.008565,10901,0
UChXOhG9bRDb3vSTg-qkPAZg,Gweilo-60,2019-02-24 04:56:50.816035,10901,0
UChXOhG9bRDb3vSTg-qkPAZg,Gweilo-60,2019-02-24 04:55:51.610775,10901,0
UChXOhG9bRDb3vSTg-qkPAZg,Gweilo-60,2019-02-24 04:54:51.242851,10901,0
UChXOhG9bRDb3vSTg-qkPAZg,Gweilo-60,2019-02-24 04:53:51.073083,10901,0
UChXOhG9bRDb3vSTg-qkPAZg,Gweilo-60,2019-02-24 04:52:50.958804,10901,0
UChXOhG9bRDb3vSTg-qkPAZg,Gweilo-60,2019-02-24 04:51:51.654097,10901,0
UChXOhG9bRDb3vSTg-qkPAZg,Gweilo-60,2019-02-24 04:50:51.101918,10901,0
UChXOhG9bRDb3vSTg-qkPAZg,Gweilo-60,2019-02-24 04:49:50.928541,10901,0
UChXOhG9bRDb3vSTg-qkPAZg,Gweilo-60,2019-02-24 04:48:51.406986,10901,0
UChXOhG9bRDb3vSTg-qkPAZg,Gweilo-60,2019-02-24 04:47:51.208033,10901,0
UChXOhG9bRDb3vSTg-qkPAZg,Gweilo-60,2019-02-24 04:46:50.678131,10901,1
UChXOhG9bRDb3vSTg-qkPAZg,Gweilo-60,2019-02-24 04:45:51.390652,10900,0
UChXOhG9bRDb3vSTg-qkPAZg,Gweilo-60,2019-02-24 04:44:51.291213,10900,0
UChXOhG9bRDb3vSTg-qkPAZg,Gweilo-60,2019-02-24 04:43:51.462592,10900,0
UChXOhG9bRDb3vSTg-qkPAZg,Gweilo-60,2019-02-24 04:42:51.783153,10900,0
UChXOhG9bRDb3vSTg-qkPAZg,Gweilo-60,2019-02-24 04:41:51.110853,10900,0
UChXOhG9bRDb3vSTg-qkPAZg,Gweilo-60,2019-02-24 04:40:51.373657,10900,0
UChXOhG9bRDb3vSTg-qkPAZg,Gweilo-60,2019-02-24 04:39:51.52224,10900,0
UChXOhG9bRDb3vSTg-qkPAZg,Gweilo-60,2019-02-24 04:38:51.746479,10900,0
UChXOhG9bRDb3vSTg-qkPAZg,Gweilo-60,2019-02-24 04:37:51.134592,10900,0
UChXOhG9bRDb3vSTg-qkPAZg,Gweilo-60,2019-02-24 04:36:51.206326,10900,0
UChXOhG9bRDb3vSTg-qkPAZg,Gweilo-60,2019-02-24 04:35:51.404425,10900,0
UChXOhG9bRDb3vSTg-qkPAZg,Gweilo-60,2019-02-24 04:34:51.370348,10900,0
UChXOhG9bRDb3vSTg-qkPAZg,Gweilo-60,2019-02-24 04:33:51.309187,10900,0
UChXOhG9bRDb3vSTg-qkPAZg,Gweilo-60,2019-02-24 04:32:51.192785,10900,0
UChXOhG9bRDb3vSTg-qkPAZg,Gweilo-60,2019-02-24 04:31:50.844253,10900,0
UChXOhG9bRDb3vSTg-qkPAZg,Gweilo-60,2019-02-24 04:30:51.33912,10900,0
UChXOhG9bRDb3vSTg-qkPAZg,Gweilo-60,2019-02-24 04:29:51.76536,10900,0
UChXOhG9bRDb3vSTg-qkPAZg,Gweilo-60,2019-02-24 04:28:51.514256,10900,0
UChXOhG9bRDb3vSTg-qkPAZg,Gweilo-60,2019-02-24 04:27:51.341919,10900,0
UChXOhG9bRDb3vSTg-qkPAZg,Gweilo-60,2019-02-24 04:26:52.006654,10900,0
UChXOhG9bRDb3vSTg-qkPAZg,Gweilo-60,2019-02-24 04:25:50.85841,10900,0
UChXOhG9bRDb3vSTg-qkPAZg,Gweilo-60,2019-02-24 04:24:51.84686,10900,0
UChXOhG9bRDb3vSTg-qkPAZg,Gweilo-60,2019-02-24 04:23:51.338447,10900,0
UChXOhG9bRDb3vSTg-qkPAZg,Gweilo-60,2019-02-24 04:22:51.072256,10900,0
UChXOhG9bRDb3vSTg-qkPAZg,Gweilo-60,2019-02-24 04:21:52.4707,10900,0
UChXOhG9bRDb3vSTg-qkPAZg,Gweilo-60,2019-02-24 04:20:51.143133,10900,0
UChXOhG9bRDb3vSTg-qkPAZg,Gweilo-60,2019-02-24 04:19:52.039212,10900,0
UChXOhG9bRDb3vSTg-qkPAZg,Gweilo-60,2019-02-24 04:18:51.010007,10900,0
UChXOhG9bRDb3vSTg-qkPAZg,Gweilo-60,2019-02-24 04:17:52.336419,10900,0
UChXOhG9bRDb3vSTg-qkPAZg,Gweilo-60,2019-02-24 04:16:51.387677,10900,0
UChXOhG9bRDb3vSTg-qkPAZg,Gweilo-60,2019-02-24 04:15:51.545741,10900,0
UChXOhG9bRDb3vSTg-qkPAZg,Gweilo-60,2019-02-24 04:14:50.941745,10900,0
UChXOhG9bRDb3vSTg-qkPAZg,Gweilo-60,2019-02-24 04:13:51.541002,10900,0
UChXOhG9bRDb3vSTg-qkPAZg,Gweilo-60,2019-02-24 04:12:51.05487,10900,0
UChXOhG9bRDb3vSTg-qkPAZg,Gweilo-60,2019-02-24 04:11:50.936208,10900,0
UChXOhG9bRDb3vSTg-qkPAZg,Gweilo-60,2019-02-24 04:10:51.765955,10900,0
UChXOhG9bRDb3vSTg-qkPAZg,Gweilo-60,2019-02-24 04:09:51.551036,10900,0
UChXOhG9bRDb3vSTg-qkPAZg,Gweilo-60,2019-02-24 04:08:51.154548,10900,0
UChXOhG9bRDb3vSTg-qkPAZg,Gweilo-60,2019-02-24 04:07:51.500367,10900,0
UChXOhG9bRDb3vSTg-qkPAZg,Gweilo-60,2019-02-24 04:06:51.538675,10900,0
UChXOhG9bRDb3vSTg-qkPAZg,Gweilo-60,2019-02-24 04:05:52.334668,10900,0
UChXOhG9bRDb3vSTg-qkPAZg,Gweilo-60,2019-02-24 04:04:51.058641,10900,0
UChXOhG9bRDb3vSTg-qkPAZg,Gweilo-60,2019-02-24 04:03:51.24388,10900,0
UChXOhG9bRDb3vSTg-qkPAZg,Gweilo-60,2019-02-24 04:02:50.706713,10900,0
UChXOhG9bRDb3vSTg-qkPAZg,Gweilo-60,2019-02-24 04:01:51.395321,10900,0
UChXOhG9bRDb3vSTg-qkPAZg,Gweilo-60,2019-02-24 04:00:51.160375,10900,0
UChXOhG9bRDb3vSTg-qkPAZg,Gweilo-60,2019-02-24 03:59:51.02799,10900,0
UChXOhG9bRDb3vSTg-qkPAZg,Gweilo-60,2019-02-24 03:58:50.87392,10900,0
UChXOhG9bRDb3vSTg-qkPAZg,Gweilo-60,2019-02-24 03:57:51.212434,10900,0
UChXOhG9bRDb3vSTg-qkPAZg,Gweilo-60,2019-02-24 03:56:51.30485,10900,0
UChXOhG9bRDb3vSTg-qkPAZg,Gweilo-60,2019-02-24 03:55:50.690568,10900,0
UChXOhG9bRDb3vSTg-qkPAZg,Gweilo-60,2019-02-24 03:54:51.443882,10900,0
UChXOhG9bRDb3vSTg-qkPAZg,Gweilo-60,2019-02-24 03:53:51.701287,10900,0
UChXOhG9bRDb3vSTg-qkPAZg,Gweilo-60,2019-02-24 03:52:52.324243,10900,0
UChXOhG9bRDb3vSTg-qkPAZg,Gweilo-60,2019-02-24 03:51:51.491084,10900,0
UChXOhG9bRDb3vSTg-qkPAZg,Gweilo-60,2019-02-24 03:50:51.221867,10900,0
UChXOhG9bRDb3vSTg-qkPAZg,Gweilo-60,2019-02-24 03:49:52.033848,10900,0
UChXOhG9bRDb3vSTg-qkPAZg,Gweilo-60,2019-02-24 03:48:51.015201,10900,0
UChXOhG9bRDb3vSTg-qkPAZg,Gweilo-60,2019-02-24 03:47:50.99622,10900,0
UChXOhG9bRDb3vSTg-qkPAZg,Gweilo-60,2019-02-24 03:46:50.672186,10900,0
UChXOhG9bRDb3vSTg-qkPAZg,Gweilo-60,2019-02-24 03:45:50.92013,10900,0
UChXOhG9bRDb3vSTg-qkPAZg,Gweilo-60,2019-02-24 03:44:51.553328,10900,0
UChXOhG9bRDb3vSTg-qkPAZg,Gweilo-60,2019-02-24 03:43:51.815076,10900,0
UChXOhG9bRDb3vSTg-qkPAZg,Gweilo-60,2019-02-24 03:42:51.056328,10900,0
UChXOhG9bRDb3vSTg-qkPAZg,Gweilo-60,2019-02-24 03:41:51.299174,10900,0
UChXOhG9bRDb3vSTg-qkPAZg,Gweilo-60,2019-02-24 03:40:50.730384,10900,0
UChXOhG9bRDb3vSTg-qkPAZg,Gweilo-60,2019-02-24 03:39:51.930195,10900,0
UChXOhG9bRDb3vSTg-qkPAZg,Gweilo-60,2019-02-24 03:38:51.291485,10900,0
UChXOhG9bRDb3vSTg-qkPAZg,Gweilo-60,2019-02-24 03:37:51.50842,10900,0
UChXOhG9bRDb3vSTg-qkPAZg,Gweilo-60,2019-02-24 03:36:51.146684,10900,0
UChXOhG9bRDb3vSTg-qkPAZg,Gweilo-60,2019-02-24 03:35:51.285489,10900,0
UChXOhG9bRDb3vSTg-qkPAZg,Gweilo-60,2019-02-24 03:34:51.749287,10900,0
UChXOhG9bRDb3vSTg-qkPAZg,Gweilo-60,2019-02-24 03:33:51.116268,10900,0
UChXOhG9bRDb3vSTg-qkPAZg,Gweilo-60,2019-02-24 03:32:51.492299,10900,0
UChXOhG9bRDb3vSTg-qkPAZg,Gweilo-60,2019-02-24 03:31:51.699397,10900,0
UChXOhG9bRDb3vSTg-qkPAZg,Gweilo-60,2019-02-24 03:30:51.764632,10900,0
UChXOhG9bRDb3vSTg-qkPAZg,Gweilo-60,2019-02-24 03:29:51.559994,10900,0
UChXOhG9bRDb3vSTg-qkPAZg,Gweilo-60,2019-02-24 03:28:50.962368,10900,0
UChXOhG9bRDb3vSTg-qkPAZg,Gweilo-60,2019-02-24 03:27:51.013654,10900,0
UChXOhG9bRDb3vSTg-qkPAZg,Gweilo-60,2019-02-24 03:26:51.55446,10900,0
UChXOhG9bRDb3vSTg-qkPAZg,Gweilo-60,2019-02-24 03:25:50.761981,10900,0
UChXOhG9bRDb3vSTg-qkPAZg,Gweilo-60,2019-02-24 03:24:51.174873,10900,0
UChXOhG9bRDb3vSTg-qkPAZg,Gweilo-60,2019-02-24 03:23:51.080367,10900,0
UChXOhG9bRDb3vSTg-qkPAZg,Gweilo-60,2019-02-24 03:22:51.354074,10900,0
UChXOhG9bRDb3vSTg-qkPAZg,Gweilo-60,2019-02-24 03:21:51.178632,10900,0
UChXOhG9bRDb3vSTg-qkPAZg,Gweilo-60,2019-02-24 03:20:51.167025,10900,0
UChXOhG9bRDb3vSTg-qkPAZg,Gweilo-60,2019-02-24 03:19:51.457506,10900,0
UChXOhG9bRDb3vSTg-qkPAZg,Gweilo-60,2019-02-24 03:18:51.76424,10900,0
UChXOhG9bRDb3vSTg-qkPAZg,Gweilo-60,2019-02-24 03:17:51.095019,10900,0
UChXOhG9bRDb3vSTg-qkPAZg,Gweilo-60,2019-02-24 03:16:50.867979,10900,0
UChXOhG9bRDb3vSTg-qkPAZg,Gweilo-60,2019-02-24 03:15:51.059023,10900,0
UChXOhG9bRDb3vSTg-qkPAZg,Gweilo-60,2019-02-24 03:14:51.678325,10900,0
UChXOhG9bRDb3vSTg-qkPAZg,Gweilo-60,2019-02-24 03:13:51.395982,10900,0
UChXOhG9bRDb3vSTg-qkPAZg,Gweilo-60,2019-02-24 03:12:51.334298,10900,0
UChXOhG9bRDb3vSTg-qkPAZg,Gweilo-60,2019-02-24 03:11:50.951856,10900,0
UChXOhG9bRDb3vSTg-qkPAZg,Gweilo-60,2019-02-24 03:10:50.955162,10900,0
UChXOhG9bRDb3vSTg-qkPAZg,Gweilo-60,2019-02-24 03:09:51.000571,10900,0
UChXOhG9bRDb3vSTg-qkPAZg,Gweilo-60,2019-02-24 03:08:51.354185,10900,0
UChXOhG9bRDb3vSTg-qkPAZg,Gweilo-60,2019-02-24 03:07:51.203151,10900,0
UChXOhG9bRDb3vSTg-qkPAZg,Gweilo-60,2019-02-24 03:06:51.438096,10900,0
UChXOhG9bRDb3vSTg-qkPAZg,Gweilo-60,2019-02-24 03:05:51.566812,10900,0
UChXOhG9bRDb3vSTg-qkPAZg,Gweilo-60,2019-02-24 03:04:50.644874,10900,0
UChXOhG9bRDb3vSTg-qkPAZg,Gweilo-60,2019-02-24 03:03:51.151741,10900,0
UChXOhG9bRDb3vSTg-qkPAZg,Gweilo-60,2019-02-24 03:02:51.660259,10900,0
UChXOhG9bRDb3vSTg-qkPAZg,Gweilo-60,2019-02-24 03:01:50.917785,10900,0
UChXOhG9bRDb3vSTg-qkPAZg,Gweilo-60,2019-02-24 03:00:50.878434,10900,0
UChXOhG9bRDb3vSTg-qkPAZg,Gweilo-60,2019-02-24 02:59:51.260955,10900,0
UChXOhG9bRDb3vSTg-qkPAZg,Gweilo-60,2019-02-24 02:58:50.734322,10900,0
UChXOhG9bRDb3vSTg-qkPAZg,Gweilo-60,2019-02-24 02:57:50.485999,10900,0
UChXOhG9bRDb3vSTg-qkPAZg,Gweilo-60,2019-02-24 02:56:50.95577,10900,0
UChXOhG9bRDb3vSTg-qkPAZg,Gweilo-60,2019-02-24 02:55:51.757044,10900,0
UChXOhG9bRDb3vSTg-qkPAZg,Gweilo-60,2019-02-24 02:54:51.102119,10900,0
UChXOhG9bRDb3vSTg-qkPAZg,Gweilo-60,2019-02-24 02:53:51.36017,10900,0
UChXOhG9bRDb3vSTg-qkPAZg,Gweilo-60,2019-02-24 02:52:50.793225,10900,0
UChXOhG9bRDb3vSTg-qkPAZg,Gweilo-60,2019-02-24 02:51:51.377423,10900,0
UChXOhG9bRDb3vSTg-qkPAZg,Gweilo-60,2019-02-24 02:50:51.387757,10900,0
UChXOhG9bRDb3vSTg-qkPAZg,Gweilo-60,2019-02-24 02:49:51.817149,10900,0
UChXOhG9bRDb3vSTg-qkPAZg,Gweilo-60,2019-02-24 02:48:50.837448,10900,0
UChXOhG9bRDb3vSTg-qkPAZg,Gweilo-60,2019-02-24 02:47:51.244639,10900,0
UChXOhG9bRDb3vSTg-qkPAZg,Gweilo-60,2019-02-24 02:46:51.105124,10900,0
UChXOhG9bRDb3vSTg-qkPAZg,Gweilo-60,2019-02-24 02:45:51.076417,10900,0
UChXOhG9bRDb3vSTg-qkPAZg,Gweilo-60,2019-02-24 02:44:50.637835,10900,0
UChXOhG9bRDb3vSTg-qkPAZg,Gweilo-60,2019-02-24 02:43:50.983956,10900,0
UChXOhG9bRDb3vSTg-qkPAZg,Gweilo-60,2019-02-24 02:42:50.962235,10900,0
UChXOhG9bRDb3vSTg-qkPAZg,Gweilo-60,2019-02-24 02:41:51.227169,10900,0
UChXOhG9bRDb3vSTg-qkPAZg,Gweilo-60,2019-02-24 02:40:51.577428,10900,0
UChXOhG9bRDb3vSTg-qkPAZg,Gweilo-60,2019-02-24 02:39:50.813893,10900,0
UChXOhG9bRDb3vSTg-qkPAZg,Gweilo-60,2019-02-24 02:38:51.069878,10900,0
UChXOhG9bRDb3vSTg-qkPAZg,Gweilo-60,2019-02-24 02:37:50.897952,10900,0
UChXOhG9bRDb3vSTg-qkPAZg,Gweilo-60,2019-02-24 02:36:50.778557,10900,0
UChXOhG9bRDb3vSTg-qkPAZg,Gweilo-60,2019-02-24 02:35:51.536054,10900,0
UChXOhG9bRDb3vSTg-qkPAZg,Gweilo-60,2019-02-24 02:34:50.818164,10900,0
UChXOhG9bRDb3vSTg-qkPAZg,Gweilo-60,2019-02-24 02:33:51.294386,10900,0
UChXOhG9bRDb3vSTg-qkPAZg,Gweilo-60,2019-02-24 02:32:50.758253,10900,0
UChXOhG9bRDb3vSTg-qkPAZg,Gweilo-60,2019-02-24 02:31:51.185465,10900,0
UChXOhG9bRDb3vSTg-qkPAZg,Gweilo-60,2019-02-24 02:30:51.011505,10900,0
UChXOhG9bRDb3vSTg-qkPAZg,Gweilo-60,2019-02-24 02:29:51.436051,10900,0
UChXOhG9bRDb3vSTg-qkPAZg,Gweilo-60,2019-02-24 02:28:51.321617,10900,0
UChXOhG9bRDb3vSTg-qkPAZg,Gweilo-60,2019-02-24 02:27:50.995928,10900,0
UChXOhG9bRDb3vSTg-qkPAZg,Gweilo-60,2019-02-24 02:26:51.155037,10900,0
UChXOhG9bRDb3vSTg-qkPAZg,Gweilo-60,2019-02-24 02:25:51.232543,10900,1
UChXOhG9bRDb3vSTg-qkPAZg,Gweilo-60,2019-02-24 02:24:51.182727,10899,0
UChXOhG9bRDb3vSTg-qkPAZg,Gweilo-60,2019-02-24 02:23:51.087116,10899,0
UChXOhG9bRDb3vSTg-qkPAZg,Gweilo-60,2019-02-24 02:22:51.19716,10899,0
UChXOhG9bRDb3vSTg-qkPAZg,Gweilo-60,2019-02-24 02:21:50.945318,10899,0
UChXOhG9bRDb3vSTg-qkPAZg,Gweilo-60,2019-02-24 02:20:51.096049,10899,0
UChXOhG9bRDb3vSTg-qkPAZg,Gweilo-60,2019-02-24 02:19:50.876611,10899,0
UChXOhG9bRDb3vSTg-qkPAZg,Gweilo-60,2019-02-24 02:18:51.108912,10899,0
UChXOhG9bRDb3vSTg-qkPAZg,Gweilo-60,2019-02-24 02:17:51.206559,10899,0
UChXOhG9bRDb3vSTg-qkPAZg,Gweilo-60,2019-02-24 02:16:51.788146,10899,0
UChXOhG9bRDb3vSTg-qkPAZg,Gweilo-60,2019-02-24 02:15:51.001351,10899,0
UChXOhG9bRDb3vSTg-qkPAZg,Gweilo-60,2019-02-24 02:14:51.044978,10899,0
UChXOhG9bRDb3vSTg-qkPAZg,Gweilo-60,2019-02-24 02:13:51.304554,10899,0
UChXOhG9bRDb3vSTg-qkPAZg,Gweilo-60,2019-02-24 02:12:51.211671,10899,0
UChXOhG9bRDb3vSTg-qkPAZg,Gweilo-60,2019-02-24 02:11:50.92607,10899,0
UChXOhG9bRDb3vSTg-qkPAZg,Gweilo-60,2019-02-24 02:10:51.093136,10899,0
UChXOhG9bRDb3vSTg-qkPAZg,Gweilo-60,2019-02-24 02:09:51.536051,10899,0
UChXOhG9bRDb3vSTg-qkPAZg,Gweilo-60,2019-02-24 02:08:50.878505,10899,0
UChXOhG9bRDb3vSTg-qkPAZg,Gweilo-60,2019-02-24 02:07:51.081827,10899,0
UChXOhG9bRDb3vSTg-qkPAZg,Gweilo-60,2019-02-24 02:06:51.394321,10899,0
UChXOhG9bRDb3vSTg-qkPAZg,Gweilo-60,2019-02-24 02:05:51.28634,10899,0
UChXOhG9bRDb3vSTg-qkPAZg,Gweilo-60,2019-02-24 02:04:52.199396,10899,0
UChXOhG9bRDb3vSTg-qkPAZg,Gweilo-60,2019-02-24 02:03:51.234586,10899,0
UChXOhG9bRDb3vSTg-qkPAZg,Gweilo-60,2019-02-24 02:02:52.587465,10899,0
UChXOhG9bRDb3vSTg-qkPAZg,Gweilo-60,2019-02-24 02:01:51.067076,10899,0
UChXOhG9bRDb3vSTg-qkPAZg,Gweilo-60,2019-02-24 02:00:51.324954,10899,0
UChXOhG9bRDb3vSTg-qkPAZg,Gweilo-60,2019-02-24 01:59:51.636598,10899,0
UChXOhG9bRDb3vSTg-qkPAZg,Gweilo-60,2019-02-24 01:58:51.378528,10899,0
UChXOhG9bRDb3vSTg-qkPAZg,Gweilo-60,2019-02-24 01:57:51.18547,10899,0
UChXOhG9bRDb3vSTg-qkPAZg,Gweilo-60,2019-02-24 01:56:51.473064,10899,0
UChXOhG9bRDb3vSTg-qkPAZg,Gweilo-60,2019-02-24 01:55:51.241844,10899,0
UChXOhG9bRDb3vSTg-qkPAZg,Gweilo-60,2019-02-24 01:54:51.397456,10899,0
UChXOhG9bRDb3vSTg-qkPAZg,Gweilo-60,2019-02-24 01:53:51.084205,10899,0
UChXOhG9bRDb3vSTg-qkPAZg,Gweilo-60,2019-02-24 01:52:51.130464,10899,0
UChXOhG9bRDb3vSTg-qkPAZg,Gweilo-60,2019-02-24 01:51:51.3779,10899,0
UChXOhG9bRDb3vSTg-qkPAZg,Gweilo-60,2019-02-24 01:50:51.997801,10899,0
UChXOhG9bRDb3vSTg-qkPAZg,Gweilo-60,2019-02-24 01:49:51.128829,10899,0
UChXOhG9bRDb3vSTg-qkPAZg,Gweilo-60,2019-02-24 01:48:51.074406,10899,0
UChXOhG9bRDb3vSTg-qkPAZg,Gweilo-60,2019-02-24 01:47:50.928903,10899,0
UChXOhG9bRDb3vSTg-qkPAZg,Gweilo-60,2019-02-24 01:46:51.089352,10899,0
UChXOhG9bRDb3vSTg-qkPAZg,Gweilo-60,2019-02-24 01:45:51.500419,10899,0
UChXOhG9bRDb3vSTg-qkPAZg,Gweilo-60,2019-02-24 01:44:51.460477,10899,0
UChXOhG9bRDb3vSTg-qkPAZg,Gweilo-60,2019-02-24 01:43:50.559635,10899,0
UChXOhG9bRDb3vSTg-qkPAZg,Gweilo-60,2019-02-24 01:42:51.023372,10899,0
UChXOhG9bRDb3vSTg-qkPAZg,Gweilo-60,2019-02-24 01:41:51.321931,10899,0
UChXOhG9bRDb3vSTg-qkPAZg,Gweilo-60,2019-02-24 01:40:51.732501,10899,0
UChXOhG9bRDb3vSTg-qkPAZg,Gweilo-60,2019-02-24 01:39:50.996691,10899,0
UChXOhG9bRDb3vSTg-qkPAZg,Gweilo-60,2019-02-24 01:38:51.436504,10899,0
UChXOhG9bRDb3vSTg-qkPAZg,Gweilo-60,2019-02-24 01:37:51.352262,10899,0
UChXOhG9bRDb3vSTg-qkPAZg,Gweilo-60,2019-02-24 01:36:51.176171,10899,0
UChXOhG9bRDb3vSTg-qkPAZg,Gweilo-60,2019-02-24 01:35:51.119179,10899,0
UChXOhG9bRDb3vSTg-qkPAZg,Gweilo-60,2019-02-24 01:34:51.057217,10899,0
UChXOhG9bRDb3vSTg-qkPAZg,Gweilo-60,2019-02-24 01:33:51.017703,10899,0
UChXOhG9bRDb3vSTg-qkPAZg,Gweilo-60,2019-02-24 01:32:50.826973,10899,0
UChXOhG9bRDb3vSTg-qkPAZg,Gweilo-60,2019-02-24 01:31:50.792862,10899,0
UChXOhG9bRDb3vSTg-qkPAZg,Gweilo-60,2019-02-24 01:30:51.207393,10899,0
UChXOhG9bRDb3vSTg-qkPAZg,Gweilo-60,2019-02-24 01:29:51.032385,10899,0
UChXOhG9bRDb3vSTg-qkPAZg,Gweilo-60,2019-02-24 01:28:51.626402,10899,0
UChXOhG9bRDb3vSTg-qkPAZg,Gweilo-60,2019-02-24 01:27:51.072869,10899,0
UChXOhG9bRDb3vSTg-qkPAZg,Gweilo-60,2019-02-24 01:26:50.959727,10899,0
UChXOhG9bRDb3vSTg-qkPAZg,Gweilo-60,2019-02-24 01:25:51.146089,10899,0
UChXOhG9bRDb3vSTg-qkPAZg,Gweilo-60,2019-02-24 01:24:51.766964,10899,0
UChXOhG9bRDb3vSTg-qkPAZg,Gweilo-60,2019-02-24 01:23:50.99677,10899,0
UChXOhG9bRDb3vSTg-qkPAZg,Gweilo-60,2019-02-24 01:22:52.064127,10899,0
UChXOhG9bRDb3vSTg-qkPAZg,Gweilo-60,2019-02-24 01:21:51.475515,10899,-1
UChXOhG9bRDb3vSTg-qkPAZg,Gweilo-60,2019-02-24 01:20:51.788769,10900,0
UChXOhG9bRDb3vSTg-qkPAZg,Gweilo-60,2019-02-24 01:19:51.61005,10900,0
UChXOhG9bRDb3vSTg-qkPAZg,Gweilo-60,2019-02-24 01:18:51.052287,10900,0
UChXOhG9bRDb3vSTg-qkPAZg,Gweilo-60,2019-02-24 01:17:50.819488,10900,0
UChXOhG9bRDb3vSTg-qkPAZg,Gweilo-60,2019-02-24 01:16:51.238765,10900,0
UChXOhG9bRDb3vSTg-qkPAZg,Gweilo-60,2019-02-24 01:15:50.937505,10900,0
UChXOhG9bRDb3vSTg-qkPAZg,Gweilo-60,2019-02-24 01:14:51.490999,10900,0
UChXOhG9bRDb3vSTg-qkPAZg,Gweilo-60,2019-02-24 01:13:51.054057,10900,0
UChXOhG9bRDb3vSTg-qkPAZg,Gweilo-60,2019-02-24 01:12:51.254502,10900,0
UChXOhG9bRDb3vSTg-qkPAZg,Gweilo-60,2019-02-24 01:11:51.203846,10900,0
UChXOhG9bRDb3vSTg-qkPAZg,Gweilo-60,2019-02-24 01:10:51.03199,10900,0
UChXOhG9bRDb3vSTg-qkPAZg,Gweilo-60,2019-02-24 01:09:51.382802,10900,0
UChXOhG9bRDb3vSTg-qkPAZg,Gweilo-60,2019-02-24 01:08:51.269498,10900,0
UChXOhG9bRDb3vSTg-qkPAZg,Gweilo-60,2019-02-24 01:07:51.313502,10900,0
UChXOhG9bRDb3vSTg-qkPAZg,Gweilo-60,2019-02-24 01:06:51.135763,10900,0
UChXOhG9bRDb3vSTg-qkPAZg,Gweilo-60,2019-02-24 01:05:51.249012,10900,0
UChXOhG9bRDb3vSTg-qkPAZg,Gweilo-60,2019-02-24 01:04:51.492682,10900,0
UChXOhG9bRDb3vSTg-qkPAZg,Gweilo-60,2019-02-24 01:03:50.950335,10900,0
UChXOhG9bRDb3vSTg-qkPAZg,Gweilo-60,2019-02-24 01:02:51.052536,10900,0
UChXOhG9bRDb3vSTg-qkPAZg,Gweilo-60,2019-02-24 01:01:51.575345,10900,0
UChXOhG9bRDb3vSTg-qkPAZg,Gweilo-60,2019-02-24 01:00:51.068332,10900,1
UChXOhG9bRDb3vSTg-qkPAZg,Gweilo-60,2019-02-24 00:59:51.205325,10899,0
UChXOhG9bRDb3vSTg-qkPAZg,Gweilo-60,2019-02-24 00:58:52.591421,10899,0
UChXOhG9bRDb3vSTg-qkPAZg,Gweilo-60,2019-02-24 00:57:50.813316,10899,0
UChXOhG9bRDb3vSTg-qkPAZg,Gweilo-60,2019-02-24 00:56:51.240583,10899,0
UChXOhG9bRDb3vSTg-qkPAZg,Gweilo-60,2019-02-24 00:55:50.770723,10899,0
UChXOhG9bRDb3vSTg-qkPAZg,Gweilo-60,2019-02-24 00:54:50.953852,10899,0
UChXOhG9bRDb3vSTg-qkPAZg,Gweilo-60,2019-02-24 00:53:51.12088,10899,0
UChXOhG9bRDb3vSTg-qkPAZg,Gweilo-60,2019-02-24 00:52:50.909734,10899,0
UChXOhG9bRDb3vSTg-qkPAZg,Gweilo-60,2019-02-24 00:51:51.161519,10899,0
UChXOhG9bRDb3vSTg-qkPAZg,Gweilo-60,2019-02-24 00:50:51.19814,10899,1
UChXOhG9bRDb3vSTg-qkPAZg,Gweilo-60,2019-02-24 00:49:50.935872,10898,0
UChXOhG9bRDb3vSTg-qkPAZg,Gweilo-60,2019-02-24 00:48:51.176313,10898,0
UChXOhG9bRDb3vSTg-qkPAZg,Gweilo-60,2019-02-24 00:47:51.359361,10898,0
UChXOhG9bRDb3vSTg-qkPAZg,Gweilo-60,2019-02-24 00:46:51.19866,10898,0
UChXOhG9bRDb3vSTg-qkPAZg,Gweilo-60,2019-02-24 00:45:51.463244,10898,0
UChXOhG9bRDb3vSTg-qkPAZg,Gweilo-60,2019-02-24 00:44:51.002035,10898,0
UChXOhG9bRDb3vSTg-qkPAZg,Gweilo-60,2019-02-24 00:43:50.736561,10898,0
UChXOhG9bRDb3vSTg-qkPAZg,Gweilo-60,2019-02-24 00:42:51.336983,10898,0
UChXOhG9bRDb3vSTg-qkPAZg,Gweilo-60,2019-02-24 00:41:50.727168,10898,0
UChXOhG9bRDb3vSTg-qkPAZg,Gweilo-60,2019-02-24 00:40:51.804934,10898,0
UChXOhG9bRDb3vSTg-qkPAZg,Gweilo-60,2019-02-24 00:39:51.263145,10898,0
UChXOhG9bRDb3vSTg-qkPAZg,Gweilo-60,2019-02-24 00:38:51.002749,10898,0
UChXOhG9bRDb3vSTg-qkPAZg,Gweilo-60,2019-02-24 00:37:50.712046,10898,0
UChXOhG9bRDb3vSTg-qkPAZg,Gweilo-60,2019-02-24 00:36:51.304389,10898,0
UChXOhG9bRDb3vSTg-qkPAZg,Gweilo-60,2019-02-24 00:35:51.043639,10898,0
UChXOhG9bRDb3vSTg-qkPAZg,Gweilo-60,2019-02-24 00:34:51.584393,10898,0
UChXOhG9bRDb3vSTg-qkPAZg,Gweilo-60,2019-02-24 00:33:51.174811,10898,0
UChXOhG9bRDb3vSTg-qkPAZg,Gweilo-60,2019-02-24 00:32:50.87817,10898,0
UChXOhG9bRDb3vSTg-qkPAZg,Gweilo-60,2019-02-24 00:31:50.800161,10898,0
UChXOhG9bRDb3vSTg-qkPAZg,Gweilo-60,2019-02-24 00:30:51.030237,10898,0
UChXOhG9bRDb3vSTg-qkPAZg,Gweilo-60,2019-02-24 00:29:51.47077,10898,0
UChXOhG9bRDb3vSTg-qkPAZg,Gweilo-60,2019-02-24 00:28:51.203555,10898,0
UChXOhG9bRDb3vSTg-qkPAZg,Gweilo-60,2019-02-24 00:27:51.455201,10898,0
UChXOhG9bRDb3vSTg-qkPAZg,Gweilo-60,2019-02-24 00:26:50.98459,10898,0
UChXOhG9bRDb3vSTg-qkPAZg,Gweilo-60,2019-02-24 00:25:50.882923,10898,0
UChXOhG9bRDb3vSTg-qkPAZg,Gweilo-60,2019-02-24 00:24:50.933239,10898,0
UChXOhG9bRDb3vSTg-qkPAZg,Gweilo-60,2019-02-24 00:23:51.364871,10898,0
UChXOhG9bRDb3vSTg-qkPAZg,Gweilo-60,2019-02-24 00:22:51.013444,10898,0
UChXOhG9bRDb3vSTg-qkPAZg,Gweilo-60,2019-02-24 00:21:51.664873,10898,0
UChXOhG9bRDb3vSTg-qkPAZg,Gweilo-60,2019-02-24 00:20:51.011709,10898,0
UChXOhG9bRDb3vSTg-qkPAZg,Gweilo-60,2019-02-24 00:19:51.297107,10898,0
UChXOhG9bRDb3vSTg-qkPAZg,Gweilo-60,2019-02-24 00:18:51.204217,10898,0
UChXOhG9bRDb3vSTg-qkPAZg,Gweilo-60,2019-02-24 00:17:51.109866,10898,0
UChXOhG9bRDb3vSTg-qkPAZg,Gweilo-60,2019-02-24 00:16:51.456355,10898,0
UChXOhG9bRDb3vSTg-qkPAZg,Gweilo-60,2019-02-24 00:15:50.932912,10898,0
UChXOhG9bRDb3vSTg-qkPAZg,Gweilo-60,2019-02-24 00:14:51.343319,10898,0
UChXOhG9bRDb3vSTg-qkPAZg,Gweilo-60,2019-02-24 00:13:50.962433,10898,0
UChXOhG9bRDb3vSTg-qkPAZg,Gweilo-60,2019-02-24 00:12:50.679379,10898,0
UChXOhG9bRDb3vSTg-qkPAZg,Gweilo-60,2019-02-24 00:11:51.297314,10898,0
UChXOhG9bRDb3vSTg-qkPAZg,Gweilo-60,2019-02-24 00:10:51.346638,10898,0
UChXOhG9bRDb3vSTg-qkPAZg,Gweilo-60,2019-02-24 00:09:51.298517,10898,1
UChXOhG9bRDb3vSTg-qkPAZg,Gweilo-60,2019-02-24 00:08:50.63113,10897,0
UChXOhG9bRDb3vSTg-qkPAZg,Gweilo-60,2019-02-24 00:07:51.229919,10897,0
UChXOhG9bRDb3vSTg-qkPAZg,Gweilo-60,2019-02-24 00:06:50.746408,10897,0
UChXOhG9bRDb3vSTg-qkPAZg,Gweilo-60,2019-02-24 00:05:51.826767,10897,0
UChXOhG9bRDb3vSTg-qkPAZg,Gweilo-60,2019-02-24 00:04:50.794485,10897,0
UChXOhG9bRDb3vSTg-qkPAZg,Gweilo-60,2019-02-24 00:03:51.645611,10897,0
UChXOhG9bRDb3vSTg-qkPAZg,Gweilo-60,2019-02-24 00:02:51.184463,10897,0
UChXOhG9bRDb3vSTg-qkPAZg,Gweilo-60,2019-02-24 00:01:51.054358,10897,0
UChXOhG9bRDb3vSTg-qkPAZg,Gweilo-60,2019-02-24 00:00:51.074527,10897,0
UChXOhG9bRDb3vSTg-qkPAZg,Gweilo-60,2019-02-23 23:59:51.226106,10897,0
UChXOhG9bRDb3vSTg-qkPAZg,Gweilo-60,2019-02-23 23:58:51.013013,10897,0
UChXOhG9bRDb3vSTg-qkPAZg,Gweilo-60,2019-02-23 23:57:51.386946,10897,0
UChXOhG9bRDb3vSTg-qkPAZg,Gweilo-60,2019-02-23 23:56:51.436693,10897,0
UChXOhG9bRDb3vSTg-qkPAZg,Gweilo-60,2019-02-23 23:55:51.705048,10897,0
UChXOhG9bRDb3vSTg-qkPAZg,Gweilo-60,2019-02-23 23:54:51.456547,10897,0
UChXOhG9bRDb3vSTg-qkPAZg,Gweilo-60,2019-02-23 23:53:51.573271,10897,0
UChXOhG9bRDb3vSTg-qkPAZg,Gweilo-60,2019-02-23 23:52:51.363868,10897,0
UChXOhG9bRDb3vSTg-qkPAZg,Gweilo-60,2019-02-23 23:51:51.647828,10897,0
UChXOhG9bRDb3vSTg-qkPAZg,Gweilo-60,2019-02-23 23:50:51.256683,10897,0
UChXOhG9bRDb3vSTg-qkPAZg,Gweilo-60,2019-02-23 23:49:51.793734,10897,0
UChXOhG9bRDb3vSTg-qkPAZg,Gweilo-60,2019-02-23 23:48:51.41062,10897,0
UChXOhG9bRDb3vSTg-qkPAZg,Gweilo-60,2019-02-23 23:47:51.381444,10897,0
UChXOhG9bRDb3vSTg-qkPAZg,Gweilo-60,2019-02-23 23:46:51.113638,10897,0
UChXOhG9bRDb3vSTg-qkPAZg,Gweilo-60,2019-02-23 23:45:51.433646,10897,0
UChXOhG9bRDb3vSTg-qkPAZg,Gweilo-60,2019-02-23 23:44:51.04817,10897,0
UChXOhG9bRDb3vSTg-qkPAZg,Gweilo-60,2019-02-23 23:43:51.357221,10897,0
UChXOhG9bRDb3vSTg-qkPAZg,Gweilo-60,2019-02-23 23:42:51.187881,10897,0
UChXOhG9bRDb3vSTg-qkPAZg,Gweilo-60,2019-02-23 23:41:51.273662,10897,0
UChXOhG9bRDb3vSTg-qkPAZg,Gweilo-60,2019-02-23 23:40:51.141437,10897,0
UChXOhG9bRDb3vSTg-qkPAZg,Gweilo-60,2019-02-23 23:39:50.829767,10897,0
UChXOhG9bRDb3vSTg-qkPAZg,Gweilo-60,2019-02-23 23:38:51.382468,10897,0
UChXOhG9bRDb3vSTg-qkPAZg,Gweilo-60,2019-02-23 23:37:51.481998,10897,0
UChXOhG9bRDb3vSTg-qkPAZg,Gweilo-60,2019-02-23 23:36:51.113754,10897,0
UChXOhG9bRDb3vSTg-qkPAZg,Gweilo-60,2019-02-23 23:35:51.871699,10897,0
UChXOhG9bRDb3vSTg-qkPAZg,Gweilo-60,2019-02-23 23:34:52.175798,10897,0
UChXOhG9bRDb3vSTg-qkPAZg,Gweilo-60,2019-02-23 23:33:51.626772,10897,0
UChXOhG9bRDb3vSTg-qkPAZg,Gweilo-60,2019-02-23 23:32:51.066953,10897,0
UChXOhG9bRDb3vSTg-qkPAZg,Gweilo-60,2019-02-23 23:31:51.146691,10897,0
UChXOhG9bRDb3vSTg-qkPAZg,Gweilo-60,2019-02-23 23:30:51.528515,10897,0
UChXOhG9bRDb3vSTg-qkPAZg,Gweilo-60,2019-02-23 23:29:50.968225,10897,0
UChXOhG9bRDb3vSTg-qkPAZg,Gweilo-60,2019-02-23 23:28:51.257901,10897,0
UChXOhG9bRDb3vSTg-qkPAZg,Gweilo-60,2019-02-23 23:27:51.525319,10897,0
UChXOhG9bRDb3vSTg-qkPAZg,Gweilo-60,2019-02-23 23:26:51.208231,10897,0
UChXOhG9bRDb3vSTg-qkPAZg,Gweilo-60,2019-02-23 23:25:50.811372,10897,0
UChXOhG9bRDb3vSTg-qkPAZg,Gweilo-60,2019-02-23 23:24:51.527647,10897,0
UChXOhG9bRDb3vSTg-qkPAZg,Gweilo-60,2019-02-23 23:23:51.416485,10897,0
UChXOhG9bRDb3vSTg-qkPAZg,Gweilo-60,2019-02-23 23:22:51.334213,10897,0
UChXOhG9bRDb3vSTg-qkPAZg,Gweilo-60,2019-02-23 23:21:51.494222,10897,0
UChXOhG9bRDb3vSTg-qkPAZg,Gweilo-60,2019-02-23 23:20:51.63492,10897,0
UChXOhG9bRDb3vSTg-qkPAZg,Gweilo-60,2019-02-23 23:19:51.479387,10897,0
UChXOhG9bRDb3vSTg-qkPAZg,Gweilo-60,2019-02-23 23:18:51.205142,10897,0
UChXOhG9bRDb3vSTg-qkPAZg,Gweilo-60,2019-02-23 23:17:51.224497,10897,0
UChXOhG9bRDb3vSTg-qkPAZg,Gweilo-60,2019-02-23 23:16:51.571975,10897,0
UChXOhG9bRDb3vSTg-qkPAZg,Gweilo-60,2019-02-23 23:15:51.543024,10897,0
UChXOhG9bRDb3vSTg-qkPAZg,Gweilo-60,2019-02-23 23:14:51.8653,10897,0
UChXOhG9bRDb3vSTg-qkPAZg,Gweilo-60,2019-02-23 23:13:50.773315,10897,0
UChXOhG9bRDb3vSTg-qkPAZg,Gweilo-60,2019-02-23 23:12:50.986323,10897,0
UChXOhG9bRDb3vSTg-qkPAZg,Gweilo-60,2019-02-23 23:11:52.056546,10897,0
UChXOhG9bRDb3vSTg-qkPAZg,Gweilo-60,2019-02-23 23:10:51.426012,10897,0
UChXOhG9bRDb3vSTg-qkPAZg,Gweilo-60,2019-02-23 23:09:51.571377,10897,0
UChXOhG9bRDb3vSTg-qkPAZg,Gweilo-60,2019-02-23 23:08:52.054088,10897,0
UChXOhG9bRDb3vSTg-qkPAZg,Gweilo-60,2019-02-23 23:07:51.141031,10897,0
UChXOhG9bRDb3vSTg-qkPAZg,Gweilo-60,2019-02-23 23:06:51.617391,10897,0
UChXOhG9bRDb3vSTg-qkPAZg,Gweilo-60,2019-02-23 23:05:51.732569,10897,0
UChXOhG9bRDb3vSTg-qkPAZg,Gweilo-60,2019-02-23 23:04:51.555215,10897,0
UChXOhG9bRDb3vSTg-qkPAZg,Gweilo-60,2019-02-23 23:03:51.69308,10897,0
UChXOhG9bRDb3vSTg-qkPAZg,Gweilo-60,2019-02-23 23:02:51.409502,10897,0
UChXOhG9bRDb3vSTg-qkPAZg,Gweilo-60,2019-02-23 23:01:51.063152,10897,0
UChXOhG9bRDb3vSTg-qkPAZg,Gweilo-60,2019-02-23 23:00:51.426596,10897,0
UChXOhG9bRDb3vSTg-qkPAZg,Gweilo-60,2019-02-23 22:59:51.880781,10897,0
UChXOhG9bRDb3vSTg-qkPAZg,Gweilo-60,2019-02-23 22:58:50.888538,10897,0
UChXOhG9bRDb3vSTg-qkPAZg,Gweilo-60,2019-02-23 22:57:51.42518,10897,0
UChXOhG9bRDb3vSTg-qkPAZg,Gweilo-60,2019-02-23 22:56:51.649862,10897,0
UChXOhG9bRDb3vSTg-qkPAZg,Gweilo-60,2019-02-23 22:55:51.010957,10897,0
UChXOhG9bRDb3vSTg-qkPAZg,Gweilo-60,2019-02-23 22:54:51.409995,10897,0
UChXOhG9bRDb3vSTg-qkPAZg,Gweilo-60,2019-02-23 22:53:51.498815,10897,0
UChXOhG9bRDb3vSTg-qkPAZg,Gweilo-60,2019-02-23 22:52:52.124247,10897,0
UChXOhG9bRDb3vSTg-qkPAZg,Gweilo-60,2019-02-23 22:51:51.296324,10897,0
UChXOhG9bRDb3vSTg-qkPAZg,Gweilo-60,2019-02-23 22:50:51.260153,10897,0
UChXOhG9bRDb3vSTg-qkPAZg,Gweilo-60,2019-02-23 22:49:51.349312,10897,0
UChXOhG9bRDb3vSTg-qkPAZg,Gweilo-60,2019-02-23 22:48:51.612598,10897,0
UChXOhG9bRDb3vSTg-qkPAZg,Gweilo-60,2019-02-23 22:47:51.953845,10897,0
UChXOhG9bRDb3vSTg-qkPAZg,Gweilo-60,2019-02-23 22:46:51.750516,10897,0
UChXOhG9bRDb3vSTg-qkPAZg,Gweilo-60,2019-02-23 22:45:51.700172,10897,0
UChXOhG9bRDb3vSTg-qkPAZg,Gweilo-60,2019-02-23 22:44:51.235697,10897,0
UChXOhG9bRDb3vSTg-qkPAZg,Gweilo-60,2019-02-23 22:43:51.542894,10897,0
UChXOhG9bRDb3vSTg-qkPAZg,Gweilo-60,2019-02-23 22:42:51.5132,10897,0
UChXOhG9bRDb3vSTg-qkPAZg,Gweilo-60,2019-02-23 22:41:51.383434,10897,0
UChXOhG9bRDb3vSTg-qkPAZg,Gweilo-60,2019-02-23 22:40:51.260565,10897,0
UChXOhG9bRDb3vSTg-qkPAZg,Gweilo-60,2019-02-23 22:39:51.306627,10897,0
UChXOhG9bRDb3vSTg-qkPAZg,Gweilo-60,2019-02-23 22:38:51.556633,10897,0
UChXOhG9bRDb3vSTg-qkPAZg,Gweilo-60,2019-02-23 22:37:51.329665,10897,0
UChXOhG9bRDb3vSTg-qkPAZg,Gweilo-60,2019-02-23 22:36:51.194801,10897,0
UChXOhG9bRDb3vSTg-qkPAZg,Gweilo-60,2019-02-23 22:35:51.964732,10897,0
UChXOhG9bRDb3vSTg-qkPAZg,Gweilo-60,2019-02-23 22:34:51.798155,10897,0
UChXOhG9bRDb3vSTg-qkPAZg,Gweilo-60,2019-02-23 22:33:51.535622,10897,0
UChXOhG9bRDb3vSTg-qkPAZg,Gweilo-60,2019-02-23 22:32:53.08109,10897,0
UChXOhG9bRDb3vSTg-qkPAZg,Gweilo-60,2019-02-23 22:31:52.281425,10897,0
UChXOhG9bRDb3vSTg-qkPAZg,Gweilo-60,2019-02-23 22:30:52.036562,10897,0
UChXOhG9bRDb3vSTg-qkPAZg,Gweilo-60,2019-02-23 22:29:51.890736,10897,0
UChXOhG9bRDb3vSTg-qkPAZg,Gweilo-60,2019-02-23 22:28:51.356591,10897,0
UChXOhG9bRDb3vSTg-qkPAZg,Gweilo-60,2019-02-23 22:27:51.521419,10897,0
UChXOhG9bRDb3vSTg-qkPAZg,Gweilo-60,2019-02-23 22:26:51.227436,10897,0
UChXOhG9bRDb3vSTg-qkPAZg,Gweilo-60,2019-02-23 22:25:51.419669,10897,0
UChXOhG9bRDb3vSTg-qkPAZg,Gweilo-60,2019-02-23 22:24:51.433354,10897,0
UChXOhG9bRDb3vSTg-qkPAZg,Gweilo-60,2019-02-23 22:23:51.529001,10897,0
UChXOhG9bRDb3vSTg-qkPAZg,Gweilo-60,2019-02-23 22:22:51.710213,10897,0
UChXOhG9bRDb3vSTg-qkPAZg,Gweilo-60,2019-02-23 22:21:51.826054,10897,0
UChXOhG9bRDb3vSTg-qkPAZg,Gweilo-60,2019-02-23 22:20:51.661221,10897,0
UChXOhG9bRDb3vSTg-qkPAZg,Gweilo-60,2019-02-23 22:19:51.288711,10897,0
UChXOhG9bRDb3vSTg-qkPAZg,Gweilo-60,2019-02-23 22:18:51.17702,10897,0
UChXOhG9bRDb3vSTg-qkPAZg,Gweilo-60,2019-02-23 22:17:50.937124,10897,0
UChXOhG9bRDb3vSTg-qkPAZg,Gweilo-60,2019-02-23 22:16:51.405861,10897,0
UChXOhG9bRDb3vSTg-qkPAZg,Gweilo-60,2019-02-23 22:15:51.977081,10897,0
UChXOhG9bRDb3vSTg-qkPAZg,Gweilo-60,2019-02-23 22:14:51.33489,10897,0
UChXOhG9bRDb3vSTg-qkPAZg,Gweilo-60,2019-02-23 22:13:51.628278,10897,0
UChXOhG9bRDb3vSTg-qkPAZg,Gweilo-60,2019-02-23 22:12:51.709955,10897,0
UChXOhG9bRDb3vSTg-qkPAZg,Gweilo-60,2019-02-23 22:11:51.16432,10897,0
UChXOhG9bRDb3vSTg-qkPAZg,Gweilo-60,2019-02-23 22:10:51.548256,10897,0
UChXOhG9bRDb3vSTg-qkPAZg,Gweilo-60,2019-02-23 22:09:51.478372,10897,0
UChXOhG9bRDb3vSTg-qkPAZg,Gweilo-60,2019-02-23 22:08:51.677986,10897,0
UChXOhG9bRDb3vSTg-qkPAZg,Gweilo-60,2019-02-23 22:07:51.454157,10897,0
UChXOhG9bRDb3vSTg-qkPAZg,Gweilo-60,2019-02-23 22:06:51.714392,10897,0
UChXOhG9bRDb3vSTg-qkPAZg,Gweilo-60,2019-02-23 22:05:51.356391,10897,0
UChXOhG9bRDb3vSTg-qkPAZg,Gweilo-60,2019-02-23 22:04:51.720972,10897,0
UChXOhG9bRDb3vSTg-qkPAZg,Gweilo-60,2019-02-23 22:03:51.320847,10897,0
UChXOhG9bRDb3vSTg-qkPAZg,Gweilo-60,2019-02-23 22:02:51.64551,10897,0
UChXOhG9bRDb3vSTg-qkPAZg,Gweilo-60,2019-02-23 22:01:51.590092,10897,0
UChXOhG9bRDb3vSTg-qkPAZg,Gweilo-60,2019-02-23 22:00:51.441306,10897,0
UChXOhG9bRDb3vSTg-qkPAZg,Gweilo-60,2019-02-23 21:59:51.788868,10897,0
UChXOhG9bRDb3vSTg-qkPAZg,Gweilo-60,2019-02-23 21:58:51.664351,10897,0
UChXOhG9bRDb3vSTg-qkPAZg,Gweilo-60,2019-02-23 21:57:51.581817,10897,0
UChXOhG9bRDb3vSTg-qkPAZg,Gweilo-60,2019-02-23 21:56:52.000924,10897,0
UChXOhG9bRDb3vSTg-qkPAZg,Gweilo-60,2019-02-23 21:55:51.803549,10897,0
UChXOhG9bRDb3vSTg-qkPAZg,Gweilo-60,2019-02-23 21:54:51.563908,10897,0
UChXOhG9bRDb3vSTg-qkPAZg,Gweilo-60,2019-02-23 21:53:51.365662,10897,0
UChXOhG9bRDb3vSTg-qkPAZg,Gweilo-60,2019-02-23 21:52:51.845862,10897,0
UChXOhG9bRDb3vSTg-qkPAZg,Gweilo-60,2019-02-23 21:51:51.489076,10897,0
UChXOhG9bRDb3vSTg-qkPAZg,Gweilo-60,2019-02-23 21:50:51.543848,10897,0
UChXOhG9bRDb3vSTg-qkPAZg,Gweilo-60,2019-02-23 21:49:52.04096,10897,0
UChXOhG9bRDb3vSTg-qkPAZg,Gweilo-60,2019-02-23 21:48:51.905667,10897,0
UChXOhG9bRDb3vSTg-qkPAZg,Gweilo-60,2019-02-23 21:47:51.42863,10897,0
UChXOhG9bRDb3vSTg-qkPAZg,Gweilo-60,2019-02-23 21:46:51.787427,10897,0
UChXOhG9bRDb3vSTg-qkPAZg,Gweilo-60,2019-02-23 21:45:51.331738,10897,0
UChXOhG9bRDb3vSTg-qkPAZg,Gweilo-60,2019-02-23 21:44:51.759798,10897,0
UChXOhG9bRDb3vSTg-qkPAZg,Gweilo-60,2019-02-23 21:43:51.413139,10897,0
UChXOhG9bRDb3vSTg-qkPAZg,Gweilo-60,2019-02-23 21:42:51.071373,10897,0
UChXOhG9bRDb3vSTg-qkPAZg,Gweilo-60,2019-02-23 21:41:51.420341,10897,0
UChXOhG9bRDb3vSTg-qkPAZg,Gweilo-60,2019-02-23 21:40:51.012893,10897,0
UChXOhG9bRDb3vSTg-qkPAZg,Gweilo-60,2019-02-23 21:39:51.602901,10897,0
UChXOhG9bRDb3vSTg-qkPAZg,Gweilo-60,2019-02-23 21:38:51.564011,10897,0
UChXOhG9bRDb3vSTg-qkPAZg,Gweilo-60,2019-02-23 21:37:51.078575,10897,0
UChXOhG9bRDb3vSTg-qkPAZg,Gweilo-60,2019-02-23 21:36:51.609578,10897,0
UChXOhG9bRDb3vSTg-qkPAZg,Gweilo-60,2019-02-23 21:35:51.518527,10897,0
UChXOhG9bRDb3vSTg-qkPAZg,Gweilo-60,2019-02-23 21:34:51.827598,10897,0
UChXOhG9bRDb3vSTg-qkPAZg,Gweilo-60,2019-02-23 21:33:51.836508,10897,0
UChXOhG9bRDb3vSTg-qkPAZg,Gweilo-60,2019-02-23 21:32:51.220418,10897,0
UChXOhG9bRDb3vSTg-qkPAZg,Gweilo-60,2019-02-23 21:31:51.411685,10897,0
UChXOhG9bRDb3vSTg-qkPAZg,Gweilo-60,2019-02-23 21:30:51.858904,10897,0
UChXOhG9bRDb3vSTg-qkPAZg,Gweilo-60,2019-02-23 21:29:51.187543,10897,1
UChXOhG9bRDb3vSTg-qkPAZg,Gweilo-60,2019-02-23 21:28:51.347554,10896,0
UChXOhG9bRDb3vSTg-qkPAZg,Gweilo-60,2019-02-23 21:27:51.248277,10896,0
UChXOhG9bRDb3vSTg-qkPAZg,Gweilo-60,2019-02-23 21:26:50.957173,10896,0
UChXOhG9bRDb3vSTg-qkPAZg,Gweilo-60,2019-02-23 21:25:51.193053,10896,0
UChXOhG9bRDb3vSTg-qkPAZg,Gweilo-60,2019-02-23 21:24:51.463755,10896,0
UChXOhG9bRDb3vSTg-qkPAZg,Gweilo-60,2019-02-23 21:23:51.226152,10896,0
UChXOhG9bRDb3vSTg-qkPAZg,Gweilo-60,2019-02-23 21:22:51.126801,10896,0
UChXOhG9bRDb3vSTg-qkPAZg,Gweilo-60,2019-02-23 21:21:51.969606,10896,1
UChXOhG9bRDb3vSTg-qkPAZg,Gweilo-60,2019-02-23 21:20:51.256304,10895,0
UChXOhG9bRDb3vSTg-qkPAZg,Gweilo-60,2019-02-23 21:19:51.527165,10895,0
UChXOhG9bRDb3vSTg-qkPAZg,Gweilo-60,2019-02-23 21:18:51.531425,10895,0
UChXOhG9bRDb3vSTg-qkPAZg,Gweilo-60,2019-02-23 21:17:51.414067,10895,0
UChXOhG9bRDb3vSTg-qkPAZg,Gweilo-60,2019-02-23 21:16:51.786329,10895,0
UChXOhG9bRDb3vSTg-qkPAZg,Gweilo-60,2019-02-23 21:15:51.195794,10895,0
UChXOhG9bRDb3vSTg-qkPAZg,Gweilo-60,2019-02-23 21:14:51.720492,10895,0
UChXOhG9bRDb3vSTg-qkPAZg,Gweilo-60,2019-02-23 21:13:50.959193,10895,0
UChXOhG9bRDb3vSTg-qkPAZg,Gweilo-60,2019-02-23 21:12:51.561677,10895,0
UChXOhG9bRDb3vSTg-qkPAZg,Gweilo-60,2019-02-23 21:11:51.419755,10895,0
UChXOhG9bRDb3vSTg-qkPAZg,Gweilo-60,2019-02-23 21:10:51.539643,10895,0
UChXOhG9bRDb3vSTg-qkPAZg,Gweilo-60,2019-02-23 21:09:51.648272,10895,0
UChXOhG9bRDb3vSTg-qkPAZg,Gweilo-60,2019-02-23 21:08:51.548493,10895,0
UChXOhG9bRDb3vSTg-qkPAZg,Gweilo-60,2019-02-23 21:07:51.041604,10895,0
UChXOhG9bRDb3vSTg-qkPAZg,Gweilo-60,2019-02-23 21:06:50.963763,10895,0
UChXOhG9bRDb3vSTg-qkPAZg,Gweilo-60,2019-02-23 21:05:51.397506,10895,0
UChXOhG9bRDb3vSTg-qkPAZg,Gweilo-60,2019-02-23 21:04:51.078085,10895,0
UChXOhG9bRDb3vSTg-qkPAZg,Gweilo-60,2019-02-23 21:03:50.77482,10895,0
UChXOhG9bRDb3vSTg-qkPAZg,Gweilo-60,2019-02-23 21:02:51.5453,10895,0
UChXOhG9bRDb3vSTg-qkPAZg,Gweilo-60,2019-02-23 21:01:51.166978,10895,0
UChXOhG9bRDb3vSTg-qkPAZg,Gweilo-60,2019-02-23 21:00:51.010695,10895,0
UChXOhG9bRDb3vSTg-qkPAZg,Gweilo-60,2019-02-23 20:59:51.191389,10895,0
UChXOhG9bRDb3vSTg-qkPAZg,Gweilo-60,2019-02-23 20:58:51.551628,10895,0
UChXOhG9bRDb3vSTg-qkPAZg,Gweilo-60,2019-02-23 20:57:51.590685,10895,0
UChXOhG9bRDb3vSTg-qkPAZg,Gweilo-60,2019-02-23 20:56:51.200301,10895,0
UChXOhG9bRDb3vSTg-qkPAZg,Gweilo-60,2019-02-23 20:55:51.556705,10895,0
UChXOhG9bRDb3vSTg-qkPAZg,Gweilo-60,2019-02-23 20:54:51.191558,10895,0
UChXOhG9bRDb3vSTg-qkPAZg,Gweilo-60,2019-02-23 20:53:52.773686,10895,0
UChXOhG9bRDb3vSTg-qkPAZg,Gweilo-60,2019-02-23 20:52:51.192977,10895,0
UChXOhG9bRDb3vSTg-qkPAZg,Gweilo-60,2019-02-23 20:51:51.463075,10895,0
UChXOhG9bRDb3vSTg-qkPAZg,Gweilo-60,2019-02-23 20:50:51.54234,10895,0
UChXOhG9bRDb3vSTg-qkPAZg,Gweilo-60,2019-02-23 20:49:51.06076,10895,0
UChXOhG9bRDb3vSTg-qkPAZg,Gweilo-60,2019-02-23 20:48:51.416939,10895,0
UChXOhG9bRDb3vSTg-qkPAZg,Gweilo-60,2019-02-23 20:47:51.709074,10895,0
UChXOhG9bRDb3vSTg-qkPAZg,Gweilo-60,2019-02-23 20:46:51.095798,10895,0
UChXOhG9bRDb3vSTg-qkPAZg,Gweilo-60,2019-02-23 20:45:51.772059,10895,0
UChXOhG9bRDb3vSTg-qkPAZg,Gweilo-60,2019-02-23 20:44:51.159693,10895,0
UChXOhG9bRDb3vSTg-qkPAZg,Gweilo-60,2019-02-23 20:43:51.294271,10895,0
UChXOhG9bRDb3vSTg-qkPAZg,Gweilo-60,2019-02-23 20:42:51.670628,10895,0
UChXOhG9bRDb3vSTg-qkPAZg,Gweilo-60,2019-02-23 20:41:51.144559,10895,0
UChXOhG9bRDb3vSTg-qkPAZg,Gweilo-60,2019-02-23 20:40:50.877631,10895,0
UChXOhG9bRDb3vSTg-qkPAZg,Gweilo-60,2019-02-23 20:39:51.210595,10895,0
UChXOhG9bRDb3vSTg-qkPAZg,Gweilo-60,2019-02-23 20:38:50.800752,10895,0
UChXOhG9bRDb3vSTg-qkPAZg,Gweilo-60,2019-02-23 20:37:50.814041,10895,0
UChXOhG9bRDb3vSTg-qkPAZg,Gweilo-60,2019-02-23 20:36:51.082841,10895,0
UChXOhG9bRDb3vSTg-qkPAZg,Gweilo-60,2019-02-23 20:35:51.496045,10895,0
UChXOhG9bRDb3vSTg-qkPAZg,Gweilo-60,2019-02-23 20:34:51.517066,10895,0
UChXOhG9bRDb3vSTg-qkPAZg,Gweilo-60,2019-02-23 20:33:50.860459,10895,1
UChXOhG9bRDb3vSTg-qkPAZg,Gweilo-60,2019-02-23 20:32:51.307208,10894,0
UChXOhG9bRDb3vSTg-qkPAZg,Gweilo-60,2019-02-23 20:31:51.00828,10894,0
UChXOhG9bRDb3vSTg-qkPAZg,Gweilo-60,2019-02-23 20:30:51.15437,10894,0
UChXOhG9bRDb3vSTg-qkPAZg,Gweilo-60,2019-02-23 20:29:50.977366,10894,0
UChXOhG9bRDb3vSTg-qkPAZg,Gweilo-60,2019-02-23 20:28:51.410088,10894,0
UChXOhG9bRDb3vSTg-qkPAZg,Gweilo-60,2019-02-23 20:27:50.887455,10894,0
UChXOhG9bRDb3vSTg-qkPAZg,Gweilo-60,2019-02-23 20:26:51.265661,10894,0
UChXOhG9bRDb3vSTg-qkPAZg,Gweilo-60,2019-02-23 20:25:50.928754,10894,0
UChXOhG9bRDb3vSTg-qkPAZg,Gweilo-60,2019-02-23 20:24:51.081113,10894,0
UChXOhG9bRDb3vSTg-qkPAZg,Gweilo-60,2019-02-23 20:23:50.825148,10894,0
UChXOhG9bRDb3vSTg-qkPAZg,Gweilo-60,2019-02-23 20:22:51.368092,10894,0
UChXOhG9bRDb3vSTg-qkPAZg,Gweilo-60,2019-02-23 20:21:51.282144,10894,0
UChXOhG9bRDb3vSTg-qkPAZg,Gweilo-60,2019-02-23 20:20:51.515468,10894,-1
UChXOhG9bRDb3vSTg-qkPAZg,Gweilo-60,2019-02-23 20:19:51.044135,10895,0
UChXOhG9bRDb3vSTg-qkPAZg,Gweilo-60,2019-02-23 20:18:51.820797,10895,0
UChXOhG9bRDb3vSTg-qkPAZg,Gweilo-60,2019-02-23 20:17:51.269979,10895,0
UChXOhG9bRDb3vSTg-qkPAZg,Gweilo-60,2019-02-23 20:16:51.44296,10895,0
UChXOhG9bRDb3vSTg-qkPAZg,Gweilo-60,2019-02-23 20:15:51.562865,10895,1
UChXOhG9bRDb3vSTg-qkPAZg,Gweilo-60,2019-02-23 20:14:51.492985,10894,0
UChXOhG9bRDb3vSTg-qkPAZg,Gweilo-60,2019-02-23 20:13:51.795652,10894,0
UChXOhG9bRDb3vSTg-qkPAZg,Gweilo-60,2019-02-23 20:12:51.669671,10894,0
UChXOhG9bRDb3vSTg-qkPAZg,Gweilo-60,2019-02-23 20:11:51.913244,10894,0
UChXOhG9bRDb3vSTg-qkPAZg,Gweilo-60,2019-02-23 20:10:51.363383,10894,0
UChXOhG9bRDb3vSTg-qkPAZg,Gweilo-60,2019-02-23 20:09:51.536694,10894,0
UChXOhG9bRDb3vSTg-qkPAZg,Gweilo-60,2019-02-23 20:08:51.334302,10894,0
UChXOhG9bRDb3vSTg-qkPAZg,Gweilo-60,2019-02-23 20:07:51.787659,10894,0
UChXOhG9bRDb3vSTg-qkPAZg,Gweilo-60,2019-02-23 20:06:51.400783,10894,0
UChXOhG9bRDb3vSTg-qkPAZg,Gweilo-60,2019-02-23 20:05:51.249877,10894,0
UChXOhG9bRDb3vSTg-qkPAZg,Gweilo-60,2019-02-23 20:04:52.001184,10894,0
UChXOhG9bRDb3vSTg-qkPAZg,Gweilo-60,2019-02-23 20:03:50.95602,10894,0
UChXOhG9bRDb3vSTg-qkPAZg,Gweilo-60,2019-02-23 20:02:52.72863,10894,-1
UChXOhG9bRDb3vSTg-qkPAZg,Gweilo-60,2019-02-23 20:01:51.318063,10895,0
UChXOhG9bRDb3vSTg-qkPAZg,Gweilo-60,2019-02-23 20:00:51.436567,10895,0
UChXOhG9bRDb3vSTg-qkPAZg,Gweilo-60,2019-02-23 19:59:51.856297,10895,0
UChXOhG9bRDb3vSTg-qkPAZg,Gweilo-60,2019-02-23 19:58:51.448928,10895,0
UChXOhG9bRDb3vSTg-qkPAZg,Gweilo-60,2019-02-23 19:57:51.381067,10895,0
UChXOhG9bRDb3vSTg-qkPAZg,Gweilo-60,2019-02-23 19:56:51.82938,10895,0
UChXOhG9bRDb3vSTg-qkPAZg,Gweilo-60,2019-02-23 19:55:51.129748,10895,0
UChXOhG9bRDb3vSTg-qkPAZg,Gweilo-60,2019-02-23 19:54:51.464955,10895,0
UChXOhG9bRDb3vSTg-qkPAZg,Gweilo-60,2019-02-23 19:53:51.267287,10895,0
UChXOhG9bRDb3vSTg-qkPAZg,Gweilo-60,2019-02-23 19:52:51.147121,10895,1
UChXOhG9bRDb3vSTg-qkPAZg,Gweilo-60,2019-02-23 19:51:51.291913,10894,0
UChXOhG9bRDb3vSTg-qkPAZg,Gweilo-60,2019-02-23 19:50:51.055168,10894,0
UChXOhG9bRDb3vSTg-qkPAZg,Gweilo-60,2019-02-23 19:49:51.183254,10894,0
UChXOhG9bRDb3vSTg-qkPAZg,Gweilo-60,2019-02-23 19:48:50.960271,10894,0
UChXOhG9bRDb3vSTg-qkPAZg,Gweilo-60,2019-02-23 19:47:51.382121,10894,0
UChXOhG9bRDb3vSTg-qkPAZg,Gweilo-60,2019-02-23 19:46:51.032633,10894,0
UChXOhG9bRDb3vSTg-qkPAZg,Gweilo-60,2019-02-23 19:45:51.164015,10894,0
UChXOhG9bRDb3vSTg-qkPAZg,Gweilo-60,2019-02-23 19:44:51.229687,10894,0
UChXOhG9bRDb3vSTg-qkPAZg,Gweilo-60,2019-02-23 19:43:51.679332,10894,0
UChXOhG9bRDb3vSTg-qkPAZg,Gweilo-60,2019-02-23 19:42:51.595467,10894,0
UChXOhG9bRDb3vSTg-qkPAZg,Gweilo-60,2019-02-23 19:41:51.571313,10894,0
UChXOhG9bRDb3vSTg-qkPAZg,Gweilo-60,2019-02-23 19:40:52.221297,10894,0
UChXOhG9bRDb3vSTg-qkPAZg,Gweilo-60,2019-02-23 19:39:51.368466,10894,0
UChXOhG9bRDb3vSTg-qkPAZg,Gweilo-60,2019-02-23 19:38:51.66453,10894,0
UChXOhG9bRDb3vSTg-qkPAZg,Gweilo-60,2019-02-23 19:37:51.489572,10894,0
UChXOhG9bRDb3vSTg-qkPAZg,Gweilo-60,2019-02-23 19:36:51.318685,10894,0
UChXOhG9bRDb3vSTg-qkPAZg,Gweilo-60,2019-02-23 19:35:52.047205,10894,0
UChXOhG9bRDb3vSTg-qkPAZg,Gweilo-60,2019-02-23 19:34:51.186055,10894,0
UChXOhG9bRDb3vSTg-qkPAZg,Gweilo-60,2019-02-23 19:33:51.263981,10894,0
UChXOhG9bRDb3vSTg-qkPAZg,Gweilo-60,2019-02-23 19:32:51.214664,10894,0
UChXOhG9bRDb3vSTg-qkPAZg,Gweilo-60,2019-02-23 19:31:50.757101,10894,0
UChXOhG9bRDb3vSTg-qkPAZg,Gweilo-60,2019-02-23 19:30:52.045501,10894,0
UChXOhG9bRDb3vSTg-qkPAZg,Gweilo-60,2019-02-23 19:29:51.381184,10894,0
UChXOhG9bRDb3vSTg-qkPAZg,Gweilo-60,2019-02-23 19:28:51.416912,10894,0
UChXOhG9bRDb3vSTg-qkPAZg,Gweilo-60,2019-02-23 19:27:51.084197,10894,0
UChXOhG9bRDb3vSTg-qkPAZg,Gweilo-60,2019-02-23 19:26:51.07386,10894,0
UChXOhG9bRDb3vSTg-qkPAZg,Gweilo-60,2019-02-23 19:25:51.603635,10894,0
UChXOhG9bRDb3vSTg-qkPAZg,Gweilo-60,2019-02-23 19:24:50.950573,10894,0
UChXOhG9bRDb3vSTg-qkPAZg,Gweilo-60,2019-02-23 19:23:51.103471,10894,0
UChXOhG9bRDb3vSTg-qkPAZg,Gweilo-60,2019-02-23 19:22:51.52258,10894,0
UChXOhG9bRDb3vSTg-qkPAZg,Gweilo-60,2019-02-23 19:21:51.417336,10894,0
UChXOhG9bRDb3vSTg-qkPAZg,Gweilo-60,2019-02-23 19:20:50.997865,10894,0
UChXOhG9bRDb3vSTg-qkPAZg,Gweilo-60,2019-02-23 19:19:51.411977,10894,0
UChXOhG9bRDb3vSTg-qkPAZg,Gweilo-60,2019-02-23 19:18:51.374508,10894,0
UChXOhG9bRDb3vSTg-qkPAZg,Gweilo-60,2019-02-23 19:17:51.214221,10894,0
UChXOhG9bRDb3vSTg-qkPAZg,Gweilo-60,2019-02-23 19:16:51.075632,10894,0
UChXOhG9bRDb3vSTg-qkPAZg,Gweilo-60,2019-02-23 19:15:50.958227,10894,0
UChXOhG9bRDb3vSTg-qkPAZg,Gweilo-60,2019-02-23 19:14:51.451359,10894,0
UChXOhG9bRDb3vSTg-qkPAZg,Gweilo-60,2019-02-23 19:13:51.591945,10894,0
UChXOhG9bRDb3vSTg-qkPAZg,Gweilo-60,2019-02-23 19:12:52.004455,10894,0
UChXOhG9bRDb3vSTg-qkPAZg,Gweilo-60,2019-02-23 19:11:51.254916,10894,0
UChXOhG9bRDb3vSTg-qkPAZg,Gweilo-60,2019-02-23 19:10:51.84205,10894,0
UChXOhG9bRDb3vSTg-qkPAZg,Gweilo-60,2019-02-23 19:09:50.952959,10894,0
UChXOhG9bRDb3vSTg-qkPAZg,Gweilo-60,2019-02-23 19:08:51.179966,10894,0
UChXOhG9bRDb3vSTg-qkPAZg,Gweilo-60,2019-02-23 19:07:51.420476,10894,0
UChXOhG9bRDb3vSTg-qkPAZg,Gweilo-60,2019-02-23 19:06:51.594717,10894,0
UChXOhG9bRDb3vSTg-qkPAZg,Gweilo-60,2019-02-23 19:05:51.234389,10894,0
UChXOhG9bRDb3vSTg-qkPAZg,Gweilo-60,2019-02-23 19:04:51.534816,10894,0
UChXOhG9bRDb3vSTg-qkPAZg,Gweilo-60,2019-02-23 19:03:51.007287,10894,0
UChXOhG9bRDb3vSTg-qkPAZg,Gweilo-60,2019-02-23 19:02:51.624447,10894,0
UChXOhG9bRDb3vSTg-qkPAZg,Gweilo-60,2019-02-23 19:01:51.791229,10894,0
UChXOhG9bRDb3vSTg-qkPAZg,Gweilo-60,2019-02-23 19:00:51.114095,10894,0
UChXOhG9bRDb3vSTg-qkPAZg,Gweilo-60,2019-02-23 18:59:51.118013,10894,0
UChXOhG9bRDb3vSTg-qkPAZg,Gweilo-60,2019-02-23 18:58:51.421611,10894,0
UChXOhG9bRDb3vSTg-qkPAZg,Gweilo-60,2019-02-23 18:57:51.093045,10894,0
UChXOhG9bRDb3vSTg-qkPAZg,Gweilo-60,2019-02-23 18:56:51.620484,10894,0
UChXOhG9bRDb3vSTg-qkPAZg,Gweilo-60,2019-02-23 18:55:51.193841,10894,0
UChXOhG9bRDb3vSTg-qkPAZg,Gweilo-60,2019-02-23 18:54:51.404658,10894,0
UChXOhG9bRDb3vSTg-qkPAZg,Gweilo-60,2019-02-23 18:53:51.431123,10894,0
UChXOhG9bRDb3vSTg-qkPAZg,Gweilo-60,2019-02-23 18:52:50.768548,10894,0
UChXOhG9bRDb3vSTg-qkPAZg,Gweilo-60,2019-02-23 18:51:50.848263,10894,0
UChXOhG9bRDb3vSTg-qkPAZg,Gweilo-60,2019-02-23 18:50:51.236345,10894,0
UChXOhG9bRDb3vSTg-qkPAZg,Gweilo-60,2019-02-23 18:49:51.104119,10894,0
UChXOhG9bRDb3vSTg-qkPAZg,Gweilo-60,2019-02-23 18:48:51.110179,10894,0
UChXOhG9bRDb3vSTg-qkPAZg,Gweilo-60,2019-02-23 18:47:50.939721,10894,0
UChXOhG9bRDb3vSTg-qkPAZg,Gweilo-60,2019-02-23 18:46:51.907703,10894,0
UChXOhG9bRDb3vSTg-qkPAZg,Gweilo-60,2019-02-23 18:45:51.139684,10894,1
UChXOhG9bRDb3vSTg-qkPAZg,Gweilo-60,2019-02-23 18:44:50.846783,10893,0
UChXOhG9bRDb3vSTg-qkPAZg,Gweilo-60,2019-02-23 18:43:51.409232,10893,0
UChXOhG9bRDb3vSTg-qkPAZg,Gweilo-60,2019-02-23 18:42:51.671082,10893,0
UChXOhG9bRDb3vSTg-qkPAZg,Gweilo-60,2019-02-23 18:41:51.5787,10893,0
UChXOhG9bRDb3vSTg-qkPAZg,Gweilo-60,2019-02-23 18:40:52.011998,10893,0
UChXOhG9bRDb3vSTg-qkPAZg,Gweilo-60,2019-02-23 18:39:51.407807,10893,0
UChXOhG9bRDb3vSTg-qkPAZg,Gweilo-60,2019-02-23 18:38:51.003457,10893,0
UChXOhG9bRDb3vSTg-qkPAZg,Gweilo-60,2019-02-23 18:37:51.257826,10893,0
UChXOhG9bRDb3vSTg-qkPAZg,Gweilo-60,2019-02-23 18:36:50.853128,10893,0
UChXOhG9bRDb3vSTg-qkPAZg,Gweilo-60,2019-02-23 18:35:51.4377,10893,0
UChXOhG9bRDb3vSTg-qkPAZg,Gweilo-60,2019-02-23 18:34:51.5124,10893,0
UChXOhG9bRDb3vSTg-qkPAZg,Gweilo-60,2019-02-23 18:33:51.478056,10893,0
UChXOhG9bRDb3vSTg-qkPAZg,Gweilo-60,2019-02-23 18:32:51.377364,10893,0
UChXOhG9bRDb3vSTg-qkPAZg,Gweilo-60,2019-02-23 18:31:51.436786,10893,0
UChXOhG9bRDb3vSTg-qkPAZg,Gweilo-60,2019-02-23 18:30:51.178853,10893,0
UChXOhG9bRDb3vSTg-qkPAZg,Gweilo-60,2019-02-23 18:29:50.985224,10893,0
UChXOhG9bRDb3vSTg-qkPAZg,Gweilo-60,2019-02-23 18:28:51.525834,10893,0
UChXOhG9bRDb3vSTg-qkPAZg,Gweilo-60,2019-02-23 18:27:51.109394,10893,0
UChXOhG9bRDb3vSTg-qkPAZg,Gweilo-60,2019-02-23 18:26:50.879339,10893,0
UChXOhG9bRDb3vSTg-qkPAZg,Gweilo-60,2019-02-23 18:25:51.200231,10893,0
UChXOhG9bRDb3vSTg-qkPAZg,Gweilo-60,2019-02-23 18:24:51.768396,10893,0
UChXOhG9bRDb3vSTg-qkPAZg,Gweilo-60,2019-02-23 18:23:51.978931,10893,0
UChXOhG9bRDb3vSTg-qkPAZg,Gweilo-60,2019-02-23 18:22:51.727654,10893,0
UChXOhG9bRDb3vSTg-qkPAZg,Gweilo-60,2019-02-23 18:21:51.511316,10893,0
UChXOhG9bRDb3vSTg-qkPAZg,Gweilo-60,2019-02-23 18:20:51.37968,10893,0
UChXOhG9bRDb3vSTg-qkPAZg,Gweilo-60,2019-02-23 18:19:51.315419,10893,0
UChXOhG9bRDb3vSTg-qkPAZg,Gweilo-60,2019-02-23 18:18:51.432245,10893,0
UChXOhG9bRDb3vSTg-qkPAZg,Gweilo-60,2019-02-23 18:17:51.244203,10893,0
UChXOhG9bRDb3vSTg-qkPAZg,Gweilo-60,2019-02-23 18:16:52.338346,10893,0
UChXOhG9bRDb3vSTg-qkPAZg,Gweilo-60,2019-02-23 18:15:51.260989,10893,0
UChXOhG9bRDb3vSTg-qkPAZg,Gweilo-60,2019-02-23 18:14:51.572574,10893,0
UChXOhG9bRDb3vSTg-qkPAZg,Gweilo-60,2019-02-23 18:13:51.940973,10893,0
UChXOhG9bRDb3vSTg-qkPAZg,Gweilo-60,2019-02-23 18:12:50.664136,10893,0
UChXOhG9bRDb3vSTg-qkPAZg,Gweilo-60,2019-02-23 18:11:51.271091,10893,0
UChXOhG9bRDb3vSTg-qkPAZg,Gweilo-60,2019-02-23 18:10:50.869051,10893,0
UChXOhG9bRDb3vSTg-qkPAZg,Gweilo-60,2019-02-23 18:09:51.150597,10893,0
UChXOhG9bRDb3vSTg-qkPAZg,Gweilo-60,2019-02-23 18:08:51.316983,10893,0
UChXOhG9bRDb3vSTg-qkPAZg,Gweilo-60,2019-02-23 18:07:51.417954,10893,0
UChXOhG9bRDb3vSTg-qkPAZg,Gweilo-60,2019-02-23 18:06:51.346983,10893,0
UChXOhG9bRDb3vSTg-qkPAZg,Gweilo-60,2019-02-23 18:05:51.449091,10893,0
UChXOhG9bRDb3vSTg-qkPAZg,Gweilo-60,2019-02-23 18:04:51.816715,10893,0
UChXOhG9bRDb3vSTg-qkPAZg,Gweilo-60,2019-02-23 18:03:50.845373,10893,0
UChXOhG9bRDb3vSTg-qkPAZg,Gweilo-60,2019-02-23 18:02:51.222903,10893,0
UChXOhG9bRDb3vSTg-qkPAZg,Gweilo-60,2019-02-23 18:01:51.467478,10893,0
UChXOhG9bRDb3vSTg-qkPAZg,Gweilo-60,2019-02-23 18:00:51.388447,10893,0
UChXOhG9bRDb3vSTg-qkPAZg,Gweilo-60,2019-02-23 17:59:51.41433,10893,0
UChXOhG9bRDb3vSTg-qkPAZg,Gweilo-60,2019-02-23 17:58:51.727935,10893,0
UChXOhG9bRDb3vSTg-qkPAZg,Gweilo-60,2019-02-23 17:57:51.262256,10893,0
UChXOhG9bRDb3vSTg-qkPAZg,Gweilo-60,2019-02-23 17:56:50.841374,10893,0
UChXOhG9bRDb3vSTg-qkPAZg,Gweilo-60,2019-02-23 17:55:51.233427,10893,0
UChXOhG9bRDb3vSTg-qkPAZg,Gweilo-60,2019-02-23 17:54:51.007386,10893,0
UChXOhG9bRDb3vSTg-qkPAZg,Gweilo-60,2019-02-23 17:53:51.543044,10893,0
UChXOhG9bRDb3vSTg-qkPAZg,Gweilo-60,2019-02-23 17:52:51.164178,10893,0
UChXOhG9bRDb3vSTg-qkPAZg,Gweilo-60,2019-02-23 17:51:51.509064,10893,0
UChXOhG9bRDb3vSTg-qkPAZg,Gweilo-60,2019-02-23 17:50:51.348865,10893,0
UChXOhG9bRDb3vSTg-qkPAZg,Gweilo-60,2019-02-23 17:49:51.662383,10893,0
UChXOhG9bRDb3vSTg-qkPAZg,Gweilo-60,2019-02-23 17:48:51.705497,10893,0
UChXOhG9bRDb3vSTg-qkPAZg,Gweilo-60,2019-02-23 17:47:51.180381,10893,0
UChXOhG9bRDb3vSTg-qkPAZg,Gweilo-60,2019-02-23 17:46:51.228378,10893,0
UChXOhG9bRDb3vSTg-qkPAZg,Gweilo-60,2019-02-23 17:45:51.151031,10893,0
UChXOhG9bRDb3vSTg-qkPAZg,Gweilo-60,2019-02-23 17:44:51.566945,10893,0
UChXOhG9bRDb3vSTg-qkPAZg,Gweilo-60,2019-02-23 17:43:50.947599,10893,0
UChXOhG9bRDb3vSTg-qkPAZg,Gweilo-60,2019-02-23 17:42:51.050754,10893,0
UChXOhG9bRDb3vSTg-qkPAZg,Gweilo-60,2019-02-23 17:41:51.438969,10893,0
UChXOhG9bRDb3vSTg-qkPAZg,Gweilo-60,2019-02-23 17:40:51.504872,10893,0
UChXOhG9bRDb3vSTg-qkPAZg,Gweilo-60,2019-02-23 17:39:51.276706,10893,0
UChXOhG9bRDb3vSTg-qkPAZg,Gweilo-60,2019-02-23 17:38:51.450345,10893,0
UChXOhG9bRDb3vSTg-qkPAZg,Gweilo-60,2019-02-23 17:37:51.085107,10893,0
UChXOhG9bRDb3vSTg-qkPAZg,Gweilo-60,2019-02-23 17:36:51.54669,10893,1
UChXOhG9bRDb3vSTg-qkPAZg,Gweilo-60,2019-02-23 17:35:51.122912,10892,0
UChXOhG9bRDb3vSTg-qkPAZg,Gweilo-60,2019-02-23 17:34:50.660448,10892,0
UChXOhG9bRDb3vSTg-qkPAZg,Gweilo-60,2019-02-23 17:33:51.37657,10892,0
UChXOhG9bRDb3vSTg-qkPAZg,Gweilo-60,2019-02-23 17:32:51.079414,10892,0
UChXOhG9bRDb3vSTg-qkPAZg,Gweilo-60,2019-02-23 17:31:51.12227,10892,0
UChXOhG9bRDb3vSTg-qkPAZg,Gweilo-60,2019-02-23 17:30:51.503949,10892,0
UChXOhG9bRDb3vSTg-qkPAZg,Gweilo-60,2019-02-23 17:29:51.078567,10892,0
UChXOhG9bRDb3vSTg-qkPAZg,Gweilo-60,2019-02-23 17:28:51.775806,10892,0
UChXOhG9bRDb3vSTg-qkPAZg,Gweilo-60,2019-02-23 17:27:51.748266,10892,0
UChXOhG9bRDb3vSTg-qkPAZg,Gweilo-60,2019-02-23 17:26:51.040705,10892,0
UChXOhG9bRDb3vSTg-qkPAZg,Gweilo-60,2019-02-23 17:25:51.509724,10892,0
UChXOhG9bRDb3vSTg-qkPAZg,Gweilo-60,2019-02-23 17:24:51.205909,10892,0
UChXOhG9bRDb3vSTg-qkPAZg,Gweilo-60,2019-02-23 17:23:51.286261,10892,0
UChXOhG9bRDb3vSTg-qkPAZg,Gweilo-60,2019-02-23 17:22:51.340962,10892,0
UChXOhG9bRDb3vSTg-qkPAZg,Gweilo-60,2019-02-23 17:21:51.254872,10892,0
UChXOhG9bRDb3vSTg-qkPAZg,Gweilo-60,2019-02-23 17:20:52.185753,10892,0
UChXOhG9bRDb3vSTg-qkPAZg,Gweilo-60,2019-02-23 17:19:51.280461,10892,0
UChXOhG9bRDb3vSTg-qkPAZg,Gweilo-60,2019-02-23 17:18:51.629095,10892,0
UChXOhG9bRDb3vSTg-qkPAZg,Gweilo-60,2019-02-23 17:17:50.996368,10892,0
UChXOhG9bRDb3vSTg-qkPAZg,Gweilo-60,2019-02-23 17:16:52.062882,10892,0
UChXOhG9bRDb3vSTg-qkPAZg,Gweilo-60,2019-02-23 17:15:51.098585,10892,0
UChXOhG9bRDb3vSTg-qkPAZg,Gweilo-60,2019-02-23 17:14:50.910152,10892,0
UChXOhG9bRDb3vSTg-qkPAZg,Gweilo-60,2019-02-23 17:13:51.703546,10892,0
UChXOhG9bRDb3vSTg-qkPAZg,Gweilo-60,2019-02-23 17:12:51.253801,10892,0
UChXOhG9bRDb3vSTg-qkPAZg,Gweilo-60,2019-02-23 17:11:51.46285,10892,0
UChXOhG9bRDb3vSTg-qkPAZg,Gweilo-60,2019-02-23 17:10:50.608608,10892,0
UChXOhG9bRDb3vSTg-qkPAZg,Gweilo-60,2019-02-23 17:09:51.326686,10892,0
UChXOhG9bRDb3vSTg-qkPAZg,Gweilo-60,2019-02-23 17:08:51.014757,10892,0
UChXOhG9bRDb3vSTg-qkPAZg,Gweilo-60,2019-02-23 17:07:52.016495,10892,0
UChXOhG9bRDb3vSTg-qkPAZg,Gweilo-60,2019-02-23 17:06:51.001132,10892,0
UChXOhG9bRDb3vSTg-qkPAZg,Gweilo-60,2019-02-23 17:05:51.218256,10892,0
UChXOhG9bRDb3vSTg-qkPAZg,Gweilo-60,2019-02-23 17:04:51.887329,10892,0
UChXOhG9bRDb3vSTg-qkPAZg,Gweilo-60,2019-02-23 17:03:51.35237,10892,0
UChXOhG9bRDb3vSTg-qkPAZg,Gweilo-60,2019-02-23 17:02:51.837754,10892,0
UChXOhG9bRDb3vSTg-qkPAZg,Gweilo-60,2019-02-23 17:01:51.074303,10892,0
UChXOhG9bRDb3vSTg-qkPAZg,Gweilo-60,2019-02-23 17:00:51.361069,10892,0
UChXOhG9bRDb3vSTg-qkPAZg,Gweilo-60,2019-02-23 16:59:51.386224,10892,0
UChXOhG9bRDb3vSTg-qkPAZg,Gweilo-60,2019-02-23 16:58:51.246858,10892,0
UChXOhG9bRDb3vSTg-qkPAZg,Gweilo-60,2019-02-23 16:57:51.311412,10892,0
UChXOhG9bRDb3vSTg-qkPAZg,Gweilo-60,2019-02-23 16:56:51.448142,10892,0
UChXOhG9bRDb3vSTg-qkPAZg,Gweilo-60,2019-02-23 16:55:51.110353,10892,0
UChXOhG9bRDb3vSTg-qkPAZg,Gweilo-60,2019-02-23 16:54:51.524303,10892,0
UChXOhG9bRDb3vSTg-qkPAZg,Gweilo-60,2019-02-23 16:53:51.534124,10892,0
UChXOhG9bRDb3vSTg-qkPAZg,Gweilo-60,2019-02-23 16:52:51.114874,10892,0
UChXOhG9bRDb3vSTg-qkPAZg,Gweilo-60,2019-02-23 16:51:51.484607,10892,0
UChXOhG9bRDb3vSTg-qkPAZg,Gweilo-60,2019-02-23 16:50:51.494939,10892,0
UChXOhG9bRDb3vSTg-qkPAZg,Gweilo-60,2019-02-23 16:49:51.473212,10892,0
UChXOhG9bRDb3vSTg-qkPAZg,Gweilo-60,2019-02-23 16:48:51.347098,10892,0
UChXOhG9bRDb3vSTg-qkPAZg,Gweilo-60,2019-02-23 16:47:51.073382,10892,0
UChXOhG9bRDb3vSTg-qkPAZg,Gweilo-60,2019-02-23 16:46:51.380439,10892,0
UChXOhG9bRDb3vSTg-qkPAZg,Gweilo-60,2019-02-23 16:45:51.444784,10892,0
UChXOhG9bRDb3vSTg-qkPAZg,Gweilo-60,2019-02-23 16:44:50.905392,10892,0
UChXOhG9bRDb3vSTg-qkPAZg,Gweilo-60,2019-02-23 16:43:50.942846,10892,0
UChXOhG9bRDb3vSTg-qkPAZg,Gweilo-60,2019-02-23 16:42:50.748344,10892,0
UChXOhG9bRDb3vSTg-qkPAZg,Gweilo-60,2019-02-23 16:41:51.068634,10892,0
UChXOhG9bRDb3vSTg-qkPAZg,Gweilo-60,2019-02-23 16:40:51.496504,10892,0
UChXOhG9bRDb3vSTg-qkPAZg,Gweilo-60,2019-02-23 16:39:51.508622,10892,0
UChXOhG9bRDb3vSTg-qkPAZg,Gweilo-60,2019-02-23 16:38:51.684395,10892,0
UChXOhG9bRDb3vSTg-qkPAZg,Gweilo-60,2019-02-23 16:37:51.084227,10892,0
UChXOhG9bRDb3vSTg-qkPAZg,Gweilo-60,2019-02-23 16:36:51.321474,10892,0
UChXOhG9bRDb3vSTg-qkPAZg,Gweilo-60,2019-02-23 16:35:51.598446,10892,0
UChXOhG9bRDb3vSTg-qkPAZg,Gweilo-60,2019-02-23 16:34:51.403142,10892,0
UChXOhG9bRDb3vSTg-qkPAZg,Gweilo-60,2019-02-23 16:33:51.359294,10892,0
UChXOhG9bRDb3vSTg-qkPAZg,Gweilo-60,2019-02-23 16:32:51.242113,10892,0
UChXOhG9bRDb3vSTg-qkPAZg,Gweilo-60,2019-02-23 16:31:51.739139,10892,0
UChXOhG9bRDb3vSTg-qkPAZg,Gweilo-60,2019-02-23 16:30:51.575472,10892,0
UChXOhG9bRDb3vSTg-qkPAZg,Gweilo-60,2019-02-23 16:29:51.324229,10892,0
UChXOhG9bRDb3vSTg-qkPAZg,Gweilo-60,2019-02-23 16:28:51.298278,10892,0
UChXOhG9bRDb3vSTg-qkPAZg,Gweilo-60,2019-02-23 16:27:51.219018,10892,0
UChXOhG9bRDb3vSTg-qkPAZg,Gweilo-60,2019-02-23 16:26:51.442128,10892,0
UChXOhG9bRDb3vSTg-qkPAZg,Gweilo-60,2019-02-23 16:25:51.294282,10892,0
UChXOhG9bRDb3vSTg-qkPAZg,Gweilo-60,2019-02-23 16:24:51.278322,10892,0
UChXOhG9bRDb3vSTg-qkPAZg,Gweilo-60,2019-02-23 16:23:51.279281,10892,0
UChXOhG9bRDb3vSTg-qkPAZg,Gweilo-60,2019-02-23 16:22:51.498516,10892,0
UChXOhG9bRDb3vSTg-qkPAZg,Gweilo-60,2019-02-23 16:21:51.395833,10892,0
UChXOhG9bRDb3vSTg-qkPAZg,Gweilo-60,2019-02-23 16:20:50.755082,10892,0
UChXOhG9bRDb3vSTg-qkPAZg,Gweilo-60,2019-02-23 16:19:51.241826,10892,0
UChXOhG9bRDb3vSTg-qkPAZg,Gweilo-60,2019-02-23 16:18:51.252592,10892,0
UChXOhG9bRDb3vSTg-qkPAZg,Gweilo-60,2019-02-23 16:17:51.88136,10892,0
UChXOhG9bRDb3vSTg-qkPAZg,Gweilo-60,2019-02-23 16:16:51.88638,10892,0
UChXOhG9bRDb3vSTg-qkPAZg,Gweilo-60,2019-02-23 16:15:51.32892,10892,0
UChXOhG9bRDb3vSTg-qkPAZg,Gweilo-60,2019-02-23 16:14:50.886772,10892,0
UChXOhG9bRDb3vSTg-qkPAZg,Gweilo-60,2019-02-23 16:13:51.524371,10892,0
UChXOhG9bRDb3vSTg-qkPAZg,Gweilo-60,2019-02-23 16:12:51.816944,10892,1
UChXOhG9bRDb3vSTg-qkPAZg,Gweilo-60,2019-02-23 16:11:51.334919,10891,0
UChXOhG9bRDb3vSTg-qkPAZg,Gweilo-60,2019-02-23 16:10:51.826902,10891,0
UChXOhG9bRDb3vSTg-qkPAZg,Gweilo-60,2019-02-23 16:09:51.226606,10891,0
UChXOhG9bRDb3vSTg-qkPAZg,Gweilo-60,2019-02-23 16:08:51.920538,10891,0
UChXOhG9bRDb3vSTg-qkPAZg,Gweilo-60,2019-02-23 16:07:51.375257,10891,0
UChXOhG9bRDb3vSTg-qkPAZg,Gweilo-60,2019-02-23 16:06:51.703819,10891,0
UChXOhG9bRDb3vSTg-qkPAZg,Gweilo-60,2019-02-23 16:05:51.848869,10891,0
UChXOhG9bRDb3vSTg-qkPAZg,Gweilo-60,2019-02-23 16:04:51.437782,10891,0
UChXOhG9bRDb3vSTg-qkPAZg,Gweilo-60,2019-02-23 16:03:51.242446,10891,0
UChXOhG9bRDb3vSTg-qkPAZg,Gweilo-60,2019-02-23 16:02:51.867072,10891,0
UChXOhG9bRDb3vSTg-qkPAZg,Gweilo-60,2019-02-23 16:01:51.284293,10891,0
UChXOhG9bRDb3vSTg-qkPAZg,Gweilo-60,2019-02-23 16:00:51.451451,10891,0
UChXOhG9bRDb3vSTg-qkPAZg,Gweilo-60,2019-02-23 15:59:51.108034,10891,0
UChXOhG9bRDb3vSTg-qkPAZg,Gweilo-60,2019-02-23 15:58:51.685988,10891,0
UChXOhG9bRDb3vSTg-qkPAZg,Gweilo-60,2019-02-23 15:57:51.26677,10891,0
UChXOhG9bRDb3vSTg-qkPAZg,Gweilo-60,2019-02-23 15:56:51.422095,10891,0
UChXOhG9bRDb3vSTg-qkPAZg,Gweilo-60,2019-02-23 15:55:51.638264,10891,0
UChXOhG9bRDb3vSTg-qkPAZg,Gweilo-60,2019-02-23 15:54:51.288707,10891,0
UChXOhG9bRDb3vSTg-qkPAZg,Gweilo-60,2019-02-23 15:53:51.279188,10891,0
UChXOhG9bRDb3vSTg-qkPAZg,Gweilo-60,2019-02-23 15:52:51.42264,10891,0
UChXOhG9bRDb3vSTg-qkPAZg,Gweilo-60,2019-02-23 15:51:51.78144,10891,0
UChXOhG9bRDb3vSTg-qkPAZg,Gweilo-60,2019-02-23 15:50:51.067421,10891,0
UChXOhG9bRDb3vSTg-qkPAZg,Gweilo-60,2019-02-23 15:49:51.24474,10891,0
UChXOhG9bRDb3vSTg-qkPAZg,Gweilo-60,2019-02-23 15:48:50.765655,10891,0
UChXOhG9bRDb3vSTg-qkPAZg,Gweilo-60,2019-02-23 15:47:51.343504,10891,0
UChXOhG9bRDb3vSTg-qkPAZg,Gweilo-60,2019-02-23 15:46:51.784773,10891,0
UChXOhG9bRDb3vSTg-qkPAZg,Gweilo-60,2019-02-23 15:45:51.573218,10891,0
UChXOhG9bRDb3vSTg-qkPAZg,Gweilo-60,2019-02-23 15:44:51.476113,10891,0
UChXOhG9bRDb3vSTg-qkPAZg,Gweilo-60,2019-02-23 15:43:51.287514,10891,0
UChXOhG9bRDb3vSTg-qkPAZg,Gweilo-60,2019-02-23 15:42:51.402786,10891,0
UChXOhG9bRDb3vSTg-qkPAZg,Gweilo-60,2019-02-23 15:41:51.350241,10891,0
UChXOhG9bRDb3vSTg-qkPAZg,Gweilo-60,2019-02-23 15:40:51.087072,10891,0
UChXOhG9bRDb3vSTg-qkPAZg,Gweilo-60,2019-02-23 15:39:51.183022,10891,0
UChXOhG9bRDb3vSTg-qkPAZg,Gweilo-60,2019-02-23 15:38:51.524098,10891,0
UChXOhG9bRDb3vSTg-qkPAZg,Gweilo-60,2019-02-23 15:37:51.244868,10891,0
UChXOhG9bRDb3vSTg-qkPAZg,Gweilo-60,2019-02-23 15:36:51.443985,10891,0
UChXOhG9bRDb3vSTg-qkPAZg,Gweilo-60,2019-02-23 15:35:51.551849,10891,0
UChXOhG9bRDb3vSTg-qkPAZg,Gweilo-60,2019-02-23 15:34:52.573053,10891,0
UChXOhG9bRDb3vSTg-qkPAZg,Gweilo-60,2019-02-23 15:33:51.134983,10891,0
UChXOhG9bRDb3vSTg-qkPAZg,Gweilo-60,2019-02-23 15:32:51.151039,10891,0
UChXOhG9bRDb3vSTg-qkPAZg,Gweilo-60,2019-02-23 15:31:51.232157,10891,0
UChXOhG9bRDb3vSTg-qkPAZg,Gweilo-60,2019-02-23 15:30:51.309739,10891,0
UChXOhG9bRDb3vSTg-qkPAZg,Gweilo-60,2019-02-23 15:29:51.012555,10891,0
UChXOhG9bRDb3vSTg-qkPAZg,Gweilo-60,2019-02-23 15:28:51.212378,10891,0
UChXOhG9bRDb3vSTg-qkPAZg,Gweilo-60,2019-02-23 15:27:51.66084,10891,0
UChXOhG9bRDb3vSTg-qkPAZg,Gweilo-60,2019-02-23 15:26:51.380911,10891,0
UChXOhG9bRDb3vSTg-qkPAZg,Gweilo-60,2019-02-23 15:25:51.14656,10891,0
UChXOhG9bRDb3vSTg-qkPAZg,Gweilo-60,2019-02-23 15:24:52.118524,10891,0
UChXOhG9bRDb3vSTg-qkPAZg,Gweilo-60,2019-02-23 15:23:51.46972,10891,0
UChXOhG9bRDb3vSTg-qkPAZg,Gweilo-60,2019-02-23 15:22:51.11841,10891,0
UChXOhG9bRDb3vSTg-qkPAZg,Gweilo-60,2019-02-23 15:21:51.15309,10891,0
UChXOhG9bRDb3vSTg-qkPAZg,Gweilo-60,2019-02-23 15:20:51.218779,10891,0
UChXOhG9bRDb3vSTg-qkPAZg,Gweilo-60,2019-02-23 15:19:51.517196,10891,0
UChXOhG9bRDb3vSTg-qkPAZg,Gweilo-60,2019-02-23 15:18:51.38019,10891,0
UChXOhG9bRDb3vSTg-qkPAZg,Gweilo-60,2019-02-23 15:17:50.817457,10891,0
UChXOhG9bRDb3vSTg-qkPAZg,Gweilo-60,2019-02-23 15:16:52.090446,10891,0
UChXOhG9bRDb3vSTg-qkPAZg,Gweilo-60,2019-02-23 15:15:51.305813,10891,0
UChXOhG9bRDb3vSTg-qkPAZg,Gweilo-60,2019-02-23 15:14:51.389094,10891,0
UChXOhG9bRDb3vSTg-qkPAZg,Gweilo-60,2019-02-23 15:13:51.220728,10891,0
UChXOhG9bRDb3vSTg-qkPAZg,Gweilo-60,2019-02-23 15:12:51.455394,10891,0
UChXOhG9bRDb3vSTg-qkPAZg,Gweilo-60,2019-02-23 15:11:51.38071,10891,0
UChXOhG9bRDb3vSTg-qkPAZg,Gweilo-60,2019-02-23 15:10:51.107289,10891,0
UChXOhG9bRDb3vSTg-qkPAZg,Gweilo-60,2019-02-23 15:09:51.105682,10891,0
UChXOhG9bRDb3vSTg-qkPAZg,Gweilo-60,2019-02-23 15:08:51.068252,10891,0
UChXOhG9bRDb3vSTg-qkPAZg,Gweilo-60,2019-02-23 15:07:51.62131,10891,0
UChXOhG9bRDb3vSTg-qkPAZg,Gweilo-60,2019-02-23 15:06:51.09334,10891,0
UChXOhG9bRDb3vSTg-qkPAZg,Gweilo-60,2019-02-23 15:05:50.957698,10891,0
UChXOhG9bRDb3vSTg-qkPAZg,Gweilo-60,2019-02-23 15:04:51.423779,10891,0
UChXOhG9bRDb3vSTg-qkPAZg,Gweilo-60,2019-02-23 15:03:51.437554,10891,0
UChXOhG9bRDb3vSTg-qkPAZg,Gweilo-60,2019-02-23 15:02:51.413979,10891,0
UChXOhG9bRDb3vSTg-qkPAZg,Gweilo-60,2019-02-23 15:01:51.118928,10891,0
UChXOhG9bRDb3vSTg-qkPAZg,Gweilo-60,2019-02-23 15:00:51.249437,10891,0
UChXOhG9bRDb3vSTg-qkPAZg,Gweilo-60,2019-02-23 14:59:51.324807,10891,0
UChXOhG9bRDb3vSTg-qkPAZg,Gweilo-60,2019-02-23 14:58:51.363796,10891,0
UChXOhG9bRDb3vSTg-qkPAZg,Gweilo-60,2019-02-23 14:57:51.149749,10891,0
UChXOhG9bRDb3vSTg-qkPAZg,Gweilo-60,2019-02-23 14:56:51.280401,10891,0
UChXOhG9bRDb3vSTg-qkPAZg,Gweilo-60,2019-02-23 14:55:51.210404,10891,0
UChXOhG9bRDb3vSTg-qkPAZg,Gweilo-60,2019-02-23 14:54:51.522694,10891,0
UChXOhG9bRDb3vSTg-qkPAZg,Gweilo-60,2019-02-23 14:53:51.158632,10891,0
UChXOhG9bRDb3vSTg-qkPAZg,Gweilo-60,2019-02-23 14:52:51.726798,10891,0
UChXOhG9bRDb3vSTg-qkPAZg,Gweilo-60,2019-02-23 14:51:51.429302,10891,0
UChXOhG9bRDb3vSTg-qkPAZg,Gweilo-60,2019-02-23 14:50:51.85709,10891,0
UChXOhG9bRDb3vSTg-qkPAZg,Gweilo-60,2019-02-23 14:49:51.470043,10891,0
UChXOhG9bRDb3vSTg-qkPAZg,Gweilo-60,2019-02-23 14:48:51.768771,10891,0
UChXOhG9bRDb3vSTg-qkPAZg,Gweilo-60,2019-02-23 14:47:50.924938,10891,0
UChXOhG9bRDb3vSTg-qkPAZg,Gweilo-60,2019-02-23 14:46:51.871514,10891,0
UChXOhG9bRDb3vSTg-qkPAZg,Gweilo-60,2019-02-23 14:45:51.687334,10891,0
UChXOhG9bRDb3vSTg-qkPAZg,Gweilo-60,2019-02-23 14:44:50.859071,10891,0
UChXOhG9bRDb3vSTg-qkPAZg,Gweilo-60,2019-02-23 14:43:51.367908,10891,0
UChXOhG9bRDb3vSTg-qkPAZg,Gweilo-60,2019-02-23 14:42:51.321625,10891,0
UChXOhG9bRDb3vSTg-qkPAZg,Gweilo-60,2019-02-23 14:41:51.470888,10891,0
UChXOhG9bRDb3vSTg-qkPAZg,Gweilo-60,2019-02-23 14:40:52.972821,10891,0
UChXOhG9bRDb3vSTg-qkPAZg,Gweilo-60,2019-02-23 14:39:51.58175,10891,0
UChXOhG9bRDb3vSTg-qkPAZg,Gweilo-60,2019-02-23 14:38:51.2877,10891,0
UChXOhG9bRDb3vSTg-qkPAZg,Gweilo-60,2019-02-23 14:37:51.033093,10891,0
UChXOhG9bRDb3vSTg-qkPAZg,Gweilo-60,2019-02-23 14:36:51.836757,10891,0
UChXOhG9bRDb3vSTg-qkPAZg,Gweilo-60,2019-02-23 14:35:51.856532,10891,0
UChXOhG9bRDb3vSTg-qkPAZg,Gweilo-60,2019-02-23 14:34:50.971173,10891,0
UChXOhG9bRDb3vSTg-qkPAZg,Gweilo-60,2019-02-23 14:33:52.18213,10891,0
UChXOhG9bRDb3vSTg-qkPAZg,Gweilo-60,2019-02-23 14:32:51.67996,10891,0
UChXOhG9bRDb3vSTg-qkPAZg,Gweilo-60,2019-02-23 14:31:51.830788,10891,0
UChXOhG9bRDb3vSTg-qkPAZg,Gweilo-60,2019-02-23 14:30:51.838393,10891,0
UChXOhG9bRDb3vSTg-qkPAZg,Gweilo-60,2019-02-23 14:29:51.305138,10891,0
UChXOhG9bRDb3vSTg-qkPAZg,Gweilo-60,2019-02-23 14:28:51.428402,10891,0
UChXOhG9bRDb3vSTg-qkPAZg,Gweilo-60,2019-02-23 14:27:51.482661,10891,0
UChXOhG9bRDb3vSTg-qkPAZg,Gweilo-60,2019-02-23 14:26:51.248232,10891,0
UChXOhG9bRDb3vSTg-qkPAZg,Gweilo-60,2019-02-23 14:25:52.141811,10891,0
UChXOhG9bRDb3vSTg-qkPAZg,Gweilo-60,2019-02-23 14:24:51.762552,10891,0
UChXOhG9bRDb3vSTg-qkPAZg,Gweilo-60,2019-02-23 14:23:51.435694,10891,0
UChXOhG9bRDb3vSTg-qkPAZg,Gweilo-60,2019-02-23 14:22:51.152541,10891,0
UChXOhG9bRDb3vSTg-qkPAZg,Gweilo-60,2019-02-23 14:21:51.102542,10891,0
UChXOhG9bRDb3vSTg-qkPAZg,Gweilo-60,2019-02-23 14:20:51.303654,10891,0
UChXOhG9bRDb3vSTg-qkPAZg,Gweilo-60,2019-02-23 14:19:51.396944,10891,0
UChXOhG9bRDb3vSTg-qkPAZg,Gweilo-60,2019-02-23 14:18:50.983404,10891,0
UChXOhG9bRDb3vSTg-qkPAZg,Gweilo-60,2019-02-23 14:17:51.653425,10891,0
UChXOhG9bRDb3vSTg-qkPAZg,Gweilo-60,2019-02-23 14:16:51.999132,10891,0
UChXOhG9bRDb3vSTg-qkPAZg,Gweilo-60,2019-02-23 14:15:51.172466,10891,0
UChXOhG9bRDb3vSTg-qkPAZg,Gweilo-60,2019-02-23 14:14:51.875452,10891,0
UChXOhG9bRDb3vSTg-qkPAZg,Gweilo-60,2019-02-23 14:13:51.270102,10891,0
UChXOhG9bRDb3vSTg-qkPAZg,Gweilo-60,2019-02-23 14:12:51.221149,10891,0
UChXOhG9bRDb3vSTg-qkPAZg,Gweilo-60,2019-02-23 14:11:50.949301,10891,0
UChXOhG9bRDb3vSTg-qkPAZg,Gweilo-60,2019-02-23 14:10:51.348708,10891,0
UChXOhG9bRDb3vSTg-qkPAZg,Gweilo-60,2019-02-23 14:09:51.76515,10891,0
UChXOhG9bRDb3vSTg-qkPAZg,Gweilo-60,2019-02-23 14:08:51.228296,10891,0
UChXOhG9bRDb3vSTg-qkPAZg,Gweilo-60,2019-02-23 14:07:51.178142,10891,-1
UChXOhG9bRDb3vSTg-qkPAZg,Gweilo-60,2019-02-23 14:06:51.313278,10892,0
UChXOhG9bRDb3vSTg-qkPAZg,Gweilo-60,2019-02-23 14:05:51.755683,10892,0
UChXOhG9bRDb3vSTg-qkPAZg,Gweilo-60,2019-02-23 14:04:51.51971,10892,0
UChXOhG9bRDb3vSTg-qkPAZg,Gweilo-60,2019-02-23 14:03:50.978527,10892,0
UChXOhG9bRDb3vSTg-qkPAZg,Gweilo-60,2019-02-23 14:02:51.895803,10892,0
UChXOhG9bRDb3vSTg-qkPAZg,Gweilo-60,2019-02-23 14:01:51.566607,10892,0
UChXOhG9bRDb3vSTg-qkPAZg,Gweilo-60,2019-02-23 14:00:51.550926,10892,0
UChXOhG9bRDb3vSTg-qkPAZg,Gweilo-60,2019-02-23 13:59:51.533673,10892,0
UChXOhG9bRDb3vSTg-qkPAZg,Gweilo-60,2019-02-23 13:58:51.221609,10892,0
UChXOhG9bRDb3vSTg-qkPAZg,Gweilo-60,2019-02-23 13:57:51.498274,10892,0
UChXOhG9bRDb3vSTg-qkPAZg,Gweilo-60,2019-02-23 13:56:50.887705,10892,0
UChXOhG9bRDb3vSTg-qkPAZg,Gweilo-60,2019-02-23 13:55:51.405467,10892,0
UChXOhG9bRDb3vSTg-qkPAZg,Gweilo-60,2019-02-23 13:54:51.775228,10892,0
UChXOhG9bRDb3vSTg-qkPAZg,Gweilo-60,2019-02-23 13:53:51.105696,10892,0
UChXOhG9bRDb3vSTg-qkPAZg,Gweilo-60,2019-02-23 13:52:51.423077,10892,1
UChXOhG9bRDb3vSTg-qkPAZg,Gweilo-60,2019-02-23 13:51:51.43799,10891,1
UChXOhG9bRDb3vSTg-qkPAZg,Gweilo-60,2019-02-23 13:50:51.323523,10890,0
UChXOhG9bRDb3vSTg-qkPAZg,Gweilo-60,2019-02-23 13:49:51.146508,10890,0
UChXOhG9bRDb3vSTg-qkPAZg,Gweilo-60,2019-02-23 13:48:51.368478,10890,0
UChXOhG9bRDb3vSTg-qkPAZg,Gweilo-60,2019-02-23 13:47:51.358705,10890,0
UChXOhG9bRDb3vSTg-qkPAZg,Gweilo-60,2019-02-23 13:46:51.424354,10890,0
UChXOhG9bRDb3vSTg-qkPAZg,Gweilo-60,2019-02-23 13:45:50.929679,10890,1
UChXOhG9bRDb3vSTg-qkPAZg,Gweilo-60,2019-02-23 13:44:51.923056,10889,0
UChXOhG9bRDb3vSTg-qkPAZg,Gweilo-60,2019-02-23 13:43:50.986435,10889,0
UChXOhG9bRDb3vSTg-qkPAZg,Gweilo-60,2019-02-23 13:42:51.347321,10889,0
UChXOhG9bRDb3vSTg-qkPAZg,Gweilo-60,2019-02-23 13:41:51.246252,10889,0
UChXOhG9bRDb3vSTg-qkPAZg,Gweilo-60,2019-02-23 13:40:51.571015,10889,0
UChXOhG9bRDb3vSTg-qkPAZg,Gweilo-60,2019-02-23 13:39:51.757094,10889,0
UChXOhG9bRDb3vSTg-qkPAZg,Gweilo-60,2019-02-23 13:38:51.318266,10889,0
UChXOhG9bRDb3vSTg-qkPAZg,Gweilo-60,2019-02-23 13:37:51.404838,10889,0
UChXOhG9bRDb3vSTg-qkPAZg,Gweilo-60,2019-02-23 13:36:51.22983,10889,0
UChXOhG9bRDb3vSTg-qkPAZg,Gweilo-60,2019-02-23 13:35:50.951354,10889,0
UChXOhG9bRDb3vSTg-qkPAZg,Gweilo-60,2019-02-23 13:34:51.313838,10889,0
UChXOhG9bRDb3vSTg-qkPAZg,Gweilo-60,2019-02-23 13:33:50.978325,10889,0
UChXOhG9bRDb3vSTg-qkPAZg,Gweilo-60,2019-02-23 13:32:51.276799,10889,0
UChXOhG9bRDb3vSTg-qkPAZg,Gweilo-60,2019-02-23 13:31:51.279956,10889,0
UChXOhG9bRDb3vSTg-qkPAZg,Gweilo-60,2019-02-23 13:30:51.017695,10889,0
UChXOhG9bRDb3vSTg-qkPAZg,Gweilo-60,2019-02-23 13:29:51.653412,10889,0
UChXOhG9bRDb3vSTg-qkPAZg,Gweilo-60,2019-02-23 13:28:51.583688,10889,1
UChXOhG9bRDb3vSTg-qkPAZg,Gweilo-60,2019-02-23 13:27:51.310465,10888,0
UChXOhG9bRDb3vSTg-qkPAZg,Gweilo-60,2019-02-23 13:26:51.212268,10888,1
UChXOhG9bRDb3vSTg-qkPAZg,Gweilo-60,2019-02-23 13:25:51.231765,10887,0
UChXOhG9bRDb3vSTg-qkPAZg,Gweilo-60,2019-02-23 13:24:51.457888,10887,0
UChXOhG9bRDb3vSTg-qkPAZg,Gweilo-60,2019-02-23 13:23:51.417952,10887,0
UChXOhG9bRDb3vSTg-qkPAZg,Gweilo-60,2019-02-23 13:22:51.161377,10887,0
UChXOhG9bRDb3vSTg-qkPAZg,Gweilo-60,2019-02-23 13:21:51.214687,10887,0
UChXOhG9bRDb3vSTg-qkPAZg,Gweilo-60,2019-02-23 13:20:51.041999,10887,0
UChXOhG9bRDb3vSTg-qkPAZg,Gweilo-60,2019-02-23 13:19:51.677228,10887,0
UChXOhG9bRDb3vSTg-qkPAZg,Gweilo-60,2019-02-23 13:18:51.161417,10887,0
UChXOhG9bRDb3vSTg-qkPAZg,Gweilo-60,2019-02-23 13:17:51.236174,10887,0
UChXOhG9bRDb3vSTg-qkPAZg,Gweilo-60,2019-02-23 13:16:51.745437,10887,0
UChXOhG9bRDb3vSTg-qkPAZg,Gweilo-60,2019-02-23 13:15:51.308218,10887,0
UChXOhG9bRDb3vSTg-qkPAZg,Gweilo-60,2019-02-23 13:14:52.041035,10887,0
UChXOhG9bRDb3vSTg-qkPAZg,Gweilo-60,2019-02-23 13:13:51.461178,10887,0
UChXOhG9bRDb3vSTg-qkPAZg,Gweilo-60,2019-02-23 13:12:51.571347,10887,1
UChXOhG9bRDb3vSTg-qkPAZg,Gweilo-60,2019-02-23 13:11:51.659552,10886,0
UChXOhG9bRDb3vSTg-qkPAZg,Gweilo-60,2019-02-23 13:10:51.424228,10886,0
UChXOhG9bRDb3vSTg-qkPAZg,Gweilo-60,2019-02-23 13:09:51.726211,10886,0
UChXOhG9bRDb3vSTg-qkPAZg,Gweilo-60,2019-02-23 13:08:51.553377,10886,0
UChXOhG9bRDb3vSTg-qkPAZg,Gweilo-60,2019-02-23 13:07:50.742043,10886,0
UChXOhG9bRDb3vSTg-qkPAZg,Gweilo-60,2019-02-23 13:06:51.658826,10886,0
UChXOhG9bRDb3vSTg-qkPAZg,Gweilo-60,2019-02-23 13:05:51.628202,10886,0
UChXOhG9bRDb3vSTg-qkPAZg,Gweilo-60,2019-02-23 13:04:51.241345,10886,0
UChXOhG9bRDb3vSTg-qkPAZg,Gweilo-60,2019-02-23 13:03:51.305356,10886,0
UChXOhG9bRDb3vSTg-qkPAZg,Gweilo-60,2019-02-23 13:02:51.197599,10886,0
UChXOhG9bRDb3vSTg-qkPAZg,Gweilo-60,2019-02-23 13:01:50.969894,10886,0
UChXOhG9bRDb3vSTg-qkPAZg,Gweilo-60,2019-02-23 13:00:51.834792,10886,0
UChXOhG9bRDb3vSTg-qkPAZg,Gweilo-60,2019-02-23 12:59:51.726469,10886,0
UChXOhG9bRDb3vSTg-qkPAZg,Gweilo-60,2019-02-23 12:58:50.949773,10886,0
UChXOhG9bRDb3vSTg-qkPAZg,Gweilo-60,2019-02-23 12:57:51.093773,10886,0
UChXOhG9bRDb3vSTg-qkPAZg,Gweilo-60,2019-02-23 12:56:51.557071,10886,0
UChXOhG9bRDb3vSTg-qkPAZg,Gweilo-60,2019-02-23 12:55:51.305699,10886,0
UChXOhG9bRDb3vSTg-qkPAZg,Gweilo-60,2019-02-23 12:54:51.66633,10886,0
UChXOhG9bRDb3vSTg-qkPAZg,Gweilo-60,2019-02-23 12:53:51.391411,10886,0
UChXOhG9bRDb3vSTg-qkPAZg,Gweilo-60,2019-02-23 12:52:51.717675,10886,0
UChXOhG9bRDb3vSTg-qkPAZg,Gweilo-60,2019-02-23 12:51:51.268454,10886,0
UChXOhG9bRDb3vSTg-qkPAZg,Gweilo-60,2019-02-23 12:50:51.291127,10886,0
UChXOhG9bRDb3vSTg-qkPAZg,Gweilo-60,2019-02-23 12:49:51.222815,10886,0
UChXOhG9bRDb3vSTg-qkPAZg,Gweilo-60,2019-02-23 12:48:51.737644,10886,0
UChXOhG9bRDb3vSTg-qkPAZg,Gweilo-60,2019-02-23 12:47:51.484337,10886,0
UChXOhG9bRDb3vSTg-qkPAZg,Gweilo-60,2019-02-23 12:46:51.067546,10886,0
UChXOhG9bRDb3vSTg-qkPAZg,Gweilo-60,2019-02-23 12:45:51.201249,10886,0
UChXOhG9bRDb3vSTg-qkPAZg,Gweilo-60,2019-02-23 12:44:51.250735,10886,0
UChXOhG9bRDb3vSTg-qkPAZg,Gweilo-60,2019-02-23 12:43:51.556287,10886,0
UChXOhG9bRDb3vSTg-qkPAZg,Gweilo-60,2019-02-23 12:42:51.198934,10886,0
UChXOhG9bRDb3vSTg-qkPAZg,Gweilo-60,2019-02-23 12:41:51.496115,10886,0
UChXOhG9bRDb3vSTg-qkPAZg,Gweilo-60,2019-02-23 12:40:51.354728,10886,0
UChXOhG9bRDb3vSTg-qkPAZg,Gweilo-60,2019-02-23 12:39:51.841391,10886,0
UChXOhG9bRDb3vSTg-qkPAZg,Gweilo-60,2019-02-23 12:38:51.768037,10886,0
UChXOhG9bRDb3vSTg-qkPAZg,Gweilo-60,2019-02-23 12:37:50.854727,10886,0
UChXOhG9bRDb3vSTg-qkPAZg,Gweilo-60,2019-02-23 12:36:51.492273,10886,0
UChXOhG9bRDb3vSTg-qkPAZg,Gweilo-60,2019-02-23 12:35:51.253491,10886,0
UChXOhG9bRDb3vSTg-qkPAZg,Gweilo-60,2019-02-23 12:34:51.629497,10886,0
UChXOhG9bRDb3vSTg-qkPAZg,Gweilo-60,2019-02-23 12:33:51.237574,10886,0
UChXOhG9bRDb3vSTg-qkPAZg,Gweilo-60,2019-02-23 12:32:51.337015,10886,0
UChXOhG9bRDb3vSTg-qkPAZg,Gweilo-60,2019-02-23 12:31:51.356339,10886,0
UChXOhG9bRDb3vSTg-qkPAZg,Gweilo-60,2019-02-23 12:30:51.168286,10886,0
UChXOhG9bRDb3vSTg-qkPAZg,Gweilo-60,2019-02-23 12:29:51.540133,10886,0
UChXOhG9bRDb3vSTg-qkPAZg,Gweilo-60,2019-02-23 12:28:51.28453,10886,0
UChXOhG9bRDb3vSTg-qkPAZg,Gweilo-60,2019-02-23 12:27:51.91965,10886,0
UChXOhG9bRDb3vSTg-qkPAZg,Gweilo-60,2019-02-23 12:26:51.681391,10886,0
UChXOhG9bRDb3vSTg-qkPAZg,Gweilo-60,2019-02-23 12:25:51.646316,10886,0
UChXOhG9bRDb3vSTg-qkPAZg,Gweilo-60,2019-02-23 12:24:51.293589,10886,0
UChXOhG9bRDb3vSTg-qkPAZg,Gweilo-60,2019-02-23 12:23:51.37482,10886,0
UChXOhG9bRDb3vSTg-qkPAZg,Gweilo-60,2019-02-23 12:22:51.625458,10886,0
UChXOhG9bRDb3vSTg-qkPAZg,Gweilo-60,2019-02-23 12:21:50.931973,10886,0
UChXOhG9bRDb3vSTg-qkPAZg,Gweilo-60,2019-02-23 12:20:51.333257,10886,0
UChXOhG9bRDb3vSTg-qkPAZg,Gweilo-60,2019-02-23 12:19:51.82746,10886,0
UChXOhG9bRDb3vSTg-qkPAZg,Gweilo-60,2019-02-23 12:18:51.512747,10886,0
UChXOhG9bRDb3vSTg-qkPAZg,Gweilo-60,2019-02-23 12:17:51.389401,10886,0
UChXOhG9bRDb3vSTg-qkPAZg,Gweilo-60,2019-02-23 12:16:51.038313,10886,0
UChXOhG9bRDb3vSTg-qkPAZg,Gweilo-60,2019-02-23 12:15:51.058624,10886,0
UChXOhG9bRDb3vSTg-qkPAZg,Gweilo-60,2019-02-23 12:14:51.371239,10886,0
UChXOhG9bRDb3vSTg-qkPAZg,Gweilo-60,2019-02-23 12:13:51.112598,10886,0
UChXOhG9bRDb3vSTg-qkPAZg,Gweilo-60,2019-02-23 12:12:51.456174,10886,0
UChXOhG9bRDb3vSTg-qkPAZg,Gweilo-60,2019-02-23 12:11:51.479473,10886,0
UChXOhG9bRDb3vSTg-qkPAZg,Gweilo-60,2019-02-23 12:10:51.715339,10886,0
UChXOhG9bRDb3vSTg-qkPAZg,Gweilo-60,2019-02-23 12:09:51.001827,10886,0
UChXOhG9bRDb3vSTg-qkPAZg,Gweilo-60,2019-02-23 12:08:51.328293,10886,0
UChXOhG9bRDb3vSTg-qkPAZg,Gweilo-60,2019-02-23 12:07:51.883459,10886,0
UChXOhG9bRDb3vSTg-qkPAZg,Gweilo-60,2019-02-23 12:06:51.028201,10886,0
UChXOhG9bRDb3vSTg-qkPAZg,Gweilo-60,2019-02-23 12:05:51.615106,10886,0
UChXOhG9bRDb3vSTg-qkPAZg,Gweilo-60,2019-02-23 12:04:51.416945,10886,0
UChXOhG9bRDb3vSTg-qkPAZg,Gweilo-60,2019-02-23 12:03:51.492368,10886,0
UChXOhG9bRDb3vSTg-qkPAZg,Gweilo-60,2019-02-23 12:02:51.273366,10886,0
UChXOhG9bRDb3vSTg-qkPAZg,Gweilo-60,2019-02-23 12:01:51.050036,10886,0
UChXOhG9bRDb3vSTg-qkPAZg,Gweilo-60,2019-02-23 12:00:51.51729,10886,1
UChXOhG9bRDb3vSTg-qkPAZg,Gweilo-60,2019-02-23 11:59:51.251791,10885,0
UChXOhG9bRDb3vSTg-qkPAZg,Gweilo-60,2019-02-23 11:58:51.49007,10885,0
UChXOhG9bRDb3vSTg-qkPAZg,Gweilo-60,2019-02-23 11:57:51.091857,10885,0
UChXOhG9bRDb3vSTg-qkPAZg,Gweilo-60,2019-02-23 11:56:51.360523,10885,0
UChXOhG9bRDb3vSTg-qkPAZg,Gweilo-60,2019-02-23 11:55:51.906744,10885,0
UChXOhG9bRDb3vSTg-qkPAZg,Gweilo-60,2019-02-23 11:54:51.284641,10885,0
UChXOhG9bRDb3vSTg-qkPAZg,Gweilo-60,2019-02-23 11:53:51.182573,10885,0
UChXOhG9bRDb3vSTg-qkPAZg,Gweilo-60,2019-02-23 11:52:51.210133,10885,0
UChXOhG9bRDb3vSTg-qkPAZg,Gweilo-60,2019-02-23 11:51:51.924694,10885,0
UChXOhG9bRDb3vSTg-qkPAZg,Gweilo-60,2019-02-23 11:50:51.371633,10885,0
UChXOhG9bRDb3vSTg-qkPAZg,Gweilo-60,2019-02-23 11:49:51.325615,10885,0
UChXOhG9bRDb3vSTg-qkPAZg,Gweilo-60,2019-02-23 11:48:51.500573,10885,0
UChXOhG9bRDb3vSTg-qkPAZg,Gweilo-60,2019-02-23 11:47:51.627308,10885,0
UChXOhG9bRDb3vSTg-qkPAZg,Gweilo-60,2019-02-23 11:46:51.023646,10885,0
UChXOhG9bRDb3vSTg-qkPAZg,Gweilo-60,2019-02-23 11:45:51.446619,10885,0
UChXOhG9bRDb3vSTg-qkPAZg,Gweilo-60,2019-02-23 11:44:51.454283,10885,0
UChXOhG9bRDb3vSTg-qkPAZg,Gweilo-60,2019-02-23 11:43:51.455822,10885,0
UChXOhG9bRDb3vSTg-qkPAZg,Gweilo-60,2019-02-23 11:42:51.169974,10885,0
UChXOhG9bRDb3vSTg-qkPAZg,Gweilo-60,2019-02-23 11:41:51.462454,10885,0
UChXOhG9bRDb3vSTg-qkPAZg,Gweilo-60,2019-02-23 11:40:51.638274,10885,0
UChXOhG9bRDb3vSTg-qkPAZg,Gweilo-60,2019-02-23 11:39:51.372572,10885,0
UChXOhG9bRDb3vSTg-qkPAZg,Gweilo-60,2019-02-23 11:38:51.497823,10885,0
UChXOhG9bRDb3vSTg-qkPAZg,Gweilo-60,2019-02-23 11:37:51.136828,10885,0
UChXOhG9bRDb3vSTg-qkPAZg,Gweilo-60,2019-02-23 11:36:51.337651,10885,0
UChXOhG9bRDb3vSTg-qkPAZg,Gweilo-60,2019-02-23 11:35:51.568626,10885,0
UChXOhG9bRDb3vSTg-qkPAZg,Gweilo-60,2019-02-23 11:34:51.463455,10885,0
UChXOhG9bRDb3vSTg-qkPAZg,Gweilo-60,2019-02-23 11:33:51.272257,10885,0
UChXOhG9bRDb3vSTg-qkPAZg,Gweilo-60,2019-02-23 11:32:51.101979,10885,0
UChXOhG9bRDb3vSTg-qkPAZg,Gweilo-60,2019-02-23 11:31:51.310848,10885,0
UChXOhG9bRDb3vSTg-qkPAZg,Gweilo-60,2019-02-23 11:30:51.442784,10885,0
UChXOhG9bRDb3vSTg-qkPAZg,Gweilo-60,2019-02-23 11:29:51.781622,10885,0
UChXOhG9bRDb3vSTg-qkPAZg,Gweilo-60,2019-02-23 11:28:51.446226,10885,0
UChXOhG9bRDb3vSTg-qkPAZg,Gweilo-60,2019-02-23 11:27:51.589412,10885,0
UChXOhG9bRDb3vSTg-qkPAZg,Gweilo-60,2019-02-23 11:26:51.139281,10885,0
UChXOhG9bRDb3vSTg-qkPAZg,Gweilo-60,2019-02-23 11:25:51.679376,10885,0
UChXOhG9bRDb3vSTg-qkPAZg,Gweilo-60,2019-02-23 11:24:51.699183,10885,0
UChXOhG9bRDb3vSTg-qkPAZg,Gweilo-60,2019-02-23 11:23:51.836262,10885,0
UChXOhG9bRDb3vSTg-qkPAZg,Gweilo-60,2019-02-23 11:22:51.751212,10885,0
UChXOhG9bRDb3vSTg-qkPAZg,Gweilo-60,2019-02-23 11:21:51.86824,10885,0
UChXOhG9bRDb3vSTg-qkPAZg,Gweilo-60,2019-02-23 11:20:51.289111,10885,0
UChXOhG9bRDb3vSTg-qkPAZg,Gweilo-60,2019-02-23 11:19:51.310635,10885,0
UChXOhG9bRDb3vSTg-qkPAZg,Gweilo-60,2019-02-23 11:18:51.292957,10885,0
UChXOhG9bRDb3vSTg-qkPAZg,Gweilo-60,2019-02-23 11:17:51.059678,10885,0
UChXOhG9bRDb3vSTg-qkPAZg,Gweilo-60,2019-02-23 11:16:51.378542,10885,0
UChXOhG9bRDb3vSTg-qkPAZg,Gweilo-60,2019-02-23 11:15:51.865994,10885,0
UChXOhG9bRDb3vSTg-qkPAZg,Gweilo-60,2019-02-23 11:14:51.125595,10885,0
UChXOhG9bRDb3vSTg-qkPAZg,Gweilo-60,2019-02-23 11:13:51.069101,10885,0
UChXOhG9bRDb3vSTg-qkPAZg,Gweilo-60,2019-02-23 11:12:51.423035,10885,0
UChXOhG9bRDb3vSTg-qkPAZg,Gweilo-60,2019-02-23 11:11:51.189211,10885,0
UChXOhG9bRDb3vSTg-qkPAZg,Gweilo-60,2019-02-23 11:10:51.147126,10885,0
UChXOhG9bRDb3vSTg-qkPAZg,Gweilo-60,2019-02-23 11:09:52.181766,10885,0
UChXOhG9bRDb3vSTg-qkPAZg,Gweilo-60,2019-02-23 11:08:51.971778,10885,0
UChXOhG9bRDb3vSTg-qkPAZg,Gweilo-60,2019-02-23 11:07:51.375134,10885,0
UChXOhG9bRDb3vSTg-qkPAZg,Gweilo-60,2019-02-23 11:06:50.977712,10885,0
UChXOhG9bRDb3vSTg-qkPAZg,Gweilo-60,2019-02-23 11:05:51.04256,10885,0
UChXOhG9bRDb3vSTg-qkPAZg,Gweilo-60,2019-02-23 11:04:52.014756,10885,0
UChXOhG9bRDb3vSTg-qkPAZg,Gweilo-60,2019-02-23 11:03:52.174394,10885,0
UChXOhG9bRDb3vSTg-qkPAZg,Gweilo-60,2019-02-23 11:02:53.184856,10885,0
UChXOhG9bRDb3vSTg-qkPAZg,Gweilo-60,2019-02-23 11:01:51.536253,10885,0
UChXOhG9bRDb3vSTg-qkPAZg,Gweilo-60,2019-02-23 11:00:51.281347,10885,0
UChXOhG9bRDb3vSTg-qkPAZg,Gweilo-60,2019-02-23 10:59:51.231778,10885,0
UChXOhG9bRDb3vSTg-qkPAZg,Gweilo-60,2019-02-23 10:58:51.704992,10885,0
UChXOhG9bRDb3vSTg-qkPAZg,Gweilo-60,2019-02-23 10:57:50.940529,10885,0
UChXOhG9bRDb3vSTg-qkPAZg,Gweilo-60,2019-02-23 10:56:51.131967,10885,0
UChXOhG9bRDb3vSTg-qkPAZg,Gweilo-60,2019-02-23 10:55:51.789629,10885,0
UChXOhG9bRDb3vSTg-qkPAZg,Gweilo-60,2019-02-23 10:54:50.802879,10885,0
UChXOhG9bRDb3vSTg-qkPAZg,Gweilo-60,2019-02-23 10:53:51.593856,10885,0
UChXOhG9bRDb3vSTg-qkPAZg,Gweilo-60,2019-02-23 10:52:51.382256,10885,0
UChXOhG9bRDb3vSTg-qkPAZg,Gweilo-60,2019-02-23 10:51:51.220684,10885,0
UChXOhG9bRDb3vSTg-qkPAZg,Gweilo-60,2019-02-23 10:50:51.547594,10885,0
UChXOhG9bRDb3vSTg-qkPAZg,Gweilo-60,2019-02-23 10:49:51.184346,10885,0
UChXOhG9bRDb3vSTg-qkPAZg,Gweilo-60,2019-02-23 10:48:51.085599,10885,0
UChXOhG9bRDb3vSTg-qkPAZg,Gweilo-60,2019-02-23 10:47:51.446471,10885,0
UChXOhG9bRDb3vSTg-qkPAZg,Gweilo-60,2019-02-23 10:46:51.291057,10885,0
UChXOhG9bRDb3vSTg-qkPAZg,Gweilo-60,2019-02-23 10:45:52.12084,10885,0
UChXOhG9bRDb3vSTg-qkPAZg,Gweilo-60,2019-02-23 10:44:51.724373,10885,0
UChXOhG9bRDb3vSTg-qkPAZg,Gweilo-60,2019-02-23 10:43:52.226806,10885,0
UChXOhG9bRDb3vSTg-qkPAZg,Gweilo-60,2019-02-23 10:42:51.116193,10885,0
UChXOhG9bRDb3vSTg-qkPAZg,Gweilo-60,2019-02-23 10:41:51.066368,10885,0
UChXOhG9bRDb3vSTg-qkPAZg,Gweilo-60,2019-02-23 10:40:51.5442,10885,0
UChXOhG9bRDb3vSTg-qkPAZg,Gweilo-60,2019-02-23 10:39:51.68412,10885,0
UChXOhG9bRDb3vSTg-qkPAZg,Gweilo-60,2019-02-23 10:38:51.242679,10885,0
UChXOhG9bRDb3vSTg-qkPAZg,Gweilo-60,2019-02-23 10:37:51.245391,10885,0
UChXOhG9bRDb3vSTg-qkPAZg,Gweilo-60,2019-02-23 10:36:51.342556,10885,0
UChXOhG9bRDb3vSTg-qkPAZg,Gweilo-60,2019-02-23 10:35:51.342562,10885,0
UChXOhG9bRDb3vSTg-qkPAZg,Gweilo-60,2019-02-23 10:34:51.819848,10885,0
UChXOhG9bRDb3vSTg-qkPAZg,Gweilo-60,2019-02-23 10:33:51.027044,10885,0
UChXOhG9bRDb3vSTg-qkPAZg,Gweilo-60,2019-02-23 10:32:50.72241,10885,0
UChXOhG9bRDb3vSTg-qkPAZg,Gweilo-60,2019-02-23 10:31:51.32006,10885,1
UChXOhG9bRDb3vSTg-qkPAZg,Gweilo-60,2019-02-23 10:30:51.330745,10884,0
UChXOhG9bRDb3vSTg-qkPAZg,Gweilo-60,2019-02-23 10:29:51.396624,10884,0
UChXOhG9bRDb3vSTg-qkPAZg,Gweilo-60,2019-02-23 10:28:51.627801,10884,0
UChXOhG9bRDb3vSTg-qkPAZg,Gweilo-60,2019-02-23 10:27:51.359379,10884,0
UChXOhG9bRDb3vSTg-qkPAZg,Gweilo-60,2019-02-23 10:26:51.408735,10884,0
UChXOhG9bRDb3vSTg-qkPAZg,Gweilo-60,2019-02-23 10:25:51.094933,10884,0
UChXOhG9bRDb3vSTg-qkPAZg,Gweilo-60,2019-02-23 10:24:51.202295,10884,0
UChXOhG9bRDb3vSTg-qkPAZg,Gweilo-60,2019-02-23 10:23:50.965005,10884,0
UChXOhG9bRDb3vSTg-qkPAZg,Gweilo-60,2019-02-23 10:22:51.006632,10884,1
UChXOhG9bRDb3vSTg-qkPAZg,Gweilo-60,2019-02-23 10:21:51.151556,10883,0
UChXOhG9bRDb3vSTg-qkPAZg,Gweilo-60,2019-02-23 10:20:51.595604,10883,0
UChXOhG9bRDb3vSTg-qkPAZg,Gweilo-60,2019-02-23 10:19:51.323409,10883,0
UChXOhG9bRDb3vSTg-qkPAZg,Gweilo-60,2019-02-23 10:18:51.325605,10883,0
UChXOhG9bRDb3vSTg-qkPAZg,Gweilo-60,2019-02-23 10:17:51.079007,10883,0
UChXOhG9bRDb3vSTg-qkPAZg,Gweilo-60,2019-02-23 10:16:50.953647,10883,0
UChXOhG9bRDb3vSTg-qkPAZg,Gweilo-60,2019-02-23 10:15:51.23538,10883,0
UChXOhG9bRDb3vSTg-qkPAZg,Gweilo-60,2019-02-23 10:14:51.085764,10883,0
UChXOhG9bRDb3vSTg-qkPAZg,Gweilo-60,2019-02-23 10:13:51.072486,10883,0
UChXOhG9bRDb3vSTg-qkPAZg,Gweilo-60,2019-02-23 10:12:51.765689,10883,0
UChXOhG9bRDb3vSTg-qkPAZg,Gweilo-60,2019-02-23 10:11:51.230481,10883,0
UChXOhG9bRDb3vSTg-qkPAZg,Gweilo-60,2019-02-23 10:10:50.997755,10883,0
UChXOhG9bRDb3vSTg-qkPAZg,Gweilo-60,2019-02-23 10:09:51.389336,10883,1
UChXOhG9bRDb3vSTg-qkPAZg,Gweilo-60,2019-02-23 10:08:51.154532,10882,0
UChXOhG9bRDb3vSTg-qkPAZg,Gweilo-60,2019-02-23 10:07:51.973585,10882,0
UChXOhG9bRDb3vSTg-qkPAZg,Gweilo-60,2019-02-23 10:06:51.387985,10882,0
UChXOhG9bRDb3vSTg-qkPAZg,Gweilo-60,2019-02-23 10:05:51.334496,10882,0
UChXOhG9bRDb3vSTg-qkPAZg,Gweilo-60,2019-02-23 10:04:51.128349,10882,0
UChXOhG9bRDb3vSTg-qkPAZg,Gweilo-60,2019-02-23 10:03:51.48935,10882,0
UChXOhG9bRDb3vSTg-qkPAZg,Gweilo-60,2019-02-23 10:02:51.451913,10882,0
UChXOhG9bRDb3vSTg-qkPAZg,Gweilo-60,2019-02-23 10:01:51.80575,10882,0
UChXOhG9bRDb3vSTg-qkPAZg,Gweilo-60,2019-02-23 10:00:51.836908,10882,0
UChXOhG9bRDb3vSTg-qkPAZg,Gweilo-60,2019-02-23 09:59:51.234904,10882,0
UChXOhG9bRDb3vSTg-qkPAZg,Gweilo-60,2019-02-23 09:58:50.954114,10882,0
UChXOhG9bRDb3vSTg-qkPAZg,Gweilo-60,2019-02-23 09:57:51.046907,10882,0
UChXOhG9bRDb3vSTg-qkPAZg,Gweilo-60,2019-02-23 09:56:51.073457,10882,0
UChXOhG9bRDb3vSTg-qkPAZg,Gweilo-60,2019-02-23 09:55:51.14613,10882,0
UChXOhG9bRDb3vSTg-qkPAZg,Gweilo-60,2019-02-23 09:54:51.787785,10882,0
UChXOhG9bRDb3vSTg-qkPAZg,Gweilo-60,2019-02-23 09:53:51.318026,10882,0
UChXOhG9bRDb3vSTg-qkPAZg,Gweilo-60,2019-02-23 09:52:51.337034,10882,0
UChXOhG9bRDb3vSTg-qkPAZg,Gweilo-60,2019-02-23 09:51:51.28843,10882,0
UChXOhG9bRDb3vSTg-qkPAZg,Gweilo-60,2019-02-23 09:50:51.06718,10882,0
UChXOhG9bRDb3vSTg-qkPAZg,Gweilo-60,2019-02-23 09:49:51.137286,10882,0
UChXOhG9bRDb3vSTg-qkPAZg,Gweilo-60,2019-02-23 09:48:51.348114,10882,0
UChXOhG9bRDb3vSTg-qkPAZg,Gweilo-60,2019-02-23 09:47:50.956837,10882,0
UChXOhG9bRDb3vSTg-qkPAZg,Gweilo-60,2019-02-23 09:46:51.35982,10882,0
UChXOhG9bRDb3vSTg-qkPAZg,Gweilo-60,2019-02-23 09:45:51.225351,10882,0
UChXOhG9bRDb3vSTg-qkPAZg,Gweilo-60,2019-02-23 09:44:51.38653,10882,0
UChXOhG9bRDb3vSTg-qkPAZg,Gweilo-60,2019-02-23 09:43:51.61638,10882,0
UChXOhG9bRDb3vSTg-qkPAZg,Gweilo-60,2019-02-23 09:42:51.431799,10882,0
UChXOhG9bRDb3vSTg-qkPAZg,Gweilo-60,2019-02-23 09:41:51.189187,10882,0
UChXOhG9bRDb3vSTg-qkPAZg,Gweilo-60,2019-02-23 09:40:51.418801,10882,0
UChXOhG9bRDb3vSTg-qkPAZg,Gweilo-60,2019-02-23 09:39:51.244378,10882,0
UChXOhG9bRDb3vSTg-qkPAZg,Gweilo-60,2019-02-23 09:38:51.037707,10882,0
UChXOhG9bRDb3vSTg-qkPAZg,Gweilo-60,2019-02-23 09:37:51.733393,10882,0
UChXOhG9bRDb3vSTg-qkPAZg,Gweilo-60,2019-02-23 09:36:51.581848,10882,0
UChXOhG9bRDb3vSTg-qkPAZg,Gweilo-60,2019-02-23 09:35:51.456701,10882,0
UChXOhG9bRDb3vSTg-qkPAZg,Gweilo-60,2019-02-23 09:34:50.972713,10882,0
UChXOhG9bRDb3vSTg-qkPAZg,Gweilo-60,2019-02-23 09:33:51.198161,10882,0
UChXOhG9bRDb3vSTg-qkPAZg,Gweilo-60,2019-02-23 09:32:51.464061,10882,0
UChXOhG9bRDb3vSTg-qkPAZg,Gweilo-60,2019-02-23 09:31:51.389246,10882,0
UChXOhG9bRDb3vSTg-qkPAZg,Gweilo-60,2019-02-23 09:30:50.833319,10882,0
UChXOhG9bRDb3vSTg-qkPAZg,Gweilo-60,2019-02-23 09:29:51.095343,10882,0
UChXOhG9bRDb3vSTg-qkPAZg,Gweilo-60,2019-02-23 09:28:50.916517,10882,0
UChXOhG9bRDb3vSTg-qkPAZg,Gweilo-60,2019-02-23 09:27:51.212743,10882,0
UChXOhG9bRDb3vSTg-qkPAZg,Gweilo-60,2019-02-23 09:26:51.134894,10882,0
UChXOhG9bRDb3vSTg-qkPAZg,Gweilo-60,2019-02-23 09:25:51.341916,10882,0
UChXOhG9bRDb3vSTg-qkPAZg,Gweilo-60,2019-02-23 09:24:50.896154,10882,0
UChXOhG9bRDb3vSTg-qkPAZg,Gweilo-60,2019-02-23 09:23:51.577631,10882,0
UChXOhG9bRDb3vSTg-qkPAZg,Gweilo-60,2019-02-23 09:22:51.120154,10882,0
UChXOhG9bRDb3vSTg-qkPAZg,Gweilo-60,2019-02-23 09:21:51.4692,10882,0
UChXOhG9bRDb3vSTg-qkPAZg,Gweilo-60,2019-02-23 09:20:51.053723,10882,0
UChXOhG9bRDb3vSTg-qkPAZg,Gweilo-60,2019-02-23 09:19:50.662875,10882,0
UChXOhG9bRDb3vSTg-qkPAZg,Gweilo-60,2019-02-23 09:18:51.003296,10882,0
UChXOhG9bRDb3vSTg-qkPAZg,Gweilo-60,2019-02-23 09:17:51.217208,10882,0
UChXOhG9bRDb3vSTg-qkPAZg,Gweilo-60,2019-02-23 09:16:52.261261,10882,0
UChXOhG9bRDb3vSTg-qkPAZg,Gweilo-60,2019-02-23 09:15:51.305888,10882,0
UChXOhG9bRDb3vSTg-qkPAZg,Gweilo-60,2019-02-23 09:14:51.137484,10882,0
UChXOhG9bRDb3vSTg-qkPAZg,Gweilo-60,2019-02-23 09:13:51.192351,10882,0
UChXOhG9bRDb3vSTg-qkPAZg,Gweilo-60,2019-02-23 09:12:51.023054,10882,0
UChXOhG9bRDb3vSTg-qkPAZg,Gweilo-60,2019-02-23 09:11:51.685345,10882,0
UChXOhG9bRDb3vSTg-qkPAZg,Gweilo-60,2019-02-23 09:10:51.666251,10882,0
UChXOhG9bRDb3vSTg-qkPAZg,Gweilo-60,2019-02-23 09:09:51.238884,10882,0
UChXOhG9bRDb3vSTg-qkPAZg,Gweilo-60,2019-02-23 09:08:51.643158,10882,0
UChXOhG9bRDb3vSTg-qkPAZg,Gweilo-60,2019-02-23 09:07:51.069792,10882,0
UChXOhG9bRDb3vSTg-qkPAZg,Gweilo-60,2019-02-23 09:06:51.470538,10882,0
UChXOhG9bRDb3vSTg-qkPAZg,Gweilo-60,2019-02-23 09:05:51.464577,10882,0
UChXOhG9bRDb3vSTg-qkPAZg,Gweilo-60,2019-02-23 09:04:51.132745,10882,0
UChXOhG9bRDb3vSTg-qkPAZg,Gweilo-60,2019-02-23 09:03:51.560594,10882,0
UChXOhG9bRDb3vSTg-qkPAZg,Gweilo-60,2019-02-23 09:02:51.481009,10882,0
UChXOhG9bRDb3vSTg-qkPAZg,Gweilo-60,2019-02-23 09:01:50.598244,10882,0
UChXOhG9bRDb3vSTg-qkPAZg,Gweilo-60,2019-02-23 09:00:51.267991,10882,0
UChXOhG9bRDb3vSTg-qkPAZg,Gweilo-60,2019-02-23 08:59:51.22796,10882,0
UChXOhG9bRDb3vSTg-qkPAZg,Gweilo-60,2019-02-23 08:58:50.965216,10882,0
UChXOhG9bRDb3vSTg-qkPAZg,Gweilo-60,2019-02-23 08:57:51.222046,10882,0
UChXOhG9bRDb3vSTg-qkPAZg,Gweilo-60,2019-02-23 08:56:50.983048,10882,0
UChXOhG9bRDb3vSTg-qkPAZg,Gweilo-60,2019-02-23 08:55:51.342093,10882,0
UChXOhG9bRDb3vSTg-qkPAZg,Gweilo-60,2019-02-23 08:54:51.312195,10882,0
UChXOhG9bRDb3vSTg-qkPAZg,Gweilo-60,2019-02-23 08:53:51.059272,10882,0
UChXOhG9bRDb3vSTg-qkPAZg,Gweilo-60,2019-02-23 08:52:50.719172,10882,0
UChXOhG9bRDb3vSTg-qkPAZg,Gweilo-60,2019-02-23 08:51:51.202234,10882,0
UChXOhG9bRDb3vSTg-qkPAZg,Gweilo-60,2019-02-23 08:50:51.253594,10882,0
UChXOhG9bRDb3vSTg-qkPAZg,Gweilo-60,2019-02-23 08:49:50.865021,10882,0
UChXOhG9bRDb3vSTg-qkPAZg,Gweilo-60,2019-02-23 08:48:51.222457,10882,0
UChXOhG9bRDb3vSTg-qkPAZg,Gweilo-60,2019-02-23 08:47:51.173252,10882,0
UChXOhG9bRDb3vSTg-qkPAZg,Gweilo-60,2019-02-23 08:46:51.09838,10882,0
UChXOhG9bRDb3vSTg-qkPAZg,Gweilo-60,2019-02-23 08:45:51.666901,10882,0
UChXOhG9bRDb3vSTg-qkPAZg,Gweilo-60,2019-02-23 08:44:51.383452,10882,0
UChXOhG9bRDb3vSTg-qkPAZg,Gweilo-60,2019-02-23 08:43:51.293237,10882,0
UChXOhG9bRDb3vSTg-qkPAZg,Gweilo-60,2019-02-23 08:42:51.137798,10882,0
UChXOhG9bRDb3vSTg-qkPAZg,Gweilo-60,2019-02-23 08:41:51.284701,10882,0
UChXOhG9bRDb3vSTg-qkPAZg,Gweilo-60,2019-02-23 08:40:51.084737,10882,0
UChXOhG9bRDb3vSTg-qkPAZg,Gweilo-60,2019-02-23 08:39:52.211759,10882,0
UChXOhG9bRDb3vSTg-qkPAZg,Gweilo-60,2019-02-23 08:38:51.301176,10882,0
UChXOhG9bRDb3vSTg-qkPAZg,Gweilo-60,2019-02-23 08:37:50.971986,10882,0
UChXOhG9bRDb3vSTg-qkPAZg,Gweilo-60,2019-02-23 08:36:51.888216,10882,0
UChXOhG9bRDb3vSTg-qkPAZg,Gweilo-60,2019-02-23 08:35:51.642657,10882,0
UChXOhG9bRDb3vSTg-qkPAZg,Gweilo-60,2019-02-23 08:34:50.976435,10882,0
UChXOhG9bRDb3vSTg-qkPAZg,Gweilo-60,2019-02-23 08:33:50.979802,10882,0
UChXOhG9bRDb3vSTg-qkPAZg,Gweilo-60,2019-02-23 08:32:51.160624,10882,0
UChXOhG9bRDb3vSTg-qkPAZg,Gweilo-60,2019-02-23 08:31:51.132755,10882,0
UChXOhG9bRDb3vSTg-qkPAZg,Gweilo-60,2019-02-23 08:30:51.502297,10882,0
UChXOhG9bRDb3vSTg-qkPAZg,Gweilo-60,2019-02-23 08:29:51.200067,10882,0
UChXOhG9bRDb3vSTg-qkPAZg,Gweilo-60,2019-02-23 08:28:51.409473,10882,0
UChXOhG9bRDb3vSTg-qkPAZg,Gweilo-60,2019-02-23 08:27:51.084626,10882,0
UChXOhG9bRDb3vSTg-qkPAZg,Gweilo-60,2019-02-23 08:26:50.98475,10882,0
UChXOhG9bRDb3vSTg-qkPAZg,Gweilo-60,2019-02-23 08:25:50.880476,10882,0
UChXOhG9bRDb3vSTg-qkPAZg,Gweilo-60,2019-02-23 08:24:51.641079,10882,0
UChXOhG9bRDb3vSTg-qkPAZg,Gweilo-60,2019-02-23 08:23:50.626542,10882,0
UChXOhG9bRDb3vSTg-qkPAZg,Gweilo-60,2019-02-23 08:22:51.067536,10882,0
UChXOhG9bRDb3vSTg-qkPAZg,Gweilo-60,2019-02-23 08:21:51.435351,10882,0
UChXOhG9bRDb3vSTg-qkPAZg,Gweilo-60,2019-02-23 08:20:52.049119,10882,0
UChXOhG9bRDb3vSTg-qkPAZg,Gweilo-60,2019-02-23 08:19:51.509591,10882,0
UChXOhG9bRDb3vSTg-qkPAZg,Gweilo-60,2019-02-23 08:18:51.251965,10882,0
UChXOhG9bRDb3vSTg-qkPAZg,Gweilo-60,2019-02-23 08:17:50.82673,10882,0
UChXOhG9bRDb3vSTg-qkPAZg,Gweilo-60,2019-02-23 08:16:51.269108,10882,0
UChXOhG9bRDb3vSTg-qkPAZg,Gweilo-60,2019-02-23 08:15:51.270526,10882,0
UChXOhG9bRDb3vSTg-qkPAZg,Gweilo-60,2019-02-23 08:14:51.51168,10882,0
UChXOhG9bRDb3vSTg-qkPAZg,Gweilo-60,2019-02-23 08:13:51.538111,10882,0
UChXOhG9bRDb3vSTg-qkPAZg,Gweilo-60,2019-02-23 08:12:51.835898,10882,0
UChXOhG9bRDb3vSTg-qkPAZg,Gweilo-60,2019-02-23 08:11:51.478526,10882,0
UChXOhG9bRDb3vSTg-qkPAZg,Gweilo-60,2019-02-23 08:10:50.988446,10882,0
UChXOhG9bRDb3vSTg-qkPAZg,Gweilo-60,2019-02-23 08:09:51.864856,10882,0
UChXOhG9bRDb3vSTg-qkPAZg,Gweilo-60,2019-02-23 08:08:51.036961,10882,0
UChXOhG9bRDb3vSTg-qkPAZg,Gweilo-60,2019-02-23 08:07:51.403463,10882,0
UChXOhG9bRDb3vSTg-qkPAZg,Gweilo-60,2019-02-23 08:06:50.999406,10882,0
UChXOhG9bRDb3vSTg-qkPAZg,Gweilo-60,2019-02-23 08:05:51.432599,10882,0
UChXOhG9bRDb3vSTg-qkPAZg,Gweilo-60,2019-02-23 08:04:51.45308,10882,0
UChXOhG9bRDb3vSTg-qkPAZg,Gweilo-60,2019-02-23 08:03:50.86551,10882,0
UChXOhG9bRDb3vSTg-qkPAZg,Gweilo-60,2019-02-23 08:02:51.143343,10882,0
UChXOhG9bRDb3vSTg-qkPAZg,Gweilo-60,2019-02-23 08:01:50.985791,10882,0
UChXOhG9bRDb3vSTg-qkPAZg,Gweilo-60,2019-02-23 08:00:51.288536,10882,0
UChXOhG9bRDb3vSTg-qkPAZg,Gweilo-60,2019-02-23 07:59:51.038687,10882,0
UChXOhG9bRDb3vSTg-qkPAZg,Gweilo-60,2019-02-23 07:58:51.39045,10882,0
UChXOhG9bRDb3vSTg-qkPAZg,Gweilo-60,2019-02-23 07:57:51.261955,10882,0
UChXOhG9bRDb3vSTg-qkPAZg,Gweilo-60,2019-02-23 07:56:51.416119,10882,0
UChXOhG9bRDb3vSTg-qkPAZg,Gweilo-60,2019-02-23 07:55:51.414244,10882,0
UChXOhG9bRDb3vSTg-qkPAZg,Gweilo-60,2019-02-23 07:54:51.250249,10882,0
UChXOhG9bRDb3vSTg-qkPAZg,Gweilo-60,2019-02-23 07:53:51.037064,10882,0
UChXOhG9bRDb3vSTg-qkPAZg,Gweilo-60,2019-02-23 07:52:51.387343,10882,0
UChXOhG9bRDb3vSTg-qkPAZg,Gweilo-60,2019-02-23 07:51:51.459261,10882,0
UChXOhG9bRDb3vSTg-qkPAZg,Gweilo-60,2019-02-23 07:50:50.811898,10882,0
UChXOhG9bRDb3vSTg-qkPAZg,Gweilo-60,2019-02-23 07:49:50.708714,10882,0
UChXOhG9bRDb3vSTg-qkPAZg,Gweilo-60,2019-02-23 07:48:51.362087,10882,0
UChXOhG9bRDb3vSTg-qkPAZg,Gweilo-60,2019-02-23 07:47:51.255804,10882,0
UChXOhG9bRDb3vSTg-qkPAZg,Gweilo-60,2019-02-23 07:46:51.56894,10882,0
UChXOhG9bRDb3vSTg-qkPAZg,Gweilo-60,2019-02-23 07:45:50.874497,10882,0
UChXOhG9bRDb3vSTg-qkPAZg,Gweilo-60,2019-02-23 07:44:51.342488,10882,0
UChXOhG9bRDb3vSTg-qkPAZg,Gweilo-60,2019-02-23 07:43:51.39826,10882,0
UChXOhG9bRDb3vSTg-qkPAZg,Gweilo-60,2019-02-23 07:42:51.377779,10882,0
UChXOhG9bRDb3vSTg-qkPAZg,Gweilo-60,2019-02-23 07:41:51.779105,10882,0
UChXOhG9bRDb3vSTg-qkPAZg,Gweilo-60,2019-02-23 07:40:51.869047,10882,0
UChXOhG9bRDb3vSTg-qkPAZg,Gweilo-60,2019-02-23 07:39:51.087852,10882,0
UChXOhG9bRDb3vSTg-qkPAZg,Gweilo-60,2019-02-23 07:38:51.245519,10882,0
UChXOhG9bRDb3vSTg-qkPAZg,Gweilo-60,2019-02-23 07:37:51.832541,10882,0
UChXOhG9bRDb3vSTg-qkPAZg,Gweilo-60,2019-02-23 07:36:50.833118,10882,0
UChXOhG9bRDb3vSTg-qkPAZg,Gweilo-60,2019-02-23 07:35:51.369853,10882,0
UChXOhG9bRDb3vSTg-qkPAZg,Gweilo-60,2019-02-23 07:34:51.504878,10882,0
UChXOhG9bRDb3vSTg-qkPAZg,Gweilo-60,2019-02-23 07:33:51.51187,10882,0
UChXOhG9bRDb3vSTg-qkPAZg,Gweilo-60,2019-02-23 07:32:51.170182,10882,0
UChXOhG9bRDb3vSTg-qkPAZg,Gweilo-60,2019-02-23 07:31:50.736842,10882,0
UChXOhG9bRDb3vSTg-qkPAZg,Gweilo-60,2019-02-23 07:30:51.239529,10882,0
UChXOhG9bRDb3vSTg-qkPAZg,Gweilo-60,2019-02-23 07:29:50.931054,10882,0
UChXOhG9bRDb3vSTg-qkPAZg,Gweilo-60,2019-02-23 07:28:51.036758,10882,0
UChXOhG9bRDb3vSTg-qkPAZg,Gweilo-60,2019-02-23 07:27:50.587758,10882,0
UChXOhG9bRDb3vSTg-qkPAZg,Gweilo-60,2019-02-23 07:26:50.936621,10882,0
UChXOhG9bRDb3vSTg-qkPAZg,Gweilo-60,2019-02-23 07:25:51.129828,10882,0
UChXOhG9bRDb3vSTg-qkPAZg,Gweilo-60,2019-02-23 07:24:50.831328,10882,0
UChXOhG9bRDb3vSTg-qkPAZg,Gweilo-60,2019-02-23 07:23:50.83216,10882,0
UChXOhG9bRDb3vSTg-qkPAZg,Gweilo-60,2019-02-23 07:22:51.24925,10882,0
UChXOhG9bRDb3vSTg-qkPAZg,Gweilo-60,2019-02-23 07:21:51.248065,10882,0
UChXOhG9bRDb3vSTg-qkPAZg,Gweilo-60,2019-02-23 07:20:50.715263,10882,0
UChXOhG9bRDb3vSTg-qkPAZg,Gweilo-60,2019-02-23 07:19:51.295735,10882,0
UChXOhG9bRDb3vSTg-qkPAZg,Gweilo-60,2019-02-23 07:18:51.400536,10882,0
UChXOhG9bRDb3vSTg-qkPAZg,Gweilo-60,2019-02-23 07:17:51.150225,10882,0
UChXOhG9bRDb3vSTg-qkPAZg,Gweilo-60,2019-02-23 07:16:51.268277,10882,0
UChXOhG9bRDb3vSTg-qkPAZg,Gweilo-60,2019-02-23 07:15:50.728854,10882,0
UChXOhG9bRDb3vSTg-qkPAZg,Gweilo-60,2019-02-23 07:14:51.233768,10882,0
UChXOhG9bRDb3vSTg-qkPAZg,Gweilo-60,2019-02-23 07:13:51.27191,10882,0
UChXOhG9bRDb3vSTg-qkPAZg,Gweilo-60,2019-02-23 07:12:51.474028,10882,0
UChXOhG9bRDb3vSTg-qkPAZg,Gweilo-60,2019-02-23 07:11:51.007516,10882,0
UChXOhG9bRDb3vSTg-qkPAZg,Gweilo-60,2019-02-23 07:10:51.121083,10882,0
UChXOhG9bRDb3vSTg-qkPAZg,Gweilo-60,2019-02-23 07:09:51.797485,10882,0
UChXOhG9bRDb3vSTg-qkPAZg,Gweilo-60,2019-02-23 07:08:51.350395,10882,0
UChXOhG9bRDb3vSTg-qkPAZg,Gweilo-60,2019-02-23 07:07:51.239375,10882,0
UChXOhG9bRDb3vSTg-qkPAZg,Gweilo-60,2019-02-23 07:06:51.334773,10882,0
UChXOhG9bRDb3vSTg-qkPAZg,Gweilo-60,2019-02-23 07:05:51.143636,10882,0
UChXOhG9bRDb3vSTg-qkPAZg,Gweilo-60,2019-02-23 07:04:51.313009,10882,0
UChXOhG9bRDb3vSTg-qkPAZg,Gweilo-60,2019-02-23 07:03:51.003658,10882,0
UChXOhG9bRDb3vSTg-qkPAZg,Gweilo-60,2019-02-23 07:02:51.311381,10882,0
UChXOhG9bRDb3vSTg-qkPAZg,Gweilo-60,2019-02-23 07:01:51.994635,10882,0
UChXOhG9bRDb3vSTg-qkPAZg,Gweilo-60,2019-02-23 07:00:51.248673,10882,0
UChXOhG9bRDb3vSTg-qkPAZg,Gweilo-60,2019-02-23 06:59:51.199956,10882,0
UChXOhG9bRDb3vSTg-qkPAZg,Gweilo-60,2019-02-23 06:58:51.176193,10882,0
UChXOhG9bRDb3vSTg-qkPAZg,Gweilo-60,2019-02-23 06:57:51.442165,10882,0
UChXOhG9bRDb3vSTg-qkPAZg,Gweilo-60,2019-02-23 06:56:51.680484,10882,0
UChXOhG9bRDb3vSTg-qkPAZg,Gweilo-60,2019-02-23 06:55:51.060813,10882,0
UChXOhG9bRDb3vSTg-qkPAZg,Gweilo-60,2019-02-23 06:54:51.408597,10882,0
UChXOhG9bRDb3vSTg-qkPAZg,Gweilo-60,2019-02-23 06:53:51.154099,10882,0
UChXOhG9bRDb3vSTg-qkPAZg,Gweilo-60,2019-02-23 06:52:51.34395,10882,0
UChXOhG9bRDb3vSTg-qkPAZg,Gweilo-60,2019-02-23 06:51:50.975723,10882,0
UChXOhG9bRDb3vSTg-qkPAZg,Gweilo-60,2019-02-23 06:50:51.073916,10882,0
UChXOhG9bRDb3vSTg-qkPAZg,Gweilo-60,2019-02-23 06:49:51.656426,10882,0
UChXOhG9bRDb3vSTg-qkPAZg,Gweilo-60,2019-02-23 06:48:51.303402,10882,0
UChXOhG9bRDb3vSTg-qkPAZg,Gweilo-60,2019-02-23 06:47:51.002876,10882,0
UChXOhG9bRDb3vSTg-qkPAZg,Gweilo-60,2019-02-23 06:46:50.835067,10882,0
UChXOhG9bRDb3vSTg-qkPAZg,Gweilo-60,2019-02-23 06:45:51.010357,10882,0
UChXOhG9bRDb3vSTg-qkPAZg,Gweilo-60,2019-02-23 06:44:51.322132,10882,0
UChXOhG9bRDb3vSTg-qkPAZg,Gweilo-60,2019-02-23 06:43:51.268886,10882,1
UChXOhG9bRDb3vSTg-qkPAZg,Gweilo-60,2019-02-23 06:42:51.184935,10881,0
UChXOhG9bRDb3vSTg-qkPAZg,Gweilo-60,2019-02-23 06:41:51.503944,10881,0
UChXOhG9bRDb3vSTg-qkPAZg,Gweilo-60,2019-02-23 06:40:51.373993,10881,0
UChXOhG9bRDb3vSTg-qkPAZg,Gweilo-60,2019-02-23 06:39:50.984891,10881,0
UChXOhG9bRDb3vSTg-qkPAZg,Gweilo-60,2019-02-23 06:38:51.410672,10881,0
UChXOhG9bRDb3vSTg-qkPAZg,Gweilo-60,2019-02-23 06:37:51.178149,10881,0
UChXOhG9bRDb3vSTg-qkPAZg,Gweilo-60,2019-02-23 06:36:52.231808,10881,0
UChXOhG9bRDb3vSTg-qkPAZg,Gweilo-60,2019-02-23 06:35:50.987728,10881,0
UChXOhG9bRDb3vSTg-qkPAZg,Gweilo-60,2019-02-23 06:34:50.716843,10881,0
UChXOhG9bRDb3vSTg-qkPAZg,Gweilo-60,2019-02-23 06:33:50.914743,10881,0
UChXOhG9bRDb3vSTg-qkPAZg,Gweilo-60,2019-02-23 06:32:51.215624,10881,0
UChXOhG9bRDb3vSTg-qkPAZg,Gweilo-60,2019-02-23 06:31:50.818307,10881,0
UChXOhG9bRDb3vSTg-qkPAZg,Gweilo-60,2019-02-23 06:30:51.315007,10881,0
UChXOhG9bRDb3vSTg-qkPAZg,Gweilo-60,2019-02-23 06:29:50.86713,10881,0
UChXOhG9bRDb3vSTg-qkPAZg,Gweilo-60,2019-02-23 06:28:51.05447,10881,0
UChXOhG9bRDb3vSTg-qkPAZg,Gweilo-60,2019-02-23 06:27:51.574748,10881,0
UChXOhG9bRDb3vSTg-qkPAZg,Gweilo-60,2019-02-23 06:26:51.284502,10881,0
UChXOhG9bRDb3vSTg-qkPAZg,Gweilo-60,2019-02-23 06:25:51.139087,10881,0
UChXOhG9bRDb3vSTg-qkPAZg,Gweilo-60,2019-02-23 06:24:51.155872,10881,0
UChXOhG9bRDb3vSTg-qkPAZg,Gweilo-60,2019-02-23 06:23:51.501654,10881,0
UChXOhG9bRDb3vSTg-qkPAZg,Gweilo-60,2019-02-23 06:22:52.14994,10881,0
UChXOhG9bRDb3vSTg-qkPAZg,Gweilo-60,2019-02-23 06:21:51.356071,10881,0
UChXOhG9bRDb3vSTg-qkPAZg,Gweilo-60,2019-02-23 06:20:51.138148,10881,0
UChXOhG9bRDb3vSTg-qkPAZg,Gweilo-60,2019-02-23 06:19:51.100819,10881,0
UChXOhG9bRDb3vSTg-qkPAZg,Gweilo-60,2019-02-23 06:18:51.423793,10881,0
UChXOhG9bRDb3vSTg-qkPAZg,Gweilo-60,2019-02-23 06:17:51.101273,10881,0
UChXOhG9bRDb3vSTg-qkPAZg,Gweilo-60,2019-02-23 06:16:50.942258,10881,0
UChXOhG9bRDb3vSTg-qkPAZg,Gweilo-60,2019-02-23 06:15:51.439876,10881,0
UChXOhG9bRDb3vSTg-qkPAZg,Gweilo-60,2019-02-23 06:14:50.830361,10881,0
UChXOhG9bRDb3vSTg-qkPAZg,Gweilo-60,2019-02-23 06:13:50.86368,10881,0
UChXOhG9bRDb3vSTg-qkPAZg,Gweilo-60,2019-02-23 06:12:50.946381,10881,0
UChXOhG9bRDb3vSTg-qkPAZg,Gweilo-60,2019-02-23 06:11:51.456802,10881,0
UChXOhG9bRDb3vSTg-qkPAZg,Gweilo-60,2019-02-23 06:10:51.483915,10881,0
UChXOhG9bRDb3vSTg-qkPAZg,Gweilo-60,2019-02-23 06:09:51.414488,10881,0
UChXOhG9bRDb3vSTg-qkPAZg,Gweilo-60,2019-02-23 06:08:52.394403,10881,0
UChXOhG9bRDb3vSTg-qkPAZg,Gweilo-60,2019-02-23 06:07:51.255306,10881,0
UChXOhG9bRDb3vSTg-qkPAZg,Gweilo-60,2019-02-23 06:06:51.3514,10881,0
UChXOhG9bRDb3vSTg-qkPAZg,Gweilo-60,2019-02-23 06:05:50.760486,10881,0
UChXOhG9bRDb3vSTg-qkPAZg,Gweilo-60,2019-02-23 06:04:50.618948,10881,0
UChXOhG9bRDb3vSTg-qkPAZg,Gweilo-60,2019-02-23 06:03:51.737121,10881,0
UChXOhG9bRDb3vSTg-qkPAZg,Gweilo-60,2019-02-23 06:02:50.999571,10881,0
UChXOhG9bRDb3vSTg-qkPAZg,Gweilo-60,2019-02-23 06:01:50.967596,10881,0
UChXOhG9bRDb3vSTg-qkPAZg,Gweilo-60,2019-02-23 06:00:51.500351,10881,0
UChXOhG9bRDb3vSTg-qkPAZg,Gweilo-60,2019-02-23 05:59:51.363334,10881,0
UChXOhG9bRDb3vSTg-qkPAZg,Gweilo-60,2019-02-23 05:58:51.664838,10881,0
UChXOhG9bRDb3vSTg-qkPAZg,Gweilo-60,2019-02-23 05:57:51.494127,10881,0
UChXOhG9bRDb3vSTg-qkPAZg,Gweilo-60,2019-02-23 05:56:51.87369,10881,0
UChXOhG9bRDb3vSTg-qkPAZg,Gweilo-60,2019-02-23 05:55:51.384229,10881,0
UChXOhG9bRDb3vSTg-qkPAZg,Gweilo-60,2019-02-23 05:54:52.210932,10881,0
UChXOhG9bRDb3vSTg-qkPAZg,Gweilo-60,2019-02-23 05:53:51.083193,10881,0
UChXOhG9bRDb3vSTg-qkPAZg,Gweilo-60,2019-02-23 05:52:51.080145,10881,0
UChXOhG9bRDb3vSTg-qkPAZg,Gweilo-60,2019-02-23 05:51:51.825151,10881,0
UChXOhG9bRDb3vSTg-qkPAZg,Gweilo-60,2019-02-23 05:50:51.289121,10881,0
UChXOhG9bRDb3vSTg-qkPAZg,Gweilo-60,2019-02-23 05:49:51.924195,10881,0
UChXOhG9bRDb3vSTg-qkPAZg,Gweilo-60,2019-02-23 05:48:50.961194,10881,0
UChXOhG9bRDb3vSTg-qkPAZg,Gweilo-60,2019-02-23 05:47:51.090215,10881,0
UChXOhG9bRDb3vSTg-qkPAZg,Gweilo-60,2019-02-23 05:46:51.777276,10881,0
UChXOhG9bRDb3vSTg-qkPAZg,Gweilo-60,2019-02-23 05:45:51.334484,10881,0
UChXOhG9bRDb3vSTg-qkPAZg,Gweilo-60,2019-02-23 05:44:51.708942,10881,0
UChXOhG9bRDb3vSTg-qkPAZg,Gweilo-60,2019-02-23 05:43:51.471282,10881,1
UChXOhG9bRDb3vSTg-qkPAZg,Gweilo-60,2019-02-23 05:42:51.572513,10880,0
UChXOhG9bRDb3vSTg-qkPAZg,Gweilo-60,2019-02-23 05:41:51.568081,10880,0
UChXOhG9bRDb3vSTg-qkPAZg,Gweilo-60,2019-02-23 05:40:50.811291,10880,1
UChXOhG9bRDb3vSTg-qkPAZg,Gweilo-60,2019-02-23 05:39:50.969351,10879,0
UChXOhG9bRDb3vSTg-qkPAZg,Gweilo-60,2019-02-23 05:38:51.412996,10879,0
UChXOhG9bRDb3vSTg-qkPAZg,Gweilo-60,2019-02-23 05:37:51.224579,10879,0
UChXOhG9bRDb3vSTg-qkPAZg,Gweilo-60,2019-02-23 05:36:50.962628,10879,0
UChXOhG9bRDb3vSTg-qkPAZg,Gweilo-60,2019-02-23 05:35:51.283964,10879,0
UChXOhG9bRDb3vSTg-qkPAZg,Gweilo-60,2019-02-23 05:34:50.961391,10879,0
UChXOhG9bRDb3vSTg-qkPAZg,Gweilo-60,2019-02-23 05:33:50.797372,10879,0
UChXOhG9bRDb3vSTg-qkPAZg,Gweilo-60,2019-02-23 05:32:50.809336,10879,0
UChXOhG9bRDb3vSTg-qkPAZg,Gweilo-60,2019-02-23 05:31:51.409639,10879,0
UChXOhG9bRDb3vSTg-qkPAZg,Gweilo-60,2019-02-23 05:30:50.671231,10879,0
UChXOhG9bRDb3vSTg-qkPAZg,Gweilo-60,2019-02-23 05:29:51.518437,10879,0
UChXOhG9bRDb3vSTg-qkPAZg,Gweilo-60,2019-02-23 05:28:51.958298,10879,0
UChXOhG9bRDb3vSTg-qkPAZg,Gweilo-60,2019-02-23 05:27:51.182496,10879,0
UChXOhG9bRDb3vSTg-qkPAZg,Gweilo-60,2019-02-23 05:26:51.111451,10879,0
UChXOhG9bRDb3vSTg-qkPAZg,Gweilo-60,2019-02-23 05:25:51.65859,10879,0
UChXOhG9bRDb3vSTg-qkPAZg,Gweilo-60,2019-02-23 05:24:51.598017,10879,0
UChXOhG9bRDb3vSTg-qkPAZg,Gweilo-60,2019-02-23 05:23:51.104372,10879,0
UChXOhG9bRDb3vSTg-qkPAZg,Gweilo-60,2019-02-23 05:22:50.803024,10879,0
UChXOhG9bRDb3vSTg-qkPAZg,Gweilo-60,2019-02-23 05:21:51.128701,10879,0
UChXOhG9bRDb3vSTg-qkPAZg,Gweilo-60,2019-02-23 05:20:50.989236,10879,0
UChXOhG9bRDb3vSTg-qkPAZg,Gweilo-60,2019-02-23 05:19:51.701067,10879,0
UChXOhG9bRDb3vSTg-qkPAZg,Gweilo-60,2019-02-23 05:18:51.075493,10879,0
UChXOhG9bRDb3vSTg-qkPAZg,Gweilo-60,2019-02-23 05:17:50.877087,10879,0
UChXOhG9bRDb3vSTg-qkPAZg,Gweilo-60,2019-02-23 05:16:50.905619,10879,0
UChXOhG9bRDb3vSTg-qkPAZg,Gweilo-60,2019-02-23 05:15:51.245985,10879,0
UChXOhG9bRDb3vSTg-qkPAZg,Gweilo-60,2019-02-23 05:14:51.08464,10879,0
UChXOhG9bRDb3vSTg-qkPAZg,Gweilo-60,2019-02-23 05:13:51.320416,10879,0
UChXOhG9bRDb3vSTg-qkPAZg,Gweilo-60,2019-02-23 05:12:51.433802,10879,0
UChXOhG9bRDb3vSTg-qkPAZg,Gweilo-60,2019-02-23 05:11:51.374936,10879,0
UChXOhG9bRDb3vSTg-qkPAZg,Gweilo-60,2019-02-23 05:10:50.885043,10879,0
UChXOhG9bRDb3vSTg-qkPAZg,Gweilo-60,2019-02-23 05:09:51.092239,10879,0
UChXOhG9bRDb3vSTg-qkPAZg,Gweilo-60,2019-02-23 05:08:51.286316,10879,0
UChXOhG9bRDb3vSTg-qkPAZg,Gweilo-60,2019-02-23 05:07:51.45331,10879,0
UChXOhG9bRDb3vSTg-qkPAZg,Gweilo-60,2019-02-23 05:06:51.513112,10879,0
UChXOhG9bRDb3vSTg-qkPAZg,Gweilo-60,2019-02-23 05:05:50.567707,10879,0
UChXOhG9bRDb3vSTg-qkPAZg,Gweilo-60,2019-02-23 05:04:50.759643,10879,0
UChXOhG9bRDb3vSTg-qkPAZg,Gweilo-60,2019-02-23 05:03:51.238548,10879,0
UChXOhG9bRDb3vSTg-qkPAZg,Gweilo-60,2019-02-23 05:02:51.070625,10879,0
UChXOhG9bRDb3vSTg-qkPAZg,Gweilo-60,2019-02-23 05:01:51.264181,10879,0
UChXOhG9bRDb3vSTg-qkPAZg,Gweilo-60,2019-02-23 05:00:51.37369,10879,0
UChXOhG9bRDb3vSTg-qkPAZg,Gweilo-60,2019-02-23 04:59:50.973057,10879,0
UChXOhG9bRDb3vSTg-qkPAZg,Gweilo-60,2019-02-23 04:58:51.634724,10879,0
UChXOhG9bRDb3vSTg-qkPAZg,Gweilo-60,2019-02-23 04:57:50.767071,10879,0
UChXOhG9bRDb3vSTg-qkPAZg,Gweilo-60,2019-02-23 04:56:51.393898,10879,0
UChXOhG9bRDb3vSTg-qkPAZg,Gweilo-60,2019-02-23 04:55:50.843555,10879,0
UChXOhG9bRDb3vSTg-qkPAZg,Gweilo-60,2019-02-23 04:54:51.316439,10879,0
UChXOhG9bRDb3vSTg-qkPAZg,Gweilo-60,2019-02-23 04:53:51.650293,10879,0
UChXOhG9bRDb3vSTg-qkPAZg,Gweilo-60,2019-02-23 04:52:50.930518,10879,0
UChXOhG9bRDb3vSTg-qkPAZg,Gweilo-60,2019-02-23 04:51:51.1816,10879,0
UChXOhG9bRDb3vSTg-qkPAZg,Gweilo-60,2019-02-23 04:50:51.155962,10879,0
UChXOhG9bRDb3vSTg-qkPAZg,Gweilo-60,2019-02-23 04:49:51.12657,10879,0
UChXOhG9bRDb3vSTg-qkPAZg,Gweilo-60,2019-02-23 04:48:52.08904,10879,0
UChXOhG9bRDb3vSTg-qkPAZg,Gweilo-60,2019-02-23 04:47:51.274299,10879,0
UChXOhG9bRDb3vSTg-qkPAZg,Gweilo-60,2019-02-23 04:46:51.422085,10879,0
UChXOhG9bRDb3vSTg-qkPAZg,Gweilo-60,2019-02-23 04:45:51.229346,10879,0
UChXOhG9bRDb3vSTg-qkPAZg,Gweilo-60,2019-02-23 04:44:51.090602,10879,0
UChXOhG9bRDb3vSTg-qkPAZg,Gweilo-60,2019-02-23 04:43:51.287389,10879,0
UChXOhG9bRDb3vSTg-qkPAZg,Gweilo-60,2019-02-23 04:42:51.044215,10879,0
UChXOhG9bRDb3vSTg-qkPAZg,Gweilo-60,2019-02-23 04:41:51.248737,10879,0
UChXOhG9bRDb3vSTg-qkPAZg,Gweilo-60,2019-02-23 04:40:51.724718,10879,0
UChXOhG9bRDb3vSTg-qkPAZg,Gweilo-60,2019-02-23 04:39:50.916255,10879,0
UChXOhG9bRDb3vSTg-qkPAZg,Gweilo-60,2019-02-23 04:38:51.235078,10879,0
UChXOhG9bRDb3vSTg-qkPAZg,Gweilo-60,2019-02-23 04:37:51.453601,10879,0
UChXOhG9bRDb3vSTg-qkPAZg,Gweilo-60,2019-02-23 04:36:51.055247,10879,0
UChXOhG9bRDb3vSTg-qkPAZg,Gweilo-60,2019-02-23 04:35:51.737182,10879,0
UChXOhG9bRDb3vSTg-qkPAZg,Gweilo-60,2019-02-23 04:34:50.974141,10879,0
UChXOhG9bRDb3vSTg-qkPAZg,Gweilo-60,2019-02-23 04:33:51.137355,10879,0
UChXOhG9bRDb3vSTg-qkPAZg,Gweilo-60,2019-02-23 04:32:50.877238,10879,-1
UChXOhG9bRDb3vSTg-qkPAZg,Gweilo-60,2019-02-23 04:31:51.546567,10880,0
UChXOhG9bRDb3vSTg-qkPAZg,Gweilo-60,2019-02-23 04:30:51.207307,10880,0
UChXOhG9bRDb3vSTg-qkPAZg,Gweilo-60,2019-02-23 04:29:51.633152,10880,1
UChXOhG9bRDb3vSTg-qkPAZg,Gweilo-60,2019-02-23 04:28:51.538514,10879,0
UChXOhG9bRDb3vSTg-qkPAZg,Gweilo-60,2019-02-23 04:27:51.580947,10879,0
UChXOhG9bRDb3vSTg-qkPAZg,Gweilo-60,2019-02-23 04:26:51.291583,10879,0
UChXOhG9bRDb3vSTg-qkPAZg,Gweilo-60,2019-02-23 04:25:50.753207,10879,0
UChXOhG9bRDb3vSTg-qkPAZg,Gweilo-60,2019-02-23 04:24:51.860084,10879,0
UChXOhG9bRDb3vSTg-qkPAZg,Gweilo-60,2019-02-23 04:23:53.305178,10879,0
UChXOhG9bRDb3vSTg-qkPAZg,Gweilo-60,2019-02-23 04:22:51.113601,10879,0
UChXOhG9bRDb3vSTg-qkPAZg,Gweilo-60,2019-02-23 04:21:51.073775,10879,0
UChXOhG9bRDb3vSTg-qkPAZg,Gweilo-60,2019-02-23 04:20:51.522722,10879,0
UChXOhG9bRDb3vSTg-qkPAZg,Gweilo-60,2019-02-23 04:19:51.000975,10879,0
UChXOhG9bRDb3vSTg-qkPAZg,Gweilo-60,2019-02-23 04:18:50.900286,10879,0
UChXOhG9bRDb3vSTg-qkPAZg,Gweilo-60,2019-02-23 04:17:51.300699,10879,0
UChXOhG9bRDb3vSTg-qkPAZg,Gweilo-60,2019-02-23 04:16:51.126312,10879,0
UChXOhG9bRDb3vSTg-qkPAZg,Gweilo-60,2019-02-23 04:15:52.555049,10879,0
UChXOhG9bRDb3vSTg-qkPAZg,Gweilo-60,2019-02-23 04:14:51.294682,10879,0
UChXOhG9bRDb3vSTg-qkPAZg,Gweilo-60,2019-02-23 04:13:51.165912,10879,0
UChXOhG9bRDb3vSTg-qkPAZg,Gweilo-60,2019-02-23 04:12:51.492866,10879,0
UChXOhG9bRDb3vSTg-qkPAZg,Gweilo-60,2019-02-23 04:11:51.219936,10879,1
UChXOhG9bRDb3vSTg-qkPAZg,Gweilo-60,2019-02-23 04:10:51.038896,10878,0
UChXOhG9bRDb3vSTg-qkPAZg,Gweilo-60,2019-02-23 04:09:51.30674,10878,0
UChXOhG9bRDb3vSTg-qkPAZg,Gweilo-60,2019-02-23 04:08:51.248337,10878,0
UChXOhG9bRDb3vSTg-qkPAZg,Gweilo-60,2019-02-23 04:07:51.448845,10878,0
UChXOhG9bRDb3vSTg-qkPAZg,Gweilo-60,2019-02-23 04:06:50.82003,10878,0
UChXOhG9bRDb3vSTg-qkPAZg,Gweilo-60,2019-02-23 04:05:51.64272,10878,0
UChXOhG9bRDb3vSTg-qkPAZg,Gweilo-60,2019-02-23 04:04:51.992708,10878,0
UChXOhG9bRDb3vSTg-qkPAZg,Gweilo-60,2019-02-23 04:03:52.317395,10878,0
UChXOhG9bRDb3vSTg-qkPAZg,Gweilo-60,2019-02-23 04:02:51.277839,10878,0
UChXOhG9bRDb3vSTg-qkPAZg,Gweilo-60,2019-02-23 04:01:51.079974,10878,0
UChXOhG9bRDb3vSTg-qkPAZg,Gweilo-60,2019-02-23 04:00:51.304761,10878,0
UChXOhG9bRDb3vSTg-qkPAZg,Gweilo-60,2019-02-23 03:59:51.911987,10878,0
UChXOhG9bRDb3vSTg-qkPAZg,Gweilo-60,2019-02-23 03:58:52.369909,10878,0
UChXOhG9bRDb3vSTg-qkPAZg,Gweilo-60,2019-02-23 03:57:51.338588,10878,0
UChXOhG9bRDb3vSTg-qkPAZg,Gweilo-60,2019-02-23 03:56:51.156876,10878,0
UChXOhG9bRDb3vSTg-qkPAZg,Gweilo-60,2019-02-23 03:55:51.518502,10878,0
UChXOhG9bRDb3vSTg-qkPAZg,Gweilo-60,2019-02-23 03:54:51.444643,10878,0
UChXOhG9bRDb3vSTg-qkPAZg,Gweilo-60,2019-02-23 03:53:51.378814,10878,1
UChXOhG9bRDb3vSTg-qkPAZg,Gweilo-60,2019-02-23 03:52:51.524038,10877,0
UChXOhG9bRDb3vSTg-qkPAZg,Gweilo-60,2019-02-23 03:51:51.137261,10877,0
UChXOhG9bRDb3vSTg-qkPAZg,Gweilo-60,2019-02-23 03:50:51.479376,10877,0
UChXOhG9bRDb3vSTg-qkPAZg,Gweilo-60,2019-02-23 03:49:51.27707,10877,0
UChXOhG9bRDb3vSTg-qkPAZg,Gweilo-60,2019-02-23 03:48:51.330765,10877,0
UChXOhG9bRDb3vSTg-qkPAZg,Gweilo-60,2019-02-23 03:47:51.537404,10877,0
UChXOhG9bRDb3vSTg-qkPAZg,Gweilo-60,2019-02-23 03:46:51.290956,10877,0
UChXOhG9bRDb3vSTg-qkPAZg,Gweilo-60,2019-02-23 03:45:51.063232,10877,0
UChXOhG9bRDb3vSTg-qkPAZg,Gweilo-60,2019-02-23 03:44:51.818355,10877,0
UChXOhG9bRDb3vSTg-qkPAZg,Gweilo-60,2019-02-23 03:43:52.082844,10877,0
UChXOhG9bRDb3vSTg-qkPAZg,Gweilo-60,2019-02-23 03:42:51.121215,10877,0
UChXOhG9bRDb3vSTg-qkPAZg,Gweilo-60,2019-02-23 03:41:51.451874,10877,0
UChXOhG9bRDb3vSTg-qkPAZg,Gweilo-60,2019-02-23 03:40:50.966725,10877,0
UChXOhG9bRDb3vSTg-qkPAZg,Gweilo-60,2019-02-23 03:39:51.387247,10877,0
UChXOhG9bRDb3vSTg-qkPAZg,Gweilo-60,2019-02-23 03:38:51.059627,10877,0
UChXOhG9bRDb3vSTg-qkPAZg,Gweilo-60,2019-02-23 03:37:51.135724,10877,0
UChXOhG9bRDb3vSTg-qkPAZg,Gweilo-60,2019-02-23 03:36:51.529041,10877,0
UChXOhG9bRDb3vSTg-qkPAZg,Gweilo-60,2019-02-23 03:35:51.506252,10877,0
UChXOhG9bRDb3vSTg-qkPAZg,Gweilo-60,2019-02-23 03:34:51.166465,10877,0
UChXOhG9bRDb3vSTg-qkPAZg,Gweilo-60,2019-02-23 03:33:51.354485,10877,0
UChXOhG9bRDb3vSTg-qkPAZg,Gweilo-60,2019-02-23 03:32:51.496407,10877,0
UChXOhG9bRDb3vSTg-qkPAZg,Gweilo-60,2019-02-23 03:31:51.41181,10877,0
UChXOhG9bRDb3vSTg-qkPAZg,Gweilo-60,2019-02-23 03:30:51.050588,10877,0
UChXOhG9bRDb3vSTg-qkPAZg,Gweilo-60,2019-02-23 03:29:52.211039,10877,0
UChXOhG9bRDb3vSTg-qkPAZg,Gweilo-60,2019-02-23 03:28:50.820628,10877,0
UChXOhG9bRDb3vSTg-qkPAZg,Gweilo-60,2019-02-23 03:27:50.948027,10877,0
UChXOhG9bRDb3vSTg-qkPAZg,Gweilo-60,2019-02-23 03:26:52.185236,10877,0
UChXOhG9bRDb3vSTg-qkPAZg,Gweilo-60,2019-02-23 03:25:51.416798,10877,0
UChXOhG9bRDb3vSTg-qkPAZg,Gweilo-60,2019-02-23 03:24:51.071506,10877,0
UChXOhG9bRDb3vSTg-qkPAZg,Gweilo-60,2019-02-23 03:23:51.330191,10877,0
UChXOhG9bRDb3vSTg-qkPAZg,Gweilo-60,2019-02-23 03:22:51.004021,10877,0
UChXOhG9bRDb3vSTg-qkPAZg,Gweilo-60,2019-02-23 03:21:53.058044,10877,0
UChXOhG9bRDb3vSTg-qkPAZg,Gweilo-60,2019-02-23 03:20:51.364948,10877,0
UChXOhG9bRDb3vSTg-qkPAZg,Gweilo-60,2019-02-23 03:19:51.483126,10877,0
UChXOhG9bRDb3vSTg-qkPAZg,Gweilo-60,2019-02-23 03:18:51.457783,10877,0
UChXOhG9bRDb3vSTg-qkPAZg,Gweilo-60,2019-02-23 03:17:51.191414,10877,0
UChXOhG9bRDb3vSTg-qkPAZg,Gweilo-60,2019-02-23 03:16:51.24546,10877,0
UChXOhG9bRDb3vSTg-qkPAZg,Gweilo-60,2019-02-23 03:15:52.098256,10877,0
UChXOhG9bRDb3vSTg-qkPAZg,Gweilo-60,2019-02-23 03:14:51.117402,10877,0
UChXOhG9bRDb3vSTg-qkPAZg,Gweilo-60,2019-02-23 03:13:50.925116,10877,0
UChXOhG9bRDb3vSTg-qkPAZg,Gweilo-60,2019-02-23 03:12:51.200499,10877,0
UChXOhG9bRDb3vSTg-qkPAZg,Gweilo-60,2019-02-23 03:11:51.719164,10877,0
UChXOhG9bRDb3vSTg-qkPAZg,Gweilo-60,2019-02-23 03:10:51.789506,10877,0
UChXOhG9bRDb3vSTg-qkPAZg,Gweilo-60,2019-02-23 03:09:51.624191,10877,-1
UChXOhG9bRDb3vSTg-qkPAZg,Gweilo-60,2019-02-23 03:08:51.85996,10878,0
UChXOhG9bRDb3vSTg-qkPAZg,Gweilo-60,2019-02-23 03:07:52.540449,10878,0
UChXOhG9bRDb3vSTg-qkPAZg,Gweilo-60,2019-02-23 03:06:51.05652,10878,0
UChXOhG9bRDb3vSTg-qkPAZg,Gweilo-60,2019-02-23 03:05:50.79295,10878,0
UChXOhG9bRDb3vSTg-qkPAZg,Gweilo-60,2019-02-23 03:04:51.014773,10878,0
UChXOhG9bRDb3vSTg-qkPAZg,Gweilo-60,2019-02-23 03:03:50.968257,10878,0
UChXOhG9bRDb3vSTg-qkPAZg,Gweilo-60,2019-02-23 03:02:51.114802,10878,0
UChXOhG9bRDb3vSTg-qkPAZg,Gweilo-60,2019-02-23 03:01:51.393695,10878,0
UChXOhG9bRDb3vSTg-qkPAZg,Gweilo-60,2019-02-23 03:00:51.190044,10878,0
UChXOhG9bRDb3vSTg-qkPAZg,Gweilo-60,2019-02-23 02:59:51.08963,10878,0
UChXOhG9bRDb3vSTg-qkPAZg,Gweilo-60,2019-02-23 02:58:51.58783,10878,0
UChXOhG9bRDb3vSTg-qkPAZg,Gweilo-60,2019-02-23 02:57:51.296586,10878,0
UChXOhG9bRDb3vSTg-qkPAZg,Gweilo-60,2019-02-23 02:56:51.936031,10878,0
UChXOhG9bRDb3vSTg-qkPAZg,Gweilo-60,2019-02-23 02:55:51.701241,10878,0
UChXOhG9bRDb3vSTg-qkPAZg,Gweilo-60,2019-02-23 02:54:51.449739,10878,0
UChXOhG9bRDb3vSTg-qkPAZg,Gweilo-60,2019-02-23 02:53:51.851866,10878,0
UChXOhG9bRDb3vSTg-qkPAZg,Gweilo-60,2019-02-23 02:52:51.684544,10878,1
UChXOhG9bRDb3vSTg-qkPAZg,Gweilo-60,2019-02-23 02:51:51.372693,10877,0
UChXOhG9bRDb3vSTg-qkPAZg,Gweilo-60,2019-02-23 02:50:51.469405,10877,0
UChXOhG9bRDb3vSTg-qkPAZg,Gweilo-60,2019-02-23 02:49:51.073971,10877,0
UChXOhG9bRDb3vSTg-qkPAZg,Gweilo-60,2019-02-23 02:48:51.348313,10877,0
UChXOhG9bRDb3vSTg-qkPAZg,Gweilo-60,2019-02-23 02:47:51.340054,10877,0
UChXOhG9bRDb3vSTg-qkPAZg,Gweilo-60,2019-02-23 02:46:51.521367,10877,0
UChXOhG9bRDb3vSTg-qkPAZg,Gweilo-60,2019-02-23 02:45:50.629265,10877,0
UChXOhG9bRDb3vSTg-qkPAZg,Gweilo-60,2019-02-23 02:44:51.349454,10877,0
UChXOhG9bRDb3vSTg-qkPAZg,Gweilo-60,2019-02-23 02:43:51.703101,10877,-1
UChXOhG9bRDb3vSTg-qkPAZg,Gweilo-60,2019-02-23 02:42:51.282589,10878,0
UChXOhG9bRDb3vSTg-qkPAZg,Gweilo-60,2019-02-23 02:41:51.100977,10878,0
UChXOhG9bRDb3vSTg-qkPAZg,Gweilo-60,2019-02-23 02:40:51.250277,10878,0
UChXOhG9bRDb3vSTg-qkPAZg,Gweilo-60,2019-02-23 02:39:51.416207,10878,0
UChXOhG9bRDb3vSTg-qkPAZg,Gweilo-60,2019-02-23 02:38:51.597124,10878,0
UChXOhG9bRDb3vSTg-qkPAZg,Gweilo-60,2019-02-23 02:37:51.673781,10878,0
UChXOhG9bRDb3vSTg-qkPAZg,Gweilo-60,2019-02-23 02:36:51.814121,10878,1
UChXOhG9bRDb3vSTg-qkPAZg,Gweilo-60,2019-02-23 02:35:51.525925,10877,0
UChXOhG9bRDb3vSTg-qkPAZg,Gweilo-60,2019-02-23 02:34:51.201525,10877,0
UChXOhG9bRDb3vSTg-qkPAZg,Gweilo-60,2019-02-23 02:33:51.374355,10877,0
UChXOhG9bRDb3vSTg-qkPAZg,Gweilo-60,2019-02-23 02:32:51.512943,10877,0
UChXOhG9bRDb3vSTg-qkPAZg,Gweilo-60,2019-02-23 02:31:51.163917,10877,0
UChXOhG9bRDb3vSTg-qkPAZg,Gweilo-60,2019-02-23 02:30:50.563697,10877,0
UChXOhG9bRDb3vSTg-qkPAZg,Gweilo-60,2019-02-23 02:29:51.224553,10877,0
UChXOhG9bRDb3vSTg-qkPAZg,Gweilo-60,2019-02-23 02:28:50.591523,10877,0
UChXOhG9bRDb3vSTg-qkPAZg,Gweilo-60,2019-02-23 02:27:51.259378,10877,0
UChXOhG9bRDb3vSTg-qkPAZg,Gweilo-60,2019-02-23 02:26:51.0686,10877,0
UChXOhG9bRDb3vSTg-qkPAZg,Gweilo-60,2019-02-23 02:25:50.708726,10877,0
UChXOhG9bRDb3vSTg-qkPAZg,Gweilo-60,2019-02-23 02:24:50.517443,10877,0
UChXOhG9bRDb3vSTg-qkPAZg,Gweilo-60,2019-02-23 02:23:50.517999,10877,0
UChXOhG9bRDb3vSTg-qkPAZg,Gweilo-60,2019-02-23 02:22:50.811759,10877,0
UChXOhG9bRDb3vSTg-qkPAZg,Gweilo-60,2019-02-23 02:21:51.258293,10877,0
UChXOhG9bRDb3vSTg-qkPAZg,Gweilo-60,2019-02-23 02:20:50.901686,10877,0
UChXOhG9bRDb3vSTg-qkPAZg,Gweilo-60,2019-02-23 02:19:50.919739,10877,0
UChXOhG9bRDb3vSTg-qkPAZg,Gweilo-60,2019-02-23 02:18:51.087472,10877,0
UChXOhG9bRDb3vSTg-qkPAZg,Gweilo-60,2019-02-23 02:17:50.850483,10877,0
UChXOhG9bRDb3vSTg-qkPAZg,Gweilo-60,2019-02-23 02:16:51.433961,10877,0
UChXOhG9bRDb3vSTg-qkPAZg,Gweilo-60,2019-02-23 02:15:51.089495,10877,0
UChXOhG9bRDb3vSTg-qkPAZg,Gweilo-60,2019-02-23 02:14:51.102831,10877,0
UChXOhG9bRDb3vSTg-qkPAZg,Gweilo-60,2019-02-23 02:13:51.276532,10877,0
UChXOhG9bRDb3vSTg-qkPAZg,Gweilo-60,2019-02-23 02:12:51.620358,10877,0
UChXOhG9bRDb3vSTg-qkPAZg,Gweilo-60,2019-02-23 02:11:52.204697,10877,0
UChXOhG9bRDb3vSTg-qkPAZg,Gweilo-60,2019-02-23 02:10:51.333221,10877,0
UChXOhG9bRDb3vSTg-qkPAZg,Gweilo-60,2019-02-23 02:09:50.945294,10877,0
UChXOhG9bRDb3vSTg-qkPAZg,Gweilo-60,2019-02-23 02:08:51.121459,10877,0
UChXOhG9bRDb3vSTg-qkPAZg,Gweilo-60,2019-02-23 02:07:51.916261,10877,0
UChXOhG9bRDb3vSTg-qkPAZg,Gweilo-60,2019-02-23 02:06:50.943356,10877,0
UChXOhG9bRDb3vSTg-qkPAZg,Gweilo-60,2019-02-23 02:05:50.801359,10877,0
UChXOhG9bRDb3vSTg-qkPAZg,Gweilo-60,2019-02-23 02:04:51.627299,10877,0
UChXOhG9bRDb3vSTg-qkPAZg,Gweilo-60,2019-02-23 02:03:51.500702,10877,0
UChXOhG9bRDb3vSTg-qkPAZg,Gweilo-60,2019-02-23 02:02:52.37016,10877,0
UChXOhG9bRDb3vSTg-qkPAZg,Gweilo-60,2019-02-23 02:01:51.236369,10877,1
UChXOhG9bRDb3vSTg-qkPAZg,Gweilo-60,2019-02-23 02:00:51.547543,10876,0
UChXOhG9bRDb3vSTg-qkPAZg,Gweilo-60,2019-02-23 01:59:50.744936,10876,0
UChXOhG9bRDb3vSTg-qkPAZg,Gweilo-60,2019-02-23 01:58:51.364572,10876,0
UChXOhG9bRDb3vSTg-qkPAZg,Gweilo-60,2019-02-23 01:57:50.798344,10876,0
UChXOhG9bRDb3vSTg-qkPAZg,Gweilo-60,2019-02-23 01:56:50.973907,10876,0
UChXOhG9bRDb3vSTg-qkPAZg,Gweilo-60,2019-02-23 01:55:50.887165,10876,0
UChXOhG9bRDb3vSTg-qkPAZg,Gweilo-60,2019-02-23 01:54:50.622727,10876,0
UChXOhG9bRDb3vSTg-qkPAZg,Gweilo-60,2019-02-23 01:53:50.89291,10876,0
UChXOhG9bRDb3vSTg-qkPAZg,Gweilo-60,2019-02-23 01:52:51.805258,10876,0
UChXOhG9bRDb3vSTg-qkPAZg,Gweilo-60,2019-02-23 01:51:50.991525,10876,0
UChXOhG9bRDb3vSTg-qkPAZg,Gweilo-60,2019-02-23 01:50:51.373589,10876,0
UChXOhG9bRDb3vSTg-qkPAZg,Gweilo-60,2019-02-23 01:49:51.841245,10876,0
UChXOhG9bRDb3vSTg-qkPAZg,Gweilo-60,2019-02-23 01:48:51.192175,10876,0
UChXOhG9bRDb3vSTg-qkPAZg,Gweilo-60,2019-02-23 01:47:51.347191,10876,0
UChXOhG9bRDb3vSTg-qkPAZg,Gweilo-60,2019-02-23 01:46:51.682332,10876,0
UChXOhG9bRDb3vSTg-qkPAZg,Gweilo-60,2019-02-23 01:45:51.148424,10876,0
UChXOhG9bRDb3vSTg-qkPAZg,Gweilo-60,2019-02-23 01:44:50.892948,10876,0
UChXOhG9bRDb3vSTg-qkPAZg,Gweilo-60,2019-02-23 01:43:51.204692,10876,0
UChXOhG9bRDb3vSTg-qkPAZg,Gweilo-60,2019-02-23 01:42:51.106863,10876,0
UChXOhG9bRDb3vSTg-qkPAZg,Gweilo-60,2019-02-23 01:41:50.995772,10876,0
UChXOhG9bRDb3vSTg-qkPAZg,Gweilo-60,2019-02-23 01:40:51.257339,10876,0
UChXOhG9bRDb3vSTg-qkPAZg,Gweilo-60,2019-02-23 01:39:51.190109,10876,0
UChXOhG9bRDb3vSTg-qkPAZg,Gweilo-60,2019-02-23 01:38:50.823505,10876,0
UChXOhG9bRDb3vSTg-qkPAZg,Gweilo-60,2019-02-23 01:37:51.180203,10876,0
UChXOhG9bRDb3vSTg-qkPAZg,Gweilo-60,2019-02-23 01:36:51.000553,10876,0
UChXOhG9bRDb3vSTg-qkPAZg,Gweilo-60,2019-02-23 01:35:50.961871,10876,0
UChXOhG9bRDb3vSTg-qkPAZg,Gweilo-60,2019-02-23 01:34:51.211501,10876,0
UChXOhG9bRDb3vSTg-qkPAZg,Gweilo-60,2019-02-23 01:33:50.934635,10876,0
UChXOhG9bRDb3vSTg-qkPAZg,Gweilo-60,2019-02-23 01:32:51.302831,10876,0
UChXOhG9bRDb3vSTg-qkPAZg,Gweilo-60,2019-02-23 01:31:51.032823,10876,0
UChXOhG9bRDb3vSTg-qkPAZg,Gweilo-60,2019-02-23 01:30:51.072453,10876,0
UChXOhG9bRDb3vSTg-qkPAZg,Gweilo-60,2019-02-23 01:29:51.029523,10876,0
UChXOhG9bRDb3vSTg-qkPAZg,Gweilo-60,2019-02-23 01:28:51.61704,10876,0
UChXOhG9bRDb3vSTg-qkPAZg,Gweilo-60,2019-02-23 01:27:51.635285,10876,0
UChXOhG9bRDb3vSTg-qkPAZg,Gweilo-60,2019-02-23 01:26:51.807863,10876,0
UChXOhG9bRDb3vSTg-qkPAZg,Gweilo-60,2019-02-23 01:25:51.304305,10876,0
UChXOhG9bRDb3vSTg-qkPAZg,Gweilo-60,2019-02-23 01:24:50.686238,10876,0
UChXOhG9bRDb3vSTg-qkPAZg,Gweilo-60,2019-02-23 01:23:50.613328,10876,0
UChXOhG9bRDb3vSTg-qkPAZg,Gweilo-60,2019-02-23 01:22:51.575313,10876,0
UChXOhG9bRDb3vSTg-qkPAZg,Gweilo-60,2019-02-23 01:21:51.133416,10876,0
UChXOhG9bRDb3vSTg-qkPAZg,Gweilo-60,2019-02-23 01:20:51.79103,10876,0
UChXOhG9bRDb3vSTg-qkPAZg,Gweilo-60,2019-02-23 01:19:51.067842,10876,0
UChXOhG9bRDb3vSTg-qkPAZg,Gweilo-60,2019-02-23 01:18:51.588858,10876,0
UChXOhG9bRDb3vSTg-qkPAZg,Gweilo-60,2019-02-23 01:17:51.255426,10876,0
UChXOhG9bRDb3vSTg-qkPAZg,Gweilo-60,2019-02-23 01:16:51.802131,10876,0
UChXOhG9bRDb3vSTg-qkPAZg,Gweilo-60,2019-02-23 01:15:51.228717,10876,0
UChXOhG9bRDb3vSTg-qkPAZg,Gweilo-60,2019-02-23 01:14:51.520086,10876,0
UChXOhG9bRDb3vSTg-qkPAZg,Gweilo-60,2019-02-23 01:13:51.155294,10876,-1
UChXOhG9bRDb3vSTg-qkPAZg,Gweilo-60,2019-02-23 01:12:51.553818,10877,0
UChXOhG9bRDb3vSTg-qkPAZg,Gweilo-60,2019-02-23 01:11:51.177412,10877,0
UChXOhG9bRDb3vSTg-qkPAZg,Gweilo-60,2019-02-23 01:10:52.175718,10877,0
UChXOhG9bRDb3vSTg-qkPAZg,Gweilo-60,2019-02-23 01:09:51.219437,10877,0
UChXOhG9bRDb3vSTg-qkPAZg,Gweilo-60,2019-02-23 01:08:51.264585,10877,0
UChXOhG9bRDb3vSTg-qkPAZg,Gweilo-60,2019-02-23 01:07:51.568464,10877,0
UChXOhG9bRDb3vSTg-qkPAZg,Gweilo-60,2019-02-23 01:06:50.976454,10877,0
UChXOhG9bRDb3vSTg-qkPAZg,Gweilo-60,2019-02-23 01:05:51.297172,10877,0
UChXOhG9bRDb3vSTg-qkPAZg,Gweilo-60,2019-02-23 01:04:50.96369,10877,0
UChXOhG9bRDb3vSTg-qkPAZg,Gweilo-60,2019-02-23 01:03:51.809271,10877,0
UChXOhG9bRDb3vSTg-qkPAZg,Gweilo-60,2019-02-23 01:02:50.817705,10877,0
UChXOhG9bRDb3vSTg-qkPAZg,Gweilo-60,2019-02-23 01:01:51.623433,10877,0
UChXOhG9bRDb3vSTg-qkPAZg,Gweilo-60,2019-02-23 01:00:51.050978,10877,0
UChXOhG9bRDb3vSTg-qkPAZg,Gweilo-60,2019-02-23 00:59:51.216235,10877,0
UChXOhG9bRDb3vSTg-qkPAZg,Gweilo-60,2019-02-23 00:58:51.101768,10877,0
UChXOhG9bRDb3vSTg-qkPAZg,Gweilo-60,2019-02-23 00:57:51.478812,10877,0
UChXOhG9bRDb3vSTg-qkPAZg,Gweilo-60,2019-02-23 00:56:51.088359,10877,0
UChXOhG9bRDb3vSTg-qkPAZg,Gweilo-60,2019-02-23 00:55:51.278023,10877,0
UChXOhG9bRDb3vSTg-qkPAZg,Gweilo-60,2019-02-23 00:54:51.520023,10877,0
UChXOhG9bRDb3vSTg-qkPAZg,Gweilo-60,2019-02-23 00:53:51.42677,10877,0
UChXOhG9bRDb3vSTg-qkPAZg,Gweilo-60,2019-02-23 00:52:51.639028,10877,0
UChXOhG9bRDb3vSTg-qkPAZg,Gweilo-60,2019-02-23 00:51:52.35668,10877,0
UChXOhG9bRDb3vSTg-qkPAZg,Gweilo-60,2019-02-23 00:50:51.149925,10877,0
UChXOhG9bRDb3vSTg-qkPAZg,Gweilo-60,2019-02-23 00:49:51.137055,10877,0
UChXOhG9bRDb3vSTg-qkPAZg,Gweilo-60,2019-02-23 00:48:51.872605,10877,0
UChXOhG9bRDb3vSTg-qkPAZg,Gweilo-60,2019-02-23 00:47:50.976397,10877,0
UChXOhG9bRDb3vSTg-qkPAZg,Gweilo-60,2019-02-23 00:46:51.337307,10877,0
UChXOhG9bRDb3vSTg-qkPAZg,Gweilo-60,2019-02-23 00:45:51.492052,10877,0
UChXOhG9bRDb3vSTg-qkPAZg,Gweilo-60,2019-02-23 00:44:51.783261,10877,0
UChXOhG9bRDb3vSTg-qkPAZg,Gweilo-60,2019-02-23 00:43:51.782116,10877,0
UChXOhG9bRDb3vSTg-qkPAZg,Gweilo-60,2019-02-23 00:42:51.47643,10877,0
UChXOhG9bRDb3vSTg-qkPAZg,Gweilo-60,2019-02-23 00:41:51.380976,10877,0
UChXOhG9bRDb3vSTg-qkPAZg,Gweilo-60,2019-02-23 00:40:51.596203,10877,0
UChXOhG9bRDb3vSTg-qkPAZg,Gweilo-60,2019-02-23 00:39:51.30567,10877,0
UChXOhG9bRDb3vSTg-qkPAZg,Gweilo-60,2019-02-23 00:38:51.363747,10877,0
UChXOhG9bRDb3vSTg-qkPAZg,Gweilo-60,2019-02-23 00:37:51.480788,10877,0
UChXOhG9bRDb3vSTg-qkPAZg,Gweilo-60,2019-02-23 00:36:51.581724,10877,0
UChXOhG9bRDb3vSTg-qkPAZg,Gweilo-60,2019-02-23 00:35:51.260802,10877,0
UChXOhG9bRDb3vSTg-qkPAZg,Gweilo-60,2019-02-23 00:34:51.722063,10877,0
UChXOhG9bRDb3vSTg-qkPAZg,Gweilo-60,2019-02-23 00:33:51.544041,10877,0
UChXOhG9bRDb3vSTg-qkPAZg,Gweilo-60,2019-02-23 00:32:51.809442,10877,0
UChXOhG9bRDb3vSTg-qkPAZg,Gweilo-60,2019-02-23 00:31:51.312727,10877,0
UChXOhG9bRDb3vSTg-qkPAZg,Gweilo-60,2019-02-23 00:30:50.9617,10877,0
UChXOhG9bRDb3vSTg-qkPAZg,Gweilo-60,2019-02-23 00:29:51.350125,10877,0
UChXOhG9bRDb3vSTg-qkPAZg,Gweilo-60,2019-02-23 00:28:51.880057,10877,0
UChXOhG9bRDb3vSTg-qkPAZg,Gweilo-60,2019-02-23 00:27:51.254959,10877,0
UChXOhG9bRDb3vSTg-qkPAZg,Gweilo-60,2019-02-23 00:26:51.116705,10877,0
UChXOhG9bRDb3vSTg-qkPAZg,Gweilo-60,2019-02-23 00:25:51.703877,10877,0
UChXOhG9bRDb3vSTg-qkPAZg,Gweilo-60,2019-02-23 00:24:51.782759,10877,0
UChXOhG9bRDb3vSTg-qkPAZg,Gweilo-60,2019-02-23 00:23:51.625955,10877,0
UChXOhG9bRDb3vSTg-qkPAZg,Gweilo-60,2019-02-23 00:22:52.141879,10877,0
UChXOhG9bRDb3vSTg-qkPAZg,Gweilo-60,2019-02-23 00:21:51.208155,10877,0
UChXOhG9bRDb3vSTg-qkPAZg,Gweilo-60,2019-02-23 00:20:51.312698,10877,0
UChXOhG9bRDb3vSTg-qkPAZg,Gweilo-60,2019-02-23 00:19:51.298151,10877,0
UChXOhG9bRDb3vSTg-qkPAZg,Gweilo-60,2019-02-23 00:18:50.811628,10877,0
UChXOhG9bRDb3vSTg-qkPAZg,Gweilo-60,2019-02-23 00:17:51.292213,10877,0
UChXOhG9bRDb3vSTg-qkPAZg,Gweilo-60,2019-02-23 00:16:51.356745,10877,0
UChXOhG9bRDb3vSTg-qkPAZg,Gweilo-60,2019-02-23 00:15:51.481752,10877,0
UChXOhG9bRDb3vSTg-qkPAZg,Gweilo-60,2019-02-23 00:14:51.218987,10877,0
UChXOhG9bRDb3vSTg-qkPAZg,Gweilo-60,2019-02-23 00:13:51.700239,10877,0
UChXOhG9bRDb3vSTg-qkPAZg,Gweilo-60,2019-02-23 00:12:51.632562,10877,0
UChXOhG9bRDb3vSTg-qkPAZg,Gweilo-60,2019-02-23 00:11:51.293441,10877,0
UChXOhG9bRDb3vSTg-qkPAZg,Gweilo-60,2019-02-23 00:10:51.30038,10877,0
UChXOhG9bRDb3vSTg-qkPAZg,Gweilo-60,2019-02-23 00:09:51.826135,10877,0
UChXOhG9bRDb3vSTg-qkPAZg,Gweilo-60,2019-02-23 00:08:51.049649,10877,0
UChXOhG9bRDb3vSTg-qkPAZg,Gweilo-60,2019-02-23 00:07:51.477511,10877,0
UChXOhG9bRDb3vSTg-qkPAZg,Gweilo-60,2019-02-23 00:06:51.481389,10877,0
UChXOhG9bRDb3vSTg-qkPAZg,Gweilo-60,2019-02-23 00:05:50.935841,10877,0
UChXOhG9bRDb3vSTg-qkPAZg,Gweilo-60,2019-02-23 00:04:51.32929,10877,0
UChXOhG9bRDb3vSTg-qkPAZg,Gweilo-60,2019-02-23 00:03:51.143713,10877,0
UChXOhG9bRDb3vSTg-qkPAZg,Gweilo-60,2019-02-23 00:02:51.44932,10877,0
UChXOhG9bRDb3vSTg-qkPAZg,Gweilo-60,2019-02-23 00:01:50.967076,10877,0
UChXOhG9bRDb3vSTg-qkPAZg,Gweilo-60,2019-02-23 00:00:51.22108,10877,0
UChXOhG9bRDb3vSTg-qkPAZg,Gweilo-60,2019-02-22 23:59:51.532717,10877,0
UChXOhG9bRDb3vSTg-qkPAZg,Gweilo-60,2019-02-22 23:58:51.363073,10877,0
UChXOhG9bRDb3vSTg-qkPAZg,Gweilo-60,2019-02-22 23:57:51.885921,10877,0
UChXOhG9bRDb3vSTg-qkPAZg,Gweilo-60,2019-02-22 23:56:51.203364,10877,0
UChXOhG9bRDb3vSTg-qkPAZg,Gweilo-60,2019-02-22 23:55:51.311702,10877,0
UChXOhG9bRDb3vSTg-qkPAZg,Gweilo-60,2019-02-22 23:54:51.165684,10877,0
UChXOhG9bRDb3vSTg-qkPAZg,Gweilo-60,2019-02-22 23:53:51.638205,10877,0
UChXOhG9bRDb3vSTg-qkPAZg,Gweilo-60,2019-02-22 23:52:51.080161,10877,0
UChXOhG9bRDb3vSTg-qkPAZg,Gweilo-60,2019-02-22 23:51:50.744507,10877,1
UChXOhG9bRDb3vSTg-qkPAZg,Gweilo-60,2019-02-22 23:50:51.105172,10876,0
UChXOhG9bRDb3vSTg-qkPAZg,Gweilo-60,2019-02-22 23:49:51.786549,10876,0
UChXOhG9bRDb3vSTg-qkPAZg,Gweilo-60,2019-02-22 23:48:51.173861,10876,0
UChXOhG9bRDb3vSTg-qkPAZg,Gweilo-60,2019-02-22 23:47:51.559157,10876,0
UChXOhG9bRDb3vSTg-qkPAZg,Gweilo-60,2019-02-22 23:46:51.323509,10876,0
UChXOhG9bRDb3vSTg-qkPAZg,Gweilo-60,2019-02-22 23:45:51.396178,10876,0
UChXOhG9bRDb3vSTg-qkPAZg,Gweilo-60,2019-02-22 23:44:51.281416,10876,0
UChXOhG9bRDb3vSTg-qkPAZg,Gweilo-60,2019-02-22 23:43:51.348313,10876,0
UChXOhG9bRDb3vSTg-qkPAZg,Gweilo-60,2019-02-22 23:42:51.505841,10876,0
UChXOhG9bRDb3vSTg-qkPAZg,Gweilo-60,2019-02-22 23:41:51.070401,10876,0
UChXOhG9bRDb3vSTg-qkPAZg,Gweilo-60,2019-02-22 23:40:51.093819,10876,0
UChXOhG9bRDb3vSTg-qkPAZg,Gweilo-60,2019-02-22 23:39:51.065815,10876,0
UChXOhG9bRDb3vSTg-qkPAZg,Gweilo-60,2019-02-22 23:38:51.336034,10876,0
UChXOhG9bRDb3vSTg-qkPAZg,Gweilo-60,2019-02-22 23:37:51.669734,10876,0
UChXOhG9bRDb3vSTg-qkPAZg,Gweilo-60,2019-02-22 23:36:51.335008,10876,0
UChXOhG9bRDb3vSTg-qkPAZg,Gweilo-60,2019-02-22 23:35:51.3557,10876,0
UChXOhG9bRDb3vSTg-qkPAZg,Gweilo-60,2019-02-22 23:34:51.11643,10876,0
UChXOhG9bRDb3vSTg-qkPAZg,Gweilo-60,2019-02-22 23:33:52.048343,10876,0
UChXOhG9bRDb3vSTg-qkPAZg,Gweilo-60,2019-02-22 23:32:51.591988,10876,0
UChXOhG9bRDb3vSTg-qkPAZg,Gweilo-60,2019-02-22 23:31:51.332947,10876,0
UChXOhG9bRDb3vSTg-qkPAZg,Gweilo-60,2019-02-22 23:30:51.652555,10876,0
UChXOhG9bRDb3vSTg-qkPAZg,Gweilo-60,2019-02-22 23:29:51.258394,10876,0
UChXOhG9bRDb3vSTg-qkPAZg,Gweilo-60,2019-02-22 23:28:51.335358,10876,0
UChXOhG9bRDb3vSTg-qkPAZg,Gweilo-60,2019-02-22 23:27:52.145693,10876,0
UChXOhG9bRDb3vSTg-qkPAZg,Gweilo-60,2019-02-22 23:26:51.095595,10876,0
UChXOhG9bRDb3vSTg-qkPAZg,Gweilo-60,2019-02-22 23:25:51.549114,10876,0
UChXOhG9bRDb3vSTg-qkPAZg,Gweilo-60,2019-02-22 23:24:51.796682,10876,0
UChXOhG9bRDb3vSTg-qkPAZg,Gweilo-60,2019-02-22 23:23:50.995675,10876,0
UChXOhG9bRDb3vSTg-qkPAZg,Gweilo-60,2019-02-22 23:22:51.51405,10876,0
UChXOhG9bRDb3vSTg-qkPAZg,Gweilo-60,2019-02-22 23:21:51.190909,10876,0
UChXOhG9bRDb3vSTg-qkPAZg,Gweilo-60,2019-02-22 23:20:50.997981,10876,0
UChXOhG9bRDb3vSTg-qkPAZg,Gweilo-60,2019-02-22 23:19:51.320092,10876,0
UChXOhG9bRDb3vSTg-qkPAZg,Gweilo-60,2019-02-22 23:18:51.301809,10876,0
UChXOhG9bRDb3vSTg-qkPAZg,Gweilo-60,2019-02-22 23:17:51.510164,10876,0
UChXOhG9bRDb3vSTg-qkPAZg,Gweilo-60,2019-02-22 23:16:51.088751,10876,0
UChXOhG9bRDb3vSTg-qkPAZg,Gweilo-60,2019-02-22 23:15:51.33463,10876,0
UChXOhG9bRDb3vSTg-qkPAZg,Gweilo-60,2019-02-22 23:14:51.991802,10876,0
UChXOhG9bRDb3vSTg-qkPAZg,Gweilo-60,2019-02-22 23:13:51.246433,10876,0
UChXOhG9bRDb3vSTg-qkPAZg,Gweilo-60,2019-02-22 23:12:51.11429,10876,0
UChXOhG9bRDb3vSTg-qkPAZg,Gweilo-60,2019-02-22 23:11:52.407277,10876,-1
UChXOhG9bRDb3vSTg-qkPAZg,Gweilo-60,2019-02-22 23:10:51.165812,10877,0
UChXOhG9bRDb3vSTg-qkPAZg,Gweilo-60,2019-02-22 23:09:51.038997,10877,0
UChXOhG9bRDb3vSTg-qkPAZg,Gweilo-60,2019-02-22 23:08:51.803418,10877,0
UChXOhG9bRDb3vSTg-qkPAZg,Gweilo-60,2019-02-22 23:07:52.155489,10877,0
UChXOhG9bRDb3vSTg-qkPAZg,Gweilo-60,2019-02-22 23:06:51.259786,10877,0
UChXOhG9bRDb3vSTg-qkPAZg,Gweilo-60,2019-02-22 23:05:51.268688,10877,0
UChXOhG9bRDb3vSTg-qkPAZg,Gweilo-60,2019-02-22 23:04:51.372961,10877,0
UChXOhG9bRDb3vSTg-qkPAZg,Gweilo-60,2019-02-22 23:03:51.273943,10877,0
UChXOhG9bRDb3vSTg-qkPAZg,Gweilo-60,2019-02-22 23:02:51.488512,10877,0
UChXOhG9bRDb3vSTg-qkPAZg,Gweilo-60,2019-02-22 23:01:51.703608,10877,0
UChXOhG9bRDb3vSTg-qkPAZg,Gweilo-60,2019-02-22 23:00:51.347613,10877,0
UChXOhG9bRDb3vSTg-qkPAZg,Gweilo-60,2019-02-22 22:59:51.954451,10877,0
UChXOhG9bRDb3vSTg-qkPAZg,Gweilo-60,2019-02-22 22:58:51.561884,10877,0
UChXOhG9bRDb3vSTg-qkPAZg,Gweilo-60,2019-02-22 22:57:51.591988,10877,0
UChXOhG9bRDb3vSTg-qkPAZg,Gweilo-60,2019-02-22 22:56:51.743338,10877,0
UChXOhG9bRDb3vSTg-qkPAZg,Gweilo-60,2019-02-22 22:55:51.414895,10877,0
UChXOhG9bRDb3vSTg-qkPAZg,Gweilo-60,2019-02-22 22:54:51.886914,10877,0
UChXOhG9bRDb3vSTg-qkPAZg,Gweilo-60,2019-02-22 22:53:51.190031,10877,0
UChXOhG9bRDb3vSTg-qkPAZg,Gweilo-60,2019-02-22 22:52:51.70991,10877,0
UChXOhG9bRDb3vSTg-qkPAZg,Gweilo-60,2019-02-22 22:51:51.976515,10877,0
UChXOhG9bRDb3vSTg-qkPAZg,Gweilo-60,2019-02-22 22:50:51.490273,10877,0
UChXOhG9bRDb3vSTg-qkPAZg,Gweilo-60,2019-02-22 22:49:51.723549,10877,0
UChXOhG9bRDb3vSTg-qkPAZg,Gweilo-60,2019-02-22 22:48:51.669903,10877,-1
UChXOhG9bRDb3vSTg-qkPAZg,Gweilo-60,2019-02-22 22:47:51.137453,10878,0
UChXOhG9bRDb3vSTg-qkPAZg,Gweilo-60,2019-02-22 22:46:51.518766,10878,0
UChXOhG9bRDb3vSTg-qkPAZg,Gweilo-60,2019-02-22 22:45:51.305249,10878,0
UChXOhG9bRDb3vSTg-qkPAZg,Gweilo-60,2019-02-22 22:44:51.527578,10878,0
UChXOhG9bRDb3vSTg-qkPAZg,Gweilo-60,2019-02-22 22:43:51.294717,10878,0
UChXOhG9bRDb3vSTg-qkPAZg,Gweilo-60,2019-02-22 22:42:51.949578,10878,0
UChXOhG9bRDb3vSTg-qkPAZg,Gweilo-60,2019-02-22 22:41:51.303808,10878,0
UChXOhG9bRDb3vSTg-qkPAZg,Gweilo-60,2019-02-22 22:40:51.228752,10878,0
UChXOhG9bRDb3vSTg-qkPAZg,Gweilo-60,2019-02-22 22:39:51.351607,10878,0
UChXOhG9bRDb3vSTg-qkPAZg,Gweilo-60,2019-02-22 22:38:52.422951,10878,0
UChXOhG9bRDb3vSTg-qkPAZg,Gweilo-60,2019-02-22 22:37:51.700822,10878,0
UChXOhG9bRDb3vSTg-qkPAZg,Gweilo-60,2019-02-22 22:36:52.172932,10878,0
UChXOhG9bRDb3vSTg-qkPAZg,Gweilo-60,2019-02-22 22:35:51.778213,10878,0
UChXOhG9bRDb3vSTg-qkPAZg,Gweilo-60,2019-02-22 22:34:51.514772,10878,0
UChXOhG9bRDb3vSTg-qkPAZg,Gweilo-60,2019-02-22 22:33:51.328009,10878,0
UChXOhG9bRDb3vSTg-qkPAZg,Gweilo-60,2019-02-22 22:32:51.957512,10878,0
UChXOhG9bRDb3vSTg-qkPAZg,Gweilo-60,2019-02-22 22:31:51.712399,10878,0
UChXOhG9bRDb3vSTg-qkPAZg,Gweilo-60,2019-02-22 22:30:51.314976,10878,0
UChXOhG9bRDb3vSTg-qkPAZg,Gweilo-60,2019-02-22 22:29:51.987321,10878,0
UChXOhG9bRDb3vSTg-qkPAZg,Gweilo-60,2019-02-22 22:28:51.894963,10878,0
UChXOhG9bRDb3vSTg-qkPAZg,Gweilo-60,2019-02-22 22:27:51.232507,10878,0
UChXOhG9bRDb3vSTg-qkPAZg,Gweilo-60,2019-02-22 22:26:51.635467,10878,0
UChXOhG9bRDb3vSTg-qkPAZg,Gweilo-60,2019-02-22 22:25:51.150699,10878,0
UChXOhG9bRDb3vSTg-qkPAZg,Gweilo-60,2019-02-22 22:24:51.375348,10878,0
UChXOhG9bRDb3vSTg-qkPAZg,Gweilo-60,2019-02-22 22:23:51.672707,10878,0
UChXOhG9bRDb3vSTg-qkPAZg,Gweilo-60,2019-02-22 22:22:51.492043,10878,0
UChXOhG9bRDb3vSTg-qkPAZg,Gweilo-60,2019-02-22 22:21:51.446199,10878,0
UChXOhG9bRDb3vSTg-qkPAZg,Gweilo-60,2019-02-22 22:20:51.582869,10878,0
UChXOhG9bRDb3vSTg-qkPAZg,Gweilo-60,2019-02-22 22:19:52.119455,10878,0
UChXOhG9bRDb3vSTg-qkPAZg,Gweilo-60,2019-02-22 22:18:51.557132,10878,0
UChXOhG9bRDb3vSTg-qkPAZg,Gweilo-60,2019-02-22 22:17:51.336264,10878,0
UChXOhG9bRDb3vSTg-qkPAZg,Gweilo-60,2019-02-22 22:16:51.889728,10878,0
UChXOhG9bRDb3vSTg-qkPAZg,Gweilo-60,2019-02-22 22:15:51.573215,10878,0
UChXOhG9bRDb3vSTg-qkPAZg,Gweilo-60,2019-02-22 22:14:51.369385,10878,0
UChXOhG9bRDb3vSTg-qkPAZg,Gweilo-60,2019-02-22 22:13:50.982931,10878,0
UChXOhG9bRDb3vSTg-qkPAZg,Gweilo-60,2019-02-22 22:12:51.181118,10878,0
UChXOhG9bRDb3vSTg-qkPAZg,Gweilo-60,2019-02-22 22:11:51.59915,10878,0
UChXOhG9bRDb3vSTg-qkPAZg,Gweilo-60,2019-02-22 22:10:51.086456,10878,0
UChXOhG9bRDb3vSTg-qkPAZg,Gweilo-60,2019-02-22 22:09:51.724239,10878,0
UChXOhG9bRDb3vSTg-qkPAZg,Gweilo-60,2019-02-22 22:08:51.782164,10878,0
UChXOhG9bRDb3vSTg-qkPAZg,Gweilo-60,2019-02-22 22:07:51.507539,10878,0
UChXOhG9bRDb3vSTg-qkPAZg,Gweilo-60,2019-02-22 22:06:51.278941,10878,0
UChXOhG9bRDb3vSTg-qkPAZg,Gweilo-60,2019-02-22 22:05:51.699753,10878,1
UChXOhG9bRDb3vSTg-qkPAZg,Gweilo-60,2019-02-22 22:04:51.43206,10877,0
UChXOhG9bRDb3vSTg-qkPAZg,Gweilo-60,2019-02-22 22:03:51.492647,10877,0
UChXOhG9bRDb3vSTg-qkPAZg,Gweilo-60,2019-02-22 22:02:51.337411,10877,0
UChXOhG9bRDb3vSTg-qkPAZg,Gweilo-60,2019-02-22 22:01:51.560363,10877,0
UChXOhG9bRDb3vSTg-qkPAZg,Gweilo-60,2019-02-22 22:00:51.524785,10877,0
UChXOhG9bRDb3vSTg-qkPAZg,Gweilo-60,2019-02-22 21:59:51.692114,10877,0
UChXOhG9bRDb3vSTg-qkPAZg,Gweilo-60,2019-02-22 21:58:52.14087,10877,0
UChXOhG9bRDb3vSTg-qkPAZg,Gweilo-60,2019-02-22 21:57:51.629662,10877,0
UChXOhG9bRDb3vSTg-qkPAZg,Gweilo-60,2019-02-22 21:56:51.661116,10877,0
UChXOhG9bRDb3vSTg-qkPAZg,Gweilo-60,2019-02-22 21:55:51.346332,10877,0
UChXOhG9bRDb3vSTg-qkPAZg,Gweilo-60,2019-02-22 21:54:51.171856,10877,0
UChXOhG9bRDb3vSTg-qkPAZg,Gweilo-60,2019-02-22 21:53:51.906223,10877,0
UChXOhG9bRDb3vSTg-qkPAZg,Gweilo-60,2019-02-22 21:52:52.164478,10877,0
UChXOhG9bRDb3vSTg-qkPAZg,Gweilo-60,2019-02-22 21:51:51.431975,10877,0
UChXOhG9bRDb3vSTg-qkPAZg,Gweilo-60,2019-02-22 21:50:51.639857,10877,0
UChXOhG9bRDb3vSTg-qkPAZg,Gweilo-60,2019-02-22 21:49:51.36486,10877,0
UChXOhG9bRDb3vSTg-qkPAZg,Gweilo-60,2019-02-22 21:48:51.604073,10877,0
UChXOhG9bRDb3vSTg-qkPAZg,Gweilo-60,2019-02-22 21:47:51.735651,10877,0
UChXOhG9bRDb3vSTg-qkPAZg,Gweilo-60,2019-02-22 21:46:51.592223,10877,0
UChXOhG9bRDb3vSTg-qkPAZg,Gweilo-60,2019-02-22 21:45:51.461619,10877,0
UChXOhG9bRDb3vSTg-qkPAZg,Gweilo-60,2019-02-22 21:44:51.544132,10877,0
UChXOhG9bRDb3vSTg-qkPAZg,Gweilo-60,2019-02-22 21:43:51.619006,10877,0
UChXOhG9bRDb3vSTg-qkPAZg,Gweilo-60,2019-02-22 21:42:51.587644,10877,0
UChXOhG9bRDb3vSTg-qkPAZg,Gweilo-60,2019-02-22 21:41:51.638813,10877,0
UChXOhG9bRDb3vSTg-qkPAZg,Gweilo-60,2019-02-22 21:40:51.57901,10877,0
UChXOhG9bRDb3vSTg-qkPAZg,Gweilo-60,2019-02-22 21:39:51.458676,10877,0
UChXOhG9bRDb3vSTg-qkPAZg,Gweilo-60,2019-02-22 21:38:51.689999,10877,0
UChXOhG9bRDb3vSTg-qkPAZg,Gweilo-60,2019-02-22 21:37:51.312992,10877,0
UChXOhG9bRDb3vSTg-qkPAZg,Gweilo-60,2019-02-22 21:36:51.660517,10877,0
UChXOhG9bRDb3vSTg-qkPAZg,Gweilo-60,2019-02-22 21:35:51.431909,10877,0
UChXOhG9bRDb3vSTg-qkPAZg,Gweilo-60,2019-02-22 21:34:51.734141,10877,0
UChXOhG9bRDb3vSTg-qkPAZg,Gweilo-60,2019-02-22 21:33:51.504174,10877,0
UChXOhG9bRDb3vSTg-qkPAZg,Gweilo-60,2019-02-22 21:32:51.875117,10877,0
UChXOhG9bRDb3vSTg-qkPAZg,Gweilo-60,2019-02-22 21:31:51.530125,10877,0
UChXOhG9bRDb3vSTg-qkPAZg,Gweilo-60,2019-02-22 21:30:51.592413,10877,0
UChXOhG9bRDb3vSTg-qkPAZg,Gweilo-60,2019-02-22 21:29:51.716567,10877,0
UChXOhG9bRDb3vSTg-qkPAZg,Gweilo-60,2019-02-22 21:28:51.507195,10877,0
UChXOhG9bRDb3vSTg-qkPAZg,Gweilo-60,2019-02-22 21:27:52.025075,10877,0
UChXOhG9bRDb3vSTg-qkPAZg,Gweilo-60,2019-02-22 21:26:52.480194,10877,0
UChXOhG9bRDb3vSTg-qkPAZg,Gweilo-60,2019-02-22 21:25:52.173353,10877,0
UChXOhG9bRDb3vSTg-qkPAZg,Gweilo-60,2019-02-22 21:24:51.424163,10877,0
UChXOhG9bRDb3vSTg-qkPAZg,Gweilo-60,2019-02-22 21:23:52.017899,10877,0
UChXOhG9bRDb3vSTg-qkPAZg,Gweilo-60,2019-02-22 21:22:52.172569,10877,0
UChXOhG9bRDb3vSTg-qkPAZg,Gweilo-60,2019-02-22 21:21:51.863701,10877,0
UChXOhG9bRDb3vSTg-qkPAZg,Gweilo-60,2019-02-22 21:20:51.652125,10877,0
UChXOhG9bRDb3vSTg-qkPAZg,Gweilo-60,2019-02-22 21:19:51.147575,10877,0
UChXOhG9bRDb3vSTg-qkPAZg,Gweilo-60,2019-02-22 21:18:51.500944,10877,0
UChXOhG9bRDb3vSTg-qkPAZg,Gweilo-60,2019-02-22 21:17:51.512123,10877,0
UChXOhG9bRDb3vSTg-qkPAZg,Gweilo-60,2019-02-22 21:16:51.73906,10877,0
UChXOhG9bRDb3vSTg-qkPAZg,Gweilo-60,2019-02-22 21:15:51.465908,10877,0
UChXOhG9bRDb3vSTg-qkPAZg,Gweilo-60,2019-02-22 21:14:51.944396,10877,0
UChXOhG9bRDb3vSTg-qkPAZg,Gweilo-60,2019-02-22 21:13:51.650891,10877,0
UChXOhG9bRDb3vSTg-qkPAZg,Gweilo-60,2019-02-22 21:12:51.666913,10877,0
UChXOhG9bRDb3vSTg-qkPAZg,Gweilo-60,2019-02-22 21:11:51.524768,10877,0
UChXOhG9bRDb3vSTg-qkPAZg,Gweilo-60,2019-02-22 21:10:51.849448,10877,0
UChXOhG9bRDb3vSTg-qkPAZg,Gweilo-60,2019-02-22 21:09:51.264114,10877,0
UChXOhG9bRDb3vSTg-qkPAZg,Gweilo-60,2019-02-22 21:08:51.470612,10877,0
UChXOhG9bRDb3vSTg-qkPAZg,Gweilo-60,2019-02-22 21:07:51.444314,10877,0
UChXOhG9bRDb3vSTg-qkPAZg,Gweilo-60,2019-02-22 21:06:51.686002,10877,0
UChXOhG9bRDb3vSTg-qkPAZg,Gweilo-60,2019-02-22 21:05:51.799349,10877,0
UChXOhG9bRDb3vSTg-qkPAZg,Gweilo-60,2019-02-22 21:04:51.22283,10877,0
UChXOhG9bRDb3vSTg-qkPAZg,Gweilo-60,2019-02-22 21:03:51.715528,10877,0
UChXOhG9bRDb3vSTg-qkPAZg,Gweilo-60,2019-02-22 21:02:51.533907,10877,0
UChXOhG9bRDb3vSTg-qkPAZg,Gweilo-60,2019-02-22 21:01:52.074789,10877,0
UChXOhG9bRDb3vSTg-qkPAZg,Gweilo-60,2019-02-22 21:00:51.974069,10877,0
UChXOhG9bRDb3vSTg-qkPAZg,Gweilo-60,2019-02-22 20:59:51.826058,10877,0
UChXOhG9bRDb3vSTg-qkPAZg,Gweilo-60,2019-02-22 20:58:51.375075,10877,0
UChXOhG9bRDb3vSTg-qkPAZg,Gweilo-60,2019-02-22 20:57:52.008186,10877,0
UChXOhG9bRDb3vSTg-qkPAZg,Gweilo-60,2019-02-22 20:56:51.77998,10877,0
UChXOhG9bRDb3vSTg-qkPAZg,Gweilo-60,2019-02-22 20:55:51.763091,10877,0
UChXOhG9bRDb3vSTg-qkPAZg,Gweilo-60,2019-02-22 20:54:51.670209,10877,0
UChXOhG9bRDb3vSTg-qkPAZg,Gweilo-60,2019-02-22 20:53:51.505635,10877,0
UChXOhG9bRDb3vSTg-qkPAZg,Gweilo-60,2019-02-22 20:52:51.889791,10877,0
UChXOhG9bRDb3vSTg-qkPAZg,Gweilo-60,2019-02-22 20:51:51.458486,10877,0
UChXOhG9bRDb3vSTg-qkPAZg,Gweilo-60,2019-02-22 20:50:52.260658,10877,0
UChXOhG9bRDb3vSTg-qkPAZg,Gweilo-60,2019-02-22 20:49:51.65331,10877,0
UChXOhG9bRDb3vSTg-qkPAZg,Gweilo-60,2019-02-22 20:48:51.406396,10877,0
UChXOhG9bRDb3vSTg-qkPAZg,Gweilo-60,2019-02-22 20:47:51.010718,10877,0
UChXOhG9bRDb3vSTg-qkPAZg,Gweilo-60,2019-02-22 20:46:51.341385,10877,0
UChXOhG9bRDb3vSTg-qkPAZg,Gweilo-60,2019-02-22 20:45:51.607205,10877,0
UChXOhG9bRDb3vSTg-qkPAZg,Gweilo-60,2019-02-22 20:44:51.758997,10877,0
UChXOhG9bRDb3vSTg-qkPAZg,Gweilo-60,2019-02-22 20:43:51.358443,10877,0
UChXOhG9bRDb3vSTg-qkPAZg,Gweilo-60,2019-02-22 20:42:51.378754,10877,0
UChXOhG9bRDb3vSTg-qkPAZg,Gweilo-60,2019-02-22 20:41:51.75441,10877,0
UChXOhG9bRDb3vSTg-qkPAZg,Gweilo-60,2019-02-22 20:40:52.050884,10877,0
UChXOhG9bRDb3vSTg-qkPAZg,Gweilo-60,2019-02-22 20:39:51.988639,10877,0
UChXOhG9bRDb3vSTg-qkPAZg,Gweilo-60,2019-02-22 20:38:52.02251,10877,0
UChXOhG9bRDb3vSTg-qkPAZg,Gweilo-60,2019-02-22 20:37:51.51949,10877,0
UChXOhG9bRDb3vSTg-qkPAZg,Gweilo-60,2019-02-22 20:36:51.525051,10877,0
UChXOhG9bRDb3vSTg-qkPAZg,Gweilo-60,2019-02-22 20:35:51.763646,10877,0
UChXOhG9bRDb3vSTg-qkPAZg,Gweilo-60,2019-02-22 20:34:51.25214,10877,-1
UChXOhG9bRDb3vSTg-qkPAZg,Gweilo-60,2019-02-22 20:33:51.578556,10878,0
UChXOhG9bRDb3vSTg-qkPAZg,Gweilo-60,2019-02-22 20:32:51.191709,10878,1
UChXOhG9bRDb3vSTg-qkPAZg,Gweilo-60,2019-02-22 20:31:51.627862,10877,0
UChXOhG9bRDb3vSTg-qkPAZg,Gweilo-60,2019-02-22 20:30:51.163647,10877,0
UChXOhG9bRDb3vSTg-qkPAZg,Gweilo-60,2019-02-22 20:29:51.500715,10877,0
UChXOhG9bRDb3vSTg-qkPAZg,Gweilo-60,2019-02-22 20:28:51.644437,10877,0
UChXOhG9bRDb3vSTg-qkPAZg,Gweilo-60,2019-02-22 20:27:51.481953,10877,0
UChXOhG9bRDb3vSTg-qkPAZg,Gweilo-60,2019-02-22 20:26:52.095426,10877,0
UChXOhG9bRDb3vSTg-qkPAZg,Gweilo-60,2019-02-22 20:25:51.631204,10877,0
UChXOhG9bRDb3vSTg-qkPAZg,Gweilo-60,2019-02-22 20:24:51.661747,10877,0
UChXOhG9bRDb3vSTg-qkPAZg,Gweilo-60,2019-02-22 20:23:51.759246,10877,0
UChXOhG9bRDb3vSTg-qkPAZg,Gweilo-60,2019-02-22 20:22:51.281312,10877,1
UChXOhG9bRDb3vSTg-qkPAZg,Gweilo-60,2019-02-22 20:21:51.201121,10876,0
UChXOhG9bRDb3vSTg-qkPAZg,Gweilo-60,2019-02-22 20:20:51.326451,10876,0
UChXOhG9bRDb3vSTg-qkPAZg,Gweilo-60,2019-02-22 20:19:51.193108,10876,0
UChXOhG9bRDb3vSTg-qkPAZg,Gweilo-60,2019-02-22 20:18:50.63463,10876,0
UChXOhG9bRDb3vSTg-qkPAZg,Gweilo-60,2019-02-22 20:17:51.580437,10876,0
UChXOhG9bRDb3vSTg-qkPAZg,Gweilo-60,2019-02-22 20:16:51.425273,10876,0
UChXOhG9bRDb3vSTg-qkPAZg,Gweilo-60,2019-02-22 20:15:51.461984,10876,0
UChXOhG9bRDb3vSTg-qkPAZg,Gweilo-60,2019-02-22 20:14:51.466067,10876,0
UChXOhG9bRDb3vSTg-qkPAZg,Gweilo-60,2019-02-22 20:13:51.383164,10876,0
UChXOhG9bRDb3vSTg-qkPAZg,Gweilo-60,2019-02-22 20:12:51.215975,10876,-1
UChXOhG9bRDb3vSTg-qkPAZg,Gweilo-60,2019-02-22 20:11:51.758046,10877,0
UChXOhG9bRDb3vSTg-qkPAZg,Gweilo-60,2019-02-22 20:10:51.575447,10877,0
UChXOhG9bRDb3vSTg-qkPAZg,Gweilo-60,2019-02-22 20:09:51.584257,10877,0
UChXOhG9bRDb3vSTg-qkPAZg,Gweilo-60,2019-02-22 20:08:51.763009,10877,0
UChXOhG9bRDb3vSTg-qkPAZg,Gweilo-60,2019-02-22 20:07:51.882255,10877,0
UChXOhG9bRDb3vSTg-qkPAZg,Gweilo-60,2019-02-22 20:06:51.697266,10877,0
UChXOhG9bRDb3vSTg-qkPAZg,Gweilo-60,2019-02-22 20:05:51.294387,10877,0
UChXOhG9bRDb3vSTg-qkPAZg,Gweilo-60,2019-02-22 20:04:51.493749,10877,0
UChXOhG9bRDb3vSTg-qkPAZg,Gweilo-60,2019-02-22 20:03:51.302015,10877,0
UChXOhG9bRDb3vSTg-qkPAZg,Gweilo-60,2019-02-22 20:02:51.067267,10877,0
UChXOhG9bRDb3vSTg-qkPAZg,Gweilo-60,2019-02-22 20:01:51.179664,10877,0
UChXOhG9bRDb3vSTg-qkPAZg,Gweilo-60,2019-02-22 20:00:51.168583,10877,0
UChXOhG9bRDb3vSTg-qkPAZg,Gweilo-60,2019-02-22 19:59:52.241293,10877,0
UChXOhG9bRDb3vSTg-qkPAZg,Gweilo-60,2019-02-22 19:58:51.743648,10877,0
UChXOhG9bRDb3vSTg-qkPAZg,Gweilo-60,2019-02-22 19:57:51.416219,10877,0
UChXOhG9bRDb3vSTg-qkPAZg,Gweilo-60,2019-02-22 19:56:52.10985,10877,0
UChXOhG9bRDb3vSTg-qkPAZg,Gweilo-60,2019-02-22 19:55:51.361485,10877,0
UChXOhG9bRDb3vSTg-qkPAZg,Gweilo-60,2019-02-22 19:54:51.406923,10877,0
UChXOhG9bRDb3vSTg-qkPAZg,Gweilo-60,2019-02-22 19:53:51.585363,10877,0
UChXOhG9bRDb3vSTg-qkPAZg,Gweilo-60,2019-02-22 19:52:51.358819,10877,1
UChXOhG9bRDb3vSTg-qkPAZg,Gweilo-60,2019-02-22 19:51:51.725198,10876,0
UChXOhG9bRDb3vSTg-qkPAZg,Gweilo-60,2019-02-22 19:50:51.321926,10876,0
UChXOhG9bRDb3vSTg-qkPAZg,Gweilo-60,2019-02-22 19:49:51.450989,10876,0
UChXOhG9bRDb3vSTg-qkPAZg,Gweilo-60,2019-02-22 19:48:51.586202,10876,0
UChXOhG9bRDb3vSTg-qkPAZg,Gweilo-60,2019-02-22 19:47:51.445346,10876,0
UChXOhG9bRDb3vSTg-qkPAZg,Gweilo-60,2019-02-22 19:46:51.440328,10876,0
UChXOhG9bRDb3vSTg-qkPAZg,Gweilo-60,2019-02-22 19:45:50.993145,10876,0
UChXOhG9bRDb3vSTg-qkPAZg,Gweilo-60,2019-02-22 19:44:51.640229,10876,0
UChXOhG9bRDb3vSTg-qkPAZg,Gweilo-60,2019-02-22 19:43:51.423593,10876,0
UChXOhG9bRDb3vSTg-qkPAZg,Gweilo-60,2019-02-22 19:42:51.56921,10876,0
UChXOhG9bRDb3vSTg-qkPAZg,Gweilo-60,2019-02-22 19:41:51.395215,10876,0
UChXOhG9bRDb3vSTg-qkPAZg,Gweilo-60,2019-02-22 19:40:51.219969,10876,0
UChXOhG9bRDb3vSTg-qkPAZg,Gweilo-60,2019-02-22 19:39:51.780652,10876,0
UChXOhG9bRDb3vSTg-qkPAZg,Gweilo-60,2019-02-22 19:38:51.130466,10876,0
UChXOhG9bRDb3vSTg-qkPAZg,Gweilo-60,2019-02-22 19:37:51.671754,10876,0
UChXOhG9bRDb3vSTg-qkPAZg,Gweilo-60,2019-02-22 19:36:51.627699,10876,0
UChXOhG9bRDb3vSTg-qkPAZg,Gweilo-60,2019-02-22 19:35:51.674215,10876,0
UChXOhG9bRDb3vSTg-qkPAZg,Gweilo-60,2019-02-22 19:34:51.32876,10876,0
UChXOhG9bRDb3vSTg-qkPAZg,Gweilo-60,2019-02-22 19:33:51.550684,10876,0
UChXOhG9bRDb3vSTg-qkPAZg,Gweilo-60,2019-02-22 19:32:51.256658,10876,0
UChXOhG9bRDb3vSTg-qkPAZg,Gweilo-60,2019-02-22 19:31:51.708303,10876,0
UChXOhG9bRDb3vSTg-qkPAZg,Gweilo-60,2019-02-22 19:30:51.136909,10876,0
UChXOhG9bRDb3vSTg-qkPAZg,Gweilo-60,2019-02-22 19:29:51.309042,10876,0
UChXOhG9bRDb3vSTg-qkPAZg,Gweilo-60,2019-02-22 19:28:51.451602,10876,0
UChXOhG9bRDb3vSTg-qkPAZg,Gweilo-60,2019-02-22 19:27:51.902589,10876,0
UChXOhG9bRDb3vSTg-qkPAZg,Gweilo-60,2019-02-22 19:26:51.732296,10876,0
UChXOhG9bRDb3vSTg-qkPAZg,Gweilo-60,2019-02-22 19:25:51.421355,10876,0
UChXOhG9bRDb3vSTg-qkPAZg,Gweilo-60,2019-02-22 19:24:51.675805,10876,0
UChXOhG9bRDb3vSTg-qkPAZg,Gweilo-60,2019-02-22 19:23:52.064756,10876,0
UChXOhG9bRDb3vSTg-qkPAZg,Gweilo-60,2019-02-22 19:22:51.682662,10876,0
UChXOhG9bRDb3vSTg-qkPAZg,Gweilo-60,2019-02-22 19:21:51.235126,10876,0
UChXOhG9bRDb3vSTg-qkPAZg,Gweilo-60,2019-02-22 19:20:51.742018,10876,0
UChXOhG9bRDb3vSTg-qkPAZg,Gweilo-60,2019-02-22 19:19:51.7105,10876,0
UChXOhG9bRDb3vSTg-qkPAZg,Gweilo-60,2019-02-22 19:18:51.614928,10876,0
UChXOhG9bRDb3vSTg-qkPAZg,Gweilo-60,2019-02-22 19:17:51.854222,10876,0
UChXOhG9bRDb3vSTg-qkPAZg,Gweilo-60,2019-02-22 19:16:51.758499,10876,0
UChXOhG9bRDb3vSTg-qkPAZg,Gweilo-60,2019-02-22 19:15:51.386931,10876,0
UChXOhG9bRDb3vSTg-qkPAZg,Gweilo-60,2019-02-22 19:14:51.398345,10876,0
UChXOhG9bRDb3vSTg-qkPAZg,Gweilo-60,2019-02-22 19:13:51.520247,10876,0
UChXOhG9bRDb3vSTg-qkPAZg,Gweilo-60,2019-02-22 19:12:52.080474,10876,0
UChXOhG9bRDb3vSTg-qkPAZg,Gweilo-60,2019-02-22 19:11:51.588206,10876,0
UChXOhG9bRDb3vSTg-qkPAZg,Gweilo-60,2019-02-22 19:10:51.404838,10876,0
UChXOhG9bRDb3vSTg-qkPAZg,Gweilo-60,2019-02-22 19:09:51.541085,10876,0
UChXOhG9bRDb3vSTg-qkPAZg,Gweilo-60,2019-02-22 19:08:51.927607,10876,0
UChXOhG9bRDb3vSTg-qkPAZg,Gweilo-60,2019-02-22 19:07:51.798425,10876,0
UChXOhG9bRDb3vSTg-qkPAZg,Gweilo-60,2019-02-22 19:06:51.461288,10876,0
UChXOhG9bRDb3vSTg-qkPAZg,Gweilo-60,2019-02-22 19:05:51.578965,10876,0
UChXOhG9bRDb3vSTg-qkPAZg,Gweilo-60,2019-02-22 19:04:51.28568,10876,0
UChXOhG9bRDb3vSTg-qkPAZg,Gweilo-60,2019-02-22 19:03:51.53679,10876,0
UChXOhG9bRDb3vSTg-qkPAZg,Gweilo-60,2019-02-22 19:02:51.922884,10876,0
UChXOhG9bRDb3vSTg-qkPAZg,Gweilo-60,2019-02-22 19:01:51.876102,10876,0
UChXOhG9bRDb3vSTg-qkPAZg,Gweilo-60,2019-02-22 19:00:51.551168,10876,0
UChXOhG9bRDb3vSTg-qkPAZg,Gweilo-60,2019-02-22 18:59:51.170017,10876,0
UChXOhG9bRDb3vSTg-qkPAZg,Gweilo-60,2019-02-22 18:58:52.321499,10876,0
UChXOhG9bRDb3vSTg-qkPAZg,Gweilo-60,2019-02-22 18:57:51.895327,10876,0
UChXOhG9bRDb3vSTg-qkPAZg,Gweilo-60,2019-02-22 18:56:52.428244,10876,0
UChXOhG9bRDb3vSTg-qkPAZg,Gweilo-60,2019-02-22 18:55:51.637123,10876,0
UChXOhG9bRDb3vSTg-qkPAZg,Gweilo-60,2019-02-22 18:54:51.52908,10876,0
UChXOhG9bRDb3vSTg-qkPAZg,Gweilo-60,2019-02-22 18:53:51.291611,10876,0
UChXOhG9bRDb3vSTg-qkPAZg,Gweilo-60,2019-02-22 18:52:51.813274,10876,0
UChXOhG9bRDb3vSTg-qkPAZg,Gweilo-60,2019-02-22 18:51:51.245392,10876,0
UChXOhG9bRDb3vSTg-qkPAZg,Gweilo-60,2019-02-22 18:50:51.822497,10876,0
UChXOhG9bRDb3vSTg-qkPAZg,Gweilo-60,2019-02-22 18:49:51.432663,10876,0
UChXOhG9bRDb3vSTg-qkPAZg,Gweilo-60,2019-02-22 18:48:51.693932,10876,0
UChXOhG9bRDb3vSTg-qkPAZg,Gweilo-60,2019-02-22 18:47:51.128945,10876,0
UChXOhG9bRDb3vSTg-qkPAZg,Gweilo-60,2019-02-22 18:46:51.293458,10876,0
UChXOhG9bRDb3vSTg-qkPAZg,Gweilo-60,2019-02-22 18:45:51.548822,10876,0
UChXOhG9bRDb3vSTg-qkPAZg,Gweilo-60,2019-02-22 18:44:51.462254,10876,0
UChXOhG9bRDb3vSTg-qkPAZg,Gweilo-60,2019-02-22 18:43:51.257422,10876,0
UChXOhG9bRDb3vSTg-qkPAZg,Gweilo-60,2019-02-22 18:42:51.407165,10876,0
UChXOhG9bRDb3vSTg-qkPAZg,Gweilo-60,2019-02-22 18:41:51.789426,10876,0
UChXOhG9bRDb3vSTg-qkPAZg,Gweilo-60,2019-02-22 18:40:51.543271,10876,0
UChXOhG9bRDb3vSTg-qkPAZg,Gweilo-60,2019-02-22 18:39:51.935412,10876,0
UChXOhG9bRDb3vSTg-qkPAZg,Gweilo-60,2019-02-22 18:38:51.764811,10876,0
UChXOhG9bRDb3vSTg-qkPAZg,Gweilo-60,2019-02-22 18:37:51.454189,10876,0
UChXOhG9bRDb3vSTg-qkPAZg,Gweilo-60,2019-02-22 18:36:51.445205,10876,0
UChXOhG9bRDb3vSTg-qkPAZg,Gweilo-60,2019-02-22 18:35:51.519702,10876,0
UChXOhG9bRDb3vSTg-qkPAZg,Gweilo-60,2019-02-22 18:34:51.717732,10876,0
UChXOhG9bRDb3vSTg-qkPAZg,Gweilo-60,2019-02-22 18:33:51.384114,10876,1
UChXOhG9bRDb3vSTg-qkPAZg,Gweilo-60,2019-02-22 18:32:51.466649,10875,0
UChXOhG9bRDb3vSTg-qkPAZg,Gweilo-60,2019-02-22 18:31:51.29891,10875,0
UChXOhG9bRDb3vSTg-qkPAZg,Gweilo-60,2019-02-22 18:30:52.406589,10875,0
UChXOhG9bRDb3vSTg-qkPAZg,Gweilo-60,2019-02-22 18:29:51.328897,10875,0
UChXOhG9bRDb3vSTg-qkPAZg,Gweilo-60,2019-02-22 18:28:51.628369,10875,0
UChXOhG9bRDb3vSTg-qkPAZg,Gweilo-60,2019-02-22 18:27:51.465107,10875,0
UChXOhG9bRDb3vSTg-qkPAZg,Gweilo-60,2019-02-22 18:26:51.149873,10875,1
UChXOhG9bRDb3vSTg-qkPAZg,Gweilo-60,2019-02-22 18:25:51.333956,10874,0
UChXOhG9bRDb3vSTg-qkPAZg,Gweilo-60,2019-02-22 18:24:51.308059,10874,0
UChXOhG9bRDb3vSTg-qkPAZg,Gweilo-60,2019-02-22 18:23:51.111957,10874,0
UChXOhG9bRDb3vSTg-qkPAZg,Gweilo-60,2019-02-22 18:22:51.585679,10874,0
UChXOhG9bRDb3vSTg-qkPAZg,Gweilo-60,2019-02-22 18:21:51.336868,10874,0
UChXOhG9bRDb3vSTg-qkPAZg,Gweilo-60,2019-02-22 18:20:51.373752,10874,0
UChXOhG9bRDb3vSTg-qkPAZg,Gweilo-60,2019-02-22 18:19:51.380908,10874,0
UChXOhG9bRDb3vSTg-qkPAZg,Gweilo-60,2019-02-22 18:18:51.03278,10874,0
UChXOhG9bRDb3vSTg-qkPAZg,Gweilo-60,2019-02-22 18:17:51.550787,10874,0
UChXOhG9bRDb3vSTg-qkPAZg,Gweilo-60,2019-02-22 18:16:51.567245,10874,0
UChXOhG9bRDb3vSTg-qkPAZg,Gweilo-60,2019-02-22 18:15:51.301445,10874,0
UChXOhG9bRDb3vSTg-qkPAZg,Gweilo-60,2019-02-22 18:14:51.177238,10874,0
UChXOhG9bRDb3vSTg-qkPAZg,Gweilo-60,2019-02-22 18:13:51.930167,10874,0
UChXOhG9bRDb3vSTg-qkPAZg,Gweilo-60,2019-02-22 18:12:51.302153,10874,0
UChXOhG9bRDb3vSTg-qkPAZg,Gweilo-60,2019-02-22 18:11:51.256522,10874,0
UChXOhG9bRDb3vSTg-qkPAZg,Gweilo-60,2019-02-22 18:10:51.824641,10874,0
UChXOhG9bRDb3vSTg-qkPAZg,Gweilo-60,2019-02-22 18:09:51.425077,10874,0
UChXOhG9bRDb3vSTg-qkPAZg,Gweilo-60,2019-02-22 18:08:51.229871,10874,0
UChXOhG9bRDb3vSTg-qkPAZg,Gweilo-60,2019-02-22 18:07:51.324753,10874,0
UChXOhG9bRDb3vSTg-qkPAZg,Gweilo-60,2019-02-22 18:06:51.750805,10874,0
UChXOhG9bRDb3vSTg-qkPAZg,Gweilo-60,2019-02-22 18:05:51.763658,10874,0
UChXOhG9bRDb3vSTg-qkPAZg,Gweilo-60,2019-02-22 18:04:51.129311,10874,0
UChXOhG9bRDb3vSTg-qkPAZg,Gweilo-60,2019-02-22 18:03:51.6436,10874,0
UChXOhG9bRDb3vSTg-qkPAZg,Gweilo-60,2019-02-22 18:02:51.438342,10874,0
UChXOhG9bRDb3vSTg-qkPAZg,Gweilo-60,2019-02-22 18:01:51.213733,10874,0
UChXOhG9bRDb3vSTg-qkPAZg,Gweilo-60,2019-02-22 18:00:51.225944,10874,0
UChXOhG9bRDb3vSTg-qkPAZg,Gweilo-60,2019-02-22 17:59:51.448376,10874,1
UChXOhG9bRDb3vSTg-qkPAZg,Gweilo-60,2019-02-22 17:58:51.309335,10873,0
UChXOhG9bRDb3vSTg-qkPAZg,Gweilo-60,2019-02-22 17:57:51.446322,10873,0
UChXOhG9bRDb3vSTg-qkPAZg,Gweilo-60,2019-02-22 17:56:51.475086,10873,0
UChXOhG9bRDb3vSTg-qkPAZg,Gweilo-60,2019-02-22 17:55:51.630661,10873,0
UChXOhG9bRDb3vSTg-qkPAZg,Gweilo-60,2019-02-22 17:54:51.141823,10873,0
UChXOhG9bRDb3vSTg-qkPAZg,Gweilo-60,2019-02-22 17:53:51.118604,10873,0
UChXOhG9bRDb3vSTg-qkPAZg,Gweilo-60,2019-02-22 17:52:51.116787,10873,0
UChXOhG9bRDb3vSTg-qkPAZg,Gweilo-60,2019-02-22 17:51:51.602944,10873,0
UChXOhG9bRDb3vSTg-qkPAZg,Gweilo-60,2019-02-22 17:50:51.191029,10873,0
UChXOhG9bRDb3vSTg-qkPAZg,Gweilo-60,2019-02-22 17:49:52.019961,10873,0
UChXOhG9bRDb3vSTg-qkPAZg,Gweilo-60,2019-02-22 17:48:51.112008,10873,0
UChXOhG9bRDb3vSTg-qkPAZg,Gweilo-60,2019-02-22 17:47:51.371941,10873,0
UChXOhG9bRDb3vSTg-qkPAZg,Gweilo-60,2019-02-22 17:46:51.052131,10873,0
UChXOhG9bRDb3vSTg-qkPAZg,Gweilo-60,2019-02-22 17:45:51.606114,10873,0
UChXOhG9bRDb3vSTg-qkPAZg,Gweilo-60,2019-02-22 17:44:51.435643,10873,0
UChXOhG9bRDb3vSTg-qkPAZg,Gweilo-60,2019-02-22 17:43:51.032917,10873,0
UChXOhG9bRDb3vSTg-qkPAZg,Gweilo-60,2019-02-22 17:42:51.141791,10873,0
UChXOhG9bRDb3vSTg-qkPAZg,Gweilo-60,2019-02-22 17:41:51.352578,10873,0
UChXOhG9bRDb3vSTg-qkPAZg,Gweilo-60,2019-02-22 17:40:51.391692,10873,0
UChXOhG9bRDb3vSTg-qkPAZg,Gweilo-60,2019-02-22 17:39:51.139061,10873,0
UChXOhG9bRDb3vSTg-qkPAZg,Gweilo-60,2019-02-22 17:38:51.45592,10873,0
UChXOhG9bRDb3vSTg-qkPAZg,Gweilo-60,2019-02-22 17:37:51.593458,10873,0
UChXOhG9bRDb3vSTg-qkPAZg,Gweilo-60,2019-02-22 17:36:51.058707,10873,0
UChXOhG9bRDb3vSTg-qkPAZg,Gweilo-60,2019-02-22 17:35:51.206142,10873,0
UChXOhG9bRDb3vSTg-qkPAZg,Gweilo-60,2019-02-22 17:34:51.647479,10873,0
UChXOhG9bRDb3vSTg-qkPAZg,Gweilo-60,2019-02-22 17:33:50.94076,10873,0
UChXOhG9bRDb3vSTg-qkPAZg,Gweilo-60,2019-02-22 17:32:51.476484,10873,0
UChXOhG9bRDb3vSTg-qkPAZg,Gweilo-60,2019-02-22 17:31:51.401198,10873,0
UChXOhG9bRDb3vSTg-qkPAZg,Gweilo-60,2019-02-22 17:30:51.271777,10873,0
UChXOhG9bRDb3vSTg-qkPAZg,Gweilo-60,2019-02-22 17:29:51.669317,10873,0
UChXOhG9bRDb3vSTg-qkPAZg,Gweilo-60,2019-02-22 17:28:51.524246,10873,0
UChXOhG9bRDb3vSTg-qkPAZg,Gweilo-60,2019-02-22 17:27:51.520978,10873,0
UChXOhG9bRDb3vSTg-qkPAZg,Gweilo-60,2019-02-22 17:26:51.299985,10873,0
UChXOhG9bRDb3vSTg-qkPAZg,Gweilo-60,2019-02-22 17:25:51.410198,10873,0
UChXOhG9bRDb3vSTg-qkPAZg,Gweilo-60,2019-02-22 17:24:51.465308,10873,0
UChXOhG9bRDb3vSTg-qkPAZg,Gweilo-60,2019-02-22 17:23:50.893973,10873,0
UChXOhG9bRDb3vSTg-qkPAZg,Gweilo-60,2019-02-22 17:22:51.114519,10873,0
UChXOhG9bRDb3vSTg-qkPAZg,Gweilo-60,2019-02-22 17:21:51.564445,10873,0
UChXOhG9bRDb3vSTg-qkPAZg,Gweilo-60,2019-02-22 17:20:51.486656,10873,0
UChXOhG9bRDb3vSTg-qkPAZg,Gweilo-60,2019-02-22 17:19:51.267972,10873,0
UChXOhG9bRDb3vSTg-qkPAZg,Gweilo-60,2019-02-22 17:18:51.907622,10873,0
UChXOhG9bRDb3vSTg-qkPAZg,Gweilo-60,2019-02-22 17:17:51.056822,10873,0
UChXOhG9bRDb3vSTg-qkPAZg,Gweilo-60,2019-02-22 17:16:50.668645,10873,0
UChXOhG9bRDb3vSTg-qkPAZg,Gweilo-60,2019-02-22 17:15:50.905508,10873,0
UChXOhG9bRDb3vSTg-qkPAZg,Gweilo-60,2019-02-22 17:14:51.137394,10873,0
UChXOhG9bRDb3vSTg-qkPAZg,Gweilo-60,2019-02-22 17:13:51.32728,10873,0
UChXOhG9bRDb3vSTg-qkPAZg,Gweilo-60,2019-02-22 17:12:51.692091,10873,0
UChXOhG9bRDb3vSTg-qkPAZg,Gweilo-60,2019-02-22 17:11:51.134197,10873,0
UChXOhG9bRDb3vSTg-qkPAZg,Gweilo-60,2019-02-22 17:10:51.710377,10873,0
UChXOhG9bRDb3vSTg-qkPAZg,Gweilo-60,2019-02-22 17:09:51.245022,10873,0
UChXOhG9bRDb3vSTg-qkPAZg,Gweilo-60,2019-02-22 17:08:51.618228,10873,0
UChXOhG9bRDb3vSTg-qkPAZg,Gweilo-60,2019-02-22 17:07:51.255225,10873,0
UChXOhG9bRDb3vSTg-qkPAZg,Gweilo-60,2019-02-22 17:06:51.146918,10873,0
UChXOhG9bRDb3vSTg-qkPAZg,Gweilo-60,2019-02-22 17:05:51.723256,10873,0
UChXOhG9bRDb3vSTg-qkPAZg,Gweilo-60,2019-02-22 17:04:51.671557,10873,0
UChXOhG9bRDb3vSTg-qkPAZg,Gweilo-60,2019-02-22 17:03:51.472081,10873,0
UChXOhG9bRDb3vSTg-qkPAZg,Gweilo-60,2019-02-22 17:02:50.787923,10873,0
UChXOhG9bRDb3vSTg-qkPAZg,Gweilo-60,2019-02-22 17:01:51.056171,10873,0
UChXOhG9bRDb3vSTg-qkPAZg,Gweilo-60,2019-02-22 17:00:51.242078,10873,0
UChXOhG9bRDb3vSTg-qkPAZg,Gweilo-60,2019-02-22 16:59:51.595422,10873,0
UChXOhG9bRDb3vSTg-qkPAZg,Gweilo-60,2019-02-22 16:58:51.535035,10873,0
UChXOhG9bRDb3vSTg-qkPAZg,Gweilo-60,2019-02-22 16:57:51.011696,10873,0
UChXOhG9bRDb3vSTg-qkPAZg,Gweilo-60,2019-02-22 16:56:51.444729,10873,0
UChXOhG9bRDb3vSTg-qkPAZg,Gweilo-60,2019-02-22 16:55:51.293682,10873,0
UChXOhG9bRDb3vSTg-qkPAZg,Gweilo-60,2019-02-22 16:54:51.62876,10873,0
UChXOhG9bRDb3vSTg-qkPAZg,Gweilo-60,2019-02-22 16:53:50.948057,10873,0
UChXOhG9bRDb3vSTg-qkPAZg,Gweilo-60,2019-02-22 16:52:51.375014,10873,0
UChXOhG9bRDb3vSTg-qkPAZg,Gweilo-60,2019-02-22 16:51:51.842857,10873,0
UChXOhG9bRDb3vSTg-qkPAZg,Gweilo-60,2019-02-22 16:50:50.937968,10873,0
UChXOhG9bRDb3vSTg-qkPAZg,Gweilo-60,2019-02-22 16:49:51.363746,10873,0
UChXOhG9bRDb3vSTg-qkPAZg,Gweilo-60,2019-02-22 16:48:51.379496,10873,0
UChXOhG9bRDb3vSTg-qkPAZg,Gweilo-60,2019-02-22 16:47:51.379976,10873,0
UChXOhG9bRDb3vSTg-qkPAZg,Gweilo-60,2019-02-22 16:46:51.628684,10873,0
UChXOhG9bRDb3vSTg-qkPAZg,Gweilo-60,2019-02-22 16:45:51.768313,10873,0
UChXOhG9bRDb3vSTg-qkPAZg,Gweilo-60,2019-02-22 16:44:51.545291,10873,0
UChXOhG9bRDb3vSTg-qkPAZg,Gweilo-60,2019-02-22 16:43:51.271919,10873,0
UChXOhG9bRDb3vSTg-qkPAZg,Gweilo-60,2019-02-22 16:42:51.342045,10873,0
UChXOhG9bRDb3vSTg-qkPAZg,Gweilo-60,2019-02-22 16:41:51.116408,10873,0
UChXOhG9bRDb3vSTg-qkPAZg,Gweilo-60,2019-02-22 16:40:51.235164,10873,0
UChXOhG9bRDb3vSTg-qkPAZg,Gweilo-60,2019-02-22 16:39:52.064979,10873,0
UChXOhG9bRDb3vSTg-qkPAZg,Gweilo-60,2019-02-22 16:38:51.425124,10873,0
UChXOhG9bRDb3vSTg-qkPAZg,Gweilo-60,2019-02-22 16:37:51.508628,10873,0
UChXOhG9bRDb3vSTg-qkPAZg,Gweilo-60,2019-02-22 16:36:51.900026,10873,0
UChXOhG9bRDb3vSTg-qkPAZg,Gweilo-60,2019-02-22 16:35:51.527248,10873,0
UChXOhG9bRDb3vSTg-qkPAZg,Gweilo-60,2019-02-22 16:34:50.95582,10873,0
UChXOhG9bRDb3vSTg-qkPAZg,Gweilo-60,2019-02-22 16:33:51.331967,10873,0
UChXOhG9bRDb3vSTg-qkPAZg,Gweilo-60,2019-02-22 16:32:51.394978,10873,0
UChXOhG9bRDb3vSTg-qkPAZg,Gweilo-60,2019-02-22 16:31:51.213866,10873,0
UChXOhG9bRDb3vSTg-qkPAZg,Gweilo-60,2019-02-22 16:30:51.806188,10873,0
UChXOhG9bRDb3vSTg-qkPAZg,Gweilo-60,2019-02-22 16:29:51.030848,10873,0
UChXOhG9bRDb3vSTg-qkPAZg,Gweilo-60,2019-02-22 16:28:50.79944,10873,0
UChXOhG9bRDb3vSTg-qkPAZg,Gweilo-60,2019-02-22 16:27:51.087375,10873,0
UChXOhG9bRDb3vSTg-qkPAZg,Gweilo-60,2019-02-22 16:26:51.627707,10873,0
UChXOhG9bRDb3vSTg-qkPAZg,Gweilo-60,2019-02-22 16:25:51.12255,10873,0
UChXOhG9bRDb3vSTg-qkPAZg,Gweilo-60,2019-02-22 16:24:51.091095,10873,0
UChXOhG9bRDb3vSTg-qkPAZg,Gweilo-60,2019-02-22 16:23:51.22332,10873,0
UChXOhG9bRDb3vSTg-qkPAZg,Gweilo-60,2019-02-22 16:22:51.241623,10873,0
UChXOhG9bRDb3vSTg-qkPAZg,Gweilo-60,2019-02-22 16:21:51.290675,10873,0
UChXOhG9bRDb3vSTg-qkPAZg,Gweilo-60,2019-02-22 16:20:50.88399,10873,0
UChXOhG9bRDb3vSTg-qkPAZg,Gweilo-60,2019-02-22 16:19:51.372644,10873,0
UChXOhG9bRDb3vSTg-qkPAZg,Gweilo-60,2019-02-22 16:18:51.198426,10873,0
UChXOhG9bRDb3vSTg-qkPAZg,Gweilo-60,2019-02-22 16:17:51.322376,10873,0
UChXOhG9bRDb3vSTg-qkPAZg,Gweilo-60,2019-02-22 16:16:51.465443,10873,0
UChXOhG9bRDb3vSTg-qkPAZg,Gweilo-60,2019-02-22 16:15:51.43239,10873,0
UChXOhG9bRDb3vSTg-qkPAZg,Gweilo-60,2019-02-22 16:14:51.542799,10873,0
UChXOhG9bRDb3vSTg-qkPAZg,Gweilo-60,2019-02-22 16:13:51.675097,10873,0
UChXOhG9bRDb3vSTg-qkPAZg,Gweilo-60,2019-02-22 16:12:51.51653,10873,0
UChXOhG9bRDb3vSTg-qkPAZg,Gweilo-60,2019-02-22 16:11:51.478416,10873,0
UChXOhG9bRDb3vSTg-qkPAZg,Gweilo-60,2019-02-22 16:10:51.70525,10873,0
UChXOhG9bRDb3vSTg-qkPAZg,Gweilo-60,2019-02-22 16:09:51.507993,10873,0
UChXOhG9bRDb3vSTg-qkPAZg,Gweilo-60,2019-02-22 16:08:51.511504,10873,0
UChXOhG9bRDb3vSTg-qkPAZg,Gweilo-60,2019-02-22 16:07:51.305156,10873,0
UChXOhG9bRDb3vSTg-qkPAZg,Gweilo-60,2019-02-22 16:06:51.34057,10873,0
UChXOhG9bRDb3vSTg-qkPAZg,Gweilo-60,2019-02-22 16:05:51.580016,10873,0
UChXOhG9bRDb3vSTg-qkPAZg,Gweilo-60,2019-02-22 16:04:51.800301,10873,0
UChXOhG9bRDb3vSTg-qkPAZg,Gweilo-60,2019-02-22 16:03:51.903278,10873,0
UChXOhG9bRDb3vSTg-qkPAZg,Gweilo-60,2019-02-22 16:02:51.914494,10873,0
UChXOhG9bRDb3vSTg-qkPAZg,Gweilo-60,2019-02-22 16:01:51.662056,10873,0
UChXOhG9bRDb3vSTg-qkPAZg,Gweilo-60,2019-02-22 16:00:54.73979,10873,0
UChXOhG9bRDb3vSTg-qkPAZg,Gweilo-60,2019-02-22 15:59:52.751828,10873,0
UChXOhG9bRDb3vSTg-qkPAZg,Gweilo-60,2019-02-22 15:58:51.57772,10873,0
UChXOhG9bRDb3vSTg-qkPAZg,Gweilo-60,2019-02-22 15:57:51.52978,10873,0
UChXOhG9bRDb3vSTg-qkPAZg,Gweilo-60,2019-02-22 15:56:51.157412,10873,0
UChXOhG9bRDb3vSTg-qkPAZg,Gweilo-60,2019-02-22 15:55:51.064282,10873,0
UChXOhG9bRDb3vSTg-qkPAZg,Gweilo-60,2019-02-22 15:54:51.384392,10873,0
UChXOhG9bRDb3vSTg-qkPAZg,Gweilo-60,2019-02-22 15:53:51.180342,10873,0
UChXOhG9bRDb3vSTg-qkPAZg,Gweilo-60,2019-02-22 15:52:51.61249,10873,0
UChXOhG9bRDb3vSTg-qkPAZg,Gweilo-60,2019-02-22 15:51:51.732436,10873,0
UChXOhG9bRDb3vSTg-qkPAZg,Gweilo-60,2019-02-22 15:50:51.726906,10873,0
UChXOhG9bRDb3vSTg-qkPAZg,Gweilo-60,2019-02-22 15:49:51.758773,10873,0
UChXOhG9bRDb3vSTg-qkPAZg,Gweilo-60,2019-02-22 15:48:52.002942,10873,0
UChXOhG9bRDb3vSTg-qkPAZg,Gweilo-60,2019-02-22 15:47:51.964367,10873,0
UChXOhG9bRDb3vSTg-qkPAZg,Gweilo-60,2019-02-22 15:46:51.548519,10873,0
UChXOhG9bRDb3vSTg-qkPAZg,Gweilo-60,2019-02-22 15:45:51.38256,10873,0
UChXOhG9bRDb3vSTg-qkPAZg,Gweilo-60,2019-02-22 15:44:51.609165,10873,0
UChXOhG9bRDb3vSTg-qkPAZg,Gweilo-60,2019-02-22 15:43:51.592268,10873,0
UChXOhG9bRDb3vSTg-qkPAZg,Gweilo-60,2019-02-22 15:42:52.057249,10873,0
UChXOhG9bRDb3vSTg-qkPAZg,Gweilo-60,2019-02-22 15:41:51.673736,10873,0
UChXOhG9bRDb3vSTg-qkPAZg,Gweilo-60,2019-02-22 15:40:51.662947,10873,0
UChXOhG9bRDb3vSTg-qkPAZg,Gweilo-60,2019-02-22 15:39:51.076171,10873,0
UChXOhG9bRDb3vSTg-qkPAZg,Gweilo-60,2019-02-22 15:38:51.304238,10873,0
UChXOhG9bRDb3vSTg-qkPAZg,Gweilo-60,2019-02-22 15:37:51.000541,10873,0
UChXOhG9bRDb3vSTg-qkPAZg,Gweilo-60,2019-02-22 15:36:51.081574,10873,0
UChXOhG9bRDb3vSTg-qkPAZg,Gweilo-60,2019-02-22 15:35:51.748482,10873,0
UChXOhG9bRDb3vSTg-qkPAZg,Gweilo-60,2019-02-22 15:34:51.180031,10873,0
UChXOhG9bRDb3vSTg-qkPAZg,Gweilo-60,2019-02-22 15:33:51.176086,10873,0
UChXOhG9bRDb3vSTg-qkPAZg,Gweilo-60,2019-02-22 15:32:51.51728,10873,0
UChXOhG9bRDb3vSTg-qkPAZg,Gweilo-60,2019-02-22 15:31:51.177401,10873,0
UChXOhG9bRDb3vSTg-qkPAZg,Gweilo-60,2019-02-22 15:30:51.484808,10873,0
UChXOhG9bRDb3vSTg-qkPAZg,Gweilo-60,2019-02-22 15:29:51.065994,10873,0
UChXOhG9bRDb3vSTg-qkPAZg,Gweilo-60,2019-02-22 15:28:51.030269,10873,0
UChXOhG9bRDb3vSTg-qkPAZg,Gweilo-60,2019-02-22 15:27:51.202823,10873,0
UChXOhG9bRDb3vSTg-qkPAZg,Gweilo-60,2019-02-22 15:26:51.200608,10873,0
UChXOhG9bRDb3vSTg-qkPAZg,Gweilo-60,2019-02-22 15:25:50.865059,10873,0
UChXOhG9bRDb3vSTg-qkPAZg,Gweilo-60,2019-02-22 15:24:50.954144,10873,0
UChXOhG9bRDb3vSTg-qkPAZg,Gweilo-60,2019-02-22 15:23:51.432706,10873,0
UChXOhG9bRDb3vSTg-qkPAZg,Gweilo-60,2019-02-22 15:22:51.373628,10873,0
UChXOhG9bRDb3vSTg-qkPAZg,Gweilo-60,2019-02-22 15:21:50.599051,10873,0
UChXOhG9bRDb3vSTg-qkPAZg,Gweilo-60,2019-02-22 15:20:51.671458,10873,0
UChXOhG9bRDb3vSTg-qkPAZg,Gweilo-60,2019-02-22 15:19:51.39397,10873,0
UChXOhG9bRDb3vSTg-qkPAZg,Gweilo-60,2019-02-22 15:18:51.691338,10873,0
UChXOhG9bRDb3vSTg-qkPAZg,Gweilo-60,2019-02-22 15:17:51.457407,10873,0
UChXOhG9bRDb3vSTg-qkPAZg,Gweilo-60,2019-02-22 15:16:51.634048,10873,0
UChXOhG9bRDb3vSTg-qkPAZg,Gweilo-60,2019-02-22 15:15:51.619651,10873,0
UChXOhG9bRDb3vSTg-qkPAZg,Gweilo-60,2019-02-22 15:14:51.279014,10873,0
UChXOhG9bRDb3vSTg-qkPAZg,Gweilo-60,2019-02-22 15:13:51.393732,10873,0
UChXOhG9bRDb3vSTg-qkPAZg,Gweilo-60,2019-02-22 15:12:51.422277,10873,0
UChXOhG9bRDb3vSTg-qkPAZg,Gweilo-60,2019-02-22 15:11:51.227671,10873,1
UChXOhG9bRDb3vSTg-qkPAZg,Gweilo-60,2019-02-22 15:10:51.363851,10872,0
UChXOhG9bRDb3vSTg-qkPAZg,Gweilo-60,2019-02-22 15:09:51.153824,10872,0
UChXOhG9bRDb3vSTg-qkPAZg,Gweilo-60,2019-02-22 15:08:51.789216,10872,0
UChXOhG9bRDb3vSTg-qkPAZg,Gweilo-60,2019-02-22 15:07:51.610489,10872,0
UChXOhG9bRDb3vSTg-qkPAZg,Gweilo-60,2019-02-22 15:06:51.456682,10872,0
UChXOhG9bRDb3vSTg-qkPAZg,Gweilo-60,2019-02-22 15:05:51.630284,10872,0
UChXOhG9bRDb3vSTg-qkPAZg,Gweilo-60,2019-02-22 15:04:51.200792,10872,0
UChXOhG9bRDb3vSTg-qkPAZg,Gweilo-60,2019-02-22 15:03:50.880736,10872,0
UChXOhG9bRDb3vSTg-qkPAZg,Gweilo-60,2019-02-22 15:02:51.175073,10872,0
UChXOhG9bRDb3vSTg-qkPAZg,Gweilo-60,2019-02-22 15:01:50.878324,10872,0
UChXOhG9bRDb3vSTg-qkPAZg,Gweilo-60,2019-02-22 15:00:51.707497,10872,0
UChXOhG9bRDb3vSTg-qkPAZg,Gweilo-60,2019-02-22 14:59:51.402942,10872,0
UChXOhG9bRDb3vSTg-qkPAZg,Gweilo-60,2019-02-22 14:58:50.960223,10872,0
UChXOhG9bRDb3vSTg-qkPAZg,Gweilo-60,2019-02-22 14:57:51.068715,10872,0
UChXOhG9bRDb3vSTg-qkPAZg,Gweilo-60,2019-02-22 14:56:51.236247,10872,0
UChXOhG9bRDb3vSTg-qkPAZg,Gweilo-60,2019-02-22 14:55:51.305964,10872,0
UChXOhG9bRDb3vSTg-qkPAZg,Gweilo-60,2019-02-22 14:54:51.255656,10872,0
UChXOhG9bRDb3vSTg-qkPAZg,Gweilo-60,2019-02-22 14:53:51.254183,10872,0
UChXOhG9bRDb3vSTg-qkPAZg,Gweilo-60,2019-02-22 14:52:51.125915,10872,0
UChXOhG9bRDb3vSTg-qkPAZg,Gweilo-60,2019-02-22 14:51:51.92863,10872,0
UChXOhG9bRDb3vSTg-qkPAZg,Gweilo-60,2019-02-22 14:50:51.666997,10872,0
UChXOhG9bRDb3vSTg-qkPAZg,Gweilo-60,2019-02-22 14:49:50.809732,10872,0
UChXOhG9bRDb3vSTg-qkPAZg,Gweilo-60,2019-02-22 14:48:51.049872,10872,0
UChXOhG9bRDb3vSTg-qkPAZg,Gweilo-60,2019-02-22 14:47:51.100809,10872,0
UChXOhG9bRDb3vSTg-qkPAZg,Gweilo-60,2019-02-22 14:46:51.386944,10872,0
UChXOhG9bRDb3vSTg-qkPAZg,Gweilo-60,2019-02-22 14:45:51.002957,10872,0
UChXOhG9bRDb3vSTg-qkPAZg,Gweilo-60,2019-02-22 14:44:51.854077,10872,0
UChXOhG9bRDb3vSTg-qkPAZg,Gweilo-60,2019-02-22 14:43:51.576598,10872,0
UChXOhG9bRDb3vSTg-qkPAZg,Gweilo-60,2019-02-22 14:42:51.008618,10872,0
UChXOhG9bRDb3vSTg-qkPAZg,Gweilo-60,2019-02-22 14:41:52.061885,10872,0
UChXOhG9bRDb3vSTg-qkPAZg,Gweilo-60,2019-02-22 14:40:50.818425,10872,0
UChXOhG9bRDb3vSTg-qkPAZg,Gweilo-60,2019-02-22 14:39:51.219712,10872,0
UChXOhG9bRDb3vSTg-qkPAZg,Gweilo-60,2019-02-22 14:38:51.175987,10872,0
UChXOhG9bRDb3vSTg-qkPAZg,Gweilo-60,2019-02-22 14:37:51.536325,10872,1
UChXOhG9bRDb3vSTg-qkPAZg,Gweilo-60,2019-02-22 14:36:51.61408,10871,0
UChXOhG9bRDb3vSTg-qkPAZg,Gweilo-60,2019-02-22 14:35:51.586759,10871,0
UChXOhG9bRDb3vSTg-qkPAZg,Gweilo-60,2019-02-22 14:34:51.150159,10871,0
UChXOhG9bRDb3vSTg-qkPAZg,Gweilo-60,2019-02-22 14:33:50.965313,10871,0
UChXOhG9bRDb3vSTg-qkPAZg,Gweilo-60,2019-02-22 14:32:51.004435,10871,0
UChXOhG9bRDb3vSTg-qkPAZg,Gweilo-60,2019-02-22 14:31:51.320634,10871,0
UChXOhG9bRDb3vSTg-qkPAZg,Gweilo-60,2019-02-22 14:30:51.244686,10871,0
UChXOhG9bRDb3vSTg-qkPAZg,Gweilo-60,2019-02-22 14:29:50.920015,10871,0
UChXOhG9bRDb3vSTg-qkPAZg,Gweilo-60,2019-02-22 14:28:50.977434,10871,0
UChXOhG9bRDb3vSTg-qkPAZg,Gweilo-60,2019-02-22 14:27:51.663365,10871,0
UChXOhG9bRDb3vSTg-qkPAZg,Gweilo-60,2019-02-22 14:26:51.089978,10871,0
UChXOhG9bRDb3vSTg-qkPAZg,Gweilo-60,2019-02-22 14:25:51.197362,10871,0
UChXOhG9bRDb3vSTg-qkPAZg,Gweilo-60,2019-02-22 14:24:50.932294,10871,0
UChXOhG9bRDb3vSTg-qkPAZg,Gweilo-60,2019-02-22 14:23:51.39273,10871,0
UChXOhG9bRDb3vSTg-qkPAZg,Gweilo-60,2019-02-22 14:22:51.036617,10871,0
UChXOhG9bRDb3vSTg-qkPAZg,Gweilo-60,2019-02-22 14:21:50.82623,10871,0
UChXOhG9bRDb3vSTg-qkPAZg,Gweilo-60,2019-02-22 14:20:51.185463,10871,0
UChXOhG9bRDb3vSTg-qkPAZg,Gweilo-60,2019-02-22 14:19:51.541891,10871,0
UChXOhG9bRDb3vSTg-qkPAZg,Gweilo-60,2019-02-22 14:18:50.981243,10871,0
UChXOhG9bRDb3vSTg-qkPAZg,Gweilo-60,2019-02-22 14:17:51.124361,10871,0
UChXOhG9bRDb3vSTg-qkPAZg,Gweilo-60,2019-02-22 14:16:51.320365,10871,0
UChXOhG9bRDb3vSTg-qkPAZg,Gweilo-60,2019-02-22 14:15:51.451066,10871,0
UChXOhG9bRDb3vSTg-qkPAZg,Gweilo-60,2019-02-22 14:14:51.035343,10871,0
UChXOhG9bRDb3vSTg-qkPAZg,Gweilo-60,2019-02-22 14:13:51.001443,10871,0
UChXOhG9bRDb3vSTg-qkPAZg,Gweilo-60,2019-02-22 14:12:51.021692,10871,0
UChXOhG9bRDb3vSTg-qkPAZg,Gweilo-60,2019-02-22 14:11:51.193973,10871,0
UChXOhG9bRDb3vSTg-qkPAZg,Gweilo-60,2019-02-22 14:10:51.625064,10871,0
UChXOhG9bRDb3vSTg-qkPAZg,Gweilo-60,2019-02-22 14:09:51.477445,10871,0
UChXOhG9bRDb3vSTg-qkPAZg,Gweilo-60,2019-02-22 14:08:51.564263,10871,0
UChXOhG9bRDb3vSTg-qkPAZg,Gweilo-60,2019-02-22 14:07:50.887461,10871,0
UChXOhG9bRDb3vSTg-qkPAZg,Gweilo-60,2019-02-22 14:06:50.954815,10871,0
UChXOhG9bRDb3vSTg-qkPAZg,Gweilo-60,2019-02-22 14:05:51.130876,10871,0
UChXOhG9bRDb3vSTg-qkPAZg,Gweilo-60,2019-02-22 14:04:50.512425,10871,0
UChXOhG9bRDb3vSTg-qkPAZg,Gweilo-60,2019-02-22 14:03:51.809998,10871,0
UChXOhG9bRDb3vSTg-qkPAZg,Gweilo-60,2019-02-22 14:02:51.027102,10871,0
UChXOhG9bRDb3vSTg-qkPAZg,Gweilo-60,2019-02-22 14:01:51.219845,10871,0
UChXOhG9bRDb3vSTg-qkPAZg,Gweilo-60,2019-02-22 14:00:51.115003,10871,0
UChXOhG9bRDb3vSTg-qkPAZg,Gweilo-60,2019-02-22 13:59:51.359797,10871,0
UChXOhG9bRDb3vSTg-qkPAZg,Gweilo-60,2019-02-22 13:58:51.91573,10871,0
UChXOhG9bRDb3vSTg-qkPAZg,Gweilo-60,2019-02-22 13:57:51.431356,10871,0
UChXOhG9bRDb3vSTg-qkPAZg,Gweilo-60,2019-02-22 13:56:52.087443,10871,0
UChXOhG9bRDb3vSTg-qkPAZg,Gweilo-60,2019-02-22 13:55:51.349781,10871,0
UChXOhG9bRDb3vSTg-qkPAZg,Gweilo-60,2019-02-22 13:54:50.855686,10871,0
UChXOhG9bRDb3vSTg-qkPAZg,Gweilo-60,2019-02-22 13:53:52.019239,10871,0
UChXOhG9bRDb3vSTg-qkPAZg,Gweilo-60,2019-02-22 13:52:51.002446,10871,0
UChXOhG9bRDb3vSTg-qkPAZg,Gweilo-60,2019-02-22 13:51:50.997495,10871,0
UChXOhG9bRDb3vSTg-qkPAZg,Gweilo-60,2019-02-22 13:50:51.02861,10871,0
UChXOhG9bRDb3vSTg-qkPAZg,Gweilo-60,2019-02-22 13:49:51.031224,10871,0
UChXOhG9bRDb3vSTg-qkPAZg,Gweilo-60,2019-02-22 13:48:50.930064,10871,0
UChXOhG9bRDb3vSTg-qkPAZg,Gweilo-60,2019-02-22 13:47:51.607773,10871,0
UChXOhG9bRDb3vSTg-qkPAZg,Gweilo-60,2019-02-22 13:46:51.197246,10871,0
UChXOhG9bRDb3vSTg-qkPAZg,Gweilo-60,2019-02-22 13:45:51.122666,10871,0
UChXOhG9bRDb3vSTg-qkPAZg,Gweilo-60,2019-02-22 13:44:51.111766,10871,0
UChXOhG9bRDb3vSTg-qkPAZg,Gweilo-60,2019-02-22 13:43:50.950544,10871,0
UChXOhG9bRDb3vSTg-qkPAZg,Gweilo-60,2019-02-22 13:42:51.704721,10871,0
UChXOhG9bRDb3vSTg-qkPAZg,Gweilo-60,2019-02-22 13:41:51.316718,10871,0
UChXOhG9bRDb3vSTg-qkPAZg,Gweilo-60,2019-02-22 13:40:50.842593,10871,0
UChXOhG9bRDb3vSTg-qkPAZg,Gweilo-60,2019-02-22 13:39:50.766601,10871,0
UChXOhG9bRDb3vSTg-qkPAZg,Gweilo-60,2019-02-22 13:38:51.274237,10871,0
UChXOhG9bRDb3vSTg-qkPAZg,Gweilo-60,2019-02-22 13:37:51.938998,10871,0
UChXOhG9bRDb3vSTg-qkPAZg,Gweilo-60,2019-02-22 13:36:51.30729,10871,0
UChXOhG9bRDb3vSTg-qkPAZg,Gweilo-60,2019-02-22 13:35:51.259015,10871,0
UChXOhG9bRDb3vSTg-qkPAZg,Gweilo-60,2019-02-22 13:34:50.963705,10871,0
UChXOhG9bRDb3vSTg-qkPAZg,Gweilo-60,2019-02-22 13:33:51.142172,10871,0
UChXOhG9bRDb3vSTg-qkPAZg,Gweilo-60,2019-02-22 13:32:50.822607,10871,0
UChXOhG9bRDb3vSTg-qkPAZg,Gweilo-60,2019-02-22 13:31:51.62149,10871,0
UChXOhG9bRDb3vSTg-qkPAZg,Gweilo-60,2019-02-22 13:30:51.605806,10871,0
UChXOhG9bRDb3vSTg-qkPAZg,Gweilo-60,2019-02-22 13:29:51.571829,10871,0
UChXOhG9bRDb3vSTg-qkPAZg,Gweilo-60,2019-02-22 13:28:51.152135,10871,0
UChXOhG9bRDb3vSTg-qkPAZg,Gweilo-60,2019-02-22 13:27:51.082047,10871,0
UChXOhG9bRDb3vSTg-qkPAZg,Gweilo-60,2019-02-22 13:26:51.066818,10871,0
UChXOhG9bRDb3vSTg-qkPAZg,Gweilo-60,2019-02-22 13:25:51.3945,10871,0
UChXOhG9bRDb3vSTg-qkPAZg,Gweilo-60,2019-02-22 13:24:51.868211,10871,0
UChXOhG9bRDb3vSTg-qkPAZg,Gweilo-60,2019-02-22 13:23:51.6625,10871,0
UChXOhG9bRDb3vSTg-qkPAZg,Gweilo-60,2019-02-22 13:22:51.179907,10871,0
UChXOhG9bRDb3vSTg-qkPAZg,Gweilo-60,2019-02-22 13:21:51.428108,10871,0
UChXOhG9bRDb3vSTg-qkPAZg,Gweilo-60,2019-02-22 13:20:51.190926,10871,0
UChXOhG9bRDb3vSTg-qkPAZg,Gweilo-60,2019-02-22 13:19:52.06741,10871,0
UChXOhG9bRDb3vSTg-qkPAZg,Gweilo-60,2019-02-22 13:18:51.184424,10871,0
UChXOhG9bRDb3vSTg-qkPAZg,Gweilo-60,2019-02-22 13:17:51.41705,10871,0
UChXOhG9bRDb3vSTg-qkPAZg,Gweilo-60,2019-02-22 13:16:51.757348,10871,0
UChXOhG9bRDb3vSTg-qkPAZg,Gweilo-60,2019-02-22 13:15:51.080963,10871,0
UChXOhG9bRDb3vSTg-qkPAZg,Gweilo-60,2019-02-22 13:14:51.169028,10871,0
UChXOhG9bRDb3vSTg-qkPAZg,Gweilo-60,2019-02-22 13:13:50.837973,10871,0
UChXOhG9bRDb3vSTg-qkPAZg,Gweilo-60,2019-02-22 13:12:50.585296,10871,0
UChXOhG9bRDb3vSTg-qkPAZg,Gweilo-60,2019-02-22 13:11:51.180618,10871,0
UChXOhG9bRDb3vSTg-qkPAZg,Gweilo-60,2019-02-22 13:10:51.486116,10871,0
UChXOhG9bRDb3vSTg-qkPAZg,Gweilo-60,2019-02-22 13:09:51.558444,10871,0
UChXOhG9bRDb3vSTg-qkPAZg,Gweilo-60,2019-02-22 13:08:51.295352,10871,0
UChXOhG9bRDb3vSTg-qkPAZg,Gweilo-60,2019-02-22 13:07:51.15223,10871,0
UChXOhG9bRDb3vSTg-qkPAZg,Gweilo-60,2019-02-22 13:06:51.708341,10871,0
UChXOhG9bRDb3vSTg-qkPAZg,Gweilo-60,2019-02-22 13:05:50.928876,10871,0
UChXOhG9bRDb3vSTg-qkPAZg,Gweilo-60,2019-02-22 13:04:50.884003,10871,0
UChXOhG9bRDb3vSTg-qkPAZg,Gweilo-60,2019-02-22 13:03:51.27927,10871,0
UChXOhG9bRDb3vSTg-qkPAZg,Gweilo-60,2019-02-22 13:02:51.441018,10871,0
UChXOhG9bRDb3vSTg-qkPAZg,Gweilo-60,2019-02-22 13:01:50.98643,10871,0
UChXOhG9bRDb3vSTg-qkPAZg,Gweilo-60,2019-02-22 13:00:51.09729,10871,0
UChXOhG9bRDb3vSTg-qkPAZg,Gweilo-60,2019-02-22 12:59:51.057226,10871,0
UChXOhG9bRDb3vSTg-qkPAZg,Gweilo-60,2019-02-22 12:58:51.539396,10871,0
UChXOhG9bRDb3vSTg-qkPAZg,Gweilo-60,2019-02-22 12:57:51.354153,10871,0
UChXOhG9bRDb3vSTg-qkPAZg,Gweilo-60,2019-02-22 12:56:51.371706,10871,0
UChXOhG9bRDb3vSTg-qkPAZg,Gweilo-60,2019-02-22 12:55:51.380192,10871,0
UChXOhG9bRDb3vSTg-qkPAZg,Gweilo-60,2019-02-22 12:54:51.365751,10871,0
UChXOhG9bRDb3vSTg-qkPAZg,Gweilo-60,2019-02-22 12:53:51.995401,10871,0
UChXOhG9bRDb3vSTg-qkPAZg,Gweilo-60,2019-02-22 12:52:50.853327,10871,0
UChXOhG9bRDb3vSTg-qkPAZg,Gweilo-60,2019-02-22 12:51:51.528103,10871,0
UChXOhG9bRDb3vSTg-qkPAZg,Gweilo-60,2019-02-22 12:50:51.067147,10871,-1
UChXOhG9bRDb3vSTg-qkPAZg,Gweilo-60,2019-02-22 12:49:50.747822,10872,0
UChXOhG9bRDb3vSTg-qkPAZg,Gweilo-60,2019-02-22 12:48:51.216838,10872,0
UChXOhG9bRDb3vSTg-qkPAZg,Gweilo-60,2019-02-22 12:47:51.287928,10872,0
UChXOhG9bRDb3vSTg-qkPAZg,Gweilo-60,2019-02-22 12:46:51.271976,10872,1
UChXOhG9bRDb3vSTg-qkPAZg,Gweilo-60,2019-02-22 12:45:51.661481,10871,0
UChXOhG9bRDb3vSTg-qkPAZg,Gweilo-60,2019-02-22 12:44:51.502147,10871,0
UChXOhG9bRDb3vSTg-qkPAZg,Gweilo-60,2019-02-22 12:43:51.606448,10871,0
UChXOhG9bRDb3vSTg-qkPAZg,Gweilo-60,2019-02-22 12:42:51.469593,10871,0
UChXOhG9bRDb3vSTg-qkPAZg,Gweilo-60,2019-02-22 12:41:51.777909,10871,0
UChXOhG9bRDb3vSTg-qkPAZg,Gweilo-60,2019-02-22 12:40:51.061367,10871,0
UChXOhG9bRDb3vSTg-qkPAZg,Gweilo-60,2019-02-22 12:39:51.221033,10871,0
UChXOhG9bRDb3vSTg-qkPAZg,Gweilo-60,2019-02-22 12:38:51.389293,10871,0
UChXOhG9bRDb3vSTg-qkPAZg,Gweilo-60,2019-02-22 12:37:51.348982,10871,0
UChXOhG9bRDb3vSTg-qkPAZg,Gweilo-60,2019-02-22 12:36:51.924358,10871,0
UChXOhG9bRDb3vSTg-qkPAZg,Gweilo-60,2019-02-22 12:35:51.289148,10871,0
UChXOhG9bRDb3vSTg-qkPAZg,Gweilo-60,2019-02-22 12:34:51.036747,10871,0
UChXOhG9bRDb3vSTg-qkPAZg,Gweilo-60,2019-02-22 12:33:51.299921,10871,0
UChXOhG9bRDb3vSTg-qkPAZg,Gweilo-60,2019-02-22 12:32:51.182252,10871,0
UChXOhG9bRDb3vSTg-qkPAZg,Gweilo-60,2019-02-22 12:31:51.133445,10871,0
UChXOhG9bRDb3vSTg-qkPAZg,Gweilo-60,2019-02-22 12:30:51.090896,10871,0
UChXOhG9bRDb3vSTg-qkPAZg,Gweilo-60,2019-02-22 12:29:51.005154,10871,0
UChXOhG9bRDb3vSTg-qkPAZg,Gweilo-60,2019-02-22 12:28:50.790001,10871,0
UChXOhG9bRDb3vSTg-qkPAZg,Gweilo-60,2019-02-22 12:27:50.972258,10871,0
UChXOhG9bRDb3vSTg-qkPAZg,Gweilo-60,2019-02-22 12:26:50.891129,10871,0
UChXOhG9bRDb3vSTg-qkPAZg,Gweilo-60,2019-02-22 12:25:51.048918,10871,0
UChXOhG9bRDb3vSTg-qkPAZg,Gweilo-60,2019-02-22 12:24:51.449404,10871,0
UChXOhG9bRDb3vSTg-qkPAZg,Gweilo-60,2019-02-22 12:23:50.746764,10871,0
UChXOhG9bRDb3vSTg-qkPAZg,Gweilo-60,2019-02-22 12:22:51.597918,10871,0
UChXOhG9bRDb3vSTg-qkPAZg,Gweilo-60,2019-02-22 12:21:51.926532,10871,0
UChXOhG9bRDb3vSTg-qkPAZg,Gweilo-60,2019-02-22 12:20:51.029342,10871,0
UChXOhG9bRDb3vSTg-qkPAZg,Gweilo-60,2019-02-22 12:19:51.612055,10871,0
UChXOhG9bRDb3vSTg-qkPAZg,Gweilo-60,2019-02-22 12:18:51.430091,10871,0
UChXOhG9bRDb3vSTg-qkPAZg,Gweilo-60,2019-02-22 12:17:50.81186,10871,0
UChXOhG9bRDb3vSTg-qkPAZg,Gweilo-60,2019-02-22 12:16:51.120993,10871,0
UChXOhG9bRDb3vSTg-qkPAZg,Gweilo-60,2019-02-22 12:15:51.690147,10871,0
UChXOhG9bRDb3vSTg-qkPAZg,Gweilo-60,2019-02-22 12:14:50.783992,10871,0
UChXOhG9bRDb3vSTg-qkPAZg,Gweilo-60,2019-02-22 12:13:51.005775,10871,0
UChXOhG9bRDb3vSTg-qkPAZg,Gweilo-60,2019-02-22 12:12:50.897598,10871,0
UChXOhG9bRDb3vSTg-qkPAZg,Gweilo-60,2019-02-22 12:11:51.633113,10871,0
UChXOhG9bRDb3vSTg-qkPAZg,Gweilo-60,2019-02-22 12:10:51.009828,10871,0
UChXOhG9bRDb3vSTg-qkPAZg,Gweilo-60,2019-02-22 12:09:51.170781,10871,0
UChXOhG9bRDb3vSTg-qkPAZg,Gweilo-60,2019-02-22 12:08:51.642168,10871,0
UChXOhG9bRDb3vSTg-qkPAZg,Gweilo-60,2019-02-22 12:07:51.972968,10871,0
UChXOhG9bRDb3vSTg-qkPAZg,Gweilo-60,2019-02-22 12:06:51.074265,10871,0
UChXOhG9bRDb3vSTg-qkPAZg,Gweilo-60,2019-02-22 12:05:51.546937,10871,0
UChXOhG9bRDb3vSTg-qkPAZg,Gweilo-60,2019-02-22 12:04:51.204854,10871,0
UChXOhG9bRDb3vSTg-qkPAZg,Gweilo-60,2019-02-22 12:03:51.357126,10871,0
UChXOhG9bRDb3vSTg-qkPAZg,Gweilo-60,2019-02-22 12:02:51.093879,10871,0
UChXOhG9bRDb3vSTg-qkPAZg,Gweilo-60,2019-02-22 12:01:51.31373,10871,0
UChXOhG9bRDb3vSTg-qkPAZg,Gweilo-60,2019-02-22 12:00:51.291043,10871,0
UChXOhG9bRDb3vSTg-qkPAZg,Gweilo-60,2019-02-22 11:59:51.646482,10871,0
UChXOhG9bRDb3vSTg-qkPAZg,Gweilo-60,2019-02-22 11:58:51.210865,10871,0
UChXOhG9bRDb3vSTg-qkPAZg,Gweilo-60,2019-02-22 11:57:51.427182,10871,0
UChXOhG9bRDb3vSTg-qkPAZg,Gweilo-60,2019-02-22 11:56:51.412447,10871,0
UChXOhG9bRDb3vSTg-qkPAZg,Gweilo-60,2019-02-22 11:55:50.67305,10871,0
UChXOhG9bRDb3vSTg-qkPAZg,Gweilo-60,2019-02-22 11:54:51.214483,10871,0
UChXOhG9bRDb3vSTg-qkPAZg,Gweilo-60,2019-02-22 11:53:51.184684,10871,0
UChXOhG9bRDb3vSTg-qkPAZg,Gweilo-60,2019-02-22 11:52:51.367042,10871,0
UChXOhG9bRDb3vSTg-qkPAZg,Gweilo-60,2019-02-22 11:51:51.386107,10871,0
UChXOhG9bRDb3vSTg-qkPAZg,Gweilo-60,2019-02-22 11:50:51.071172,10871,0
UChXOhG9bRDb3vSTg-qkPAZg,Gweilo-60,2019-02-22 11:49:51.01395,10871,0
UChXOhG9bRDb3vSTg-qkPAZg,Gweilo-60,2019-02-22 11:48:50.857065,10871,0
UChXOhG9bRDb3vSTg-qkPAZg,Gweilo-60,2019-02-22 11:47:51.75655,10871,0
UChXOhG9bRDb3vSTg-qkPAZg,Gweilo-60,2019-02-22 11:46:50.928082,10871,0
UChXOhG9bRDb3vSTg-qkPAZg,Gweilo-60,2019-02-22 11:45:51.01036,10871,0
UChXOhG9bRDb3vSTg-qkPAZg,Gweilo-60,2019-02-22 11:44:50.878877,10871,0
UChXOhG9bRDb3vSTg-qkPAZg,Gweilo-60,2019-02-22 11:43:51.313075,10871,0
UChXOhG9bRDb3vSTg-qkPAZg,Gweilo-60,2019-02-22 11:42:51.122529,10871,0
UChXOhG9bRDb3vSTg-qkPAZg,Gweilo-60,2019-02-22 11:41:51.036244,10871,0
UChXOhG9bRDb3vSTg-qkPAZg,Gweilo-60,2019-02-22 11:40:51.061645,10871,0
UChXOhG9bRDb3vSTg-qkPAZg,Gweilo-60,2019-02-22 11:39:51.31206,10871,0
UChXOhG9bRDb3vSTg-qkPAZg,Gweilo-60,2019-02-22 11:38:51.593604,10871,0
UChXOhG9bRDb3vSTg-qkPAZg,Gweilo-60,2019-02-22 11:37:51.198804,10871,0
UChXOhG9bRDb3vSTg-qkPAZg,Gweilo-60,2019-02-22 11:36:51.101747,10871,0
UChXOhG9bRDb3vSTg-qkPAZg,Gweilo-60,2019-02-22 11:35:51.416808,10871,0
UChXOhG9bRDb3vSTg-qkPAZg,Gweilo-60,2019-02-22 11:34:50.977278,10871,0
UChXOhG9bRDb3vSTg-qkPAZg,Gweilo-60,2019-02-22 11:33:51.38086,10871,0
UChXOhG9bRDb3vSTg-qkPAZg,Gweilo-60,2019-02-22 11:32:51.276365,10871,2
UChXOhG9bRDb3vSTg-qkPAZg,Gweilo-60,2019-02-22 11:31:51.051843,10869,0
UChXOhG9bRDb3vSTg-qkPAZg,Gweilo-60,2019-02-22 11:30:50.90228,10869,0
UChXOhG9bRDb3vSTg-qkPAZg,Gweilo-60,2019-02-22 11:29:51.101251,10869,0
UChXOhG9bRDb3vSTg-qkPAZg,Gweilo-60,2019-02-22 11:28:51.281357,10869,0
UChXOhG9bRDb3vSTg-qkPAZg,Gweilo-60,2019-02-22 11:27:51.324226,10869,0
UChXOhG9bRDb3vSTg-qkPAZg,Gweilo-60,2019-02-22 11:26:51.314501,10869,0
UChXOhG9bRDb3vSTg-qkPAZg,Gweilo-60,2019-02-22 11:25:51.288431,10869,0
UChXOhG9bRDb3vSTg-qkPAZg,Gweilo-60,2019-02-22 11:24:51.232109,10869,0
UChXOhG9bRDb3vSTg-qkPAZg,Gweilo-60,2019-02-22 11:23:51.276416,10869,0
UChXOhG9bRDb3vSTg-qkPAZg,Gweilo-60,2019-02-22 11:22:50.986847,10869,0
UChXOhG9bRDb3vSTg-qkPAZg,Gweilo-60,2019-02-22 11:21:51.611208,10869,0
UChXOhG9bRDb3vSTg-qkPAZg,Gweilo-60,2019-02-22 11:20:52.026555,10869,0
UChXOhG9bRDb3vSTg-qkPAZg,Gweilo-60,2019-02-22 11:19:51.603414,10869,0
UChXOhG9bRDb3vSTg-qkPAZg,Gweilo-60,2019-02-22 11:18:51.153743,10869,0
UChXOhG9bRDb3vSTg-qkPAZg,Gweilo-60,2019-02-22 11:17:51.194094,10869,0
UChXOhG9bRDb3vSTg-qkPAZg,Gweilo-60,2019-02-22 11:16:51.615309,10869,0
UChXOhG9bRDb3vSTg-qkPAZg,Gweilo-60,2019-02-22 11:15:51.400169,10869,0
UChXOhG9bRDb3vSTg-qkPAZg,Gweilo-60,2019-02-22 11:14:51.236559,10869,0
UChXOhG9bRDb3vSTg-qkPAZg,Gweilo-60,2019-02-22 11:13:51.517482,10869,0
UChXOhG9bRDb3vSTg-qkPAZg,Gweilo-60,2019-02-22 11:12:50.785414,10869,0
UChXOhG9bRDb3vSTg-qkPAZg,Gweilo-60,2019-02-22 11:11:51.203061,10869,0
UChXOhG9bRDb3vSTg-qkPAZg,Gweilo-60,2019-02-22 11:10:50.987858,10869,0
UChXOhG9bRDb3vSTg-qkPAZg,Gweilo-60,2019-02-22 11:09:51.101132,10869,0
UChXOhG9bRDb3vSTg-qkPAZg,Gweilo-60,2019-02-22 11:08:51.150294,10869,0
UChXOhG9bRDb3vSTg-qkPAZg,Gweilo-60,2019-02-22 11:07:51.544782,10869,0
UChXOhG9bRDb3vSTg-qkPAZg,Gweilo-60,2019-02-22 11:06:51.202856,10869,0
UChXOhG9bRDb3vSTg-qkPAZg,Gweilo-60,2019-02-22 11:05:51.048516,10869,0
UChXOhG9bRDb3vSTg-qkPAZg,Gweilo-60,2019-02-22 11:04:51.905772,10869,0
UChXOhG9bRDb3vSTg-qkPAZg,Gweilo-60,2019-02-22 11:03:51.51934,10869,0
UChXOhG9bRDb3vSTg-qkPAZg,Gweilo-60,2019-02-22 11:02:51.084168,10869,0
UChXOhG9bRDb3vSTg-qkPAZg,Gweilo-60,2019-02-22 11:01:51.078795,10869,0
UChXOhG9bRDb3vSTg-qkPAZg,Gweilo-60,2019-02-22 11:00:51.300071,10869,0
UChXOhG9bRDb3vSTg-qkPAZg,Gweilo-60,2019-02-22 10:59:51.150817,10869,0
UChXOhG9bRDb3vSTg-qkPAZg,Gweilo-60,2019-02-22 10:58:51.337857,10869,0
UChXOhG9bRDb3vSTg-qkPAZg,Gweilo-60,2019-02-22 10:57:50.912401,10869,0
UChXOhG9bRDb3vSTg-qkPAZg,Gweilo-60,2019-02-22 10:56:51.611246,10869,1
UChXOhG9bRDb3vSTg-qkPAZg,Gweilo-60,2019-02-22 10:55:51.191637,10868,0
UChXOhG9bRDb3vSTg-qkPAZg,Gweilo-60,2019-02-22 10:54:51.272469,10868,0
UChXOhG9bRDb3vSTg-qkPAZg,Gweilo-60,2019-02-22 10:53:51.158574,10868,0
UChXOhG9bRDb3vSTg-qkPAZg,Gweilo-60,2019-02-22 10:52:51.449187,10868,0
UChXOhG9bRDb3vSTg-qkPAZg,Gweilo-60,2019-02-22 10:51:51.238493,10868,0
UChXOhG9bRDb3vSTg-qkPAZg,Gweilo-60,2019-02-22 10:50:51.269374,10868,0
UChXOhG9bRDb3vSTg-qkPAZg,Gweilo-60,2019-02-22 10:49:51.384658,10868,0
UChXOhG9bRDb3vSTg-qkPAZg,Gweilo-60,2019-02-22 10:48:51.309372,10868,0
UChXOhG9bRDb3vSTg-qkPAZg,Gweilo-60,2019-02-22 10:47:51.037066,10868,0
UChXOhG9bRDb3vSTg-qkPAZg,Gweilo-60,2019-02-22 10:46:50.942441,10868,1
UChXOhG9bRDb3vSTg-qkPAZg,Gweilo-60,2019-02-22 10:45:51.478917,10867,0
UChXOhG9bRDb3vSTg-qkPAZg,Gweilo-60,2019-02-22 10:44:51.34391,10867,0
UChXOhG9bRDb3vSTg-qkPAZg,Gweilo-60,2019-02-22 10:43:51.228575,10867,0
UChXOhG9bRDb3vSTg-qkPAZg,Gweilo-60,2019-02-22 10:42:51.938529,10867,0
UChXOhG9bRDb3vSTg-qkPAZg,Gweilo-60,2019-02-22 10:41:51.124435,10867,0
UChXOhG9bRDb3vSTg-qkPAZg,Gweilo-60,2019-02-22 10:40:52.303295,10867,0
UChXOhG9bRDb3vSTg-qkPAZg,Gweilo-60,2019-02-22 10:39:51.200957,10867,0
UChXOhG9bRDb3vSTg-qkPAZg,Gweilo-60,2019-02-22 10:38:51.248309,10867,0
UChXOhG9bRDb3vSTg-qkPAZg,Gweilo-60,2019-02-22 10:37:50.688277,10867,0
UChXOhG9bRDb3vSTg-qkPAZg,Gweilo-60,2019-02-22 10:36:51.408246,10867,0
UChXOhG9bRDb3vSTg-qkPAZg,Gweilo-60,2019-02-22 10:35:51.497156,10867,0
UChXOhG9bRDb3vSTg-qkPAZg,Gweilo-60,2019-02-22 10:34:50.989452,10867,0
UChXOhG9bRDb3vSTg-qkPAZg,Gweilo-60,2019-02-22 10:33:51.463738,10867,0
UChXOhG9bRDb3vSTg-qkPAZg,Gweilo-60,2019-02-22 10:32:51.124738,10867,0
UChXOhG9bRDb3vSTg-qkPAZg,Gweilo-60,2019-02-22 10:31:51.140328,10867,0
UChXOhG9bRDb3vSTg-qkPAZg,Gweilo-60,2019-02-22 10:30:51.357629,10867,0
UChXOhG9bRDb3vSTg-qkPAZg,Gweilo-60,2019-02-22 10:29:51.165026,10867,0
UChXOhG9bRDb3vSTg-qkPAZg,Gweilo-60,2019-02-22 10:28:51.164957,10867,0
UChXOhG9bRDb3vSTg-qkPAZg,Gweilo-60,2019-02-22 10:27:50.819899,10867,0
UChXOhG9bRDb3vSTg-qkPAZg,Gweilo-60,2019-02-22 10:26:50.821173,10867,0
UChXOhG9bRDb3vSTg-qkPAZg,Gweilo-60,2019-02-22 10:25:50.925219,10867,0
UChXOhG9bRDb3vSTg-qkPAZg,Gweilo-60,2019-02-22 10:24:51.16234,10867,0
UChXOhG9bRDb3vSTg-qkPAZg,Gweilo-60,2019-02-22 10:23:51.011234,10867,0
UChXOhG9bRDb3vSTg-qkPAZg,Gweilo-60,2019-02-22 10:22:51.130426,10867,0
UChXOhG9bRDb3vSTg-qkPAZg,Gweilo-60,2019-02-22 10:21:51.287983,10867,0
UChXOhG9bRDb3vSTg-qkPAZg,Gweilo-60,2019-02-22 10:20:51.174127,10867,0
UChXOhG9bRDb3vSTg-qkPAZg,Gweilo-60,2019-02-22 10:19:51.080351,10867,0
UChXOhG9bRDb3vSTg-qkPAZg,Gweilo-60,2019-02-22 10:18:51.019296,10867,0
UChXOhG9bRDb3vSTg-qkPAZg,Gweilo-60,2019-02-22 10:17:50.847703,10867,0
UChXOhG9bRDb3vSTg-qkPAZg,Gweilo-60,2019-02-22 10:16:51.020447,10867,0
UChXOhG9bRDb3vSTg-qkPAZg,Gweilo-60,2019-02-22 10:15:51.06088,10867,0
UChXOhG9bRDb3vSTg-qkPAZg,Gweilo-60,2019-02-22 10:14:51.217388,10867,0
UChXOhG9bRDb3vSTg-qkPAZg,Gweilo-60,2019-02-22 10:13:51.247275,10867,0
UChXOhG9bRDb3vSTg-qkPAZg,Gweilo-60,2019-02-22 10:12:51.306315,10867,0
UChXOhG9bRDb3vSTg-qkPAZg,Gweilo-60,2019-02-22 10:11:51.517498,10867,0
UChXOhG9bRDb3vSTg-qkPAZg,Gweilo-60,2019-02-22 10:10:50.762475,10867,0
UChXOhG9bRDb3vSTg-qkPAZg,Gweilo-60,2019-02-22 10:09:51.357507,10867,0
UChXOhG9bRDb3vSTg-qkPAZg,Gweilo-60,2019-02-22 10:08:51.023517,10867,0
UChXOhG9bRDb3vSTg-qkPAZg,Gweilo-60,2019-02-22 10:07:51.901371,10867,0
UChXOhG9bRDb3vSTg-qkPAZg,Gweilo-60,2019-02-22 10:06:50.84853,10867,0
UChXOhG9bRDb3vSTg-qkPAZg,Gweilo-60,2019-02-22 10:05:51.82689,10867,0
UChXOhG9bRDb3vSTg-qkPAZg,Gweilo-60,2019-02-22 10:04:51.402592,10867,0
UChXOhG9bRDb3vSTg-qkPAZg,Gweilo-60,2019-02-22 10:03:51.252687,10867,0
UChXOhG9bRDb3vSTg-qkPAZg,Gweilo-60,2019-02-22 10:02:51.154477,10867,0
UChXOhG9bRDb3vSTg-qkPAZg,Gweilo-60,2019-02-22 10:01:51.304043,10867,0
UChXOhG9bRDb3vSTg-qkPAZg,Gweilo-60,2019-02-22 10:00:51.245079,10867,0
UChXOhG9bRDb3vSTg-qkPAZg,Gweilo-60,2019-02-22 09:59:50.968279,10867,0
UChXOhG9bRDb3vSTg-qkPAZg,Gweilo-60,2019-02-22 09:58:51.074474,10867,0
UChXOhG9bRDb3vSTg-qkPAZg,Gweilo-60,2019-02-22 09:57:51.247052,10867,0
UChXOhG9bRDb3vSTg-qkPAZg,Gweilo-60,2019-02-22 09:56:51.269085,10867,0
UChXOhG9bRDb3vSTg-qkPAZg,Gweilo-60,2019-02-22 09:55:51.06845,10867,0
UChXOhG9bRDb3vSTg-qkPAZg,Gweilo-60,2019-02-22 09:54:50.965048,10867,0
UChXOhG9bRDb3vSTg-qkPAZg,Gweilo-60,2019-02-22 09:53:50.988839,10867,0
UChXOhG9bRDb3vSTg-qkPAZg,Gweilo-60,2019-02-22 09:52:51.151961,10867,0
UChXOhG9bRDb3vSTg-qkPAZg,Gweilo-60,2019-02-22 09:51:50.747324,10867,0
UChXOhG9bRDb3vSTg-qkPAZg,Gweilo-60,2019-02-22 09:50:50.8901,10867,0
UChXOhG9bRDb3vSTg-qkPAZg,Gweilo-60,2019-02-22 09:49:51.362853,10867,0
UChXOhG9bRDb3vSTg-qkPAZg,Gweilo-60,2019-02-22 09:48:50.957352,10867,0
UChXOhG9bRDb3vSTg-qkPAZg,Gweilo-60,2019-02-22 09:47:50.90361,10867,0
UChXOhG9bRDb3vSTg-qkPAZg,Gweilo-60,2019-02-22 09:46:50.77945,10867,0
UChXOhG9bRDb3vSTg-qkPAZg,Gweilo-60,2019-02-22 09:45:51.831043,10867,0
UChXOhG9bRDb3vSTg-qkPAZg,Gweilo-60,2019-02-22 09:44:51.024746,10867,0
UChXOhG9bRDb3vSTg-qkPAZg,Gweilo-60,2019-02-22 09:43:50.726628,10867,0
UChXOhG9bRDb3vSTg-qkPAZg,Gweilo-60,2019-02-22 09:42:50.993985,10867,0
UChXOhG9bRDb3vSTg-qkPAZg,Gweilo-60,2019-02-22 09:41:50.988538,10867,0
UChXOhG9bRDb3vSTg-qkPAZg,Gweilo-60,2019-02-22 09:40:51.347502,10867,0
UChXOhG9bRDb3vSTg-qkPAZg,Gweilo-60,2019-02-22 09:39:51.193828,10867,0
UChXOhG9bRDb3vSTg-qkPAZg,Gweilo-60,2019-02-22 09:38:51.158303,10867,0
UChXOhG9bRDb3vSTg-qkPAZg,Gweilo-60,2019-02-22 09:37:51.329621,10867,0
UChXOhG9bRDb3vSTg-qkPAZg,Gweilo-60,2019-02-22 09:36:51.279264,10867,0
UChXOhG9bRDb3vSTg-qkPAZg,Gweilo-60,2019-02-22 09:35:51.355297,10867,0
UChXOhG9bRDb3vSTg-qkPAZg,Gweilo-60,2019-02-22 09:34:51.498851,10867,0
UChXOhG9bRDb3vSTg-qkPAZg,Gweilo-60,2019-02-22 09:33:51.221906,10867,0
UChXOhG9bRDb3vSTg-qkPAZg,Gweilo-60,2019-02-22 09:32:50.789475,10867,0
UChXOhG9bRDb3vSTg-qkPAZg,Gweilo-60,2019-02-22 09:31:51.093144,10867,0
UChXOhG9bRDb3vSTg-qkPAZg,Gweilo-60,2019-02-22 09:30:51.054116,10867,0
UChXOhG9bRDb3vSTg-qkPAZg,Gweilo-60,2019-02-22 09:29:51.062528,10867,0
UChXOhG9bRDb3vSTg-qkPAZg,Gweilo-60,2019-02-22 09:28:51.315561,10867,0
UChXOhG9bRDb3vSTg-qkPAZg,Gweilo-60,2019-02-22 09:27:51.177656,10867,0
UChXOhG9bRDb3vSTg-qkPAZg,Gweilo-60,2019-02-22 09:26:50.88615,10867,0
UChXOhG9bRDb3vSTg-qkPAZg,Gweilo-60,2019-02-22 09:25:51.503877,10867,0
UChXOhG9bRDb3vSTg-qkPAZg,Gweilo-60,2019-02-22 09:24:51.026178,10867,0
UChXOhG9bRDb3vSTg-qkPAZg,Gweilo-60,2019-02-22 09:23:51.013771,10867,0
UChXOhG9bRDb3vSTg-qkPAZg,Gweilo-60,2019-02-22 09:22:51.11946,10867,0
UChXOhG9bRDb3vSTg-qkPAZg,Gweilo-60,2019-02-22 09:21:50.939755,10867,0
UChXOhG9bRDb3vSTg-qkPAZg,Gweilo-60,2019-02-22 09:20:51.571668,10867,0
UChXOhG9bRDb3vSTg-qkPAZg,Gweilo-60,2019-02-22 09:19:51.964657,10867,0
UChXOhG9bRDb3vSTg-qkPAZg,Gweilo-60,2019-02-22 09:18:51.266648,10867,0
UChXOhG9bRDb3vSTg-qkPAZg,Gweilo-60,2019-02-22 09:17:51.004185,10867,0
UChXOhG9bRDb3vSTg-qkPAZg,Gweilo-60,2019-02-22 09:16:50.934971,10867,0
UChXOhG9bRDb3vSTg-qkPAZg,Gweilo-60,2019-02-22 09:15:50.888474,10867,0
UChXOhG9bRDb3vSTg-qkPAZg,Gweilo-60,2019-02-22 09:14:51.490135,10867,0
UChXOhG9bRDb3vSTg-qkPAZg,Gweilo-60,2019-02-22 09:13:51.077678,10867,0
UChXOhG9bRDb3vSTg-qkPAZg,Gweilo-60,2019-02-22 09:12:51.074989,10867,0
UChXOhG9bRDb3vSTg-qkPAZg,Gweilo-60,2019-02-22 09:11:50.724148,10867,0
UChXOhG9bRDb3vSTg-qkPAZg,Gweilo-60,2019-02-22 09:10:50.988877,10867,0
UChXOhG9bRDb3vSTg-qkPAZg,Gweilo-60,2019-02-22 09:09:51.064985,10867,0
UChXOhG9bRDb3vSTg-qkPAZg,Gweilo-60,2019-02-22 09:08:51.530583,10867,0
UChXOhG9bRDb3vSTg-qkPAZg,Gweilo-60,2019-02-22 09:07:51.477262,10867,0
UChXOhG9bRDb3vSTg-qkPAZg,Gweilo-60,2019-02-22 09:06:51.45647,10867,0
UChXOhG9bRDb3vSTg-qkPAZg,Gweilo-60,2019-02-22 09:05:50.981755,10867,0
UChXOhG9bRDb3vSTg-qkPAZg,Gweilo-60,2019-02-22 09:04:51.48282,10867,0
UChXOhG9bRDb3vSTg-qkPAZg,Gweilo-60,2019-02-22 09:03:50.905248,10867,0
UChXOhG9bRDb3vSTg-qkPAZg,Gweilo-60,2019-02-22 09:02:51.228897,10867,0
UChXOhG9bRDb3vSTg-qkPAZg,Gweilo-60,2019-02-22 09:01:51.692817,10867,0
UChXOhG9bRDb3vSTg-qkPAZg,Gweilo-60,2019-02-22 09:00:51.865427,10867,0
UChXOhG9bRDb3vSTg-qkPAZg,Gweilo-60,2019-02-22 08:59:51.09985,10867,0
UChXOhG9bRDb3vSTg-qkPAZg,Gweilo-60,2019-02-22 08:58:50.968808,10867,0
UChXOhG9bRDb3vSTg-qkPAZg,Gweilo-60,2019-02-22 08:57:51.685059,10867,0
UChXOhG9bRDb3vSTg-qkPAZg,Gweilo-60,2019-02-22 08:56:51.220337,10867,0
UChXOhG9bRDb3vSTg-qkPAZg,Gweilo-60,2019-02-22 08:55:51.716876,10867,0
UChXOhG9bRDb3vSTg-qkPAZg,Gweilo-60,2019-02-22 08:54:51.445714,10867,0
UChXOhG9bRDb3vSTg-qkPAZg,Gweilo-60,2019-02-22 08:53:50.776831,10867,0
UChXOhG9bRDb3vSTg-qkPAZg,Gweilo-60,2019-02-22 08:52:51.451121,10867,0
UChXOhG9bRDb3vSTg-qkPAZg,Gweilo-60,2019-02-22 08:51:51.464153,10867,0
UChXOhG9bRDb3vSTg-qkPAZg,Gweilo-60,2019-02-22 08:50:51.11986,10867,1
UChXOhG9bRDb3vSTg-qkPAZg,Gweilo-60,2019-02-22 08:49:50.97968,10866,0
UChXOhG9bRDb3vSTg-qkPAZg,Gweilo-60,2019-02-22 08:48:51.019406,10866,0
UChXOhG9bRDb3vSTg-qkPAZg,Gweilo-60,2019-02-22 08:47:51.54563,10866,0
UChXOhG9bRDb3vSTg-qkPAZg,Gweilo-60,2019-02-22 08:46:51.380639,10866,0
UChXOhG9bRDb3vSTg-qkPAZg,Gweilo-60,2019-02-22 08:45:51.242882,10866,0
UChXOhG9bRDb3vSTg-qkPAZg,Gweilo-60,2019-02-22 08:44:51.152594,10866,0
UChXOhG9bRDb3vSTg-qkPAZg,Gweilo-60,2019-02-22 08:43:51.273481,10866,0
UChXOhG9bRDb3vSTg-qkPAZg,Gweilo-60,2019-02-22 08:42:51.382595,10866,0
UChXOhG9bRDb3vSTg-qkPAZg,Gweilo-60,2019-02-22 08:41:51.158523,10866,0
UChXOhG9bRDb3vSTg-qkPAZg,Gweilo-60,2019-02-22 08:40:50.964947,10866,0
UChXOhG9bRDb3vSTg-qkPAZg,Gweilo-60,2019-02-22 08:39:51.686441,10866,0
UChXOhG9bRDb3vSTg-qkPAZg,Gweilo-60,2019-02-22 08:38:51.526917,10866,0
UChXOhG9bRDb3vSTg-qkPAZg,Gweilo-60,2019-02-22 08:37:51.133373,10866,0
UChXOhG9bRDb3vSTg-qkPAZg,Gweilo-60,2019-02-22 08:36:51.627739,10866,0
UChXOhG9bRDb3vSTg-qkPAZg,Gweilo-60,2019-02-22 08:35:50.728393,10866,0
UChXOhG9bRDb3vSTg-qkPAZg,Gweilo-60,2019-02-22 08:34:51.316421,10866,0
UChXOhG9bRDb3vSTg-qkPAZg,Gweilo-60,2019-02-22 08:33:51.130344,10866,0
UChXOhG9bRDb3vSTg-qkPAZg,Gweilo-60,2019-02-22 08:32:50.96636,10866,0
UChXOhG9bRDb3vSTg-qkPAZg,Gweilo-60,2019-02-22 08:31:51.161117,10866,0
UChXOhG9bRDb3vSTg-qkPAZg,Gweilo-60,2019-02-22 08:30:51.519337,10866,0
UChXOhG9bRDb3vSTg-qkPAZg,Gweilo-60,2019-02-22 08:29:51.026476,10866,0
UChXOhG9bRDb3vSTg-qkPAZg,Gweilo-60,2019-02-22 08:28:50.765246,10866,0
UChXOhG9bRDb3vSTg-qkPAZg,Gweilo-60,2019-02-22 08:27:50.967531,10866,0
UChXOhG9bRDb3vSTg-qkPAZg,Gweilo-60,2019-02-22 08:26:51.378119,10866,0
UChXOhG9bRDb3vSTg-qkPAZg,Gweilo-60,2019-02-22 08:25:50.997303,10866,0
UChXOhG9bRDb3vSTg-qkPAZg,Gweilo-60,2019-02-22 08:24:51.198437,10866,0
UChXOhG9bRDb3vSTg-qkPAZg,Gweilo-60,2019-02-22 08:23:51.1876,10866,0
UChXOhG9bRDb3vSTg-qkPAZg,Gweilo-60,2019-02-22 08:22:51.277132,10866,0
UChXOhG9bRDb3vSTg-qkPAZg,Gweilo-60,2019-02-22 08:21:50.767711,10866,0
UChXOhG9bRDb3vSTg-qkPAZg,Gweilo-60,2019-02-22 08:20:50.889888,10866,0
UChXOhG9bRDb3vSTg-qkPAZg,Gweilo-60,2019-02-22 08:19:51.106813,10866,1
UChXOhG9bRDb3vSTg-qkPAZg,Gweilo-60,2019-02-22 08:18:51.69358,10865,0
UChXOhG9bRDb3vSTg-qkPAZg,Gweilo-60,2019-02-22 08:17:50.826631,10865,0
UChXOhG9bRDb3vSTg-qkPAZg,Gweilo-60,2019-02-22 08:16:50.699832,10865,0
UChXOhG9bRDb3vSTg-qkPAZg,Gweilo-60,2019-02-22 08:15:51.007664,10865,0
UChXOhG9bRDb3vSTg-qkPAZg,Gweilo-60,2019-02-22 08:14:51.427517,10865,0
UChXOhG9bRDb3vSTg-qkPAZg,Gweilo-60,2019-02-22 08:13:50.784138,10865,0
UChXOhG9bRDb3vSTg-qkPAZg,Gweilo-60,2019-02-22 08:12:50.980905,10865,0
UChXOhG9bRDb3vSTg-qkPAZg,Gweilo-60,2019-02-22 08:11:51.704146,10865,0
UChXOhG9bRDb3vSTg-qkPAZg,Gweilo-60,2019-02-22 08:10:51.278241,10865,0
UChXOhG9bRDb3vSTg-qkPAZg,Gweilo-60,2019-02-22 08:09:51.000522,10865,0
UChXOhG9bRDb3vSTg-qkPAZg,Gweilo-60,2019-02-22 08:08:51.256566,10865,0
UChXOhG9bRDb3vSTg-qkPAZg,Gweilo-60,2019-02-22 08:07:51.246409,10865,0
UChXOhG9bRDb3vSTg-qkPAZg,Gweilo-60,2019-02-22 08:06:51.159788,10865,0
UChXOhG9bRDb3vSTg-qkPAZg,Gweilo-60,2019-02-22 08:05:51.550414,10865,0
UChXOhG9bRDb3vSTg-qkPAZg,Gweilo-60,2019-02-22 08:04:51.233859,10865,0
UChXOhG9bRDb3vSTg-qkPAZg,Gweilo-60,2019-02-22 08:03:51.600108,10865,0
UChXOhG9bRDb3vSTg-qkPAZg,Gweilo-60,2019-02-22 08:02:50.842405,10865,0
UChXOhG9bRDb3vSTg-qkPAZg,Gweilo-60,2019-02-22 08:01:51.119389,10865,1
UChXOhG9bRDb3vSTg-qkPAZg,Gweilo-60,2019-02-22 08:00:51.353901,10864,0
UChXOhG9bRDb3vSTg-qkPAZg,Gweilo-60,2019-02-22 07:59:51.00963,10864,0
UChXOhG9bRDb3vSTg-qkPAZg,Gweilo-60,2019-02-22 07:58:51.343165,10864,0
UChXOhG9bRDb3vSTg-qkPAZg,Gweilo-60,2019-02-22 07:57:51.297398,10864,0
UChXOhG9bRDb3vSTg-qkPAZg,Gweilo-60,2019-02-22 07:56:51.522984,10864,0
UChXOhG9bRDb3vSTg-qkPAZg,Gweilo-60,2019-02-22 07:55:51.179757,10864,0
UChXOhG9bRDb3vSTg-qkPAZg,Gweilo-60,2019-02-22 07:54:51.146927,10864,0
UChXOhG9bRDb3vSTg-qkPAZg,Gweilo-60,2019-02-22 07:53:51.34467,10864,0
UChXOhG9bRDb3vSTg-qkPAZg,Gweilo-60,2019-02-22 07:52:50.929459,10864,0
UChXOhG9bRDb3vSTg-qkPAZg,Gweilo-60,2019-02-22 07:51:51.175641,10864,0
UChXOhG9bRDb3vSTg-qkPAZg,Gweilo-60,2019-02-22 07:50:51.057929,10864,0
UChXOhG9bRDb3vSTg-qkPAZg,Gweilo-60,2019-02-22 07:49:50.947397,10864,0
UChXOhG9bRDb3vSTg-qkPAZg,Gweilo-60,2019-02-22 07:48:51.190797,10864,0
UChXOhG9bRDb3vSTg-qkPAZg,Gweilo-60,2019-02-22 07:47:51.237039,10864,0
UChXOhG9bRDb3vSTg-qkPAZg,Gweilo-60,2019-02-22 07:46:51.231502,10864,0
UChXOhG9bRDb3vSTg-qkPAZg,Gweilo-60,2019-02-22 07:45:50.994859,10864,0
UChXOhG9bRDb3vSTg-qkPAZg,Gweilo-60,2019-02-22 07:44:51.393271,10864,0
UChXOhG9bRDb3vSTg-qkPAZg,Gweilo-60,2019-02-22 07:43:50.911906,10864,0
UChXOhG9bRDb3vSTg-qkPAZg,Gweilo-60,2019-02-22 07:42:51.643285,10864,0
UChXOhG9bRDb3vSTg-qkPAZg,Gweilo-60,2019-02-22 07:41:51.398687,10864,0
UChXOhG9bRDb3vSTg-qkPAZg,Gweilo-60,2019-02-22 07:40:51.771371,10864,0
UChXOhG9bRDb3vSTg-qkPAZg,Gweilo-60,2019-02-22 07:39:51.243231,10864,0
UChXOhG9bRDb3vSTg-qkPAZg,Gweilo-60,2019-02-22 07:38:50.831879,10864,0
UChXOhG9bRDb3vSTg-qkPAZg,Gweilo-60,2019-02-22 07:37:50.680058,10864,0
UChXOhG9bRDb3vSTg-qkPAZg,Gweilo-60,2019-02-22 07:36:50.809838,10864,0
UChXOhG9bRDb3vSTg-qkPAZg,Gweilo-60,2019-02-22 07:35:50.772181,10864,0
UChXOhG9bRDb3vSTg-qkPAZg,Gweilo-60,2019-02-22 07:34:50.76923,10864,0
UChXOhG9bRDb3vSTg-qkPAZg,Gweilo-60,2019-02-22 07:33:51.820354,10864,0
UChXOhG9bRDb3vSTg-qkPAZg,Gweilo-60,2019-02-22 07:32:50.718547,10864,0
UChXOhG9bRDb3vSTg-qkPAZg,Gweilo-60,2019-02-22 07:31:50.849684,10864,0
UChXOhG9bRDb3vSTg-qkPAZg,Gweilo-60,2019-02-22 07:30:51.962524,10864,0
UChXOhG9bRDb3vSTg-qkPAZg,Gweilo-60,2019-02-22 07:29:51.124866,10864,0
UChXOhG9bRDb3vSTg-qkPAZg,Gweilo-60,2019-02-22 07:28:50.745093,10864,0
UChXOhG9bRDb3vSTg-qkPAZg,Gweilo-60,2019-02-22 07:27:51.421292,10864,0
UChXOhG9bRDb3vSTg-qkPAZg,Gweilo-60,2019-02-22 07:26:50.948668,10864,0
UChXOhG9bRDb3vSTg-qkPAZg,Gweilo-60,2019-02-22 07:25:51.6094,10864,0
UChXOhG9bRDb3vSTg-qkPAZg,Gweilo-60,2019-02-22 07:24:51.584087,10864,0
UChXOhG9bRDb3vSTg-qkPAZg,Gweilo-60,2019-02-22 07:23:51.116693,10864,0
UChXOhG9bRDb3vSTg-qkPAZg,Gweilo-60,2019-02-22 07:22:51.132597,10864,0
UChXOhG9bRDb3vSTg-qkPAZg,Gweilo-60,2019-02-22 07:21:50.771344,10864,0
UChXOhG9bRDb3vSTg-qkPAZg,Gweilo-60,2019-02-22 07:20:51.488078,10864,0
UChXOhG9bRDb3vSTg-qkPAZg,Gweilo-60,2019-02-22 07:19:51.488252,10864,1
UChXOhG9bRDb3vSTg-qkPAZg,Gweilo-60,2019-02-22 07:18:51.176002,10863,0
UChXOhG9bRDb3vSTg-qkPAZg,Gweilo-60,2019-02-22 07:17:50.809082,10863,0
UChXOhG9bRDb3vSTg-qkPAZg,Gweilo-60,2019-02-22 07:16:50.902279,10863,0
UChXOhG9bRDb3vSTg-qkPAZg,Gweilo-60,2019-02-22 07:15:51.489522,10863,0
UChXOhG9bRDb3vSTg-qkPAZg,Gweilo-60,2019-02-22 07:14:51.361009,10863,0
UChXOhG9bRDb3vSTg-qkPAZg,Gweilo-60,2019-02-22 07:13:50.535192,10863,0
UChXOhG9bRDb3vSTg-qkPAZg,Gweilo-60,2019-02-22 07:12:50.744196,10863,0
UChXOhG9bRDb3vSTg-qkPAZg,Gweilo-60,2019-02-22 07:11:50.888231,10863,0
UChXOhG9bRDb3vSTg-qkPAZg,Gweilo-60,2019-02-22 07:10:51.214112,10863,0
UChXOhG9bRDb3vSTg-qkPAZg,Gweilo-60,2019-02-22 07:09:50.753935,10863,0
UChXOhG9bRDb3vSTg-qkPAZg,Gweilo-60,2019-02-22 07:08:51.230292,10863,0
UChXOhG9bRDb3vSTg-qkPAZg,Gweilo-60,2019-02-22 07:07:51.316154,10863,0
UChXOhG9bRDb3vSTg-qkPAZg,Gweilo-60,2019-02-22 07:06:50.899576,10863,0
UChXOhG9bRDb3vSTg-qkPAZg,Gweilo-60,2019-02-22 07:05:51.503079,10863,1
UChXOhG9bRDb3vSTg-qkPAZg,Gweilo-60,2019-02-22 07:04:50.820734,10862,0
UChXOhG9bRDb3vSTg-qkPAZg,Gweilo-60,2019-02-22 07:03:50.896992,10862,0
UChXOhG9bRDb3vSTg-qkPAZg,Gweilo-60,2019-02-22 07:02:51.232983,10862,0
UChXOhG9bRDb3vSTg-qkPAZg,Gweilo-60,2019-02-22 07:01:51.216205,10862,0
UChXOhG9bRDb3vSTg-qkPAZg,Gweilo-60,2019-02-22 07:00:51.647874,10862,0
UChXOhG9bRDb3vSTg-qkPAZg,Gweilo-60,2019-02-22 06:59:51.376925,10862,0
UChXOhG9bRDb3vSTg-qkPAZg,Gweilo-60,2019-02-22 06:58:51.033287,10862,0
UChXOhG9bRDb3vSTg-qkPAZg,Gweilo-60,2019-02-22 06:57:50.927909,10862,0
UChXOhG9bRDb3vSTg-qkPAZg,Gweilo-60,2019-02-22 06:56:51.178013,10862,0
UChXOhG9bRDb3vSTg-qkPAZg,Gweilo-60,2019-02-22 06:55:51.14488,10862,0
UChXOhG9bRDb3vSTg-qkPAZg,Gweilo-60,2019-02-22 06:54:51.704529,10862,0
UChXOhG9bRDb3vSTg-qkPAZg,Gweilo-60,2019-02-22 06:53:51.240519,10862,0
UChXOhG9bRDb3vSTg-qkPAZg,Gweilo-60,2019-02-22 06:52:50.946855,10862,0
UChXOhG9bRDb3vSTg-qkPAZg,Gweilo-60,2019-02-22 06:51:50.925572,10862,0
UChXOhG9bRDb3vSTg-qkPAZg,Gweilo-60,2019-02-22 06:50:50.993058,10862,0
UChXOhG9bRDb3vSTg-qkPAZg,Gweilo-60,2019-02-22 06:49:50.900473,10862,0
UChXOhG9bRDb3vSTg-qkPAZg,Gweilo-60,2019-02-22 06:48:50.814319,10862,0
UChXOhG9bRDb3vSTg-qkPAZg,Gweilo-60,2019-02-22 06:47:51.23634,10862,0
UChXOhG9bRDb3vSTg-qkPAZg,Gweilo-60,2019-02-22 06:46:51.19097,10862,0
UChXOhG9bRDb3vSTg-qkPAZg,Gweilo-60,2019-02-22 06:45:51.606909,10862,0
UChXOhG9bRDb3vSTg-qkPAZg,Gweilo-60,2019-02-22 06:44:51.394131,10862,0
UChXOhG9bRDb3vSTg-qkPAZg,Gweilo-60,2019-02-22 06:43:50.897692,10862,0
UChXOhG9bRDb3vSTg-qkPAZg,Gweilo-60,2019-02-22 06:42:52.174976,10862,0
UChXOhG9bRDb3vSTg-qkPAZg,Gweilo-60,2019-02-22 06:41:50.995713,10862,0
UChXOhG9bRDb3vSTg-qkPAZg,Gweilo-60,2019-02-22 06:40:51.583324,10862,0
UChXOhG9bRDb3vSTg-qkPAZg,Gweilo-60,2019-02-22 06:39:51.118879,10862,0
UChXOhG9bRDb3vSTg-qkPAZg,Gweilo-60,2019-02-22 06:38:51.503171,10862,0
UChXOhG9bRDb3vSTg-qkPAZg,Gweilo-60,2019-02-22 06:37:51.812505,10862,0
UChXOhG9bRDb3vSTg-qkPAZg,Gweilo-60,2019-02-22 06:36:50.871251,10862,0
UChXOhG9bRDb3vSTg-qkPAZg,Gweilo-60,2019-02-22 06:35:51.224287,10862,0
UChXOhG9bRDb3vSTg-qkPAZg,Gweilo-60,2019-02-22 06:34:51.239728,10862,0
UChXOhG9bRDb3vSTg-qkPAZg,Gweilo-60,2019-02-22 06:33:50.880716,10862,0
UChXOhG9bRDb3vSTg-qkPAZg,Gweilo-60,2019-02-22 06:32:50.90463,10862,0
UChXOhG9bRDb3vSTg-qkPAZg,Gweilo-60,2019-02-22 06:31:51.273219,10862,0
UChXOhG9bRDb3vSTg-qkPAZg,Gweilo-60,2019-02-22 06:30:51.106233,10862,0
UChXOhG9bRDb3vSTg-qkPAZg,Gweilo-60,2019-02-22 06:29:51.113875,10862,0
UChXOhG9bRDb3vSTg-qkPAZg,Gweilo-60,2019-02-22 06:28:51.373451,10862,0
UChXOhG9bRDb3vSTg-qkPAZg,Gweilo-60,2019-02-22 06:27:51.391815,10862,0
UChXOhG9bRDb3vSTg-qkPAZg,Gweilo-60,2019-02-22 06:26:50.646921,10862,0
UChXOhG9bRDb3vSTg-qkPAZg,Gweilo-60,2019-02-22 06:25:51.805677,10862,0
UChXOhG9bRDb3vSTg-qkPAZg,Gweilo-60,2019-02-22 06:24:51.118487,10862,0
UChXOhG9bRDb3vSTg-qkPAZg,Gweilo-60,2019-02-22 06:23:50.805071,10862,0
UChXOhG9bRDb3vSTg-qkPAZg,Gweilo-60,2019-02-22 06:22:51.15893,10862,0
UChXOhG9bRDb3vSTg-qkPAZg,Gweilo-60,2019-02-22 06:21:51.233981,10862,0
UChXOhG9bRDb3vSTg-qkPAZg,Gweilo-60,2019-02-22 06:20:51.312069,10862,0
UChXOhG9bRDb3vSTg-qkPAZg,Gweilo-60,2019-02-22 06:19:50.796111,10862,0
UChXOhG9bRDb3vSTg-qkPAZg,Gweilo-60,2019-02-22 06:18:51.97529,10862,0
UChXOhG9bRDb3vSTg-qkPAZg,Gweilo-60,2019-02-22 06:17:52.062562,10862,0
UChXOhG9bRDb3vSTg-qkPAZg,Gweilo-60,2019-02-22 06:16:50.796256,10862,0
UChXOhG9bRDb3vSTg-qkPAZg,Gweilo-60,2019-02-22 06:15:51.677895,10862,0
UChXOhG9bRDb3vSTg-qkPAZg,Gweilo-60,2019-02-22 06:14:51.375308,10862,0
UChXOhG9bRDb3vSTg-qkPAZg,Gweilo-60,2019-02-22 06:13:51.210741,10862,0
UChXOhG9bRDb3vSTg-qkPAZg,Gweilo-60,2019-02-22 06:12:51.503873,10862,0
UChXOhG9bRDb3vSTg-qkPAZg,Gweilo-60,2019-02-22 06:11:51.313005,10862,0
UChXOhG9bRDb3vSTg-qkPAZg,Gweilo-60,2019-02-22 06:10:51.824709,10862,0
UChXOhG9bRDb3vSTg-qkPAZg,Gweilo-60,2019-02-22 06:09:50.97985,10862,0
UChXOhG9bRDb3vSTg-qkPAZg,Gweilo-60,2019-02-22 06:08:51.487878,10862,0
UChXOhG9bRDb3vSTg-qkPAZg,Gweilo-60,2019-02-22 06:07:50.791183,10862,0
UChXOhG9bRDb3vSTg-qkPAZg,Gweilo-60,2019-02-22 06:06:51.707618,10862,0
UChXOhG9bRDb3vSTg-qkPAZg,Gweilo-60,2019-02-22 06:05:51.859024,10862,0
UChXOhG9bRDb3vSTg-qkPAZg,Gweilo-60,2019-02-22 06:04:51.000487,10862,0
UChXOhG9bRDb3vSTg-qkPAZg,Gweilo-60,2019-02-22 06:03:51.694684,10862,0
UChXOhG9bRDb3vSTg-qkPAZg,Gweilo-60,2019-02-22 06:02:51.376231,10862,0
UChXOhG9bRDb3vSTg-qkPAZg,Gweilo-60,2019-02-22 06:01:51.490991,10862,0
UChXOhG9bRDb3vSTg-qkPAZg,Gweilo-60,2019-02-22 06:00:51.487399,10862,0
UChXOhG9bRDb3vSTg-qkPAZg,Gweilo-60,2019-02-22 05:59:51.160871,10862,0
UChXOhG9bRDb3vSTg-qkPAZg,Gweilo-60,2019-02-22 05:58:51.523702,10862,0
UChXOhG9bRDb3vSTg-qkPAZg,Gweilo-60,2019-02-22 05:57:51.937722,10862,0
UChXOhG9bRDb3vSTg-qkPAZg,Gweilo-60,2019-02-22 05:56:51.089001,10862,0
UChXOhG9bRDb3vSTg-qkPAZg,Gweilo-60,2019-02-22 05:55:51.228466,10862,0
UChXOhG9bRDb3vSTg-qkPAZg,Gweilo-60,2019-02-22 05:54:51.194235,10862,0
UChXOhG9bRDb3vSTg-qkPAZg,Gweilo-60,2019-02-22 05:53:50.95177,10862,0
UChXOhG9bRDb3vSTg-qkPAZg,Gweilo-60,2019-02-22 05:52:51.062893,10862,0
UChXOhG9bRDb3vSTg-qkPAZg,Gweilo-60,2019-02-22 05:51:51.316643,10862,0
UChXOhG9bRDb3vSTg-qkPAZg,Gweilo-60,2019-02-22 05:50:50.737182,10862,0
UChXOhG9bRDb3vSTg-qkPAZg,Gweilo-60,2019-02-22 05:49:52.011206,10862,0
UChXOhG9bRDb3vSTg-qkPAZg,Gweilo-60,2019-02-22 05:48:51.179547,10862,0
UChXOhG9bRDb3vSTg-qkPAZg,Gweilo-60,2019-02-22 05:47:51.652444,10862,0
UChXOhG9bRDb3vSTg-qkPAZg,Gweilo-60,2019-02-22 05:46:51.316105,10862,0
UChXOhG9bRDb3vSTg-qkPAZg,Gweilo-60,2019-02-22 05:45:50.761156,10862,0
UChXOhG9bRDb3vSTg-qkPAZg,Gweilo-60,2019-02-22 05:44:51.13207,10862,0
UChXOhG9bRDb3vSTg-qkPAZg,Gweilo-60,2019-02-22 05:43:51.598903,10862,0
UChXOhG9bRDb3vSTg-qkPAZg,Gweilo-60,2019-02-22 05:42:50.863793,10862,0
UChXOhG9bRDb3vSTg-qkPAZg,Gweilo-60,2019-02-22 05:41:51.064573,10862,0
UChXOhG9bRDb3vSTg-qkPAZg,Gweilo-60,2019-02-22 05:40:51.152502,10862,0
UChXOhG9bRDb3vSTg-qkPAZg,Gweilo-60,2019-02-22 05:39:52.017851,10862,0
UChXOhG9bRDb3vSTg-qkPAZg,Gweilo-60,2019-02-22 05:38:51.406409,10862,0
UChXOhG9bRDb3vSTg-qkPAZg,Gweilo-60,2019-02-22 05:37:50.871824,10862,0
UChXOhG9bRDb3vSTg-qkPAZg,Gweilo-60,2019-02-22 05:36:51.660449,10862,0
UChXOhG9bRDb3vSTg-qkPAZg,Gweilo-60,2019-02-22 05:35:51.463436,10862,0
UChXOhG9bRDb3vSTg-qkPAZg,Gweilo-60,2019-02-22 05:34:51.181101,10862,0
UChXOhG9bRDb3vSTg-qkPAZg,Gweilo-60,2019-02-22 05:33:51.424765,10862,0
UChXOhG9bRDb3vSTg-qkPAZg,Gweilo-60,2019-02-22 05:32:51.52876,10862,0
UChXOhG9bRDb3vSTg-qkPAZg,Gweilo-60,2019-02-22 05:31:51.985964,10862,0
UChXOhG9bRDb3vSTg-qkPAZg,Gweilo-60,2019-02-22 05:30:51.381201,10862,0
UChXOhG9bRDb3vSTg-qkPAZg,Gweilo-60,2019-02-22 05:29:51.723189,10862,0
UChXOhG9bRDb3vSTg-qkPAZg,Gweilo-60,2019-02-22 05:28:51.146047,10862,0
UChXOhG9bRDb3vSTg-qkPAZg,Gweilo-60,2019-02-22 05:27:51.716728,10862,0
UChXOhG9bRDb3vSTg-qkPAZg,Gweilo-60,2019-02-22 05:26:51.316965,10862,0
UChXOhG9bRDb3vSTg-qkPAZg,Gweilo-60,2019-02-22 05:25:51.801315,10862,0
UChXOhG9bRDb3vSTg-qkPAZg,Gweilo-60,2019-02-22 05:24:51.279917,10862,0
UChXOhG9bRDb3vSTg-qkPAZg,Gweilo-60,2019-02-22 05:23:52.428859,10862,0
UChXOhG9bRDb3vSTg-qkPAZg,Gweilo-60,2019-02-22 05:22:51.842311,10862,0
UChXOhG9bRDb3vSTg-qkPAZg,Gweilo-60,2019-02-22 05:21:51.245829,10862,0
UChXOhG9bRDb3vSTg-qkPAZg,Gweilo-60,2019-02-22 05:20:52.624213,10862,0
UChXOhG9bRDb3vSTg-qkPAZg,Gweilo-60,2019-02-22 05:19:53.539979,10862,0
UChXOhG9bRDb3vSTg-qkPAZg,Gweilo-60,2019-02-22 05:18:52.753432,10862,0
UChXOhG9bRDb3vSTg-qkPAZg,Gweilo-60,2019-02-22 05:17:51.401857,10862,0
UChXOhG9bRDb3vSTg-qkPAZg,Gweilo-60,2019-02-22 05:16:52.582594,10862,0
UChXOhG9bRDb3vSTg-qkPAZg,Gweilo-60,2019-02-22 05:15:51.597745,10862,0
UChXOhG9bRDb3vSTg-qkPAZg,Gweilo-60,2019-02-22 05:14:51.980268,10862,0
UChXOhG9bRDb3vSTg-qkPAZg,Gweilo-60,2019-02-22 05:13:52.404839,10862,0
UChXOhG9bRDb3vSTg-qkPAZg,Gweilo-60,2019-02-22 05:12:51.570054,10862,0
UChXOhG9bRDb3vSTg-qkPAZg,Gweilo-60,2019-02-22 05:11:51.552301,10862,0
UChXOhG9bRDb3vSTg-qkPAZg,Gweilo-60,2019-02-22 05:10:52.202932,10862,0
UChXOhG9bRDb3vSTg-qkPAZg,Gweilo-60,2019-02-22 05:09:52.778202,10862,0
UChXOhG9bRDb3vSTg-qkPAZg,Gweilo-60,2019-02-22 05:08:51.753954,10862,0
UChXOhG9bRDb3vSTg-qkPAZg,Gweilo-60,2019-02-22 05:07:51.474107,10862,0
UChXOhG9bRDb3vSTg-qkPAZg,Gweilo-60,2019-02-22 05:06:52.174968,10862,0
UChXOhG9bRDb3vSTg-qkPAZg,Gweilo-60,2019-02-22 05:05:51.823481,10862,0
UChXOhG9bRDb3vSTg-qkPAZg,Gweilo-60,2019-02-22 05:04:52.162739,10862,0
UChXOhG9bRDb3vSTg-qkPAZg,Gweilo-60,2019-02-22 05:03:51.762574,10862,0
UChXOhG9bRDb3vSTg-qkPAZg,Gweilo-60,2019-02-22 05:02:52.927232,10862,0
UChXOhG9bRDb3vSTg-qkPAZg,Gweilo-60,2019-02-22 05:01:51.816307,10862,0
UChXOhG9bRDb3vSTg-qkPAZg,Gweilo-60,2019-02-22 05:00:53.054106,10862,0
UChXOhG9bRDb3vSTg-qkPAZg,Gweilo-60,2019-02-22 04:59:55.192048,10862,0
UChXOhG9bRDb3vSTg-qkPAZg,Gweilo-60,2019-02-22 04:58:51.928123,10862,0
UChXOhG9bRDb3vSTg-qkPAZg,Gweilo-60,2019-02-22 04:57:52.077055,10862,0
UChXOhG9bRDb3vSTg-qkPAZg,Gweilo-60,2019-02-22 04:56:52.02446,10862,0
UChXOhG9bRDb3vSTg-qkPAZg,Gweilo-60,2019-02-22 04:55:52.025794,10862,0
UChXOhG9bRDb3vSTg-qkPAZg,Gweilo-60,2019-02-22 04:54:51.16359,10862,0
UChXOhG9bRDb3vSTg-qkPAZg,Gweilo-60,2019-02-22 04:53:52.353615,10862,0
UChXOhG9bRDb3vSTg-qkPAZg,Gweilo-60,2019-02-22 04:52:52.349046,10862,0
UChXOhG9bRDb3vSTg-qkPAZg,Gweilo-60,2019-02-22 04:51:52.386629,10862,0
UChXOhG9bRDb3vSTg-qkPAZg,Gweilo-60,2019-02-22 04:50:51.340867,10862,0
UChXOhG9bRDb3vSTg-qkPAZg,Gweilo-60,2019-02-22 04:49:51.335968,10862,0
UChXOhG9bRDb3vSTg-qkPAZg,Gweilo-60,2019-02-22 04:48:52.847535,10862,0
UChXOhG9bRDb3vSTg-qkPAZg,Gweilo-60,2019-02-22 04:47:53.060257,10862,0
UChXOhG9bRDb3vSTg-qkPAZg,Gweilo-60,2019-02-22 04:46:55.405668,10862,0
UChXOhG9bRDb3vSTg-qkPAZg,Gweilo-60,2019-02-22 04:45:52.280196,10862,0
UChXOhG9bRDb3vSTg-qkPAZg,Gweilo-60,2019-02-22 04:44:52.321976,10862,0
UChXOhG9bRDb3vSTg-qkPAZg,Gweilo-60,2019-02-22 04:43:52.215528,10862,0
UChXOhG9bRDb3vSTg-qkPAZg,Gweilo-60,2019-02-22 04:42:51.22181,10862,0
UChXOhG9bRDb3vSTg-qkPAZg,Gweilo-60,2019-02-22 04:41:51.390581,10862,0
UChXOhG9bRDb3vSTg-qkPAZg,Gweilo-60,2019-02-22 04:40:51.503757,10862,0
UChXOhG9bRDb3vSTg-qkPAZg,Gweilo-60,2019-02-22 04:39:51.825777,10862,0
UChXOhG9bRDb3vSTg-qkPAZg,Gweilo-60,2019-02-22 04:38:51.544592,10862,0
UChXOhG9bRDb3vSTg-qkPAZg,Gweilo-60,2019-02-22 04:37:51.307741,10862,0
UChXOhG9bRDb3vSTg-qkPAZg,Gweilo-60,2019-02-22 04:36:52.1016,10862,0
UChXOhG9bRDb3vSTg-qkPAZg,Gweilo-60,2019-02-22 04:35:51.447003,10862,0
UChXOhG9bRDb3vSTg-qkPAZg,Gweilo-60,2019-02-22 04:34:51.697266,10862,0
UChXOhG9bRDb3vSTg-qkPAZg,Gweilo-60,2019-02-22 04:33:51.646181,10862,0
UChXOhG9bRDb3vSTg-qkPAZg,Gweilo-60,2019-02-22 04:32:51.460002,10862,0
UChXOhG9bRDb3vSTg-qkPAZg,Gweilo-60,2019-02-22 04:31:51.461595,10862,0
UChXOhG9bRDb3vSTg-qkPAZg,Gweilo-60,2019-02-22 04:30:51.462717,10862,0
UChXOhG9bRDb3vSTg-qkPAZg,Gweilo-60,2019-02-22 04:29:51.20894,10862,0
UChXOhG9bRDb3vSTg-qkPAZg,Gweilo-60,2019-02-22 04:28:51.272175,10862,0
UChXOhG9bRDb3vSTg-qkPAZg,Gweilo-60,2019-02-22 04:27:51.043256,10862,0
UChXOhG9bRDb3vSTg-qkPAZg,Gweilo-60,2019-02-22 04:26:51.119839,10862,0
UChXOhG9bRDb3vSTg-qkPAZg,Gweilo-60,2019-02-22 04:25:51.923752,10862,0
UChXOhG9bRDb3vSTg-qkPAZg,Gweilo-60,2019-02-22 04:24:51.155736,10862,0
UChXOhG9bRDb3vSTg-qkPAZg,Gweilo-60,2019-02-22 04:23:51.221181,10862,0
UChXOhG9bRDb3vSTg-qkPAZg,Gweilo-60,2019-02-22 04:22:50.914093,10862,0
UChXOhG9bRDb3vSTg-qkPAZg,Gweilo-60,2019-02-22 04:21:51.421126,10862,0
UChXOhG9bRDb3vSTg-qkPAZg,Gweilo-60,2019-02-22 04:20:51.369128,10862,0
UChXOhG9bRDb3vSTg-qkPAZg,Gweilo-60,2019-02-22 04:19:51.060352,10862,0
UChXOhG9bRDb3vSTg-qkPAZg,Gweilo-60,2019-02-22 04:18:51.482351,10862,0
UChXOhG9bRDb3vSTg-qkPAZg,Gweilo-60,2019-02-22 04:17:51.362281,10862,0
UChXOhG9bRDb3vSTg-qkPAZg,Gweilo-60,2019-02-22 04:16:51.300879,10862,0
UChXOhG9bRDb3vSTg-qkPAZg,Gweilo-60,2019-02-22 04:15:51.347606,10862,0
UChXOhG9bRDb3vSTg-qkPAZg,Gweilo-60,2019-02-22 04:14:51.811046,10862,0
UChXOhG9bRDb3vSTg-qkPAZg,Gweilo-60,2019-02-22 04:13:51.979672,10862,0
UChXOhG9bRDb3vSTg-qkPAZg,Gweilo-60,2019-02-22 04:12:51.188548,10862,0
UChXOhG9bRDb3vSTg-qkPAZg,Gweilo-60,2019-02-22 04:11:52.041981,10862,0
UChXOhG9bRDb3vSTg-qkPAZg,Gweilo-60,2019-02-22 04:10:50.929695,10862,0
UChXOhG9bRDb3vSTg-qkPAZg,Gweilo-60,2019-02-22 04:09:51.448698,10862,0
UChXOhG9bRDb3vSTg-qkPAZg,Gweilo-60,2019-02-22 04:08:51.610411,10862,0
UChXOhG9bRDb3vSTg-qkPAZg,Gweilo-60,2019-02-22 04:07:51.081979,10862,0
UChXOhG9bRDb3vSTg-qkPAZg,Gweilo-60,2019-02-22 04:06:51.160732,10862,0
UChXOhG9bRDb3vSTg-qkPAZg,Gweilo-60,2019-02-22 04:05:51.22272,10862,0
UChXOhG9bRDb3vSTg-qkPAZg,Gweilo-60,2019-02-22 04:04:51.191205,10862,0
UChXOhG9bRDb3vSTg-qkPAZg,Gweilo-60,2019-02-22 04:03:51.503703,10862,0
UChXOhG9bRDb3vSTg-qkPAZg,Gweilo-60,2019-02-22 04:02:50.812851,10862,0
UChXOhG9bRDb3vSTg-qkPAZg,Gweilo-60,2019-02-22 04:01:51.015236,10862,0
UChXOhG9bRDb3vSTg-qkPAZg,Gweilo-60,2019-02-22 04:00:51.157639,10862,0
UChXOhG9bRDb3vSTg-qkPAZg,Gweilo-60,2019-02-22 03:59:52.01237,10862,0
UChXOhG9bRDb3vSTg-qkPAZg,Gweilo-60,2019-02-22 03:58:51.23138,10862,0
UChXOhG9bRDb3vSTg-qkPAZg,Gweilo-60,2019-02-22 03:57:51.053892,10862,0
UChXOhG9bRDb3vSTg-qkPAZg,Gweilo-60,2019-02-22 03:56:51.188826,10862,0
UChXOhG9bRDb3vSTg-qkPAZg,Gweilo-60,2019-02-22 03:55:50.699625,10862,0
UChXOhG9bRDb3vSTg-qkPAZg,Gweilo-60,2019-02-22 03:54:50.95979,10862,0
UChXOhG9bRDb3vSTg-qkPAZg,Gweilo-60,2019-02-22 03:53:51.320689,10862,0
UChXOhG9bRDb3vSTg-qkPAZg,Gweilo-60,2019-02-22 03:52:51.217062,10862,0
UChXOhG9bRDb3vSTg-qkPAZg,Gweilo-60,2019-02-22 03:51:50.851377,10862,0
UChXOhG9bRDb3vSTg-qkPAZg,Gweilo-60,2019-02-22 03:50:51.677145,10862,0
UChXOhG9bRDb3vSTg-qkPAZg,Gweilo-60,2019-02-22 03:49:50.52823,10862,1
UChXOhG9bRDb3vSTg-qkPAZg,Gweilo-60,2019-02-22 03:48:51.277307,10861,0
UChXOhG9bRDb3vSTg-qkPAZg,Gweilo-60,2019-02-22 03:47:51.294805,10861,0
UChXOhG9bRDb3vSTg-qkPAZg,Gweilo-60,2019-02-22 03:46:50.925065,10861,0
UChXOhG9bRDb3vSTg-qkPAZg,Gweilo-60,2019-02-22 03:45:51.366577,10861,0
UChXOhG9bRDb3vSTg-qkPAZg,Gweilo-60,2019-02-22 03:44:51.475614,10861,0
UChXOhG9bRDb3vSTg-qkPAZg,Gweilo-60,2019-02-22 03:43:51.045508,10861,0
UChXOhG9bRDb3vSTg-qkPAZg,Gweilo-60,2019-02-22 03:42:51.436621,10861,0
UChXOhG9bRDb3vSTg-qkPAZg,Gweilo-60,2019-02-22 03:41:51.157812,10861,0
UChXOhG9bRDb3vSTg-qkPAZg,Gweilo-60,2019-02-22 03:40:51.179337,10861,0
UChXOhG9bRDb3vSTg-qkPAZg,Gweilo-60,2019-02-22 03:39:51.373172,10861,0
UChXOhG9bRDb3vSTg-qkPAZg,Gweilo-60,2019-02-22 03:38:51.195356,10861,0
UChXOhG9bRDb3vSTg-qkPAZg,Gweilo-60,2019-02-22 03:37:51.815535,10861,0
UChXOhG9bRDb3vSTg-qkPAZg,Gweilo-60,2019-02-22 03:36:52.107604,10861,0
UChXOhG9bRDb3vSTg-qkPAZg,Gweilo-60,2019-02-22 03:35:51.772197,10861,0
UChXOhG9bRDb3vSTg-qkPAZg,Gweilo-60,2019-02-22 03:34:51.584865,10861,1
UChXOhG9bRDb3vSTg-qkPAZg,Gweilo-60,2019-02-22 03:33:51.761205,10860,-1
UChXOhG9bRDb3vSTg-qkPAZg,Gweilo-60,2019-02-22 03:32:51.050961,10861,0
UChXOhG9bRDb3vSTg-qkPAZg,Gweilo-60,2019-02-22 03:31:51.364748,10861,0
UChXOhG9bRDb3vSTg-qkPAZg,Gweilo-60,2019-02-22 03:30:51.351126,10861,0
UChXOhG9bRDb3vSTg-qkPAZg,Gweilo-60,2019-02-22 03:29:51.443079,10861,0
UChXOhG9bRDb3vSTg-qkPAZg,Gweilo-60,2019-02-22 03:28:51.084727,10861,0
UChXOhG9bRDb3vSTg-qkPAZg,Gweilo-60,2019-02-22 03:27:50.781498,10861,0
UChXOhG9bRDb3vSTg-qkPAZg,Gweilo-60,2019-02-22 03:26:51.207503,10861,0
UChXOhG9bRDb3vSTg-qkPAZg,Gweilo-60,2019-02-22 03:25:51.217916,10861,0
UChXOhG9bRDb3vSTg-qkPAZg,Gweilo-60,2019-02-22 03:24:52.349784,10861,0
UChXOhG9bRDb3vSTg-qkPAZg,Gweilo-60,2019-02-22 03:23:51.37827,10861,0
UChXOhG9bRDb3vSTg-qkPAZg,Gweilo-60,2019-02-22 03:22:51.293421,10861,0
UChXOhG9bRDb3vSTg-qkPAZg,Gweilo-60,2019-02-22 03:21:51.393387,10861,0
UChXOhG9bRDb3vSTg-qkPAZg,Gweilo-60,2019-02-22 03:20:51.256412,10861,0
UChXOhG9bRDb3vSTg-qkPAZg,Gweilo-60,2019-02-22 03:19:51.131651,10861,0
UChXOhG9bRDb3vSTg-qkPAZg,Gweilo-60,2019-02-22 03:18:51.863678,10861,0
UChXOhG9bRDb3vSTg-qkPAZg,Gweilo-60,2019-02-22 03:17:50.868341,10861,0
UChXOhG9bRDb3vSTg-qkPAZg,Gweilo-60,2019-02-22 03:16:51.462898,10861,0
UChXOhG9bRDb3vSTg-qkPAZg,Gweilo-60,2019-02-22 03:15:51.074316,10861,0
UChXOhG9bRDb3vSTg-qkPAZg,Gweilo-60,2019-02-22 03:14:50.96532,10861,0
UChXOhG9bRDb3vSTg-qkPAZg,Gweilo-60,2019-02-22 03:13:51.5639,10861,0
UChXOhG9bRDb3vSTg-qkPAZg,Gweilo-60,2019-02-22 03:12:51.044148,10861,0
UChXOhG9bRDb3vSTg-qkPAZg,Gweilo-60,2019-02-22 03:11:51.592354,10861,0
UChXOhG9bRDb3vSTg-qkPAZg,Gweilo-60,2019-02-22 03:10:51.214082,10861,0
UChXOhG9bRDb3vSTg-qkPAZg,Gweilo-60,2019-02-22 03:09:51.746069,10861,0
UChXOhG9bRDb3vSTg-qkPAZg,Gweilo-60,2019-02-22 03:08:51.392438,10861,0
UChXOhG9bRDb3vSTg-qkPAZg,Gweilo-60,2019-02-22 03:07:51.760056,10861,0
UChXOhG9bRDb3vSTg-qkPAZg,Gweilo-60,2019-02-22 03:06:51.154662,10861,0
UChXOhG9bRDb3vSTg-qkPAZg,Gweilo-60,2019-02-22 03:05:51.627609,10861,0
UChXOhG9bRDb3vSTg-qkPAZg,Gweilo-60,2019-02-22 03:04:51.422056,10861,0
UChXOhG9bRDb3vSTg-qkPAZg,Gweilo-60,2019-02-22 03:03:51.599147,10861,0
UChXOhG9bRDb3vSTg-qkPAZg,Gweilo-60,2019-02-22 03:02:50.825351,10861,0
UChXOhG9bRDb3vSTg-qkPAZg,Gweilo-60,2019-02-22 03:01:51.625145,10861,0
UChXOhG9bRDb3vSTg-qkPAZg,Gweilo-60,2019-02-22 03:00:51.526889,10861,0
UChXOhG9bRDb3vSTg-qkPAZg,Gweilo-60,2019-02-22 02:59:51.405443,10861,0
UChXOhG9bRDb3vSTg-qkPAZg,Gweilo-60,2019-02-22 02:58:51.245399,10861,0
UChXOhG9bRDb3vSTg-qkPAZg,Gweilo-60,2019-02-22 02:57:51.341638,10861,0
UChXOhG9bRDb3vSTg-qkPAZg,Gweilo-60,2019-02-22 02:56:51.415132,10861,0
UChXOhG9bRDb3vSTg-qkPAZg,Gweilo-60,2019-02-22 02:55:51.396757,10861,0
UChXOhG9bRDb3vSTg-qkPAZg,Gweilo-60,2019-02-22 02:54:51.122996,10861,1
UChXOhG9bRDb3vSTg-qkPAZg,Gweilo-60,2019-02-22 02:53:51.062631,10860,0
UChXOhG9bRDb3vSTg-qkPAZg,Gweilo-60,2019-02-22 02:52:51.412558,10860,0
UChXOhG9bRDb3vSTg-qkPAZg,Gweilo-60,2019-02-22 02:51:51.599369,10860,0
UChXOhG9bRDb3vSTg-qkPAZg,Gweilo-60,2019-02-22 02:50:52.073196,10860,0
UChXOhG9bRDb3vSTg-qkPAZg,Gweilo-60,2019-02-22 02:49:51.287508,10860,-1
UChXOhG9bRDb3vSTg-qkPAZg,Gweilo-60,2019-02-22 02:48:51.742492,10861,0
UChXOhG9bRDb3vSTg-qkPAZg,Gweilo-60,2019-02-22 02:47:51.450954,10861,0
UChXOhG9bRDb3vSTg-qkPAZg,Gweilo-60,2019-02-22 02:46:51.400914,10861,0
UChXOhG9bRDb3vSTg-qkPAZg,Gweilo-60,2019-02-22 02:45:51.037844,10861,0
UChXOhG9bRDb3vSTg-qkPAZg,Gweilo-60,2019-02-22 02:44:51.785642,10861,0
UChXOhG9bRDb3vSTg-qkPAZg,Gweilo-60,2019-02-22 02:43:51.72592,10861,0
UChXOhG9bRDb3vSTg-qkPAZg,Gweilo-60,2019-02-22 02:42:51.544608,10861,0
UChXOhG9bRDb3vSTg-qkPAZg,Gweilo-60,2019-02-22 02:41:51.120159,10861,0
UChXOhG9bRDb3vSTg-qkPAZg,Gweilo-60,2019-02-22 02:40:50.890699,10861,0
UChXOhG9bRDb3vSTg-qkPAZg,Gweilo-60,2019-02-22 02:39:51.367123,10861,0
UChXOhG9bRDb3vSTg-qkPAZg,Gweilo-60,2019-02-22 02:38:51.535401,10861,0
UChXOhG9bRDb3vSTg-qkPAZg,Gweilo-60,2019-02-22 02:37:51.351905,10861,0
UChXOhG9bRDb3vSTg-qkPAZg,Gweilo-60,2019-02-22 02:36:51.225456,10861,0
UChXOhG9bRDb3vSTg-qkPAZg,Gweilo-60,2019-02-22 02:35:51.121522,10861,0
UChXOhG9bRDb3vSTg-qkPAZg,Gweilo-60,2019-02-22 02:34:51.546515,10861,0
UChXOhG9bRDb3vSTg-qkPAZg,Gweilo-60,2019-02-22 02:33:51.31922,10861,0
UChXOhG9bRDb3vSTg-qkPAZg,Gweilo-60,2019-02-22 02:32:50.973207,10861,0
UChXOhG9bRDb3vSTg-qkPAZg,Gweilo-60,2019-02-22 02:31:51.335311,10861,0
UChXOhG9bRDb3vSTg-qkPAZg,Gweilo-60,2019-02-22 02:30:52.320504,10861,0
UChXOhG9bRDb3vSTg-qkPAZg,Gweilo-60,2019-02-22 02:29:51.286236,10861,0
UChXOhG9bRDb3vSTg-qkPAZg,Gweilo-60,2019-02-22 02:28:51.12363,10861,0
UChXOhG9bRDb3vSTg-qkPAZg,Gweilo-60,2019-02-22 02:27:51.403417,10861,0
UChXOhG9bRDb3vSTg-qkPAZg,Gweilo-60,2019-02-22 02:26:51.284747,10861,0
UChXOhG9bRDb3vSTg-qkPAZg,Gweilo-60,2019-02-22 02:25:51.230086,10861,0
UChXOhG9bRDb3vSTg-qkPAZg,Gweilo-60,2019-02-22 02:24:51.240965,10861,0
UChXOhG9bRDb3vSTg-qkPAZg,Gweilo-60,2019-02-22 02:23:51.476856,10861,0
UChXOhG9bRDb3vSTg-qkPAZg,Gweilo-60,2019-02-22 02:22:51.341654,10861,0
UChXOhG9bRDb3vSTg-qkPAZg,Gweilo-60,2019-02-22 02:21:51.278571,10861,0
UChXOhG9bRDb3vSTg-qkPAZg,Gweilo-60,2019-02-22 02:20:51.186789,10861,0
UChXOhG9bRDb3vSTg-qkPAZg,Gweilo-60,2019-02-22 02:19:51.250309,10861,0
UChXOhG9bRDb3vSTg-qkPAZg,Gweilo-60,2019-02-22 02:18:51.288914,10861,0
UChXOhG9bRDb3vSTg-qkPAZg,Gweilo-60,2019-02-22 02:17:50.593585,10861,0
UChXOhG9bRDb3vSTg-qkPAZg,Gweilo-60,2019-02-22 02:16:50.913086,10861,0
UChXOhG9bRDb3vSTg-qkPAZg,Gweilo-60,2019-02-22 02:15:51.231638,10861,0
UChXOhG9bRDb3vSTg-qkPAZg,Gweilo-60,2019-02-22 02:14:51.342457,10861,0
UChXOhG9bRDb3vSTg-qkPAZg,Gweilo-60,2019-02-22 02:13:51.721573,10861,0
UChXOhG9bRDb3vSTg-qkPAZg,Gweilo-60,2019-02-22 02:12:51.4229,10861,0
UChXOhG9bRDb3vSTg-qkPAZg,Gweilo-60,2019-02-22 02:11:51.173318,10861,0
UChXOhG9bRDb3vSTg-qkPAZg,Gweilo-60,2019-02-22 02:10:51.406299,10861,0
UChXOhG9bRDb3vSTg-qkPAZg,Gweilo-60,2019-02-22 02:09:51.839158,10861,0
UChXOhG9bRDb3vSTg-qkPAZg,Gweilo-60,2019-02-22 02:08:51.354823,10861,0
UChXOhG9bRDb3vSTg-qkPAZg,Gweilo-60,2019-02-22 02:07:51.538478,10861,0
UChXOhG9bRDb3vSTg-qkPAZg,Gweilo-60,2019-02-22 02:06:51.534227,10861,0
UChXOhG9bRDb3vSTg-qkPAZg,Gweilo-60,2019-02-22 02:05:51.147542,10861,0
UChXOhG9bRDb3vSTg-qkPAZg,Gweilo-60,2019-02-22 02:04:51.23843,10861,0
UChXOhG9bRDb3vSTg-qkPAZg,Gweilo-60,2019-02-22 02:03:51.453772,10861,0
UChXOhG9bRDb3vSTg-qkPAZg,Gweilo-60,2019-02-22 02:02:52.374382,10861,0
UChXOhG9bRDb3vSTg-qkPAZg,Gweilo-60,2019-02-22 02:01:51.681725,10861,0
UChXOhG9bRDb3vSTg-qkPAZg,Gweilo-60,2019-02-22 02:00:51.515806,10861,0
UChXOhG9bRDb3vSTg-qkPAZg,Gweilo-60,2019-02-22 01:59:51.008065,10861,0
UChXOhG9bRDb3vSTg-qkPAZg,Gweilo-60,2019-02-22 01:58:51.44075,10861,0
UChXOhG9bRDb3vSTg-qkPAZg,Gweilo-60,2019-02-22 01:57:51.895451,10861,0
UChXOhG9bRDb3vSTg-qkPAZg,Gweilo-60,2019-02-22 01:56:51.552539,10861,0
UChXOhG9bRDb3vSTg-qkPAZg,Gweilo-60,2019-02-22 01:55:50.827237,10861,0
UChXOhG9bRDb3vSTg-qkPAZg,Gweilo-60,2019-02-22 01:54:51.16491,10861,0
UChXOhG9bRDb3vSTg-qkPAZg,Gweilo-60,2019-02-22 01:53:51.799328,10861,0
UChXOhG9bRDb3vSTg-qkPAZg,Gweilo-60,2019-02-22 01:52:51.544133,10861,0
UChXOhG9bRDb3vSTg-qkPAZg,Gweilo-60,2019-02-22 01:51:51.173746,10861,0
UChXOhG9bRDb3vSTg-qkPAZg,Gweilo-60,2019-02-22 01:50:52.54057,10861,0
UChXOhG9bRDb3vSTg-qkPAZg,Gweilo-60,2019-02-22 01:49:52.737659,10861,0
UChXOhG9bRDb3vSTg-qkPAZg,Gweilo-60,2019-02-22 01:48:51.472309,10861,0
UChXOhG9bRDb3vSTg-qkPAZg,Gweilo-60,2019-02-22 01:47:51.579095,10861,0
UChXOhG9bRDb3vSTg-qkPAZg,Gweilo-60,2019-02-22 01:46:51.042424,10861,0
UChXOhG9bRDb3vSTg-qkPAZg,Gweilo-60,2019-02-22 01:45:51.417018,10861,0
UChXOhG9bRDb3vSTg-qkPAZg,Gweilo-60,2019-02-22 01:44:51.989427,10861,0
UChXOhG9bRDb3vSTg-qkPAZg,Gweilo-60,2019-02-22 01:43:52.073391,10861,0
UChXOhG9bRDb3vSTg-qkPAZg,Gweilo-60,2019-02-22 01:42:51.704881,10861,0
UChXOhG9bRDb3vSTg-qkPAZg,Gweilo-60,2019-02-22 01:41:51.148312,10861,0
UChXOhG9bRDb3vSTg-qkPAZg,Gweilo-60,2019-02-22 01:40:51.824954,10861,0
UChXOhG9bRDb3vSTg-qkPAZg,Gweilo-60,2019-02-22 01:39:51.693163,10861,0
UChXOhG9bRDb3vSTg-qkPAZg,Gweilo-60,2019-02-22 01:38:51.523949,10861,0
UChXOhG9bRDb3vSTg-qkPAZg,Gweilo-60,2019-02-22 01:37:51.117405,10861,0
UChXOhG9bRDb3vSTg-qkPAZg,Gweilo-60,2019-02-22 01:36:51.227036,10861,0
UChXOhG9bRDb3vSTg-qkPAZg,Gweilo-60,2019-02-22 01:35:51.33248,10861,0
UChXOhG9bRDb3vSTg-qkPAZg,Gweilo-60,2019-02-22 01:34:51.137175,10861,0
UChXOhG9bRDb3vSTg-qkPAZg,Gweilo-60,2019-02-22 01:33:51.411098,10861,0
UChXOhG9bRDb3vSTg-qkPAZg,Gweilo-60,2019-02-22 01:32:51.366788,10861,0
UChXOhG9bRDb3vSTg-qkPAZg,Gweilo-60,2019-02-22 01:31:51.302663,10861,0
UChXOhG9bRDb3vSTg-qkPAZg,Gweilo-60,2019-02-22 01:30:51.47484,10861,0
UChXOhG9bRDb3vSTg-qkPAZg,Gweilo-60,2019-02-22 01:29:51.414627,10861,0
UChXOhG9bRDb3vSTg-qkPAZg,Gweilo-60,2019-02-22 01:28:51.244692,10861,0
UChXOhG9bRDb3vSTg-qkPAZg,Gweilo-60,2019-02-22 01:27:51.443172,10861,0
UChXOhG9bRDb3vSTg-qkPAZg,Gweilo-60,2019-02-22 01:26:51.213299,10861,0
UChXOhG9bRDb3vSTg-qkPAZg,Gweilo-60,2019-02-22 01:25:52.341418,10861,0
UChXOhG9bRDb3vSTg-qkPAZg,Gweilo-60,2019-02-22 01:24:51.422454,10861,0
UChXOhG9bRDb3vSTg-qkPAZg,Gweilo-60,2019-02-22 01:23:50.740619,10861,0
UChXOhG9bRDb3vSTg-qkPAZg,Gweilo-60,2019-02-22 01:22:51.308064,10861,0
UChXOhG9bRDb3vSTg-qkPAZg,Gweilo-60,2019-02-22 01:21:52.053174,10861,0
UChXOhG9bRDb3vSTg-qkPAZg,Gweilo-60,2019-02-22 01:20:51.104101,10861,0
UChXOhG9bRDb3vSTg-qkPAZg,Gweilo-60,2019-02-22 01:19:50.962035,10861,0
UChXOhG9bRDb3vSTg-qkPAZg,Gweilo-60,2019-02-22 01:18:50.779302,10861,0
UChXOhG9bRDb3vSTg-qkPAZg,Gweilo-60,2019-02-22 01:17:50.812841,10861,0
UChXOhG9bRDb3vSTg-qkPAZg,Gweilo-60,2019-02-22 01:16:51.189045,10861,0
UChXOhG9bRDb3vSTg-qkPAZg,Gweilo-60,2019-02-22 01:15:50.759592,10861,0
UChXOhG9bRDb3vSTg-qkPAZg,Gweilo-60,2019-02-22 01:14:51.214868,10861,0
UChXOhG9bRDb3vSTg-qkPAZg,Gweilo-60,2019-02-22 01:13:51.240436,10861,0
UChXOhG9bRDb3vSTg-qkPAZg,Gweilo-60,2019-02-22 01:12:51.03628,10861,0
UChXOhG9bRDb3vSTg-qkPAZg,Gweilo-60,2019-02-22 01:11:50.9896,10861,0
UChXOhG9bRDb3vSTg-qkPAZg,Gweilo-60,2019-02-22 01:10:50.998237,10861,0
UChXOhG9bRDb3vSTg-qkPAZg,Gweilo-60,2019-02-22 01:09:50.889416,10861,0
UChXOhG9bRDb3vSTg-qkPAZg,Gweilo-60,2019-02-22 01:08:51.455116,10861,0
UChXOhG9bRDb3vSTg-qkPAZg,Gweilo-60,2019-02-22 01:07:50.550684,10861,0
UChXOhG9bRDb3vSTg-qkPAZg,Gweilo-60,2019-02-22 01:06:50.797294,10861,0
UChXOhG9bRDb3vSTg-qkPAZg,Gweilo-60,2019-02-22 01:05:50.196984,10861,0
UChXOhG9bRDb3vSTg-qkPAZg,Gweilo-60,2019-02-22 01:04:50.709831,10861,0
UChXOhG9bRDb3vSTg-qkPAZg,Gweilo-60,2019-02-22 01:03:49.860338,10861,0
UChXOhG9bRDb3vSTg-qkPAZg,Gweilo-60,2019-02-22 01:02:50.453589,10861,0
UChXOhG9bRDb3vSTg-qkPAZg,Gweilo-60,2019-02-22 01:01:50.508601,10861,0
UChXOhG9bRDb3vSTg-qkPAZg,Gweilo-60,2019-02-22 01:00:50.915863,10861,0
UChXOhG9bRDb3vSTg-qkPAZg,Gweilo-60,2019-02-22 00:59:50.499255,10861,0
UChXOhG9bRDb3vSTg-qkPAZg,Gweilo-60,2019-02-22 00:58:51.40557,10861,0
UChXOhG9bRDb3vSTg-qkPAZg,Gweilo-60,2019-02-22 00:57:51.28085,10861,0
UChXOhG9bRDb3vSTg-qkPAZg,Gweilo-60,2019-02-22 00:56:51.185664,10861,0
UChXOhG9bRDb3vSTg-qkPAZg,Gweilo-60,2019-02-22 00:55:51.369598,10861,0
UChXOhG9bRDb3vSTg-qkPAZg,Gweilo-60,2019-02-22 00:54:50.882468,10861,0
UChXOhG9bRDb3vSTg-qkPAZg,Gweilo-60,2019-02-22 00:53:50.652789,10861,0
UChXOhG9bRDb3vSTg-qkPAZg,Gweilo-60,2019-02-22 00:52:51.217817,10861,0
UChXOhG9bRDb3vSTg-qkPAZg,Gweilo-60,2019-02-22 00:51:51.328501,10861,0
UChXOhG9bRDb3vSTg-qkPAZg,Gweilo-60,2019-02-22 00:50:51.059837,10861,0
UChXOhG9bRDb3vSTg-qkPAZg,Gweilo-60,2019-02-22 00:49:50.675434,10861,0
UChXOhG9bRDb3vSTg-qkPAZg,Gweilo-60,2019-02-22 00:48:51.513713,10861,0
UChXOhG9bRDb3vSTg-qkPAZg,Gweilo-60,2019-02-22 00:47:51.140215,10861,0
UChXOhG9bRDb3vSTg-qkPAZg,Gweilo-60,2019-02-22 00:46:51.102442,10861,0
UChXOhG9bRDb3vSTg-qkPAZg,Gweilo-60,2019-02-22 00:45:51.725604,10861,0
UChXOhG9bRDb3vSTg-qkPAZg,Gweilo-60,2019-02-22 00:44:51.649676,10861,0
UChXOhG9bRDb3vSTg-qkPAZg,Gweilo-60,2019-02-22 00:43:51.152344,10861,0
UChXOhG9bRDb3vSTg-qkPAZg,Gweilo-60,2019-02-22 00:42:50.702151,10861,0
UChXOhG9bRDb3vSTg-qkPAZg,Gweilo-60,2019-02-22 00:41:51.44057,10861,0
UChXOhG9bRDb3vSTg-qkPAZg,Gweilo-60,2019-02-22 00:40:51.273036,10861,0
UChXOhG9bRDb3vSTg-qkPAZg,Gweilo-60,2019-02-22 00:39:51.013831,10861,0
UChXOhG9bRDb3vSTg-qkPAZg,Gweilo-60,2019-02-22 00:38:50.772552,10861,0
UChXOhG9bRDb3vSTg-qkPAZg,Gweilo-60,2019-02-22 00:37:50.624944,10861,0
UChXOhG9bRDb3vSTg-qkPAZg,Gweilo-60,2019-02-22 00:36:50.559718,10861,0
UChXOhG9bRDb3vSTg-qkPAZg,Gweilo-60,2019-02-22 00:35:52.056288,10861,0
UChXOhG9bRDb3vSTg-qkPAZg,Gweilo-60,2019-02-22 00:34:51.040946,10861,0
UChXOhG9bRDb3vSTg-qkPAZg,Gweilo-60,2019-02-22 00:33:51.227477,10861,0
UChXOhG9bRDb3vSTg-qkPAZg,Gweilo-60,2019-02-22 00:32:51.347097,10861,0
UChXOhG9bRDb3vSTg-qkPAZg,Gweilo-60,2019-02-22 00:31:50.912124,10861,0
UChXOhG9bRDb3vSTg-qkPAZg,Gweilo-60,2019-02-22 00:30:50.900659,10861,0
UChXOhG9bRDb3vSTg-qkPAZg,Gweilo-60,2019-02-22 00:29:50.729192,10861,0
UChXOhG9bRDb3vSTg-qkPAZg,Gweilo-60,2019-02-22 00:28:50.755103,10861,0
UChXOhG9bRDb3vSTg-qkPAZg,Gweilo-60,2019-02-22 00:27:51.426787,10861,0
UChXOhG9bRDb3vSTg-qkPAZg,Gweilo-60,2019-02-22 00:26:51.42516,10861,0
UChXOhG9bRDb3vSTg-qkPAZg,Gweilo-60,2019-02-22 00:25:51.506832,10861,0
UChXOhG9bRDb3vSTg-qkPAZg,Gweilo-60,2019-02-22 00:24:51.28334,10861,0
UChXOhG9bRDb3vSTg-qkPAZg,Gweilo-60,2019-02-22 00:23:51.2677,10861,0
UChXOhG9bRDb3vSTg-qkPAZg,Gweilo-60,2019-02-22 00:22:51.402525,10861,0
UChXOhG9bRDb3vSTg-qkPAZg,Gweilo-60,2019-02-22 00:21:51.657145,10861,0
UChXOhG9bRDb3vSTg-qkPAZg,Gweilo-60,2019-02-22 00:20:51.674472,10861,0
UChXOhG9bRDb3vSTg-qkPAZg,Gweilo-60,2019-02-22 00:19:51.045044,10861,0
UChXOhG9bRDb3vSTg-qkPAZg,Gweilo-60,2019-02-22 00:18:51.355437,10861,0
UChXOhG9bRDb3vSTg-qkPAZg,Gweilo-60,2019-02-22 00:17:51.088957,10861,0
UChXOhG9bRDb3vSTg-qkPAZg,Gweilo-60,2019-02-22 00:16:51.116641,10861,0
UChXOhG9bRDb3vSTg-qkPAZg,Gweilo-60,2019-02-22 00:15:51.258173,10861,0
UChXOhG9bRDb3vSTg-qkPAZg,Gweilo-60,2019-02-22 00:14:51.543946,10861,0
UChXOhG9bRDb3vSTg-qkPAZg,Gweilo-60,2019-02-22 00:13:50.780954,10861,0
UChXOhG9bRDb3vSTg-qkPAZg,Gweilo-60,2019-02-22 00:12:51.386202,10861,0
UChXOhG9bRDb3vSTg-qkPAZg,Gweilo-60,2019-02-22 00:11:51.005343,10861,0
UChXOhG9bRDb3vSTg-qkPAZg,Gweilo-60,2019-02-22 00:10:51.403706,10861,0
UChXOhG9bRDb3vSTg-qkPAZg,Gweilo-60,2019-02-22 00:09:51.445743,10861,0
UChXOhG9bRDb3vSTg-qkPAZg,Gweilo-60,2019-02-22 00:08:51.282202,10861,0
UChXOhG9bRDb3vSTg-qkPAZg,Gweilo-60,2019-02-22 00:07:50.747969,10861,0
UChXOhG9bRDb3vSTg-qkPAZg,Gweilo-60,2019-02-22 00:06:51.070904,10861,0
UChXOhG9bRDb3vSTg-qkPAZg,Gweilo-60,2019-02-22 00:05:51.219842,10861,0
UChXOhG9bRDb3vSTg-qkPAZg,Gweilo-60,2019-02-22 00:04:51.194655,10861,0
UChXOhG9bRDb3vSTg-qkPAZg,Gweilo-60,2019-02-22 00:03:51.120468,10861,0
UChXOhG9bRDb3vSTg-qkPAZg,Gweilo-60,2019-02-22 00:02:50.92995,10861,0
UChXOhG9bRDb3vSTg-qkPAZg,Gweilo-60,2019-02-22 00:01:51.626301,10861,0
UChXOhG9bRDb3vSTg-qkPAZg,Gweilo-60,2019-02-22 00:00:51.388016,10861,0
UChXOhG9bRDb3vSTg-qkPAZg,Gweilo-60,2019-02-21 23:59:51.830497,10861,0
UChXOhG9bRDb3vSTg-qkPAZg,Gweilo-60,2019-02-21 23:58:51.277173,10861,0
UChXOhG9bRDb3vSTg-qkPAZg,Gweilo-60,2019-02-21 23:57:51.203851,10861,0
UChXOhG9bRDb3vSTg-qkPAZg,Gweilo-60,2019-02-21 23:56:51.097267,10861,0
UChXOhG9bRDb3vSTg-qkPAZg,Gweilo-60,2019-02-21 23:55:50.954035,10861,0
UChXOhG9bRDb3vSTg-qkPAZg,Gweilo-60,2019-02-21 23:54:51.095238,10861,0
UChXOhG9bRDb3vSTg-qkPAZg,Gweilo-60,2019-02-21 23:53:51.320069,10861,0
UChXOhG9bRDb3vSTg-qkPAZg,Gweilo-60,2019-02-21 23:52:51.280993,10861,0
UChXOhG9bRDb3vSTg-qkPAZg,Gweilo-60,2019-02-21 23:51:51.417286,10861,0
UChXOhG9bRDb3vSTg-qkPAZg,Gweilo-60,2019-02-21 23:50:51.235985,10861,0
UChXOhG9bRDb3vSTg-qkPAZg,Gweilo-60,2019-02-21 23:49:51.05135,10861,0
UChXOhG9bRDb3vSTg-qkPAZg,Gweilo-60,2019-02-21 23:48:51.360462,10861,0
UChXOhG9bRDb3vSTg-qkPAZg,Gweilo-60,2019-02-21 23:47:51.310547,10861,0
UChXOhG9bRDb3vSTg-qkPAZg,Gweilo-60,2019-02-21 23:46:51.357709,10861,0
UChXOhG9bRDb3vSTg-qkPAZg,Gweilo-60,2019-02-21 23:45:50.890307,10861,0
UChXOhG9bRDb3vSTg-qkPAZg,Gweilo-60,2019-02-21 23:44:51.890712,10861,0
UChXOhG9bRDb3vSTg-qkPAZg,Gweilo-60,2019-02-21 23:43:51.090114,10861,0
UChXOhG9bRDb3vSTg-qkPAZg,Gweilo-60,2019-02-21 23:42:51.38504,10861,0
UChXOhG9bRDb3vSTg-qkPAZg,Gweilo-60,2019-02-21 23:41:51.059251,10861,0
UChXOhG9bRDb3vSTg-qkPAZg,Gweilo-60,2019-02-21 23:40:50.969222,10861,0
UChXOhG9bRDb3vSTg-qkPAZg,Gweilo-60,2019-02-21 23:39:50.837494,10861,0
UChXOhG9bRDb3vSTg-qkPAZg,Gweilo-60,2019-02-21 23:38:50.879016,10861,1
UChXOhG9bRDb3vSTg-qkPAZg,Gweilo-60,2019-02-21 23:37:50.928791,10860,0
UChXOhG9bRDb3vSTg-qkPAZg,Gweilo-60,2019-02-21 23:36:50.800056,10860,0
UChXOhG9bRDb3vSTg-qkPAZg,Gweilo-60,2019-02-21 23:35:51.626691,10860,0
UChXOhG9bRDb3vSTg-qkPAZg,Gweilo-60,2019-02-21 23:34:51.034194,10860,0
UChXOhG9bRDb3vSTg-qkPAZg,Gweilo-60,2019-02-21 23:33:50.924947,10860,0
UChXOhG9bRDb3vSTg-qkPAZg,Gweilo-60,2019-02-21 23:32:51.309198,10860,0
UChXOhG9bRDb3vSTg-qkPAZg,Gweilo-60,2019-02-21 23:31:51.529962,10860,0
UChXOhG9bRDb3vSTg-qkPAZg,Gweilo-60,2019-02-21 23:30:51.317896,10860,0
UChXOhG9bRDb3vSTg-qkPAZg,Gweilo-60,2019-02-21 23:29:50.840448,10860,0
UChXOhG9bRDb3vSTg-qkPAZg,Gweilo-60,2019-02-21 23:28:51.297786,10860,0
UChXOhG9bRDb3vSTg-qkPAZg,Gweilo-60,2019-02-21 23:27:50.778113,10860,0
UChXOhG9bRDb3vSTg-qkPAZg,Gweilo-60,2019-02-21 23:26:51.038683,10860,0
UChXOhG9bRDb3vSTg-qkPAZg,Gweilo-60,2019-02-21 23:25:51.251228,10860,0
UChXOhG9bRDb3vSTg-qkPAZg,Gweilo-60,2019-02-21 23:24:51.481103,10860,0
UChXOhG9bRDb3vSTg-qkPAZg,Gweilo-60,2019-02-21 23:23:51.121975,10860,0
UChXOhG9bRDb3vSTg-qkPAZg,Gweilo-60,2019-02-21 23:22:51.348143,10860,0
UChXOhG9bRDb3vSTg-qkPAZg,Gweilo-60,2019-02-21 23:21:51.096736,10860,0
UChXOhG9bRDb3vSTg-qkPAZg,Gweilo-60,2019-02-21 23:20:51.192991,10860,0
UChXOhG9bRDb3vSTg-qkPAZg,Gweilo-60,2019-02-21 23:19:51.843363,10860,0
UChXOhG9bRDb3vSTg-qkPAZg,Gweilo-60,2019-02-21 23:18:51.157263,10860,0
UChXOhG9bRDb3vSTg-qkPAZg,Gweilo-60,2019-02-21 23:17:50.875029,10860,0
UChXOhG9bRDb3vSTg-qkPAZg,Gweilo-60,2019-02-21 23:16:51.598388,10860,0
UChXOhG9bRDb3vSTg-qkPAZg,Gweilo-60,2019-02-21 23:15:51.263106,10860,0
UChXOhG9bRDb3vSTg-qkPAZg,Gweilo-60,2019-02-21 23:14:51.209703,10860,0
UChXOhG9bRDb3vSTg-qkPAZg,Gweilo-60,2019-02-21 23:13:51.173006,10860,0
UChXOhG9bRDb3vSTg-qkPAZg,Gweilo-60,2019-02-21 23:12:51.545345,10860,0
UChXOhG9bRDb3vSTg-qkPAZg,Gweilo-60,2019-02-21 23:11:51.008355,10860,0
UChXOhG9bRDb3vSTg-qkPAZg,Gweilo-60,2019-02-21 23:10:51.325251,10860,0
UChXOhG9bRDb3vSTg-qkPAZg,Gweilo-60,2019-02-21 23:09:51.297293,10860,0
UChXOhG9bRDb3vSTg-qkPAZg,Gweilo-60,2019-02-21 23:08:51.617145,10860,0
UChXOhG9bRDb3vSTg-qkPAZg,Gweilo-60,2019-02-21 23:07:51.574092,10860,0
UChXOhG9bRDb3vSTg-qkPAZg,Gweilo-60,2019-02-21 23:06:51.43304,10860,0
UChXOhG9bRDb3vSTg-qkPAZg,Gweilo-60,2019-02-21 23:05:51.056634,10860,0
UChXOhG9bRDb3vSTg-qkPAZg,Gweilo-60,2019-02-21 23:04:51.150141,10860,0
UChXOhG9bRDb3vSTg-qkPAZg,Gweilo-60,2019-02-21 23:03:51.452125,10860,0
UChXOhG9bRDb3vSTg-qkPAZg,Gweilo-60,2019-02-21 23:02:51.864281,10860,0
UChXOhG9bRDb3vSTg-qkPAZg,Gweilo-60,2019-02-21 23:01:51.36817,10860,0
UChXOhG9bRDb3vSTg-qkPAZg,Gweilo-60,2019-02-21 23:00:50.646842,10860,0
UChXOhG9bRDb3vSTg-qkPAZg,Gweilo-60,2019-02-21 22:59:51.518227,10860,0
UChXOhG9bRDb3vSTg-qkPAZg,Gweilo-60,2019-02-21 22:58:51.035642,10860,0
UChXOhG9bRDb3vSTg-qkPAZg,Gweilo-60,2019-02-21 22:57:51.070971,10860,0
UChXOhG9bRDb3vSTg-qkPAZg,Gweilo-60,2019-02-21 22:56:50.789866,10860,0
UChXOhG9bRDb3vSTg-qkPAZg,Gweilo-60,2019-02-21 22:55:51.566124,10860,0
UChXOhG9bRDb3vSTg-qkPAZg,Gweilo-60,2019-02-21 22:54:50.801337,10860,0
UChXOhG9bRDb3vSTg-qkPAZg,Gweilo-60,2019-02-21 22:53:51.09457,10860,0
UChXOhG9bRDb3vSTg-qkPAZg,Gweilo-60,2019-02-21 22:52:51.365517,10860,0
UChXOhG9bRDb3vSTg-qkPAZg,Gweilo-60,2019-02-21 22:51:51.077141,10860,0
UChXOhG9bRDb3vSTg-qkPAZg,Gweilo-60,2019-02-21 22:50:51.136889,10860,0
UChXOhG9bRDb3vSTg-qkPAZg,Gweilo-60,2019-02-21 22:49:51.166903,10860,0
UChXOhG9bRDb3vSTg-qkPAZg,Gweilo-60,2019-02-21 22:48:51.444036,10860,0
UChXOhG9bRDb3vSTg-qkPAZg,Gweilo-60,2019-02-21 22:47:51.496193,10860,0
UChXOhG9bRDb3vSTg-qkPAZg,Gweilo-60,2019-02-21 22:46:51.588285,10860,0
UChXOhG9bRDb3vSTg-qkPAZg,Gweilo-60,2019-02-21 22:45:51.657605,10860,0
UChXOhG9bRDb3vSTg-qkPAZg,Gweilo-60,2019-02-21 22:44:51.195015,10860,0
UChXOhG9bRDb3vSTg-qkPAZg,Gweilo-60,2019-02-21 22:43:51.031787,10860,0
UChXOhG9bRDb3vSTg-qkPAZg,Gweilo-60,2019-02-21 22:42:51.830259,10860,0
UChXOhG9bRDb3vSTg-qkPAZg,Gweilo-60,2019-02-21 22:41:51.628485,10860,0
UChXOhG9bRDb3vSTg-qkPAZg,Gweilo-60,2019-02-21 22:40:51.897014,10860,0
UChXOhG9bRDb3vSTg-qkPAZg,Gweilo-60,2019-02-21 22:39:51.01824,10860,0
UChXOhG9bRDb3vSTg-qkPAZg,Gweilo-60,2019-02-21 22:38:51.579017,10860,0
UChXOhG9bRDb3vSTg-qkPAZg,Gweilo-60,2019-02-21 22:37:50.860034,10860,0
UChXOhG9bRDb3vSTg-qkPAZg,Gweilo-60,2019-02-21 22:36:51.578144,10860,0
UChXOhG9bRDb3vSTg-qkPAZg,Gweilo-60,2019-02-21 22:35:51.118687,10860,0
UChXOhG9bRDb3vSTg-qkPAZg,Gweilo-60,2019-02-21 22:34:51.675583,10860,0
UChXOhG9bRDb3vSTg-qkPAZg,Gweilo-60,2019-02-21 22:33:51.171791,10860,0
UChXOhG9bRDb3vSTg-qkPAZg,Gweilo-60,2019-02-21 22:32:51.191669,10860,0
UChXOhG9bRDb3vSTg-qkPAZg,Gweilo-60,2019-02-21 22:31:51.02392,10860,0
UChXOhG9bRDb3vSTg-qkPAZg,Gweilo-60,2019-02-21 22:30:52.36744,10860,0
UChXOhG9bRDb3vSTg-qkPAZg,Gweilo-60,2019-02-21 22:29:51.210582,10860,0
UChXOhG9bRDb3vSTg-qkPAZg,Gweilo-60,2019-02-21 22:28:50.932721,10860,0
UChXOhG9bRDb3vSTg-qkPAZg,Gweilo-60,2019-02-21 22:27:51.107413,10860,0
UChXOhG9bRDb3vSTg-qkPAZg,Gweilo-60,2019-02-21 22:26:51.308579,10860,0
UChXOhG9bRDb3vSTg-qkPAZg,Gweilo-60,2019-02-21 22:25:51.472063,10860,0
UChXOhG9bRDb3vSTg-qkPAZg,Gweilo-60,2019-02-21 22:24:51.422621,10860,0
UChXOhG9bRDb3vSTg-qkPAZg,Gweilo-60,2019-02-21 22:23:51.585838,10860,-1
UChXOhG9bRDb3vSTg-qkPAZg,Gweilo-60,2019-02-21 22:22:50.902758,10861,0
UChXOhG9bRDb3vSTg-qkPAZg,Gweilo-60,2019-02-21 22:21:51.553391,10861,0
UChXOhG9bRDb3vSTg-qkPAZg,Gweilo-60,2019-02-21 22:20:50.950566,10861,0
UChXOhG9bRDb3vSTg-qkPAZg,Gweilo-60,2019-02-21 22:19:51.186528,10861,1
UChXOhG9bRDb3vSTg-qkPAZg,Gweilo-60,2019-02-21 22:18:51.248955,10860,0
UChXOhG9bRDb3vSTg-qkPAZg,Gweilo-60,2019-02-21 22:17:51.623745,10860,0
UChXOhG9bRDb3vSTg-qkPAZg,Gweilo-60,2019-02-21 22:16:51.194847,10860,0
UChXOhG9bRDb3vSTg-qkPAZg,Gweilo-60,2019-02-21 22:15:51.264893,10860,-1
UChXOhG9bRDb3vSTg-qkPAZg,Gweilo-60,2019-02-21 22:14:51.104116,10861,0
UChXOhG9bRDb3vSTg-qkPAZg,Gweilo-60,2019-02-21 22:13:51.479275,10861,0
UChXOhG9bRDb3vSTg-qkPAZg,Gweilo-60,2019-02-21 22:12:51.005956,10861,0
UChXOhG9bRDb3vSTg-qkPAZg,Gweilo-60,2019-02-21 22:11:50.675584,10861,0
UChXOhG9bRDb3vSTg-qkPAZg,Gweilo-60,2019-02-21 22:10:51.689615,10861,0
UChXOhG9bRDb3vSTg-qkPAZg,Gweilo-60,2019-02-21 22:09:50.971171,10861,0
UChXOhG9bRDb3vSTg-qkPAZg,Gweilo-60,2019-02-21 22:08:51.183935,10861,0
UChXOhG9bRDb3vSTg-qkPAZg,Gweilo-60,2019-02-21 22:07:51.076818,10861,0
UChXOhG9bRDb3vSTg-qkPAZg,Gweilo-60,2019-02-21 22:06:51.473757,10861,0
UChXOhG9bRDb3vSTg-qkPAZg,Gweilo-60,2019-02-21 22:05:51.438765,10861,0
UChXOhG9bRDb3vSTg-qkPAZg,Gweilo-60,2019-02-21 22:04:50.809989,10861,0
UChXOhG9bRDb3vSTg-qkPAZg,Gweilo-60,2019-02-21 22:03:51.464718,10861,0
UChXOhG9bRDb3vSTg-qkPAZg,Gweilo-60,2019-02-21 22:02:50.944169,10861,0
UChXOhG9bRDb3vSTg-qkPAZg,Gweilo-60,2019-02-21 22:01:51.969893,10861,0
UChXOhG9bRDb3vSTg-qkPAZg,Gweilo-60,2019-02-21 22:00:50.966563,10861,0
UChXOhG9bRDb3vSTg-qkPAZg,Gweilo-60,2019-02-21 21:59:51.549862,10861,0
UChXOhG9bRDb3vSTg-qkPAZg,Gweilo-60,2019-02-21 21:58:51.010025,10861,0
UChXOhG9bRDb3vSTg-qkPAZg,Gweilo-60,2019-02-21 21:57:51.809693,10861,0
UChXOhG9bRDb3vSTg-qkPAZg,Gweilo-60,2019-02-21 21:56:51.011811,10861,0
UChXOhG9bRDb3vSTg-qkPAZg,Gweilo-60,2019-02-21 21:55:51.348934,10861,0
UChXOhG9bRDb3vSTg-qkPAZg,Gweilo-60,2019-02-21 21:54:51.143726,10861,0
UChXOhG9bRDb3vSTg-qkPAZg,Gweilo-60,2019-02-21 21:53:51.134627,10861,0
UChXOhG9bRDb3vSTg-qkPAZg,Gweilo-60,2019-02-21 21:52:50.892285,10861,0
UChXOhG9bRDb3vSTg-qkPAZg,Gweilo-60,2019-02-21 21:51:50.882691,10861,0
UChXOhG9bRDb3vSTg-qkPAZg,Gweilo-60,2019-02-21 21:50:52.112033,10861,1
UChXOhG9bRDb3vSTg-qkPAZg,Gweilo-60,2019-02-21 21:49:50.881483,10860,0
UChXOhG9bRDb3vSTg-qkPAZg,Gweilo-60,2019-02-21 21:48:50.612483,10860,0
UChXOhG9bRDb3vSTg-qkPAZg,Gweilo-60,2019-02-21 21:47:50.710116,10860,1
UChXOhG9bRDb3vSTg-qkPAZg,Gweilo-60,2019-02-21 21:46:50.911457,10859,0
UChXOhG9bRDb3vSTg-qkPAZg,Gweilo-60,2019-02-21 21:45:50.694647,10859,0
UChXOhG9bRDb3vSTg-qkPAZg,Gweilo-60,2019-02-21 21:44:51.089919,10859,0
UChXOhG9bRDb3vSTg-qkPAZg,Gweilo-60,2019-02-21 21:43:50.831008,10859,0
UChXOhG9bRDb3vSTg-qkPAZg,Gweilo-60,2019-02-21 21:42:50.86819,10859,0
UChXOhG9bRDb3vSTg-qkPAZg,Gweilo-60,2019-02-21 21:41:51.511415,10859,0
UChXOhG9bRDb3vSTg-qkPAZg,Gweilo-60,2019-02-21 21:40:51.188074,10859,0
UChXOhG9bRDb3vSTg-qkPAZg,Gweilo-60,2019-02-21 21:39:51.794465,10859,0
UChXOhG9bRDb3vSTg-qkPAZg,Gweilo-60,2019-02-21 21:38:51.71369,10859,0
UChXOhG9bRDb3vSTg-qkPAZg,Gweilo-60,2019-02-21 21:37:51.001706,10859,0
UChXOhG9bRDb3vSTg-qkPAZg,Gweilo-60,2019-02-21 21:36:51.327932,10859,0
UChXOhG9bRDb3vSTg-qkPAZg,Gweilo-60,2019-02-21 21:35:51.199359,10859,0
UChXOhG9bRDb3vSTg-qkPAZg,Gweilo-60,2019-02-21 21:34:51.326848,10859,0
UChXOhG9bRDb3vSTg-qkPAZg,Gweilo-60,2019-02-21 21:33:51.023376,10859,0
UChXOhG9bRDb3vSTg-qkPAZg,Gweilo-60,2019-02-21 21:32:51.128596,10859,0
UChXOhG9bRDb3vSTg-qkPAZg,Gweilo-60,2019-02-21 21:31:51.126919,10859,0
UChXOhG9bRDb3vSTg-qkPAZg,Gweilo-60,2019-02-21 21:30:51.442048,10859,0
UChXOhG9bRDb3vSTg-qkPAZg,Gweilo-60,2019-02-21 21:29:50.928246,10859,0
UChXOhG9bRDb3vSTg-qkPAZg,Gweilo-60,2019-02-21 21:28:51.624588,10859,0
UChXOhG9bRDb3vSTg-qkPAZg,Gweilo-60,2019-02-21 21:27:51.30439,10859,0
UChXOhG9bRDb3vSTg-qkPAZg,Gweilo-60,2019-02-21 21:26:51.046743,10859,0
UChXOhG9bRDb3vSTg-qkPAZg,Gweilo-60,2019-02-21 21:25:51.786431,10859,0
UChXOhG9bRDb3vSTg-qkPAZg,Gweilo-60,2019-02-21 21:24:50.855025,10859,0
UChXOhG9bRDb3vSTg-qkPAZg,Gweilo-60,2019-02-21 21:23:51.092659,10859,0
UChXOhG9bRDb3vSTg-qkPAZg,Gweilo-60,2019-02-21 21:22:51.034383,10859,0
UChXOhG9bRDb3vSTg-qkPAZg,Gweilo-60,2019-02-21 21:21:51.223107,10859,0
UChXOhG9bRDb3vSTg-qkPAZg,Gweilo-60,2019-02-21 21:20:51.362347,10859,0
UChXOhG9bRDb3vSTg-qkPAZg,Gweilo-60,2019-02-21 21:19:51.328114,10859,0
UChXOhG9bRDb3vSTg-qkPAZg,Gweilo-60,2019-02-21 21:18:51.091342,10859,0
UChXOhG9bRDb3vSTg-qkPAZg,Gweilo-60,2019-02-21 21:17:50.921905,10859,0
UChXOhG9bRDb3vSTg-qkPAZg,Gweilo-60,2019-02-21 21:16:50.747419,10859,0
UChXOhG9bRDb3vSTg-qkPAZg,Gweilo-60,2019-02-21 21:15:50.75094,10859,0
UChXOhG9bRDb3vSTg-qkPAZg,Gweilo-60,2019-02-21 21:14:51.092397,10859,0
UChXOhG9bRDb3vSTg-qkPAZg,Gweilo-60,2019-02-21 21:13:51.618219,10859,0
UChXOhG9bRDb3vSTg-qkPAZg,Gweilo-60,2019-02-21 21:12:51.12678,10859,0
UChXOhG9bRDb3vSTg-qkPAZg,Gweilo-60,2019-02-21 21:11:51.413653,10859,0
UChXOhG9bRDb3vSTg-qkPAZg,Gweilo-60,2019-02-21 21:10:51.049885,10859,0
UChXOhG9bRDb3vSTg-qkPAZg,Gweilo-60,2019-02-21 21:09:51.326734,10859,0
UChXOhG9bRDb3vSTg-qkPAZg,Gweilo-60,2019-02-21 21:08:50.649675,10859,0
UChXOhG9bRDb3vSTg-qkPAZg,Gweilo-60,2019-02-21 21:07:50.692926,10859,0
UChXOhG9bRDb3vSTg-qkPAZg,Gweilo-60,2019-02-21 21:06:50.892491,10859,0
UChXOhG9bRDb3vSTg-qkPAZg,Gweilo-60,2019-02-21 21:05:51.157846,10859,0
UChXOhG9bRDb3vSTg-qkPAZg,Gweilo-60,2019-02-21 21:04:50.857833,10859,0
UChXOhG9bRDb3vSTg-qkPAZg,Gweilo-60,2019-02-21 21:03:51.060431,10859,0
UChXOhG9bRDb3vSTg-qkPAZg,Gweilo-60,2019-02-21 21:02:51.073156,10859,0
UChXOhG9bRDb3vSTg-qkPAZg,Gweilo-60,2019-02-21 21:01:51.663962,10859,0
UChXOhG9bRDb3vSTg-qkPAZg,Gweilo-60,2019-02-21 21:00:50.664299,10859,0
UChXOhG9bRDb3vSTg-qkPAZg,Gweilo-60,2019-02-21 20:59:50.907751,10859,0
UChXOhG9bRDb3vSTg-qkPAZg,Gweilo-60,2019-02-21 20:58:51.548283,10859,0
UChXOhG9bRDb3vSTg-qkPAZg,Gweilo-60,2019-02-21 20:57:51.83507,10859,0
UChXOhG9bRDb3vSTg-qkPAZg,Gweilo-60,2019-02-21 20:56:51.528125,10859,0
UChXOhG9bRDb3vSTg-qkPAZg,Gweilo-60,2019-02-21 20:55:50.837213,10859,0
UChXOhG9bRDb3vSTg-qkPAZg,Gweilo-60,2019-02-21 20:54:50.344784,10859,0
UChXOhG9bRDb3vSTg-qkPAZg,Gweilo-60,2019-02-21 20:53:50.792804,10859,0
UChXOhG9bRDb3vSTg-qkPAZg,Gweilo-60,2019-02-21 20:52:51.298455,10859,0
UChXOhG9bRDb3vSTg-qkPAZg,Gweilo-60,2019-02-21 20:51:51.197151,10859,0
UChXOhG9bRDb3vSTg-qkPAZg,Gweilo-60,2019-02-21 20:50:51.242842,10859,0
UChXOhG9bRDb3vSTg-qkPAZg,Gweilo-60,2019-02-21 20:49:51.262093,10859,0
UChXOhG9bRDb3vSTg-qkPAZg,Gweilo-60,2019-02-21 20:48:50.973237,10859,0
UChXOhG9bRDb3vSTg-qkPAZg,Gweilo-60,2019-02-21 20:47:50.979149,10859,0
UChXOhG9bRDb3vSTg-qkPAZg,Gweilo-60,2019-02-21 20:46:51.304358,10859,0
UChXOhG9bRDb3vSTg-qkPAZg,Gweilo-60,2019-02-21 20:45:51.304361,10859,0
UChXOhG9bRDb3vSTg-qkPAZg,Gweilo-60,2019-02-21 20:44:51.309877,10859,0
UChXOhG9bRDb3vSTg-qkPAZg,Gweilo-60,2019-02-21 20:43:51.041735,10859,0
UChXOhG9bRDb3vSTg-qkPAZg,Gweilo-60,2019-02-21 20:42:51.149106,10859,0
UChXOhG9bRDb3vSTg-qkPAZg,Gweilo-60,2019-02-21 20:41:50.698715,10859,0
UChXOhG9bRDb3vSTg-qkPAZg,Gweilo-60,2019-02-21 20:40:51.416557,10859,0
UChXOhG9bRDb3vSTg-qkPAZg,Gweilo-60,2019-02-21 20:39:51.561094,10859,0
UChXOhG9bRDb3vSTg-qkPAZg,Gweilo-60,2019-02-21 20:38:51.198321,10859,0
UChXOhG9bRDb3vSTg-qkPAZg,Gweilo-60,2019-02-21 20:37:51.243599,10859,0
UChXOhG9bRDb3vSTg-qkPAZg,Gweilo-60,2019-02-21 20:36:52.135908,10859,0
UChXOhG9bRDb3vSTg-qkPAZg,Gweilo-60,2019-02-21 20:35:50.668779,10859,0
UChXOhG9bRDb3vSTg-qkPAZg,Gweilo-60,2019-02-21 20:34:51.350782,10859,0
UChXOhG9bRDb3vSTg-qkPAZg,Gweilo-60,2019-02-21 20:33:50.517249,10859,0
UChXOhG9bRDb3vSTg-qkPAZg,Gweilo-60,2019-02-21 20:32:50.808939,10859,0
UChXOhG9bRDb3vSTg-qkPAZg,Gweilo-60,2019-02-21 20:31:51.322781,10859,0
UChXOhG9bRDb3vSTg-qkPAZg,Gweilo-60,2019-02-21 20:30:51.564582,10859,0
UChXOhG9bRDb3vSTg-qkPAZg,Gweilo-60,2019-02-21 20:29:50.858797,10859,0
UChXOhG9bRDb3vSTg-qkPAZg,Gweilo-60,2019-02-21 20:28:51.203787,10859,0
UChXOhG9bRDb3vSTg-qkPAZg,Gweilo-60,2019-02-21 20:27:50.220008,10859,0
UChXOhG9bRDb3vSTg-qkPAZg,Gweilo-60,2019-02-21 20:26:50.867647,10859,0
UChXOhG9bRDb3vSTg-qkPAZg,Gweilo-60,2019-02-21 20:25:51.44209,10859,0
UChXOhG9bRDb3vSTg-qkPAZg,Gweilo-60,2019-02-21 20:24:51.468566,10859,0
UChXOhG9bRDb3vSTg-qkPAZg,Gweilo-60,2019-02-21 20:23:51.660197,10859,0
UChXOhG9bRDb3vSTg-qkPAZg,Gweilo-60,2019-02-21 20:22:50.979732,10859,0
UChXOhG9bRDb3vSTg-qkPAZg,Gweilo-60,2019-02-21 20:21:51.610051,10859,0
UChXOhG9bRDb3vSTg-qkPAZg,Gweilo-60,2019-02-21 20:20:51.855297,10859,0
UChXOhG9bRDb3vSTg-qkPAZg,Gweilo-60,2019-02-21 20:19:51.321337,10859,0
UChXOhG9bRDb3vSTg-qkPAZg,Gweilo-60,2019-02-21 20:18:51.500975,10859,0
UChXOhG9bRDb3vSTg-qkPAZg,Gweilo-60,2019-02-21 20:17:51.067284,10859,0
UChXOhG9bRDb3vSTg-qkPAZg,Gweilo-60,2019-02-21 20:16:50.720983,10859,0
UChXOhG9bRDb3vSTg-qkPAZg,Gweilo-60,2019-02-21 20:15:50.823905,10859,0
UChXOhG9bRDb3vSTg-qkPAZg,Gweilo-60,2019-02-21 20:14:51.186721,10859,0
UChXOhG9bRDb3vSTg-qkPAZg,Gweilo-60,2019-02-21 20:13:51.043308,10859,0
UChXOhG9bRDb3vSTg-qkPAZg,Gweilo-60,2019-02-21 20:12:51.652924,10859,0
UChXOhG9bRDb3vSTg-qkPAZg,Gweilo-60,2019-02-21 20:11:50.802782,10859,0
UChXOhG9bRDb3vSTg-qkPAZg,Gweilo-60,2019-02-21 20:10:51.766066,10859,0
UChXOhG9bRDb3vSTg-qkPAZg,Gweilo-60,2019-02-21 20:09:51.488201,10859,1
UChXOhG9bRDb3vSTg-qkPAZg,Gweilo-60,2019-02-21 20:08:51.013885,10858,0
UChXOhG9bRDb3vSTg-qkPAZg,Gweilo-60,2019-02-21 20:07:51.086245,10858,0
UChXOhG9bRDb3vSTg-qkPAZg,Gweilo-60,2019-02-21 20:06:51.28268,10858,0
UChXOhG9bRDb3vSTg-qkPAZg,Gweilo-60,2019-02-21 20:05:51.280973,10858,0
UChXOhG9bRDb3vSTg-qkPAZg,Gweilo-60,2019-02-21 20:04:50.826738,10858,0
UChXOhG9bRDb3vSTg-qkPAZg,Gweilo-60,2019-02-21 20:03:51.17223,10858,0
UChXOhG9bRDb3vSTg-qkPAZg,Gweilo-60,2019-02-21 20:02:51.191928,10858,0
UChXOhG9bRDb3vSTg-qkPAZg,Gweilo-60,2019-02-21 20:01:51.550223,10858,0
UChXOhG9bRDb3vSTg-qkPAZg,Gweilo-60,2019-02-21 20:00:51.172234,10858,0
UChXOhG9bRDb3vSTg-qkPAZg,Gweilo-60,2019-02-21 19:59:50.357182,10858,0
UChXOhG9bRDb3vSTg-qkPAZg,Gweilo-60,2019-02-21 19:58:51.536054,10858,0
UChXOhG9bRDb3vSTg-qkPAZg,Gweilo-60,2019-02-21 19:57:51.341913,10858,0
UChXOhG9bRDb3vSTg-qkPAZg,Gweilo-60,2019-02-21 19:56:51.187299,10858,0
UChXOhG9bRDb3vSTg-qkPAZg,Gweilo-60,2019-02-21 19:55:51.003515,10858,0
UChXOhG9bRDb3vSTg-qkPAZg,Gweilo-60,2019-02-21 19:54:51.516838,10858,0
UChXOhG9bRDb3vSTg-qkPAZg,Gweilo-60,2019-02-21 19:53:51.542705,10858,0
UChXOhG9bRDb3vSTg-qkPAZg,Gweilo-60,2019-02-21 19:52:51.355846,10858,0
UChXOhG9bRDb3vSTg-qkPAZg,Gweilo-60,2019-02-21 19:51:51.256193,10858,1
UChXOhG9bRDb3vSTg-qkPAZg,Gweilo-60,2019-02-21 19:50:51.089697,10857,0
UChXOhG9bRDb3vSTg-qkPAZg,Gweilo-60,2019-02-21 19:49:51.146731,10857,0
UChXOhG9bRDb3vSTg-qkPAZg,Gweilo-60,2019-02-21 19:48:51.552829,10857,0
UChXOhG9bRDb3vSTg-qkPAZg,Gweilo-60,2019-02-21 19:47:51.444799,10857,0
UChXOhG9bRDb3vSTg-qkPAZg,Gweilo-60,2019-02-21 19:46:51.575976,10857,0
UChXOhG9bRDb3vSTg-qkPAZg,Gweilo-60,2019-02-21 19:45:51.462852,10857,0
UChXOhG9bRDb3vSTg-qkPAZg,Gweilo-60,2019-02-21 19:44:51.671321,10857,0
UChXOhG9bRDb3vSTg-qkPAZg,Gweilo-60,2019-02-21 19:43:51.327319,10857,0
UChXOhG9bRDb3vSTg-qkPAZg,Gweilo-60,2019-02-21 19:42:51.804269,10857,0
UChXOhG9bRDb3vSTg-qkPAZg,Gweilo-60,2019-02-21 19:41:51.582668,10857,0
UChXOhG9bRDb3vSTg-qkPAZg,Gweilo-60,2019-02-21 19:40:51.014128,10857,0
UChXOhG9bRDb3vSTg-qkPAZg,Gweilo-60,2019-02-21 19:39:50.889871,10857,0
UChXOhG9bRDb3vSTg-qkPAZg,Gweilo-60,2019-02-21 19:38:51.218897,10857,0
UChXOhG9bRDb3vSTg-qkPAZg,Gweilo-60,2019-02-21 19:37:51.305781,10857,0
UChXOhG9bRDb3vSTg-qkPAZg,Gweilo-60,2019-02-21 19:36:51.018957,10857,0
UChXOhG9bRDb3vSTg-qkPAZg,Gweilo-60,2019-02-21 19:35:51.435184,10857,0
UChXOhG9bRDb3vSTg-qkPAZg,Gweilo-60,2019-02-21 19:34:51.017898,10857,0
UChXOhG9bRDb3vSTg-qkPAZg,Gweilo-60,2019-02-21 19:33:51.536107,10857,0
UChXOhG9bRDb3vSTg-qkPAZg,Gweilo-60,2019-02-21 19:32:51.947749,10857,0
UChXOhG9bRDb3vSTg-qkPAZg,Gweilo-60,2019-02-21 19:31:51.163756,10857,0
UChXOhG9bRDb3vSTg-qkPAZg,Gweilo-60,2019-02-21 19:30:51.14265,10857,0
UChXOhG9bRDb3vSTg-qkPAZg,Gweilo-60,2019-02-21 19:29:51.418335,10857,0
UChXOhG9bRDb3vSTg-qkPAZg,Gweilo-60,2019-02-21 19:28:51.356457,10857,0
UChXOhG9bRDb3vSTg-qkPAZg,Gweilo-60,2019-02-21 19:27:51.290724,10857,0
UChXOhG9bRDb3vSTg-qkPAZg,Gweilo-60,2019-02-21 19:26:51.16207,10857,0
UChXOhG9bRDb3vSTg-qkPAZg,Gweilo-60,2019-02-21 19:25:52.026047,10857,0
UChXOhG9bRDb3vSTg-qkPAZg,Gweilo-60,2019-02-21 19:24:51.565279,10857,0
UChXOhG9bRDb3vSTg-qkPAZg,Gweilo-60,2019-02-21 19:23:51.501194,10857,0
UChXOhG9bRDb3vSTg-qkPAZg,Gweilo-60,2019-02-21 19:22:51.442363,10857,0
UChXOhG9bRDb3vSTg-qkPAZg,Gweilo-60,2019-02-21 19:21:51.547189,10857,0
UChXOhG9bRDb3vSTg-qkPAZg,Gweilo-60,2019-02-21 19:20:51.143616,10857,0
UChXOhG9bRDb3vSTg-qkPAZg,Gweilo-60,2019-02-21 19:19:51.502089,10857,0
UChXOhG9bRDb3vSTg-qkPAZg,Gweilo-60,2019-02-21 19:18:51.213211,10857,0
UChXOhG9bRDb3vSTg-qkPAZg,Gweilo-60,2019-02-21 19:17:51.723149,10857,0
UChXOhG9bRDb3vSTg-qkPAZg,Gweilo-60,2019-02-21 19:16:51.257232,10857,0
UChXOhG9bRDb3vSTg-qkPAZg,Gweilo-60,2019-02-21 19:15:51.367768,10857,0
UChXOhG9bRDb3vSTg-qkPAZg,Gweilo-60,2019-02-21 19:14:51.388946,10857,0
UChXOhG9bRDb3vSTg-qkPAZg,Gweilo-60,2019-02-21 19:13:51.493028,10857,0
UChXOhG9bRDb3vSTg-qkPAZg,Gweilo-60,2019-02-21 19:12:51.466672,10857,0
UChXOhG9bRDb3vSTg-qkPAZg,Gweilo-60,2019-02-21 19:11:51.185669,10857,0
UChXOhG9bRDb3vSTg-qkPAZg,Gweilo-60,2019-02-21 19:10:50.927026,10857,0
UChXOhG9bRDb3vSTg-qkPAZg,Gweilo-60,2019-02-21 19:09:51.523168,10857,0
UChXOhG9bRDb3vSTg-qkPAZg,Gweilo-60,2019-02-21 19:08:51.006511,10857,0
UChXOhG9bRDb3vSTg-qkPAZg,Gweilo-60,2019-02-21 19:07:51.306823,10857,0
UChXOhG9bRDb3vSTg-qkPAZg,Gweilo-60,2019-02-21 19:06:51.848686,10857,0
UChXOhG9bRDb3vSTg-qkPAZg,Gweilo-60,2019-02-21 19:05:50.965017,10857,0
UChXOhG9bRDb3vSTg-qkPAZg,Gweilo-60,2019-02-21 19:04:51.148946,10857,0
UChXOhG9bRDb3vSTg-qkPAZg,Gweilo-60,2019-02-21 19:03:51.319232,10857,0
UChXOhG9bRDb3vSTg-qkPAZg,Gweilo-60,2019-02-21 19:02:51.42105,10857,0
UChXOhG9bRDb3vSTg-qkPAZg,Gweilo-60,2019-02-21 19:01:51.28225,10857,0
UChXOhG9bRDb3vSTg-qkPAZg,Gweilo-60,2019-02-21 19:00:50.927773,10857,0
UChXOhG9bRDb3vSTg-qkPAZg,Gweilo-60,2019-02-21 18:59:51.026855,10857,0
UChXOhG9bRDb3vSTg-qkPAZg,Gweilo-60,2019-02-21 18:58:51.389955,10857,0
UChXOhG9bRDb3vSTg-qkPAZg,Gweilo-60,2019-02-21 18:57:51.644294,10857,0
UChXOhG9bRDb3vSTg-qkPAZg,Gweilo-60,2019-02-21 18:56:50.948284,10857,0
UChXOhG9bRDb3vSTg-qkPAZg,Gweilo-60,2019-02-21 18:55:51.266625,10857,0
UChXOhG9bRDb3vSTg-qkPAZg,Gweilo-60,2019-02-21 18:54:50.995528,10857,0
UChXOhG9bRDb3vSTg-qkPAZg,Gweilo-60,2019-02-21 18:53:51.28861,10857,0
UChXOhG9bRDb3vSTg-qkPAZg,Gweilo-60,2019-02-21 18:52:52.012887,10857,0
UChXOhG9bRDb3vSTg-qkPAZg,Gweilo-60,2019-02-21 18:51:51.290549,10857,0
UChXOhG9bRDb3vSTg-qkPAZg,Gweilo-60,2019-02-21 18:50:52.00238,10857,0
UChXOhG9bRDb3vSTg-qkPAZg,Gweilo-60,2019-02-21 18:49:51.393828,10857,0
UChXOhG9bRDb3vSTg-qkPAZg,Gweilo-60,2019-02-21 18:48:50.827206,10857,0
UChXOhG9bRDb3vSTg-qkPAZg,Gweilo-60,2019-02-21 18:47:51.033894,10857,0
UChXOhG9bRDb3vSTg-qkPAZg,Gweilo-60,2019-02-21 18:46:51.311907,10857,0
UChXOhG9bRDb3vSTg-qkPAZg,Gweilo-60,2019-02-21 18:45:51.100121,10857,0
UChXOhG9bRDb3vSTg-qkPAZg,Gweilo-60,2019-02-21 18:44:51.229506,10857,0
UChXOhG9bRDb3vSTg-qkPAZg,Gweilo-60,2019-02-21 18:43:51.281795,10857,0
UChXOhG9bRDb3vSTg-qkPAZg,Gweilo-60,2019-02-21 18:42:51.088732,10857,0
UChXOhG9bRDb3vSTg-qkPAZg,Gweilo-60,2019-02-21 18:41:51.261224,10857,0
UChXOhG9bRDb3vSTg-qkPAZg,Gweilo-60,2019-02-21 18:40:51.049158,10857,0
UChXOhG9bRDb3vSTg-qkPAZg,Gweilo-60,2019-02-21 18:39:51.060132,10857,0
UChXOhG9bRDb3vSTg-qkPAZg,Gweilo-60,2019-02-21 18:38:51.133233,10857,0
UChXOhG9bRDb3vSTg-qkPAZg,Gweilo-60,2019-02-21 18:37:50.926881,10857,0
UChXOhG9bRDb3vSTg-qkPAZg,Gweilo-60,2019-02-21 18:36:51.56078,10857,0
UChXOhG9bRDb3vSTg-qkPAZg,Gweilo-60,2019-02-21 18:35:51.554415,10857,0
UChXOhG9bRDb3vSTg-qkPAZg,Gweilo-60,2019-02-21 18:34:51.799053,10857,0
UChXOhG9bRDb3vSTg-qkPAZg,Gweilo-60,2019-02-21 18:33:51.178938,10857,0
UChXOhG9bRDb3vSTg-qkPAZg,Gweilo-60,2019-02-21 18:32:51.07869,10857,0
UChXOhG9bRDb3vSTg-qkPAZg,Gweilo-60,2019-02-21 18:31:51.334006,10857,0
UChXOhG9bRDb3vSTg-qkPAZg,Gweilo-60,2019-02-21 18:30:51.010784,10857,0
UChXOhG9bRDb3vSTg-qkPAZg,Gweilo-60,2019-02-21 18:29:51.522616,10857,0
UChXOhG9bRDb3vSTg-qkPAZg,Gweilo-60,2019-02-21 18:28:51.500217,10857,0
UChXOhG9bRDb3vSTg-qkPAZg,Gweilo-60,2019-02-21 18:27:51.43208,10857,1
UChXOhG9bRDb3vSTg-qkPAZg,Gweilo-60,2019-02-21 18:26:51.249775,10856,0
UChXOhG9bRDb3vSTg-qkPAZg,Gweilo-60,2019-02-21 18:25:52.021279,10856,0
UChXOhG9bRDb3vSTg-qkPAZg,Gweilo-60,2019-02-21 18:24:51.291918,10856,0
UChXOhG9bRDb3vSTg-qkPAZg,Gweilo-60,2019-02-21 18:23:51.628896,10856,0
UChXOhG9bRDb3vSTg-qkPAZg,Gweilo-60,2019-02-21 18:22:51.782658,10856,0
UChXOhG9bRDb3vSTg-qkPAZg,Gweilo-60,2019-02-21 18:21:51.540494,10856,0
UChXOhG9bRDb3vSTg-qkPAZg,Gweilo-60,2019-02-21 18:20:51.217523,10856,0
UChXOhG9bRDb3vSTg-qkPAZg,Gweilo-60,2019-02-21 18:19:51.151177,10856,0
UChXOhG9bRDb3vSTg-qkPAZg,Gweilo-60,2019-02-21 18:18:51.354646,10856,0
UChXOhG9bRDb3vSTg-qkPAZg,Gweilo-60,2019-02-21 18:17:50.881908,10856,1
UChXOhG9bRDb3vSTg-qkPAZg,Gweilo-60,2019-02-21 18:16:51.16609,10855,0
UChXOhG9bRDb3vSTg-qkPAZg,Gweilo-60,2019-02-21 18:15:51.964734,10855,0
UChXOhG9bRDb3vSTg-qkPAZg,Gweilo-60,2019-02-21 18:14:50.930546,10855,0
UChXOhG9bRDb3vSTg-qkPAZg,Gweilo-60,2019-02-21 18:13:51.137689,10855,0
UChXOhG9bRDb3vSTg-qkPAZg,Gweilo-60,2019-02-21 18:12:50.829196,10855,0
UChXOhG9bRDb3vSTg-qkPAZg,Gweilo-60,2019-02-21 18:11:51.181275,10855,0
UChXOhG9bRDb3vSTg-qkPAZg,Gweilo-60,2019-02-21 18:10:51.148255,10855,0
UChXOhG9bRDb3vSTg-qkPAZg,Gweilo-60,2019-02-21 18:09:51.235438,10855,0
UChXOhG9bRDb3vSTg-qkPAZg,Gweilo-60,2019-02-21 18:08:51.717708,10855,0
UChXOhG9bRDb3vSTg-qkPAZg,Gweilo-60,2019-02-21 18:07:51.293136,10855,0
UChXOhG9bRDb3vSTg-qkPAZg,Gweilo-60,2019-02-21 18:06:51.59804,10855,0
UChXOhG9bRDb3vSTg-qkPAZg,Gweilo-60,2019-02-21 18:05:51.117966,10855,0
UChXOhG9bRDb3vSTg-qkPAZg,Gweilo-60,2019-02-21 18:04:50.974369,10855,0
UChXOhG9bRDb3vSTg-qkPAZg,Gweilo-60,2019-02-21 18:03:50.989276,10855,0
UChXOhG9bRDb3vSTg-qkPAZg,Gweilo-60,2019-02-21 18:02:51.694471,10855,0
UChXOhG9bRDb3vSTg-qkPAZg,Gweilo-60,2019-02-21 18:01:51.205827,10855,0
UChXOhG9bRDb3vSTg-qkPAZg,Gweilo-60,2019-02-21 18:00:52.070425,10855,0
UChXOhG9bRDb3vSTg-qkPAZg,Gweilo-60,2019-02-21 17:59:51.301958,10855,0
UChXOhG9bRDb3vSTg-qkPAZg,Gweilo-60,2019-02-21 17:58:51.447846,10855,0
UChXOhG9bRDb3vSTg-qkPAZg,Gweilo-60,2019-02-21 17:57:51.777568,10855,0
UChXOhG9bRDb3vSTg-qkPAZg,Gweilo-60,2019-02-21 17:56:51.624459,10855,0
UChXOhG9bRDb3vSTg-qkPAZg,Gweilo-60,2019-02-21 17:55:51.273853,10855,0
UChXOhG9bRDb3vSTg-qkPAZg,Gweilo-60,2019-02-21 17:54:51.571006,10855,0
UChXOhG9bRDb3vSTg-qkPAZg,Gweilo-60,2019-02-21 17:53:51.758264,10855,0
UChXOhG9bRDb3vSTg-qkPAZg,Gweilo-60,2019-02-21 17:52:51.394216,10855,0
UChXOhG9bRDb3vSTg-qkPAZg,Gweilo-60,2019-02-21 17:51:51.532413,10855,0
UChXOhG9bRDb3vSTg-qkPAZg,Gweilo-60,2019-02-21 17:50:51.261992,10855,0
UChXOhG9bRDb3vSTg-qkPAZg,Gweilo-60,2019-02-21 17:49:51.419223,10855,0
UChXOhG9bRDb3vSTg-qkPAZg,Gweilo-60,2019-02-21 17:48:51.562344,10855,0
UChXOhG9bRDb3vSTg-qkPAZg,Gweilo-60,2019-02-21 17:47:51.630863,10855,0
UChXOhG9bRDb3vSTg-qkPAZg,Gweilo-60,2019-02-21 17:46:51.087243,10855,0
UChXOhG9bRDb3vSTg-qkPAZg,Gweilo-60,2019-02-21 17:45:51.253305,10855,1
UChXOhG9bRDb3vSTg-qkPAZg,Gweilo-60,2019-02-21 17:44:51.362247,10854,0
UChXOhG9bRDb3vSTg-qkPAZg,Gweilo-60,2019-02-21 17:43:51.096652,10854,0
UChXOhG9bRDb3vSTg-qkPAZg,Gweilo-60,2019-02-21 17:42:51.201725,10854,0
UChXOhG9bRDb3vSTg-qkPAZg,Gweilo-60,2019-02-21 17:41:51.821314,10854,0
UChXOhG9bRDb3vSTg-qkPAZg,Gweilo-60,2019-02-21 17:40:51.709322,10854,0
UChXOhG9bRDb3vSTg-qkPAZg,Gweilo-60,2019-02-21 17:39:51.153892,10854,0
UChXOhG9bRDb3vSTg-qkPAZg,Gweilo-60,2019-02-21 17:38:51.07056,10854,0
UChXOhG9bRDb3vSTg-qkPAZg,Gweilo-60,2019-02-21 17:37:51.38765,10854,0
UChXOhG9bRDb3vSTg-qkPAZg,Gweilo-60,2019-02-21 17:36:51.800114,10854,0
UChXOhG9bRDb3vSTg-qkPAZg,Gweilo-60,2019-02-21 17:35:51.538432,10854,1
UChXOhG9bRDb3vSTg-qkPAZg,Gweilo-60,2019-02-21 17:34:51.193057,10853,0
UChXOhG9bRDb3vSTg-qkPAZg,Gweilo-60,2019-02-21 17:33:51.104975,10853,1
UChXOhG9bRDb3vSTg-qkPAZg,Gweilo-60,2019-02-21 17:32:51.57504,10852,0
UChXOhG9bRDb3vSTg-qkPAZg,Gweilo-60,2019-02-21 17:31:51.283794,10852,0
UChXOhG9bRDb3vSTg-qkPAZg,Gweilo-60,2019-02-21 17:30:50.840914,10852,0
UChXOhG9bRDb3vSTg-qkPAZg,Gweilo-60,2019-02-21 17:29:51.163273,10852,0
UChXOhG9bRDb3vSTg-qkPAZg,Gweilo-60,2019-02-21 17:28:51.370669,10852,0
UChXOhG9bRDb3vSTg-qkPAZg,Gweilo-60,2019-02-21 17:27:51.184138,10852,0
UChXOhG9bRDb3vSTg-qkPAZg,Gweilo-60,2019-02-21 17:26:51.213906,10852,0
UChXOhG9bRDb3vSTg-qkPAZg,Gweilo-60,2019-02-21 17:25:51.056348,10852,0
UChXOhG9bRDb3vSTg-qkPAZg,Gweilo-60,2019-02-21 17:24:50.959316,10852,0
UChXOhG9bRDb3vSTg-qkPAZg,Gweilo-60,2019-02-21 17:23:51.620179,10852,0
UChXOhG9bRDb3vSTg-qkPAZg,Gweilo-60,2019-02-21 17:22:51.235347,10852,0
UChXOhG9bRDb3vSTg-qkPAZg,Gweilo-60,2019-02-21 17:21:50.852163,10852,0
UChXOhG9bRDb3vSTg-qkPAZg,Gweilo-60,2019-02-21 17:20:51.143776,10852,0
UChXOhG9bRDb3vSTg-qkPAZg,Gweilo-60,2019-02-21 17:19:51.104366,10852,0
UChXOhG9bRDb3vSTg-qkPAZg,Gweilo-60,2019-02-21 17:18:50.967512,10852,0
UChXOhG9bRDb3vSTg-qkPAZg,Gweilo-60,2019-02-21 17:17:51.261064,10852,0
UChXOhG9bRDb3vSTg-qkPAZg,Gweilo-60,2019-02-21 17:16:51.405122,10852,0
UChXOhG9bRDb3vSTg-qkPAZg,Gweilo-60,2019-02-21 17:15:51.145745,10852,0
UChXOhG9bRDb3vSTg-qkPAZg,Gweilo-60,2019-02-21 17:14:51.520956,10852,0
UChXOhG9bRDb3vSTg-qkPAZg,Gweilo-60,2019-02-21 17:13:51.571098,10852,0
UChXOhG9bRDb3vSTg-qkPAZg,Gweilo-60,2019-02-21 17:12:51.513577,10852,0
UChXOhG9bRDb3vSTg-qkPAZg,Gweilo-60,2019-02-21 17:11:51.038951,10852,0
UChXOhG9bRDb3vSTg-qkPAZg,Gweilo-60,2019-02-21 17:10:50.879672,10852,0
UChXOhG9bRDb3vSTg-qkPAZg,Gweilo-60,2019-02-21 17:09:51.526,10852,0
UChXOhG9bRDb3vSTg-qkPAZg,Gweilo-60,2019-02-21 17:08:51.155287,10852,0
UChXOhG9bRDb3vSTg-qkPAZg,Gweilo-60,2019-02-21 17:07:51.11497,10852,0
UChXOhG9bRDb3vSTg-qkPAZg,Gweilo-60,2019-02-21 17:06:51.391449,10852,0
UChXOhG9bRDb3vSTg-qkPAZg,Gweilo-60,2019-02-21 17:05:51.003734,10852,0
UChXOhG9bRDb3vSTg-qkPAZg,Gweilo-60,2019-02-21 17:04:50.68468,10852,0
UChXOhG9bRDb3vSTg-qkPAZg,Gweilo-60,2019-02-21 17:03:51.613715,10852,0
UChXOhG9bRDb3vSTg-qkPAZg,Gweilo-60,2019-02-21 17:02:51.288537,10852,0
UChXOhG9bRDb3vSTg-qkPAZg,Gweilo-60,2019-02-21 17:01:51.144215,10852,0
UChXOhG9bRDb3vSTg-qkPAZg,Gweilo-60,2019-02-21 17:00:50.988189,10852,0
UChXOhG9bRDb3vSTg-qkPAZg,Gweilo-60,2019-02-21 16:59:51.730722,10852,0
UChXOhG9bRDb3vSTg-qkPAZg,Gweilo-60,2019-02-21 16:58:52.02298,10852,0
UChXOhG9bRDb3vSTg-qkPAZg,Gweilo-60,2019-02-21 16:57:51.1574,10852,0
UChXOhG9bRDb3vSTg-qkPAZg,Gweilo-60,2019-02-21 16:56:51.538703,10852,0
UChXOhG9bRDb3vSTg-qkPAZg,Gweilo-60,2019-02-21 16:55:51.028112,10852,0
UChXOhG9bRDb3vSTg-qkPAZg,Gweilo-60,2019-02-21 16:54:51.144395,10852,0
UChXOhG9bRDb3vSTg-qkPAZg,Gweilo-60,2019-02-21 16:53:51.269507,10852,0
UChXOhG9bRDb3vSTg-qkPAZg,Gweilo-60,2019-02-21 16:52:51.191344,10852,0
UChXOhG9bRDb3vSTg-qkPAZg,Gweilo-60,2019-02-21 16:51:51.418077,10852,0
UChXOhG9bRDb3vSTg-qkPAZg,Gweilo-60,2019-02-21 16:50:51.807633,10852,0
UChXOhG9bRDb3vSTg-qkPAZg,Gweilo-60,2019-02-21 16:49:51.393716,10852,0
UChXOhG9bRDb3vSTg-qkPAZg,Gweilo-60,2019-02-21 16:48:50.928457,10852,-1
UChXOhG9bRDb3vSTg-qkPAZg,Gweilo-60,2019-02-21 16:47:51.667836,10853,0
UChXOhG9bRDb3vSTg-qkPAZg,Gweilo-60,2019-02-21 16:46:51.344266,10853,0
UChXOhG9bRDb3vSTg-qkPAZg,Gweilo-60,2019-02-21 16:45:51.360741,10853,0
UChXOhG9bRDb3vSTg-qkPAZg,Gweilo-60,2019-02-21 16:44:51.236914,10853,0
UChXOhG9bRDb3vSTg-qkPAZg,Gweilo-60,2019-02-21 16:43:51.407742,10853,0
UChXOhG9bRDb3vSTg-qkPAZg,Gweilo-60,2019-02-21 16:42:51.254885,10853,0
UChXOhG9bRDb3vSTg-qkPAZg,Gweilo-60,2019-02-21 16:41:51.627836,10853,0
UChXOhG9bRDb3vSTg-qkPAZg,Gweilo-60,2019-02-21 16:40:51.752964,10853,0
UChXOhG9bRDb3vSTg-qkPAZg,Gweilo-60,2019-02-21 16:39:51.407927,10853,0
UChXOhG9bRDb3vSTg-qkPAZg,Gweilo-60,2019-02-21 16:38:51.784586,10853,0
UChXOhG9bRDb3vSTg-qkPAZg,Gweilo-60,2019-02-21 16:37:51.040693,10853,0
UChXOhG9bRDb3vSTg-qkPAZg,Gweilo-60,2019-02-21 16:36:51.377143,10853,0
UChXOhG9bRDb3vSTg-qkPAZg,Gweilo-60,2019-02-21 16:35:51.664307,10853,0
UChXOhG9bRDb3vSTg-qkPAZg,Gweilo-60,2019-02-21 16:34:51.100984,10853,0
UChXOhG9bRDb3vSTg-qkPAZg,Gweilo-60,2019-02-21 16:33:51.322622,10853,0
UChXOhG9bRDb3vSTg-qkPAZg,Gweilo-60,2019-02-21 16:32:51.094755,10853,0
UChXOhG9bRDb3vSTg-qkPAZg,Gweilo-60,2019-02-21 16:31:50.84559,10853,0
UChXOhG9bRDb3vSTg-qkPAZg,Gweilo-60,2019-02-21 16:30:51.604018,10853,0
UChXOhG9bRDb3vSTg-qkPAZg,Gweilo-60,2019-02-21 16:29:51.587982,10853,0
UChXOhG9bRDb3vSTg-qkPAZg,Gweilo-60,2019-02-21 16:28:51.799543,10853,0
UChXOhG9bRDb3vSTg-qkPAZg,Gweilo-60,2019-02-21 16:27:51.439074,10853,0
UChXOhG9bRDb3vSTg-qkPAZg,Gweilo-60,2019-02-21 16:26:51.177799,10853,0
UChXOhG9bRDb3vSTg-qkPAZg,Gweilo-60,2019-02-21 16:25:51.600788,10853,0
UChXOhG9bRDb3vSTg-qkPAZg,Gweilo-60,2019-02-21 16:24:51.356004,10853,0
UChXOhG9bRDb3vSTg-qkPAZg,Gweilo-60,2019-02-21 16:23:51.314255,10853,0
UChXOhG9bRDb3vSTg-qkPAZg,Gweilo-60,2019-02-21 16:22:51.284145,10853,0
UChXOhG9bRDb3vSTg-qkPAZg,Gweilo-60,2019-02-21 16:21:51.331528,10853,0
UChXOhG9bRDb3vSTg-qkPAZg,Gweilo-60,2019-02-21 16:20:51.511816,10853,0
UChXOhG9bRDb3vSTg-qkPAZg,Gweilo-60,2019-02-21 16:19:51.332793,10853,0
UChXOhG9bRDb3vSTg-qkPAZg,Gweilo-60,2019-02-21 16:18:51.345167,10853,0
UChXOhG9bRDb3vSTg-qkPAZg,Gweilo-60,2019-02-21 16:17:51.211304,10853,0
UChXOhG9bRDb3vSTg-qkPAZg,Gweilo-60,2019-02-21 16:16:51.266651,10853,0
UChXOhG9bRDb3vSTg-qkPAZg,Gweilo-60,2019-02-21 16:15:51.453256,10853,0
UChXOhG9bRDb3vSTg-qkPAZg,Gweilo-60,2019-02-21 16:14:51.107771,10853,0
UChXOhG9bRDb3vSTg-qkPAZg,Gweilo-60,2019-02-21 16:13:51.253886,10853,0
UChXOhG9bRDb3vSTg-qkPAZg,Gweilo-60,2019-02-21 16:12:50.909838,10853,0
UChXOhG9bRDb3vSTg-qkPAZg,Gweilo-60,2019-02-21 16:11:51.742675,10853,0
UChXOhG9bRDb3vSTg-qkPAZg,Gweilo-60,2019-02-21 16:10:52.522349,10853,0
UChXOhG9bRDb3vSTg-qkPAZg,Gweilo-60,2019-02-21 16:09:51.563638,10853,0
UChXOhG9bRDb3vSTg-qkPAZg,Gweilo-60,2019-02-21 16:08:51.226684,10853,0
UChXOhG9bRDb3vSTg-qkPAZg,Gweilo-60,2019-02-21 16:07:51.440823,10853,0
UChXOhG9bRDb3vSTg-qkPAZg,Gweilo-60,2019-02-21 16:06:51.263851,10853,0
UChXOhG9bRDb3vSTg-qkPAZg,Gweilo-60,2019-02-21 16:05:51.651934,10853,0
UChXOhG9bRDb3vSTg-qkPAZg,Gweilo-60,2019-02-21 16:04:51.739079,10853,0
UChXOhG9bRDb3vSTg-qkPAZg,Gweilo-60,2019-02-21 16:03:51.173973,10853,0
UChXOhG9bRDb3vSTg-qkPAZg,Gweilo-60,2019-02-21 16:02:51.191242,10853,0
UChXOhG9bRDb3vSTg-qkPAZg,Gweilo-60,2019-02-21 16:01:51.742813,10853,0
UChXOhG9bRDb3vSTg-qkPAZg,Gweilo-60,2019-02-21 16:00:51.428234,10853,0
UChXOhG9bRDb3vSTg-qkPAZg,Gweilo-60,2019-02-21 15:59:51.333999,10853,0
UChXOhG9bRDb3vSTg-qkPAZg,Gweilo-60,2019-02-21 15:58:50.921759,10853,0
UChXOhG9bRDb3vSTg-qkPAZg,Gweilo-60,2019-02-21 15:57:52.447975,10853,0
UChXOhG9bRDb3vSTg-qkPAZg,Gweilo-60,2019-02-21 15:56:50.913592,10853,0
UChXOhG9bRDb3vSTg-qkPAZg,Gweilo-60,2019-02-21 15:55:51.718412,10853,0
UChXOhG9bRDb3vSTg-qkPAZg,Gweilo-60,2019-02-21 15:54:52.269157,10853,0
UChXOhG9bRDb3vSTg-qkPAZg,Gweilo-60,2019-02-21 15:53:51.204476,10853,0
UChXOhG9bRDb3vSTg-qkPAZg,Gweilo-60,2019-02-21 15:52:51.20454,10853,0
UChXOhG9bRDb3vSTg-qkPAZg,Gweilo-60,2019-02-21 15:51:51.447695,10853,0
UChXOhG9bRDb3vSTg-qkPAZg,Gweilo-60,2019-02-21 15:50:51.553928,10853,0
UChXOhG9bRDb3vSTg-qkPAZg,Gweilo-60,2019-02-21 15:49:51.287356,10853,0
UChXOhG9bRDb3vSTg-qkPAZg,Gweilo-60,2019-02-21 15:48:51.743226,10853,0
UChXOhG9bRDb3vSTg-qkPAZg,Gweilo-60,2019-02-21 15:47:51.691004,10853,0
UChXOhG9bRDb3vSTg-qkPAZg,Gweilo-60,2019-02-21 15:46:51.748802,10853,0
UChXOhG9bRDb3vSTg-qkPAZg,Gweilo-60,2019-02-21 15:45:51.289012,10853,0
UChXOhG9bRDb3vSTg-qkPAZg,Gweilo-60,2019-02-21 15:44:50.751576,10853,0
UChXOhG9bRDb3vSTg-qkPAZg,Gweilo-60,2019-02-21 15:43:50.83518,10853,0
UChXOhG9bRDb3vSTg-qkPAZg,Gweilo-60,2019-02-21 15:42:51.337255,10853,0
UChXOhG9bRDb3vSTg-qkPAZg,Gweilo-60,2019-02-21 15:41:51.6629,10853,0
UChXOhG9bRDb3vSTg-qkPAZg,Gweilo-60,2019-02-21 15:40:51.693133,10853,0
UChXOhG9bRDb3vSTg-qkPAZg,Gweilo-60,2019-02-21 15:39:50.990275,10853,0
UChXOhG9bRDb3vSTg-qkPAZg,Gweilo-60,2019-02-21 15:38:51.341745,10853,0
UChXOhG9bRDb3vSTg-qkPAZg,Gweilo-60,2019-02-21 15:37:51.849196,10853,0
UChXOhG9bRDb3vSTg-qkPAZg,Gweilo-60,2019-02-21 15:36:51.62726,10853,0
UChXOhG9bRDb3vSTg-qkPAZg,Gweilo-60,2019-02-21 15:35:51.402879,10853,0
UChXOhG9bRDb3vSTg-qkPAZg,Gweilo-60,2019-02-21 15:34:51.55114,10853,0
UChXOhG9bRDb3vSTg-qkPAZg,Gweilo-60,2019-02-21 15:33:50.978661,10853,0
UChXOhG9bRDb3vSTg-qkPAZg,Gweilo-60,2019-02-21 15:32:50.786848,10853,0
UChXOhG9bRDb3vSTg-qkPAZg,Gweilo-60,2019-02-21 15:31:51.513751,10853,0
UChXOhG9bRDb3vSTg-qkPAZg,Gweilo-60,2019-02-21 15:30:51.040526,10853,0
UChXOhG9bRDb3vSTg-qkPAZg,Gweilo-60,2019-02-21 15:29:51.559927,10853,0
UChXOhG9bRDb3vSTg-qkPAZg,Gweilo-60,2019-02-21 15:28:51.473141,10853,0
UChXOhG9bRDb3vSTg-qkPAZg,Gweilo-60,2019-02-21 15:27:51.199942,10853,0
UChXOhG9bRDb3vSTg-qkPAZg,Gweilo-60,2019-02-21 15:26:51.221222,10853,0
UChXOhG9bRDb3vSTg-qkPAZg,Gweilo-60,2019-02-21 15:25:51.644539,10853,0
UChXOhG9bRDb3vSTg-qkPAZg,Gweilo-60,2019-02-21 15:24:51.112141,10853,0
UChXOhG9bRDb3vSTg-qkPAZg,Gweilo-60,2019-02-21 15:23:50.774969,10853,0
UChXOhG9bRDb3vSTg-qkPAZg,Gweilo-60,2019-02-21 15:22:50.987575,10853,0
UChXOhG9bRDb3vSTg-qkPAZg,Gweilo-60,2019-02-21 15:21:51.704649,10853,0
UChXOhG9bRDb3vSTg-qkPAZg,Gweilo-60,2019-02-21 15:20:51.265459,10853,0
UChXOhG9bRDb3vSTg-qkPAZg,Gweilo-60,2019-02-21 15:19:50.968442,10853,0
UChXOhG9bRDb3vSTg-qkPAZg,Gweilo-60,2019-02-21 15:18:51.64198,10853,0
UChXOhG9bRDb3vSTg-qkPAZg,Gweilo-60,2019-02-21 15:17:51.348494,10853,0
UChXOhG9bRDb3vSTg-qkPAZg,Gweilo-60,2019-02-21 15:16:51.491892,10853,0
UChXOhG9bRDb3vSTg-qkPAZg,Gweilo-60,2019-02-21 15:15:51.411177,10853,0
UChXOhG9bRDb3vSTg-qkPAZg,Gweilo-60,2019-02-21 15:14:51.232481,10853,0
UChXOhG9bRDb3vSTg-qkPAZg,Gweilo-60,2019-02-21 15:13:51.411248,10853,0
UChXOhG9bRDb3vSTg-qkPAZg,Gweilo-60,2019-02-21 15:12:51.557797,10853,0
UChXOhG9bRDb3vSTg-qkPAZg,Gweilo-60,2019-02-21 15:11:52.578694,10853,0
UChXOhG9bRDb3vSTg-qkPAZg,Gweilo-60,2019-02-21 15:10:51.176261,10853,0
UChXOhG9bRDb3vSTg-qkPAZg,Gweilo-60,2019-02-21 15:09:51.371405,10853,0
UChXOhG9bRDb3vSTg-qkPAZg,Gweilo-60,2019-02-21 15:08:52.18831,10853,0
UChXOhG9bRDb3vSTg-qkPAZg,Gweilo-60,2019-02-21 15:07:51.088551,10853,0
UChXOhG9bRDb3vSTg-qkPAZg,Gweilo-60,2019-02-21 15:06:51.271901,10853,0
UChXOhG9bRDb3vSTg-qkPAZg,Gweilo-60,2019-02-21 15:05:51.05344,10853,0
UChXOhG9bRDb3vSTg-qkPAZg,Gweilo-60,2019-02-21 15:04:51.089422,10853,0
UChXOhG9bRDb3vSTg-qkPAZg,Gweilo-60,2019-02-21 15:03:51.25943,10853,0
UChXOhG9bRDb3vSTg-qkPAZg,Gweilo-60,2019-02-21 15:02:51.518389,10853,0
UChXOhG9bRDb3vSTg-qkPAZg,Gweilo-60,2019-02-21 15:01:51.805405,10853,0
UChXOhG9bRDb3vSTg-qkPAZg,Gweilo-60,2019-02-21 15:00:50.933064,10853,0
UChXOhG9bRDb3vSTg-qkPAZg,Gweilo-60,2019-02-21 14:59:51.057084,10853,0
UChXOhG9bRDb3vSTg-qkPAZg,Gweilo-60,2019-02-21 14:58:50.978276,10853,0
UChXOhG9bRDb3vSTg-qkPAZg,Gweilo-60,2019-02-21 14:57:50.541518,10853,0
UChXOhG9bRDb3vSTg-qkPAZg,Gweilo-60,2019-02-21 14:56:51.406227,10853,0
UChXOhG9bRDb3vSTg-qkPAZg,Gweilo-60,2019-02-21 14:55:51.087006,10853,0
UChXOhG9bRDb3vSTg-qkPAZg,Gweilo-60,2019-02-21 14:54:51.312809,10853,0
UChXOhG9bRDb3vSTg-qkPAZg,Gweilo-60,2019-02-21 14:53:51.392836,10853,0
UChXOhG9bRDb3vSTg-qkPAZg,Gweilo-60,2019-02-21 14:52:51.567398,10853,0
UChXOhG9bRDb3vSTg-qkPAZg,Gweilo-60,2019-02-21 14:51:51.396965,10853,0
UChXOhG9bRDb3vSTg-qkPAZg,Gweilo-60,2019-02-21 14:50:51.903103,10853,0
UChXOhG9bRDb3vSTg-qkPAZg,Gweilo-60,2019-02-21 14:49:51.671181,10853,0
UChXOhG9bRDb3vSTg-qkPAZg,Gweilo-60,2019-02-21 14:48:50.985376,10853,0
UChXOhG9bRDb3vSTg-qkPAZg,Gweilo-60,2019-02-21 14:47:52.01001,10853,0
UChXOhG9bRDb3vSTg-qkPAZg,Gweilo-60,2019-02-21 14:46:51.714619,10853,0
UChXOhG9bRDb3vSTg-qkPAZg,Gweilo-60,2019-02-21 14:45:51.094102,10853,0
UChXOhG9bRDb3vSTg-qkPAZg,Gweilo-60,2019-02-21 14:44:51.102181,10853,0
UChXOhG9bRDb3vSTg-qkPAZg,Gweilo-60,2019-02-21 14:43:51.817192,10853,0
UChXOhG9bRDb3vSTg-qkPAZg,Gweilo-60,2019-02-21 14:42:51.251815,10853,0
UChXOhG9bRDb3vSTg-qkPAZg,Gweilo-60,2019-02-21 14:41:50.930797,10853,0
UChXOhG9bRDb3vSTg-qkPAZg,Gweilo-60,2019-02-21 14:40:51.587622,10853,0
UChXOhG9bRDb3vSTg-qkPAZg,Gweilo-60,2019-02-21 14:39:51.427652,10853,1
UChXOhG9bRDb3vSTg-qkPAZg,Gweilo-60,2019-02-21 14:38:51.502972,10852,0
UChXOhG9bRDb3vSTg-qkPAZg,Gweilo-60,2019-02-21 14:37:50.817433,10852,0
UChXOhG9bRDb3vSTg-qkPAZg,Gweilo-60,2019-02-21 14:36:51.757121,10852,0
UChXOhG9bRDb3vSTg-qkPAZg,Gweilo-60,2019-02-21 14:35:51.375703,10852,0
UChXOhG9bRDb3vSTg-qkPAZg,Gweilo-60,2019-02-21 14:34:51.643644,10852,0
UChXOhG9bRDb3vSTg-qkPAZg,Gweilo-60,2019-02-21 14:33:51.320722,10852,0
UChXOhG9bRDb3vSTg-qkPAZg,Gweilo-60,2019-02-21 14:32:51.232108,10852,0
UChXOhG9bRDb3vSTg-qkPAZg,Gweilo-60,2019-02-21 14:31:51.038269,10852,0
UChXOhG9bRDb3vSTg-qkPAZg,Gweilo-60,2019-02-21 14:30:51.387018,10852,0
UChXOhG9bRDb3vSTg-qkPAZg,Gweilo-60,2019-02-21 14:29:51.347956,10852,0
UChXOhG9bRDb3vSTg-qkPAZg,Gweilo-60,2019-02-21 14:28:51.153915,10852,0
UChXOhG9bRDb3vSTg-qkPAZg,Gweilo-60,2019-02-21 14:27:50.706883,10852,0
UChXOhG9bRDb3vSTg-qkPAZg,Gweilo-60,2019-02-21 14:26:51.333607,10852,0
UChXOhG9bRDb3vSTg-qkPAZg,Gweilo-60,2019-02-21 14:25:51.387667,10852,0
UChXOhG9bRDb3vSTg-qkPAZg,Gweilo-60,2019-02-21 14:24:51.307067,10852,0
UChXOhG9bRDb3vSTg-qkPAZg,Gweilo-60,2019-02-21 14:23:50.987192,10852,0
UChXOhG9bRDb3vSTg-qkPAZg,Gweilo-60,2019-02-21 14:22:51.252848,10852,0
UChXOhG9bRDb3vSTg-qkPAZg,Gweilo-60,2019-02-21 14:21:51.489204,10852,0
UChXOhG9bRDb3vSTg-qkPAZg,Gweilo-60,2019-02-21 14:20:51.137452,10852,0
UChXOhG9bRDb3vSTg-qkPAZg,Gweilo-60,2019-02-21 14:19:50.811089,10852,0
UChXOhG9bRDb3vSTg-qkPAZg,Gweilo-60,2019-02-21 14:18:50.93845,10852,0
UChXOhG9bRDb3vSTg-qkPAZg,Gweilo-60,2019-02-21 14:17:50.815568,10852,0
UChXOhG9bRDb3vSTg-qkPAZg,Gweilo-60,2019-02-21 14:16:51.127398,10852,0
UChXOhG9bRDb3vSTg-qkPAZg,Gweilo-60,2019-02-21 14:15:50.785576,10852,0
UChXOhG9bRDb3vSTg-qkPAZg,Gweilo-60,2019-02-21 14:14:51.009376,10852,0
UChXOhG9bRDb3vSTg-qkPAZg,Gweilo-60,2019-02-21 14:13:51.459137,10852,0
UChXOhG9bRDb3vSTg-qkPAZg,Gweilo-60,2019-02-21 14:12:51.354143,10852,0
UChXOhG9bRDb3vSTg-qkPAZg,Gweilo-60,2019-02-21 14:11:50.983894,10852,0
UChXOhG9bRDb3vSTg-qkPAZg,Gweilo-60,2019-02-21 14:10:51.319786,10852,0
UChXOhG9bRDb3vSTg-qkPAZg,Gweilo-60,2019-02-21 14:09:51.054951,10852,0
UChXOhG9bRDb3vSTg-qkPAZg,Gweilo-60,2019-02-21 14:08:51.887607,10852,1
UChXOhG9bRDb3vSTg-qkPAZg,Gweilo-60,2019-02-21 14:07:51.285642,10851,0
UChXOhG9bRDb3vSTg-qkPAZg,Gweilo-60,2019-02-21 14:06:51.076366,10851,0
UChXOhG9bRDb3vSTg-qkPAZg,Gweilo-60,2019-02-21 14:05:51.12715,10851,0
UChXOhG9bRDb3vSTg-qkPAZg,Gweilo-60,2019-02-21 14:04:51.430991,10851,0
UChXOhG9bRDb3vSTg-qkPAZg,Gweilo-60,2019-02-21 14:03:51.044986,10851,0
UChXOhG9bRDb3vSTg-qkPAZg,Gweilo-60,2019-02-21 14:02:51.289337,10851,0
UChXOhG9bRDb3vSTg-qkPAZg,Gweilo-60,2019-02-21 14:01:51.640834,10851,0
UChXOhG9bRDb3vSTg-qkPAZg,Gweilo-60,2019-02-21 14:00:51.707286,10851,0
UChXOhG9bRDb3vSTg-qkPAZg,Gweilo-60,2019-02-21 13:59:51.262309,10851,0
UChXOhG9bRDb3vSTg-qkPAZg,Gweilo-60,2019-02-21 13:58:51.044482,10851,0
UChXOhG9bRDb3vSTg-qkPAZg,Gweilo-60,2019-02-21 13:57:51.350945,10851,0
UChXOhG9bRDb3vSTg-qkPAZg,Gweilo-60,2019-02-21 13:56:51.068351,10851,0
UChXOhG9bRDb3vSTg-qkPAZg,Gweilo-60,2019-02-21 13:55:51.186688,10851,0
UChXOhG9bRDb3vSTg-qkPAZg,Gweilo-60,2019-02-21 13:54:51.544221,10851,0
UChXOhG9bRDb3vSTg-qkPAZg,Gweilo-60,2019-02-21 13:53:51.486408,10851,0
UChXOhG9bRDb3vSTg-qkPAZg,Gweilo-60,2019-02-21 13:52:51.822928,10851,0
UChXOhG9bRDb3vSTg-qkPAZg,Gweilo-60,2019-02-21 13:51:50.991146,10851,0
UChXOhG9bRDb3vSTg-qkPAZg,Gweilo-60,2019-02-21 13:50:51.684044,10851,0
UChXOhG9bRDb3vSTg-qkPAZg,Gweilo-60,2019-02-21 13:49:51.489083,10851,0
UChXOhG9bRDb3vSTg-qkPAZg,Gweilo-60,2019-02-21 13:48:51.207452,10851,0
UChXOhG9bRDb3vSTg-qkPAZg,Gweilo-60,2019-02-21 13:47:51.408304,10851,0
UChXOhG9bRDb3vSTg-qkPAZg,Gweilo-60,2019-02-21 13:46:51.551209,10851,0
UChXOhG9bRDb3vSTg-qkPAZg,Gweilo-60,2019-02-21 13:45:51.800203,10851,0
UChXOhG9bRDb3vSTg-qkPAZg,Gweilo-60,2019-02-21 13:44:51.037,10851,0
UChXOhG9bRDb3vSTg-qkPAZg,Gweilo-60,2019-02-21 13:43:51.338679,10851,0
UChXOhG9bRDb3vSTg-qkPAZg,Gweilo-60,2019-02-21 13:42:50.979293,10851,0
UChXOhG9bRDb3vSTg-qkPAZg,Gweilo-60,2019-02-21 13:41:50.955104,10851,0
UChXOhG9bRDb3vSTg-qkPAZg,Gweilo-60,2019-02-21 13:40:51.449896,10851,0
UChXOhG9bRDb3vSTg-qkPAZg,Gweilo-60,2019-02-21 13:39:50.777302,10851,0
UChXOhG9bRDb3vSTg-qkPAZg,Gweilo-60,2019-02-21 13:38:51.296605,10851,0
UChXOhG9bRDb3vSTg-qkPAZg,Gweilo-60,2019-02-21 13:37:51.251366,10851,0
UChXOhG9bRDb3vSTg-qkPAZg,Gweilo-60,2019-02-21 13:36:50.796937,10851,0
UChXOhG9bRDb3vSTg-qkPAZg,Gweilo-60,2019-02-21 13:35:51.021348,10851,0
UChXOhG9bRDb3vSTg-qkPAZg,Gweilo-60,2019-02-21 13:34:51.457867,10851,0
UChXOhG9bRDb3vSTg-qkPAZg,Gweilo-60,2019-02-21 13:33:50.945092,10851,0
UChXOhG9bRDb3vSTg-qkPAZg,Gweilo-60,2019-02-21 13:32:51.377448,10851,0
UChXOhG9bRDb3vSTg-qkPAZg,Gweilo-60,2019-02-21 13:31:51.16218,10851,0
UChXOhG9bRDb3vSTg-qkPAZg,Gweilo-60,2019-02-21 13:30:51.630931,10851,0
UChXOhG9bRDb3vSTg-qkPAZg,Gweilo-60,2019-02-21 13:29:51.066205,10851,0
UChXOhG9bRDb3vSTg-qkPAZg,Gweilo-60,2019-02-21 13:28:51.00237,10851,0
UChXOhG9bRDb3vSTg-qkPAZg,Gweilo-60,2019-02-21 13:27:51.041096,10851,0
UChXOhG9bRDb3vSTg-qkPAZg,Gweilo-60,2019-02-21 13:26:50.897109,10851,0
UChXOhG9bRDb3vSTg-qkPAZg,Gweilo-60,2019-02-21 13:25:51.545442,10851,0
UChXOhG9bRDb3vSTg-qkPAZg,Gweilo-60,2019-02-21 13:24:51.392848,10851,0
UChXOhG9bRDb3vSTg-qkPAZg,Gweilo-60,2019-02-21 13:23:51.016585,10851,0
UChXOhG9bRDb3vSTg-qkPAZg,Gweilo-60,2019-02-21 13:22:50.926503,10851,0
UChXOhG9bRDb3vSTg-qkPAZg,Gweilo-60,2019-02-21 13:21:51.209508,10851,0
UChXOhG9bRDb3vSTg-qkPAZg,Gweilo-60,2019-02-21 13:20:51.1264,10851,-1
UChXOhG9bRDb3vSTg-qkPAZg,Gweilo-60,2019-02-21 13:19:51.02855,10852,0
UChXOhG9bRDb3vSTg-qkPAZg,Gweilo-60,2019-02-21 13:18:51.214179,10852,0
UChXOhG9bRDb3vSTg-qkPAZg,Gweilo-60,2019-02-21 13:17:51.247875,10852,0
UChXOhG9bRDb3vSTg-qkPAZg,Gweilo-60,2019-02-21 13:16:51.164587,10852,0
UChXOhG9bRDb3vSTg-qkPAZg,Gweilo-60,2019-02-21 13:15:51.445782,10852,0
UChXOhG9bRDb3vSTg-qkPAZg,Gweilo-60,2019-02-21 13:14:51.562589,10852,0
UChXOhG9bRDb3vSTg-qkPAZg,Gweilo-60,2019-02-21 13:13:51.371678,10852,0
UChXOhG9bRDb3vSTg-qkPAZg,Gweilo-60,2019-02-21 13:12:51.302318,10852,0
UChXOhG9bRDb3vSTg-qkPAZg,Gweilo-60,2019-02-21 13:11:51.005426,10852,0
UChXOhG9bRDb3vSTg-qkPAZg,Gweilo-60,2019-02-21 13:10:51.391306,10852,0
UChXOhG9bRDb3vSTg-qkPAZg,Gweilo-60,2019-02-21 13:09:51.352528,10852,0
UChXOhG9bRDb3vSTg-qkPAZg,Gweilo-60,2019-02-21 13:08:51.677142,10852,0
UChXOhG9bRDb3vSTg-qkPAZg,Gweilo-60,2019-02-21 13:07:52.15252,10852,0
UChXOhG9bRDb3vSTg-qkPAZg,Gweilo-60,2019-02-21 13:06:51.498721,10852,0
UChXOhG9bRDb3vSTg-qkPAZg,Gweilo-60,2019-02-21 13:05:50.961973,10852,0
UChXOhG9bRDb3vSTg-qkPAZg,Gweilo-60,2019-02-21 13:04:51.212781,10852,0
UChXOhG9bRDb3vSTg-qkPAZg,Gweilo-60,2019-02-21 13:03:51.430737,10852,0
UChXOhG9bRDb3vSTg-qkPAZg,Gweilo-60,2019-02-21 13:02:51.404452,10852,0
UChXOhG9bRDb3vSTg-qkPAZg,Gweilo-60,2019-02-21 13:01:51.52737,10852,0
UChXOhG9bRDb3vSTg-qkPAZg,Gweilo-60,2019-02-21 13:00:51.190121,10852,0
UChXOhG9bRDb3vSTg-qkPAZg,Gweilo-60,2019-02-21 12:59:51.458134,10852,0
UChXOhG9bRDb3vSTg-qkPAZg,Gweilo-60,2019-02-21 12:58:51.095584,10852,0
UChXOhG9bRDb3vSTg-qkPAZg,Gweilo-60,2019-02-21 12:57:51.429995,10852,0
UChXOhG9bRDb3vSTg-qkPAZg,Gweilo-60,2019-02-21 12:56:52.151775,10852,0
UChXOhG9bRDb3vSTg-qkPAZg,Gweilo-60,2019-02-21 12:55:50.918976,10852,0
UChXOhG9bRDb3vSTg-qkPAZg,Gweilo-60,2019-02-21 12:54:51.454765,10852,0
UChXOhG9bRDb3vSTg-qkPAZg,Gweilo-60,2019-02-21 12:53:51.475725,10852,0
UChXOhG9bRDb3vSTg-qkPAZg,Gweilo-60,2019-02-21 12:52:50.989162,10852,0
UChXOhG9bRDb3vSTg-qkPAZg,Gweilo-60,2019-02-21 12:51:51.108446,10852,0
UChXOhG9bRDb3vSTg-qkPAZg,Gweilo-60,2019-02-21 12:50:50.865283,10852,0
UChXOhG9bRDb3vSTg-qkPAZg,Gweilo-60,2019-02-21 12:49:51.650661,10852,0
UChXOhG9bRDb3vSTg-qkPAZg,Gweilo-60,2019-02-21 12:48:51.177402,10852,0
UChXOhG9bRDb3vSTg-qkPAZg,Gweilo-60,2019-02-21 12:47:51.303321,10852,0
UChXOhG9bRDb3vSTg-qkPAZg,Gweilo-60,2019-02-21 12:46:51.166284,10852,0
UChXOhG9bRDb3vSTg-qkPAZg,Gweilo-60,2019-02-21 12:45:50.888892,10852,0
UChXOhG9bRDb3vSTg-qkPAZg,Gweilo-60,2019-02-21 12:44:51.047344,10852,0
UChXOhG9bRDb3vSTg-qkPAZg,Gweilo-60,2019-02-21 12:43:51.399178,10852,0
UChXOhG9bRDb3vSTg-qkPAZg,Gweilo-60,2019-02-21 12:42:51.496222,10852,0
UChXOhG9bRDb3vSTg-qkPAZg,Gweilo-60,2019-02-21 12:41:51.39207,10852,0
UChXOhG9bRDb3vSTg-qkPAZg,Gweilo-60,2019-02-21 12:40:51.244214,10852,0
UChXOhG9bRDb3vSTg-qkPAZg,Gweilo-60,2019-02-21 12:39:51.211357,10852,0
UChXOhG9bRDb3vSTg-qkPAZg,Gweilo-60,2019-02-21 12:38:51.560954,10852,0
UChXOhG9bRDb3vSTg-qkPAZg,Gweilo-60,2019-02-21 12:37:50.897024,10852,0
UChXOhG9bRDb3vSTg-qkPAZg,Gweilo-60,2019-02-21 12:36:51.211811,10852,0
UChXOhG9bRDb3vSTg-qkPAZg,Gweilo-60,2019-02-21 12:35:51.207231,10852,0
UChXOhG9bRDb3vSTg-qkPAZg,Gweilo-60,2019-02-21 12:34:51.475621,10852,0
UChXOhG9bRDb3vSTg-qkPAZg,Gweilo-60,2019-02-21 12:33:50.869985,10852,0
UChXOhG9bRDb3vSTg-qkPAZg,Gweilo-60,2019-02-21 12:32:51.659205,10852,0
UChXOhG9bRDb3vSTg-qkPAZg,Gweilo-60,2019-02-21 12:31:51.426381,10852,0
UChXOhG9bRDb3vSTg-qkPAZg,Gweilo-60,2019-02-21 12:30:50.88883,10852,0
UChXOhG9bRDb3vSTg-qkPAZg,Gweilo-60,2019-02-21 12:29:51.165287,10852,0
UChXOhG9bRDb3vSTg-qkPAZg,Gweilo-60,2019-02-21 12:28:51.304804,10852,0
UChXOhG9bRDb3vSTg-qkPAZg,Gweilo-60,2019-02-21 12:27:51.347221,10852,0
UChXOhG9bRDb3vSTg-qkPAZg,Gweilo-60,2019-02-21 12:26:51.325813,10852,0
UChXOhG9bRDb3vSTg-qkPAZg,Gweilo-60,2019-02-21 12:25:51.100279,10852,0
UChXOhG9bRDb3vSTg-qkPAZg,Gweilo-60,2019-02-21 12:24:50.910397,10852,0
UChXOhG9bRDb3vSTg-qkPAZg,Gweilo-60,2019-02-21 12:23:51.210248,10852,0
UChXOhG9bRDb3vSTg-qkPAZg,Gweilo-60,2019-02-21 12:22:51.162165,10852,0
UChXOhG9bRDb3vSTg-qkPAZg,Gweilo-60,2019-02-21 12:21:51.352489,10852,0
UChXOhG9bRDb3vSTg-qkPAZg,Gweilo-60,2019-02-21 12:20:51.148777,10852,0
UChXOhG9bRDb3vSTg-qkPAZg,Gweilo-60,2019-02-21 12:19:51.025826,10852,0
UChXOhG9bRDb3vSTg-qkPAZg,Gweilo-60,2019-02-21 12:18:51.317096,10852,0
UChXOhG9bRDb3vSTg-qkPAZg,Gweilo-60,2019-02-21 12:17:50.973582,10852,0
UChXOhG9bRDb3vSTg-qkPAZg,Gweilo-60,2019-02-21 12:16:51.429524,10852,0
UChXOhG9bRDb3vSTg-qkPAZg,Gweilo-60,2019-02-21 12:15:51.56781,10852,0
UChXOhG9bRDb3vSTg-qkPAZg,Gweilo-60,2019-02-21 12:14:51.387091,10852,0
UChXOhG9bRDb3vSTg-qkPAZg,Gweilo-60,2019-02-21 12:13:50.908003,10852,0
UChXOhG9bRDb3vSTg-qkPAZg,Gweilo-60,2019-02-21 12:12:51.49728,10852,0
UChXOhG9bRDb3vSTg-qkPAZg,Gweilo-60,2019-02-21 12:11:50.935116,10852,0
UChXOhG9bRDb3vSTg-qkPAZg,Gweilo-60,2019-02-21 12:10:51.1471,10852,0
UChXOhG9bRDb3vSTg-qkPAZg,Gweilo-60,2019-02-21 12:09:51.288453,10852,0
UChXOhG9bRDb3vSTg-qkPAZg,Gweilo-60,2019-02-21 12:08:50.998838,10852,0
UChXOhG9bRDb3vSTg-qkPAZg,Gweilo-60,2019-02-21 12:07:52.035002,10852,0
UChXOhG9bRDb3vSTg-qkPAZg,Gweilo-60,2019-02-21 12:06:51.481338,10852,0
UChXOhG9bRDb3vSTg-qkPAZg,Gweilo-60,2019-02-21 12:05:50.795104,10852,0
UChXOhG9bRDb3vSTg-qkPAZg,Gweilo-60,2019-02-21 12:04:51.395388,10852,0
UChXOhG9bRDb3vSTg-qkPAZg,Gweilo-60,2019-02-21 12:03:51.108374,10852,0
UChXOhG9bRDb3vSTg-qkPAZg,Gweilo-60,2019-02-21 12:02:50.895222,10852,0
UChXOhG9bRDb3vSTg-qkPAZg,Gweilo-60,2019-02-21 12:01:50.765174,10852,0
UChXOhG9bRDb3vSTg-qkPAZg,Gweilo-60,2019-02-21 12:00:51.12409,10852,0
UChXOhG9bRDb3vSTg-qkPAZg,Gweilo-60,2019-02-21 11:59:51.150757,10852,0
UChXOhG9bRDb3vSTg-qkPAZg,Gweilo-60,2019-02-21 11:58:51.133259,10852,0
UChXOhG9bRDb3vSTg-qkPAZg,Gweilo-60,2019-02-21 11:57:51.311908,10852,0
UChXOhG9bRDb3vSTg-qkPAZg,Gweilo-60,2019-02-21 11:56:51.114865,10852,0
UChXOhG9bRDb3vSTg-qkPAZg,Gweilo-60,2019-02-21 11:55:51.762176,10852,0
UChXOhG9bRDb3vSTg-qkPAZg,Gweilo-60,2019-02-21 11:54:51.367984,10852,0
UChXOhG9bRDb3vSTg-qkPAZg,Gweilo-60,2019-02-21 11:53:50.768909,10852,0
UChXOhG9bRDb3vSTg-qkPAZg,Gweilo-60,2019-02-21 11:52:51.160873,10852,0
UChXOhG9bRDb3vSTg-qkPAZg,Gweilo-60,2019-02-21 11:51:51.905954,10852,0
UChXOhG9bRDb3vSTg-qkPAZg,Gweilo-60,2019-02-21 11:50:50.926381,10852,0
UChXOhG9bRDb3vSTg-qkPAZg,Gweilo-60,2019-02-21 11:49:51.547404,10852,0
UChXOhG9bRDb3vSTg-qkPAZg,Gweilo-60,2019-02-21 11:48:51.871155,10852,0
UChXOhG9bRDb3vSTg-qkPAZg,Gweilo-60,2019-02-21 11:47:51.174075,10852,0
UChXOhG9bRDb3vSTg-qkPAZg,Gweilo-60,2019-02-21 11:46:51.835519,10852,0
UChXOhG9bRDb3vSTg-qkPAZg,Gweilo-60,2019-02-21 11:45:51.622445,10852,0
UChXOhG9bRDb3vSTg-qkPAZg,Gweilo-60,2019-02-21 11:44:50.867554,10852,0
UChXOhG9bRDb3vSTg-qkPAZg,Gweilo-60,2019-02-21 11:43:51.503121,10852,0
UChXOhG9bRDb3vSTg-qkPAZg,Gweilo-60,2019-02-21 11:42:51.020522,10852,0
UChXOhG9bRDb3vSTg-qkPAZg,Gweilo-60,2019-02-21 11:41:51.734275,10852,0
UChXOhG9bRDb3vSTg-qkPAZg,Gweilo-60,2019-02-21 11:40:51.430986,10852,0
UChXOhG9bRDb3vSTg-qkPAZg,Gweilo-60,2019-02-21 11:39:51.372601,10852,0
UChXOhG9bRDb3vSTg-qkPAZg,Gweilo-60,2019-02-21 11:38:51.034651,10852,0
UChXOhG9bRDb3vSTg-qkPAZg,Gweilo-60,2019-02-21 11:37:51.12851,10852,0
UChXOhG9bRDb3vSTg-qkPAZg,Gweilo-60,2019-02-21 11:36:50.838126,10852,0
UChXOhG9bRDb3vSTg-qkPAZg,Gweilo-60,2019-02-21 11:35:50.641016,10852,0
UChXOhG9bRDb3vSTg-qkPAZg,Gweilo-60,2019-02-21 11:34:50.949203,10852,0
UChXOhG9bRDb3vSTg-qkPAZg,Gweilo-60,2019-02-21 11:33:51.27042,10852,0
UChXOhG9bRDb3vSTg-qkPAZg,Gweilo-60,2019-02-21 11:32:51.66365,10852,0
UChXOhG9bRDb3vSTg-qkPAZg,Gweilo-60,2019-02-21 11:31:51.261628,10852,0
UChXOhG9bRDb3vSTg-qkPAZg,Gweilo-60,2019-02-21 11:30:51.360879,10852,0
UChXOhG9bRDb3vSTg-qkPAZg,Gweilo-60,2019-02-21 11:29:50.996044,10852,0
UChXOhG9bRDb3vSTg-qkPAZg,Gweilo-60,2019-02-21 11:28:50.990266,10852,0
UChXOhG9bRDb3vSTg-qkPAZg,Gweilo-60,2019-02-21 11:27:51.077902,10852,0
UChXOhG9bRDb3vSTg-qkPAZg,Gweilo-60,2019-02-21 11:26:51.73784,10852,0
UChXOhG9bRDb3vSTg-qkPAZg,Gweilo-60,2019-02-21 11:25:50.900799,10852,0
UChXOhG9bRDb3vSTg-qkPAZg,Gweilo-60,2019-02-21 11:24:51.416374,10852,0
UChXOhG9bRDb3vSTg-qkPAZg,Gweilo-60,2019-02-21 11:23:50.897402,10852,0
UChXOhG9bRDb3vSTg-qkPAZg,Gweilo-60,2019-02-21 11:22:51.435748,10852,0
UChXOhG9bRDb3vSTg-qkPAZg,Gweilo-60,2019-02-21 11:21:51.39467,10852,0
UChXOhG9bRDb3vSTg-qkPAZg,Gweilo-60,2019-02-21 11:20:51.208555,10852,0
UChXOhG9bRDb3vSTg-qkPAZg,Gweilo-60,2019-02-21 11:19:51.175775,10852,0
UChXOhG9bRDb3vSTg-qkPAZg,Gweilo-60,2019-02-21 11:18:50.856557,10852,0
UChXOhG9bRDb3vSTg-qkPAZg,Gweilo-60,2019-02-21 11:17:51.223814,10852,0
UChXOhG9bRDb3vSTg-qkPAZg,Gweilo-60,2019-02-21 11:16:51.47617,10852,0
UChXOhG9bRDb3vSTg-qkPAZg,Gweilo-60,2019-02-21 11:15:51.12234,10852,0
UChXOhG9bRDb3vSTg-qkPAZg,Gweilo-60,2019-02-21 11:14:51.025136,10852,0
UChXOhG9bRDb3vSTg-qkPAZg,Gweilo-60,2019-02-21 11:13:50.875612,10852,0
UChXOhG9bRDb3vSTg-qkPAZg,Gweilo-60,2019-02-21 11:12:51.425016,10852,0
UChXOhG9bRDb3vSTg-qkPAZg,Gweilo-60,2019-02-21 11:11:51.706178,10852,0
UChXOhG9bRDb3vSTg-qkPAZg,Gweilo-60,2019-02-21 11:10:51.508392,10852,0
UChXOhG9bRDb3vSTg-qkPAZg,Gweilo-60,2019-02-21 11:09:50.873099,10852,0
UChXOhG9bRDb3vSTg-qkPAZg,Gweilo-60,2019-02-21 11:08:50.818744,10852,0
UChXOhG9bRDb3vSTg-qkPAZg,Gweilo-60,2019-02-21 11:07:51.348589,10852,1
UChXOhG9bRDb3vSTg-qkPAZg,Gweilo-60,2019-02-21 11:06:51.277492,10851,0
UChXOhG9bRDb3vSTg-qkPAZg,Gweilo-60,2019-02-21 11:05:52.094015,10851,0
UChXOhG9bRDb3vSTg-qkPAZg,Gweilo-60,2019-02-21 11:04:51.017486,10851,0
UChXOhG9bRDb3vSTg-qkPAZg,Gweilo-60,2019-02-21 11:03:51.033449,10851,0
UChXOhG9bRDb3vSTg-qkPAZg,Gweilo-60,2019-02-21 11:02:50.893711,10851,0
UChXOhG9bRDb3vSTg-qkPAZg,Gweilo-60,2019-02-21 11:01:51.317457,10851,0
UChXOhG9bRDb3vSTg-qkPAZg,Gweilo-60,2019-02-21 11:00:51.028331,10851,0
UChXOhG9bRDb3vSTg-qkPAZg,Gweilo-60,2019-02-21 10:59:50.834568,10851,0
UChXOhG9bRDb3vSTg-qkPAZg,Gweilo-60,2019-02-21 10:58:51.063949,10851,0
UChXOhG9bRDb3vSTg-qkPAZg,Gweilo-60,2019-02-21 10:57:50.966713,10851,0
UChXOhG9bRDb3vSTg-qkPAZg,Gweilo-60,2019-02-21 10:56:51.282235,10851,0
UChXOhG9bRDb3vSTg-qkPAZg,Gweilo-60,2019-02-21 10:55:50.936537,10851,0
UChXOhG9bRDb3vSTg-qkPAZg,Gweilo-60,2019-02-21 10:54:51.318736,10851,0
UChXOhG9bRDb3vSTg-qkPAZg,Gweilo-60,2019-02-21 10:53:51.709228,10851,0
UChXOhG9bRDb3vSTg-qkPAZg,Gweilo-60,2019-02-21 10:52:51.133833,10851,0
UChXOhG9bRDb3vSTg-qkPAZg,Gweilo-60,2019-02-21 10:51:51.403807,10851,0
UChXOhG9bRDb3vSTg-qkPAZg,Gweilo-60,2019-02-21 10:50:50.632226,10851,0
UChXOhG9bRDb3vSTg-qkPAZg,Gweilo-60,2019-02-21 10:49:51.394903,10851,0
UChXOhG9bRDb3vSTg-qkPAZg,Gweilo-60,2019-02-21 10:48:51.390375,10851,0
UChXOhG9bRDb3vSTg-qkPAZg,Gweilo-60,2019-02-21 10:47:51.69542,10851,0
UChXOhG9bRDb3vSTg-qkPAZg,Gweilo-60,2019-02-21 10:46:51.68459,10851,0
UChXOhG9bRDb3vSTg-qkPAZg,Gweilo-60,2019-02-21 10:45:51.661459,10851,0
UChXOhG9bRDb3vSTg-qkPAZg,Gweilo-60,2019-02-21 10:44:51.300145,10851,0
UChXOhG9bRDb3vSTg-qkPAZg,Gweilo-60,2019-02-21 10:43:50.878379,10851,0
UChXOhG9bRDb3vSTg-qkPAZg,Gweilo-60,2019-02-21 10:42:51.626536,10851,0
UChXOhG9bRDb3vSTg-qkPAZg,Gweilo-60,2019-02-21 10:41:51.029346,10851,0
UChXOhG9bRDb3vSTg-qkPAZg,Gweilo-60,2019-02-21 10:40:51.354653,10851,0
UChXOhG9bRDb3vSTg-qkPAZg,Gweilo-60,2019-02-21 10:39:51.265095,10851,0
UChXOhG9bRDb3vSTg-qkPAZg,Gweilo-60,2019-02-21 10:38:51.978436,10851,0
UChXOhG9bRDb3vSTg-qkPAZg,Gweilo-60,2019-02-21 10:37:51.016546,10851,0
UChXOhG9bRDb3vSTg-qkPAZg,Gweilo-60,2019-02-21 10:36:50.882266,10851,0
UChXOhG9bRDb3vSTg-qkPAZg,Gweilo-60,2019-02-21 10:35:50.997767,10851,0
UChXOhG9bRDb3vSTg-qkPAZg,Gweilo-60,2019-02-21 10:34:50.964897,10851,0
UChXOhG9bRDb3vSTg-qkPAZg,Gweilo-60,2019-02-21 10:33:51.49384,10851,0
UChXOhG9bRDb3vSTg-qkPAZg,Gweilo-60,2019-02-21 10:32:51.380257,10851,0
UChXOhG9bRDb3vSTg-qkPAZg,Gweilo-60,2019-02-21 10:31:51.026043,10851,0
UChXOhG9bRDb3vSTg-qkPAZg,Gweilo-60,2019-02-21 10:30:50.893263,10851,0
UChXOhG9bRDb3vSTg-qkPAZg,Gweilo-60,2019-02-21 10:29:51.306904,10851,0
UChXOhG9bRDb3vSTg-qkPAZg,Gweilo-60,2019-02-21 10:28:51.187696,10851,0
UChXOhG9bRDb3vSTg-qkPAZg,Gweilo-60,2019-02-21 10:27:51.561968,10851,0
UChXOhG9bRDb3vSTg-qkPAZg,Gweilo-60,2019-02-21 10:26:51.168461,10851,0
UChXOhG9bRDb3vSTg-qkPAZg,Gweilo-60,2019-02-21 10:25:51.223826,10851,0
UChXOhG9bRDb3vSTg-qkPAZg,Gweilo-60,2019-02-21 10:25:09.965594,10851,0
UChXOhG9bRDb3vSTg-qkPAZg,Gweilo-60,2019-02-21 10:24:43.164318,10851,0
UChXOhG9bRDb3vSTg-qkPAZg,Gweilo-60,2019-02-21 10:23:45.50445,10851,0
UChXOhG9bRDb3vSTg-qkPAZg,Gweilo-60,2019-02-21 10:22:46.656923,10851,0
UChXOhG9bRDb3vSTg-qkPAZg,Gweilo-60,2019-02-21 10:21:45.032609,10851,0
UChXOhG9bRDb3vSTg-qkPAZg,Gweilo-60,2019-02-21 10:20:45.220449,10851,0
UChXOhG9bRDb3vSTg-qkPAZg,Gweilo-60,2019-02-21 10:19:45.21298,10851,0
UChXOhG9bRDb3vSTg-qkPAZg,Gweilo-60,2019-02-21 10:18:45.389131,10851,0
UChXOhG9bRDb3vSTg-qkPAZg,Gweilo-60,2019-02-21 10:17:45.18345,10851,0
UChXOhG9bRDb3vSTg-qkPAZg,Gweilo-60,2019-02-21 10:16:44.744606,10851,0
UChXOhG9bRDb3vSTg-qkPAZg,Gweilo-60,2019-02-21 10:15:45.237107,10851,0
UChXOhG9bRDb3vSTg-qkPAZg,Gweilo-60,2019-02-21 10:14:44.925164,10851,0
UChXOhG9bRDb3vSTg-qkPAZg,Gweilo-60,2019-02-21 10:13:45.292373,10851,0
UChXOhG9bRDb3vSTg-qkPAZg,Gweilo-60,2019-02-21 10:12:45.76105,10851,0
UChXOhG9bRDb3vSTg-qkPAZg,Gweilo-60,2019-02-21 10:11:44.720944,10851,0
UChXOhG9bRDb3vSTg-qkPAZg,Gweilo-60,2019-02-21 10:10:45.392325,10851,0
UChXOhG9bRDb3vSTg-qkPAZg,Gweilo-60,2019-02-21 10:09:45.367086,10851,0
UChXOhG9bRDb3vSTg-qkPAZg,Gweilo-60,2019-02-21 10:08:45.302604,10851,0
UChXOhG9bRDb3vSTg-qkPAZg,Gweilo-60,2019-02-21 10:07:45.191317,10851,0
UChXOhG9bRDb3vSTg-qkPAZg,Gweilo-60,2019-02-21 10:06:44.466078,10851,1
UChXOhG9bRDb3vSTg-qkPAZg,Gweilo-60,2019-02-21 10:05:45.271598,10850,0
UChXOhG9bRDb3vSTg-qkPAZg,Gweilo-60,2019-02-21 10:04:44.83455,10850,0
UChXOhG9bRDb3vSTg-qkPAZg,Gweilo-60,2019-02-21 10:03:45.397956,10850,0
UChXOhG9bRDb3vSTg-qkPAZg,Gweilo-60,2019-02-21 10:02:44.939769,10850,0
UChXOhG9bRDb3vSTg-qkPAZg,Gweilo-60,2019-02-21 10:01:45.194182,10850,0
UChXOhG9bRDb3vSTg-qkPAZg,Gweilo-60,2019-02-21 10:00:44.93115,10850,0
UChXOhG9bRDb3vSTg-qkPAZg,Gweilo-60,2019-02-21 09:59:44.909116,10850,0
UChXOhG9bRDb3vSTg-qkPAZg,Gweilo-60,2019-02-21 09:58:45.52381,10850,0
UChXOhG9bRDb3vSTg-qkPAZg,Gweilo-60,2019-02-21 09:57:44.892463,10850,0
UChXOhG9bRDb3vSTg-qkPAZg,Gweilo-60,2019-02-21 09:56:45.220308,10850,0
UChXOhG9bRDb3vSTg-qkPAZg,Gweilo-60,2019-02-21 09:55:44.683812,10850,0
UChXOhG9bRDb3vSTg-qkPAZg,Gweilo-60,2019-02-21 09:54:45.00992,10850,0
UChXOhG9bRDb3vSTg-qkPAZg,Gweilo-60,2019-02-21 09:53:44.663409,10850,0
UChXOhG9bRDb3vSTg-qkPAZg,Gweilo-60,2019-02-21 09:52:44.985947,10850,0
UChXOhG9bRDb3vSTg-qkPAZg,Gweilo-60,2019-02-21 09:51:44.856298,10850,0
UChXOhG9bRDb3vSTg-qkPAZg,Gweilo-60,2019-02-21 09:50:44.844691,10850,0
UChXOhG9bRDb3vSTg-qkPAZg,Gweilo-60,2019-02-21 09:49:44.879383,10850,0
UChXOhG9bRDb3vSTg-qkPAZg,Gweilo-60,2019-02-21 09:48:45.503239,10850,0
UChXOhG9bRDb3vSTg-qkPAZg,Gweilo-60,2019-02-21 09:47:45.068899,10850,0
UChXOhG9bRDb3vSTg-qkPAZg,Gweilo-60,2019-02-21 09:46:45.75739,10850,0
UChXOhG9bRDb3vSTg-qkPAZg,Gweilo-60,2019-02-21 09:45:44.923859,10850,0
UChXOhG9bRDb3vSTg-qkPAZg,Gweilo-60,2019-02-21 09:44:45.391459,10850,0
UChXOhG9bRDb3vSTg-qkPAZg,Gweilo-60,2019-02-21 09:43:45.082436,10850,0
UChXOhG9bRDb3vSTg-qkPAZg,Gweilo-60,2019-02-21 09:42:45.04352,10850,0
UChXOhG9bRDb3vSTg-qkPAZg,Gweilo-60,2019-02-21 09:41:45.01656,10850,0
UChXOhG9bRDb3vSTg-qkPAZg,Gweilo-60,2019-02-21 09:40:45.725405,10850,0
UChXOhG9bRDb3vSTg-qkPAZg,Gweilo-60,2019-02-21 09:39:44.751061,10850,0
UChXOhG9bRDb3vSTg-qkPAZg,Gweilo-60,2019-02-21 09:38:44.92688,10850,0
UChXOhG9bRDb3vSTg-qkPAZg,Gweilo-60,2019-02-21 09:37:45.78569,10850,0
UChXOhG9bRDb3vSTg-qkPAZg,Gweilo-60,2019-02-21 09:36:44.885721,10850,0
UChXOhG9bRDb3vSTg-qkPAZg,Gweilo-60,2019-02-21 09:35:45.122386,10850,0
UChXOhG9bRDb3vSTg-qkPAZg,Gweilo-60,2019-02-21 09:34:44.797811,10850,0
UChXOhG9bRDb3vSTg-qkPAZg,Gweilo-60,2019-02-21 09:33:45.480721,10850,0
UChXOhG9bRDb3vSTg-qkPAZg,Gweilo-60,2019-02-21 09:32:44.900031,10850,0
UChXOhG9bRDb3vSTg-qkPAZg,Gweilo-60,2019-02-21 09:31:45.261124,10850,0
UChXOhG9bRDb3vSTg-qkPAZg,Gweilo-60,2019-02-21 09:30:45.334634,10850,0
UChXOhG9bRDb3vSTg-qkPAZg,Gweilo-60,2019-02-21 09:29:44.979704,10850,0
UChXOhG9bRDb3vSTg-qkPAZg,Gweilo-60,2019-02-21 09:28:45.087804,10850,0
UChXOhG9bRDb3vSTg-qkPAZg,Gweilo-60,2019-02-21 09:27:45.102707,10850,0
UChXOhG9bRDb3vSTg-qkPAZg,Gweilo-60,2019-02-21 09:26:45.044524,10850,0
UChXOhG9bRDb3vSTg-qkPAZg,Gweilo-60,2019-02-21 09:25:45.206884,10850,0
UChXOhG9bRDb3vSTg-qkPAZg,Gweilo-60,2019-02-21 09:24:45.161429,10850,0
UChXOhG9bRDb3vSTg-qkPAZg,Gweilo-60,2019-02-21 09:23:44.858301,10850,0
UChXOhG9bRDb3vSTg-qkPAZg,Gweilo-60,2019-02-21 09:22:45.01284,10850,0
UChXOhG9bRDb3vSTg-qkPAZg,Gweilo-60,2019-02-21 09:21:45.157928,10850,0
UChXOhG9bRDb3vSTg-qkPAZg,Gweilo-60,2019-02-21 09:20:45.40638,10850,0
UChXOhG9bRDb3vSTg-qkPAZg,Gweilo-60,2019-02-21 09:19:44.663016,10850,0
UChXOhG9bRDb3vSTg-qkPAZg,Gweilo-60,2019-02-21 09:18:45.133641,10850,0
UChXOhG9bRDb3vSTg-qkPAZg,Gweilo-60,2019-02-21 09:17:44.782824,10850,0
UChXOhG9bRDb3vSTg-qkPAZg,Gweilo-60,2019-02-21 09:16:44.846374,10850,0
UChXOhG9bRDb3vSTg-qkPAZg,Gweilo-60,2019-02-21 09:15:44.684435,10850,0
UChXOhG9bRDb3vSTg-qkPAZg,Gweilo-60,2019-02-21 09:14:45.061645,10850,0
UChXOhG9bRDb3vSTg-qkPAZg,Gweilo-60,2019-02-21 09:13:45.141635,10850,0
UChXOhG9bRDb3vSTg-qkPAZg,Gweilo-60,2019-02-21 09:12:44.975186,10850,0
UChXOhG9bRDb3vSTg-qkPAZg,Gweilo-60,2019-02-21 09:11:45.351814,10850,0
UChXOhG9bRDb3vSTg-qkPAZg,Gweilo-60,2019-02-21 09:10:46.173524,10850,0
UChXOhG9bRDb3vSTg-qkPAZg,Gweilo-60,2019-02-21 09:09:45.215962,10850,0
UChXOhG9bRDb3vSTg-qkPAZg,Gweilo-60,2019-02-21 09:08:44.870327,10850,0
UChXOhG9bRDb3vSTg-qkPAZg,Gweilo-60,2019-02-21 09:07:44.705298,10850,0
UChXOhG9bRDb3vSTg-qkPAZg,Gweilo-60,2019-02-21 09:06:45.107159,10850,0
UChXOhG9bRDb3vSTg-qkPAZg,Gweilo-60,2019-02-21 09:05:46.009722,10850,0
UChXOhG9bRDb3vSTg-qkPAZg,Gweilo-60,2019-02-21 09:04:45.204966,10850,0
UChXOhG9bRDb3vSTg-qkPAZg,Gweilo-60,2019-02-21 09:03:45.000985,10850,0
UChXOhG9bRDb3vSTg-qkPAZg,Gweilo-60,2019-02-21 09:02:44.475276,10850,0
UChXOhG9bRDb3vSTg-qkPAZg,Gweilo-60,2019-02-21 09:01:45.090236,10850,0
UChXOhG9bRDb3vSTg-qkPAZg,Gweilo-60,2019-02-21 09:00:45.026936,10850,0
UChXOhG9bRDb3vSTg-qkPAZg,Gweilo-60,2019-02-21 08:59:45.032584,10850,0
UChXOhG9bRDb3vSTg-qkPAZg,Gweilo-60,2019-02-21 08:58:44.671566,10850,0
UChXOhG9bRDb3vSTg-qkPAZg,Gweilo-60,2019-02-21 08:57:44.971522,10850,0
UChXOhG9bRDb3vSTg-qkPAZg,Gweilo-60,2019-02-21 08:56:44.63484,10850,0
UChXOhG9bRDb3vSTg-qkPAZg,Gweilo-60,2019-02-21 08:55:44.806309,10850,0
UChXOhG9bRDb3vSTg-qkPAZg,Gweilo-60,2019-02-21 08:54:45.054819,10850,0
UChXOhG9bRDb3vSTg-qkPAZg,Gweilo-60,2019-02-21 08:53:45.617223,10850,0
UChXOhG9bRDb3vSTg-qkPAZg,Gweilo-60,2019-02-21 08:52:44.649087,10850,0
UChXOhG9bRDb3vSTg-qkPAZg,Gweilo-60,2019-02-21 08:51:45.347881,10850,0
UChXOhG9bRDb3vSTg-qkPAZg,Gweilo-60,2019-02-21 08:50:45.370315,10850,0
UChXOhG9bRDb3vSTg-qkPAZg,Gweilo-60,2019-02-21 08:49:44.942827,10850,0
UChXOhG9bRDb3vSTg-qkPAZg,Gweilo-60,2019-02-21 08:48:45.060195,10850,0
UChXOhG9bRDb3vSTg-qkPAZg,Gweilo-60,2019-02-21 08:47:44.628195,10850,0
UChXOhG9bRDb3vSTg-qkPAZg,Gweilo-60,2019-02-21 08:46:45.254151,10850,0
UChXOhG9bRDb3vSTg-qkPAZg,Gweilo-60,2019-02-21 08:45:45.087582,10850,0
UChXOhG9bRDb3vSTg-qkPAZg,Gweilo-60,2019-02-21 08:44:44.692758,10850,0
UChXOhG9bRDb3vSTg-qkPAZg,Gweilo-60,2019-02-21 08:43:44.83446,10850,0
UChXOhG9bRDb3vSTg-qkPAZg,Gweilo-60,2019-02-21 08:42:45.553853,10850,0
UChXOhG9bRDb3vSTg-qkPAZg,Gweilo-60,2019-02-21 08:41:45.168568,10850,0
UChXOhG9bRDb3vSTg-qkPAZg,Gweilo-60,2019-02-21 08:40:44.796625,10850,0
UChXOhG9bRDb3vSTg-qkPAZg,Gweilo-60,2019-02-21 08:39:45.232532,10850,0
UChXOhG9bRDb3vSTg-qkPAZg,Gweilo-60,2019-02-21 08:38:45.319005,10850,0
UChXOhG9bRDb3vSTg-qkPAZg,Gweilo-60,2019-02-21 08:37:44.945662,10850,0
UChXOhG9bRDb3vSTg-qkPAZg,Gweilo-60,2019-02-21 08:36:45.309955,10850,0
UChXOhG9bRDb3vSTg-qkPAZg,Gweilo-60,2019-02-21 08:35:44.52759,10850,0
UChXOhG9bRDb3vSTg-qkPAZg,Gweilo-60,2019-02-21 08:34:45.239327,10850,0
UChXOhG9bRDb3vSTg-qkPAZg,Gweilo-60,2019-02-21 08:33:44.666823,10850,0
UChXOhG9bRDb3vSTg-qkPAZg,Gweilo-60,2019-02-21 08:32:45.058496,10850,0
UChXOhG9bRDb3vSTg-qkPAZg,Gweilo-60,2019-02-21 08:31:45.220165,10850,0
UChXOhG9bRDb3vSTg-qkPAZg,Gweilo-60,2019-02-21 08:30:45.029843,10850,0
UChXOhG9bRDb3vSTg-qkPAZg,Gweilo-60,2019-02-21 08:29:44.880098,10850,0
UChXOhG9bRDb3vSTg-qkPAZg,Gweilo-60,2019-02-21 08:28:45.205219,10850,0
UChXOhG9bRDb3vSTg-qkPAZg,Gweilo-60,2019-02-21 08:27:44.700207,10850,0
UChXOhG9bRDb3vSTg-qkPAZg,Gweilo-60,2019-02-21 08:26:44.953415,10850,0
UChXOhG9bRDb3vSTg-qkPAZg,Gweilo-60,2019-02-21 08:25:45.26446,10850,0
UChXOhG9bRDb3vSTg-qkPAZg,Gweilo-60,2019-02-21 08:24:45.249303,10850,0
UChXOhG9bRDb3vSTg-qkPAZg,Gweilo-60,2019-02-21 08:23:45.525463,10850,0
UChXOhG9bRDb3vSTg-qkPAZg,Gweilo-60,2019-02-21 08:22:45.828149,10850,0
UChXOhG9bRDb3vSTg-qkPAZg,Gweilo-60,2019-02-21 08:21:45.057911,10850,0
UChXOhG9bRDb3vSTg-qkPAZg,Gweilo-60,2019-02-21 08:20:44.848589,10850,0
UChXOhG9bRDb3vSTg-qkPAZg,Gweilo-60,2019-02-21 08:19:45.023109,10850,0
UChXOhG9bRDb3vSTg-qkPAZg,Gweilo-60,2019-02-21 08:18:45.419504,10850,0
UChXOhG9bRDb3vSTg-qkPAZg,Gweilo-60,2019-02-21 08:17:45.427837,10850,0
UChXOhG9bRDb3vSTg-qkPAZg,Gweilo-60,2019-02-21 08:16:45.359016,10850,0
UChXOhG9bRDb3vSTg-qkPAZg,Gweilo-60,2019-02-21 08:15:45.011027,10850,0
UChXOhG9bRDb3vSTg-qkPAZg,Gweilo-60,2019-02-21 08:14:44.694747,10850,0
UChXOhG9bRDb3vSTg-qkPAZg,Gweilo-60,2019-02-21 08:13:44.914195,10850,0
UChXOhG9bRDb3vSTg-qkPAZg,Gweilo-60,2019-02-21 08:12:44.858389,10850,0
UChXOhG9bRDb3vSTg-qkPAZg,Gweilo-60,2019-02-21 08:11:44.961907,10850,0
UChXOhG9bRDb3vSTg-qkPAZg,Gweilo-60,2019-02-21 08:10:44.898003,10850,0
UChXOhG9bRDb3vSTg-qkPAZg,Gweilo-60,2019-02-21 08:09:44.900783,10850,0
UChXOhG9bRDb3vSTg-qkPAZg,Gweilo-60,2019-02-21 08:08:45.476706,10850,0
UChXOhG9bRDb3vSTg-qkPAZg,Gweilo-60,2019-02-21 08:07:45.057315,10850,0
UChXOhG9bRDb3vSTg-qkPAZg,Gweilo-60,2019-02-21 08:06:46.05225,10850,0
UChXOhG9bRDb3vSTg-qkPAZg,Gweilo-60,2019-02-21 08:05:45.546264,10850,0
UChXOhG9bRDb3vSTg-qkPAZg,Gweilo-60,2019-02-21 08:04:44.601915,10850,0
UChXOhG9bRDb3vSTg-qkPAZg,Gweilo-60,2019-02-21 08:03:45.146616,10850,0
UChXOhG9bRDb3vSTg-qkPAZg,Gweilo-60,2019-02-21 08:02:45.236208,10850,0
UChXOhG9bRDb3vSTg-qkPAZg,Gweilo-60,2019-02-21 08:01:45.191265,10850,0
UChXOhG9bRDb3vSTg-qkPAZg,Gweilo-60,2019-02-21 08:00:45.55345,10850,0
UChXOhG9bRDb3vSTg-qkPAZg,Gweilo-60,2019-02-21 07:59:45.790763,10850,0
UChXOhG9bRDb3vSTg-qkPAZg,Gweilo-60,2019-02-21 07:58:44.935036,10850,0
UChXOhG9bRDb3vSTg-qkPAZg,Gweilo-60,2019-02-21 07:57:44.608379,10850,0
UChXOhG9bRDb3vSTg-qkPAZg,Gweilo-60,2019-02-21 07:56:45.051649,10850,0
UChXOhG9bRDb3vSTg-qkPAZg,Gweilo-60,2019-02-21 07:55:45.002118,10850,0
UChXOhG9bRDb3vSTg-qkPAZg,Gweilo-60,2019-02-21 07:54:45.586484,10850,0
UChXOhG9bRDb3vSTg-qkPAZg,Gweilo-60,2019-02-21 07:53:45.411995,10850,0
UChXOhG9bRDb3vSTg-qkPAZg,Gweilo-60,2019-02-21 07:52:45.000548,10850,1
UChXOhG9bRDb3vSTg-qkPAZg,Gweilo-60,2019-02-21 07:51:44.521061,10849,0
UChXOhG9bRDb3vSTg-qkPAZg,Gweilo-60,2019-02-21 07:50:45.015572,10849,0
UChXOhG9bRDb3vSTg-qkPAZg,Gweilo-60,2019-02-21 07:49:44.972682,10849,0
UChXOhG9bRDb3vSTg-qkPAZg,Gweilo-60,2019-02-21 07:48:44.822562,10849,0
UChXOhG9bRDb3vSTg-qkPAZg,Gweilo-60,2019-02-21 07:47:45.403501,10849,0
UChXOhG9bRDb3vSTg-qkPAZg,Gweilo-60,2019-02-21 07:46:45.199557,10849,0
UChXOhG9bRDb3vSTg-qkPAZg,Gweilo-60,2019-02-21 07:45:44.546672,10849,0
UChXOhG9bRDb3vSTg-qkPAZg,Gweilo-60,2019-02-21 07:44:44.684873,10849,1
UChXOhG9bRDb3vSTg-qkPAZg,Gweilo-60,2019-02-21 07:43:45.199337,10848,0
UChXOhG9bRDb3vSTg-qkPAZg,Gweilo-60,2019-02-21 07:42:45.134568,10848,0
UChXOhG9bRDb3vSTg-qkPAZg,Gweilo-60,2019-02-21 07:41:44.538869,10848,0
UChXOhG9bRDb3vSTg-qkPAZg,Gweilo-60,2019-02-21 07:40:44.668603,10848,0
UChXOhG9bRDb3vSTg-qkPAZg,Gweilo-60,2019-02-21 07:39:45.443256,10848,0
UChXOhG9bRDb3vSTg-qkPAZg,Gweilo-60,2019-02-21 07:38:45.543724,10848,0
UChXOhG9bRDb3vSTg-qkPAZg,Gweilo-60,2019-02-21 07:37:44.516246,10848,0
UChXOhG9bRDb3vSTg-qkPAZg,Gweilo-60,2019-02-21 07:36:44.832032,10848,0
UChXOhG9bRDb3vSTg-qkPAZg,Gweilo-60,2019-02-21 07:35:44.763508,10848,0
UChXOhG9bRDb3vSTg-qkPAZg,Gweilo-60,2019-02-21 07:34:45.048092,10848,1
UChXOhG9bRDb3vSTg-qkPAZg,Gweilo-60,2019-02-21 07:33:44.719803,10847,0
UChXOhG9bRDb3vSTg-qkPAZg,Gweilo-60,2019-02-21 07:32:44.88798,10847,0
UChXOhG9bRDb3vSTg-qkPAZg,Gweilo-60,2019-02-21 07:31:45.089874,10847,0
UChXOhG9bRDb3vSTg-qkPAZg,Gweilo-60,2019-02-21 07:30:44.732696,10847,0
UChXOhG9bRDb3vSTg-qkPAZg,Gweilo-60,2019-02-21 07:29:45.062383,10847,0
UChXOhG9bRDb3vSTg-qkPAZg,Gweilo-60,2019-02-21 07:28:45.562619,10847,0
UChXOhG9bRDb3vSTg-qkPAZg,Gweilo-60,2019-02-21 07:27:45.338931,10847,0
UChXOhG9bRDb3vSTg-qkPAZg,Gweilo-60,2019-02-21 07:26:44.873142,10847,0
UChXOhG9bRDb3vSTg-qkPAZg,Gweilo-60,2019-02-21 07:25:45.435153,10847,0
UChXOhG9bRDb3vSTg-qkPAZg,Gweilo-60,2019-02-21 07:24:45.656964,10847,0
UChXOhG9bRDb3vSTg-qkPAZg,Gweilo-60,2019-02-21 07:23:45.263777,10847,0
UChXOhG9bRDb3vSTg-qkPAZg,Gweilo-60,2019-02-21 07:22:44.969053,10847,0
UChXOhG9bRDb3vSTg-qkPAZg,Gweilo-60,2019-02-21 07:21:45.05043,10847,0
UChXOhG9bRDb3vSTg-qkPAZg,Gweilo-60,2019-02-21 07:20:45.248043,10847,0
UChXOhG9bRDb3vSTg-qkPAZg,Gweilo-60,2019-02-21 07:19:45.147375,10847,0
UChXOhG9bRDb3vSTg-qkPAZg,Gweilo-60,2019-02-21 07:18:45.198741,10847,0
UChXOhG9bRDb3vSTg-qkPAZg,Gweilo-60,2019-02-21 07:17:44.909474,10847,1
UChXOhG9bRDb3vSTg-qkPAZg,Gweilo-60,2019-02-21 07:16:44.63051,10846,0
UChXOhG9bRDb3vSTg-qkPAZg,Gweilo-60,2019-02-21 07:15:44.578353,10846,0
UChXOhG9bRDb3vSTg-qkPAZg,Gweilo-60,2019-02-21 07:14:44.983021,10846,0
UChXOhG9bRDb3vSTg-qkPAZg,Gweilo-60,2019-02-21 07:13:45.097776,10846,0
UChXOhG9bRDb3vSTg-qkPAZg,Gweilo-60,2019-02-21 07:12:44.784943,10846,0
UChXOhG9bRDb3vSTg-qkPAZg,Gweilo-60,2019-02-21 07:11:45.01007,10846,0
UChXOhG9bRDb3vSTg-qkPAZg,Gweilo-60,2019-02-21 07:10:45.301205,10846,0
UChXOhG9bRDb3vSTg-qkPAZg,Gweilo-60,2019-02-21 07:09:44.676888,10846,0
UChXOhG9bRDb3vSTg-qkPAZg,Gweilo-60,2019-02-21 07:08:45.067603,10846,0
UChXOhG9bRDb3vSTg-qkPAZg,Gweilo-60,2019-02-21 07:07:46.041583,10846,0
UChXOhG9bRDb3vSTg-qkPAZg,Gweilo-60,2019-02-21 07:06:45.284731,10846,0
UChXOhG9bRDb3vSTg-qkPAZg,Gweilo-60,2019-02-21 07:05:44.914487,10846,0
UChXOhG9bRDb3vSTg-qkPAZg,Gweilo-60,2019-02-21 07:04:44.93492,10846,0
UChXOhG9bRDb3vSTg-qkPAZg,Gweilo-60,2019-02-21 07:03:45.194034,10846,0
UChXOhG9bRDb3vSTg-qkPAZg,Gweilo-60,2019-02-21 07:02:45.368525,10846,0
UChXOhG9bRDb3vSTg-qkPAZg,Gweilo-60,2019-02-21 07:01:45.275486,10846,0
UChXOhG9bRDb3vSTg-qkPAZg,Gweilo-60,2019-02-21 07:00:45.306714,10846,0
UChXOhG9bRDb3vSTg-qkPAZg,Gweilo-60,2019-02-21 06:59:44.867669,10846,0
UChXOhG9bRDb3vSTg-qkPAZg,Gweilo-60,2019-02-21 06:58:44.96334,10846,0
UChXOhG9bRDb3vSTg-qkPAZg,Gweilo-60,2019-02-21 06:57:44.818318,10846,0
UChXOhG9bRDb3vSTg-qkPAZg,Gweilo-60,2019-02-21 06:56:44.807925,10846,0
UChXOhG9bRDb3vSTg-qkPAZg,Gweilo-60,2019-02-21 06:55:45.26325,10846,0
UChXOhG9bRDb3vSTg-qkPAZg,Gweilo-60,2019-02-21 06:54:45.116848,10846,0
UChXOhG9bRDb3vSTg-qkPAZg,Gweilo-60,2019-02-21 06:53:44.488605,10846,1
UChXOhG9bRDb3vSTg-qkPAZg,Gweilo-60,2019-02-21 06:52:44.656295,10845,0
UChXOhG9bRDb3vSTg-qkPAZg,Gweilo-60,2019-02-21 06:51:44.776654,10845,0
UChXOhG9bRDb3vSTg-qkPAZg,Gweilo-60,2019-02-21 06:50:45.26045,10845,0
UChXOhG9bRDb3vSTg-qkPAZg,Gweilo-60,2019-02-21 06:49:44.732031,10845,0
UChXOhG9bRDb3vSTg-qkPAZg,Gweilo-60,2019-02-21 06:48:44.815586,10845,0
UChXOhG9bRDb3vSTg-qkPAZg,Gweilo-60,2019-02-21 06:47:45.153744,10845,0
UChXOhG9bRDb3vSTg-qkPAZg,Gweilo-60,2019-02-21 06:46:44.737357,10845,0
UChXOhG9bRDb3vSTg-qkPAZg,Gweilo-60,2019-02-21 06:45:44.847422,10845,0
UChXOhG9bRDb3vSTg-qkPAZg,Gweilo-60,2019-02-21 06:44:45.164326,10845,0
UChXOhG9bRDb3vSTg-qkPAZg,Gweilo-60,2019-02-21 06:43:45.247579,10845,0
UChXOhG9bRDb3vSTg-qkPAZg,Gweilo-60,2019-02-21 06:42:45.27777,10845,0
UChXOhG9bRDb3vSTg-qkPAZg,Gweilo-60,2019-02-21 06:41:44.630915,10845,0
UChXOhG9bRDb3vSTg-qkPAZg,Gweilo-60,2019-02-21 06:40:45.083422,10845,0
UChXOhG9bRDb3vSTg-qkPAZg,Gweilo-60,2019-02-21 06:39:44.903814,10845,0
UChXOhG9bRDb3vSTg-qkPAZg,Gweilo-60,2019-02-21 06:38:46.567728,10845,0
UChXOhG9bRDb3vSTg-qkPAZg,Gweilo-60,2019-02-21 06:37:45.203165,10845,0
UChXOhG9bRDb3vSTg-qkPAZg,Gweilo-60,2019-02-21 06:36:45.246955,10845,0
UChXOhG9bRDb3vSTg-qkPAZg,Gweilo-60,2019-02-21 06:35:45.295679,10845,0
UChXOhG9bRDb3vSTg-qkPAZg,Gweilo-60,2019-02-21 06:34:45.051917,10845,0
UChXOhG9bRDb3vSTg-qkPAZg,Gweilo-60,2019-02-21 06:33:45.1716,10845,0
UChXOhG9bRDb3vSTg-qkPAZg,Gweilo-60,2019-02-21 06:32:44.971197,10845,0
UChXOhG9bRDb3vSTg-qkPAZg,Gweilo-60,2019-02-21 06:31:44.543596,10845,0
UChXOhG9bRDb3vSTg-qkPAZg,Gweilo-60,2019-02-21 06:30:44.922825,10845,0
UChXOhG9bRDb3vSTg-qkPAZg,Gweilo-60,2019-02-21 06:29:45.311266,10845,0
UChXOhG9bRDb3vSTg-qkPAZg,Gweilo-60,2019-02-21 06:28:44.911448,10845,0
UChXOhG9bRDb3vSTg-qkPAZg,Gweilo-60,2019-02-21 06:27:44.966812,10845,0
UChXOhG9bRDb3vSTg-qkPAZg,Gweilo-60,2019-02-21 06:26:46.949835,10845,0
UChXOhG9bRDb3vSTg-qkPAZg,Gweilo-60,2019-02-21 06:25:44.808261,10845,0
UChXOhG9bRDb3vSTg-qkPAZg,Gweilo-60,2019-02-21 06:24:45.136232,10845,0
UChXOhG9bRDb3vSTg-qkPAZg,Gweilo-60,2019-02-21 06:23:44.960061,10845,0
UChXOhG9bRDb3vSTg-qkPAZg,Gweilo-60,2019-02-21 06:22:45.251003,10845,0
UChXOhG9bRDb3vSTg-qkPAZg,Gweilo-60,2019-02-21 06:21:45.785874,10845,0
UChXOhG9bRDb3vSTg-qkPAZg,Gweilo-60,2019-02-21 06:20:45.112157,10845,0
UChXOhG9bRDb3vSTg-qkPAZg,Gweilo-60,2019-02-21 06:19:44.708203,10845,0
UChXOhG9bRDb3vSTg-qkPAZg,Gweilo-60,2019-02-21 06:18:45.11469,10845,0
UChXOhG9bRDb3vSTg-qkPAZg,Gweilo-60,2019-02-21 06:17:45.019988,10845,0
UChXOhG9bRDb3vSTg-qkPAZg,Gweilo-60,2019-02-21 06:16:46.507347,10845,0
UChXOhG9bRDb3vSTg-qkPAZg,Gweilo-60,2019-02-21 06:15:45.166687,10845,0
UChXOhG9bRDb3vSTg-qkPAZg,Gweilo-60,2019-02-21 06:14:45.217269,10845,0
UChXOhG9bRDb3vSTg-qkPAZg,Gweilo-60,2019-02-21 06:13:45.10672,10845,0
UChXOhG9bRDb3vSTg-qkPAZg,Gweilo-60,2019-02-21 06:12:45.059663,10845,0
UChXOhG9bRDb3vSTg-qkPAZg,Gweilo-60,2019-02-21 06:11:45.817542,10845,0
UChXOhG9bRDb3vSTg-qkPAZg,Gweilo-60,2019-02-21 06:10:44.873047,10845,0
UChXOhG9bRDb3vSTg-qkPAZg,Gweilo-60,2019-02-21 06:09:45.3954,10845,0
UChXOhG9bRDb3vSTg-qkPAZg,Gweilo-60,2019-02-21 06:08:44.845107,10845,0
UChXOhG9bRDb3vSTg-qkPAZg,Gweilo-60,2019-02-21 06:07:45.270338,10845,0
UChXOhG9bRDb3vSTg-qkPAZg,Gweilo-60,2019-02-21 06:06:45.158655,10845,0
UChXOhG9bRDb3vSTg-qkPAZg,Gweilo-60,2019-02-21 06:05:45.145577,10845,0
UChXOhG9bRDb3vSTg-qkPAZg,Gweilo-60,2019-02-21 06:04:44.974565,10845,0
UChXOhG9bRDb3vSTg-qkPAZg,Gweilo-60,2019-02-21 06:03:45.141968,10845,0
UChXOhG9bRDb3vSTg-qkPAZg,Gweilo-60,2019-02-21 06:02:45.300137,10845,0
UChXOhG9bRDb3vSTg-qkPAZg,Gweilo-60,2019-02-21 06:01:44.807689,10845,0
UChXOhG9bRDb3vSTg-qkPAZg,Gweilo-60,2019-02-21 06:00:44.589635,10845,0
UChXOhG9bRDb3vSTg-qkPAZg,Gweilo-60,2019-02-21 05:59:44.986533,10845,0
UChXOhG9bRDb3vSTg-qkPAZg,Gweilo-60,2019-02-21 05:58:44.557026,10845,0
UChXOhG9bRDb3vSTg-qkPAZg,Gweilo-60,2019-02-21 05:57:44.864286,10845,0
UChXOhG9bRDb3vSTg-qkPAZg,Gweilo-60,2019-02-21 05:56:45.112656,10845,0
UChXOhG9bRDb3vSTg-qkPAZg,Gweilo-60,2019-02-21 05:55:44.960031,10845,0
UChXOhG9bRDb3vSTg-qkPAZg,Gweilo-60,2019-02-21 05:54:45.745894,10845,0
UChXOhG9bRDb3vSTg-qkPAZg,Gweilo-60,2019-02-21 05:53:44.880202,10845,0
UChXOhG9bRDb3vSTg-qkPAZg,Gweilo-60,2019-02-21 05:52:45.390721,10845,0
UChXOhG9bRDb3vSTg-qkPAZg,Gweilo-60,2019-02-21 05:51:44.589388,10845,0
UChXOhG9bRDb3vSTg-qkPAZg,Gweilo-60,2019-02-21 05:50:45.878904,10845,0
UChXOhG9bRDb3vSTg-qkPAZg,Gweilo-60,2019-02-21 05:49:44.93774,10845,0
UChXOhG9bRDb3vSTg-qkPAZg,Gweilo-60,2019-02-21 05:48:44.64854,10845,0
UChXOhG9bRDb3vSTg-qkPAZg,Gweilo-60,2019-02-21 05:47:44.600257,10845,0
UChXOhG9bRDb3vSTg-qkPAZg,Gweilo-60,2019-02-21 05:46:44.907061,10845,0
UChXOhG9bRDb3vSTg-qkPAZg,Gweilo-60,2019-02-21 05:45:45.397202,10845,0
UChXOhG9bRDb3vSTg-qkPAZg,Gweilo-60,2019-02-21 05:44:44.930031,10845,0
UChXOhG9bRDb3vSTg-qkPAZg,Gweilo-60,2019-02-21 05:43:44.753272,10845,0
UChXOhG9bRDb3vSTg-qkPAZg,Gweilo-60,2019-02-21 05:42:45.141184,10845,0
UChXOhG9bRDb3vSTg-qkPAZg,Gweilo-60,2019-02-21 05:41:45.01927,10845,0
UChXOhG9bRDb3vSTg-qkPAZg,Gweilo-60,2019-02-21 05:40:45.216305,10845,0
UChXOhG9bRDb3vSTg-qkPAZg,Gweilo-60,2019-02-21 05:39:45.89093,10845,0
UChXOhG9bRDb3vSTg-qkPAZg,Gweilo-60,2019-02-21 05:38:45.364928,10845,0
UChXOhG9bRDb3vSTg-qkPAZg,Gweilo-60,2019-02-21 05:37:44.878635,10845,0
UChXOhG9bRDb3vSTg-qkPAZg,Gweilo-60,2019-02-21 05:36:44.762958,10845,0
UChXOhG9bRDb3vSTg-qkPAZg,Gweilo-60,2019-02-21 05:35:45.612029,10845,0
UChXOhG9bRDb3vSTg-qkPAZg,Gweilo-60,2019-02-21 05:34:45.335521,10845,0
UChXOhG9bRDb3vSTg-qkPAZg,Gweilo-60,2019-02-21 05:33:45.225521,10845,0
UChXOhG9bRDb3vSTg-qkPAZg,Gweilo-60,2019-02-21 05:32:45.198778,10845,0
UChXOhG9bRDb3vSTg-qkPAZg,Gweilo-60,2019-02-21 05:31:45.647186,10845,0
UChXOhG9bRDb3vSTg-qkPAZg,Gweilo-60,2019-02-21 05:30:45.523012,10845,0
UChXOhG9bRDb3vSTg-qkPAZg,Gweilo-60,2019-02-21 05:29:45.042144,10845,0
UChXOhG9bRDb3vSTg-qkPAZg,Gweilo-60,2019-02-21 05:28:45.512895,10845,0
UChXOhG9bRDb3vSTg-qkPAZg,Gweilo-60,2019-02-21 05:27:45.160971,10845,0
UChXOhG9bRDb3vSTg-qkPAZg,Gweilo-60,2019-02-21 05:26:44.920159,10845,0
UChXOhG9bRDb3vSTg-qkPAZg,Gweilo-60,2019-02-21 05:25:45.051084,10845,0
UChXOhG9bRDb3vSTg-qkPAZg,Gweilo-60,2019-02-21 05:24:45.186421,10845,0
UChXOhG9bRDb3vSTg-qkPAZg,Gweilo-60,2019-02-21 05:23:45.148234,10845,0
UChXOhG9bRDb3vSTg-qkPAZg,Gweilo-60,2019-02-21 05:22:45.616927,10845,0
UChXOhG9bRDb3vSTg-qkPAZg,Gweilo-60,2019-02-21 05:21:45.344782,10845,0
UChXOhG9bRDb3vSTg-qkPAZg,Gweilo-60,2019-02-21 05:20:44.961049,10845,0
UChXOhG9bRDb3vSTg-qkPAZg,Gweilo-60,2019-02-21 05:19:44.95927,10845,0
UChXOhG9bRDb3vSTg-qkPAZg,Gweilo-60,2019-02-21 05:18:45.181176,10845,0
UChXOhG9bRDb3vSTg-qkPAZg,Gweilo-60,2019-02-21 05:17:45.000796,10845,0
UChXOhG9bRDb3vSTg-qkPAZg,Gweilo-60,2019-02-21 05:16:44.912995,10845,0
UChXOhG9bRDb3vSTg-qkPAZg,Gweilo-60,2019-02-21 05:15:45.156569,10845,0
UChXOhG9bRDb3vSTg-qkPAZg,Gweilo-60,2019-02-21 05:14:44.610575,10845,0
UChXOhG9bRDb3vSTg-qkPAZg,Gweilo-60,2019-02-21 05:13:44.983729,10845,0
UChXOhG9bRDb3vSTg-qkPAZg,Gweilo-60,2019-02-21 05:12:44.726772,10845,0
UChXOhG9bRDb3vSTg-qkPAZg,Gweilo-60,2019-02-21 05:11:45.605441,10845,0
UChXOhG9bRDb3vSTg-qkPAZg,Gweilo-60,2019-02-21 05:10:44.90876,10845,0
UChXOhG9bRDb3vSTg-qkPAZg,Gweilo-60,2019-02-21 05:09:45.113143,10845,0
UChXOhG9bRDb3vSTg-qkPAZg,Gweilo-60,2019-02-21 05:08:44.991843,10845,0
UChXOhG9bRDb3vSTg-qkPAZg,Gweilo-60,2019-02-21 05:07:45.455885,10845,0
UChXOhG9bRDb3vSTg-qkPAZg,Gweilo-60,2019-02-21 05:06:44.51627,10845,0
UChXOhG9bRDb3vSTg-qkPAZg,Gweilo-60,2019-02-21 05:05:44.894841,10845,0
UChXOhG9bRDb3vSTg-qkPAZg,Gweilo-60,2019-02-21 05:04:45.336821,10845,0
UChXOhG9bRDb3vSTg-qkPAZg,Gweilo-60,2019-02-21 05:03:45.056463,10845,0
UChXOhG9bRDb3vSTg-qkPAZg,Gweilo-60,2019-02-21 05:02:45.338301,10845,0
UChXOhG9bRDb3vSTg-qkPAZg,Gweilo-60,2019-02-21 05:01:45.116789,10845,0
UChXOhG9bRDb3vSTg-qkPAZg,Gweilo-60,2019-02-21 05:00:44.824918,10845,0
UChXOhG9bRDb3vSTg-qkPAZg,Gweilo-60,2019-02-21 04:59:44.446822,10845,0
UChXOhG9bRDb3vSTg-qkPAZg,Gweilo-60,2019-02-21 04:58:44.836115,10845,0
UChXOhG9bRDb3vSTg-qkPAZg,Gweilo-60,2019-02-21 04:57:44.803818,10845,-1
UChXOhG9bRDb3vSTg-qkPAZg,Gweilo-60,2019-02-21 04:56:44.88485,10846,0
UChXOhG9bRDb3vSTg-qkPAZg,Gweilo-60,2019-02-21 04:55:45.554297,10846,0
UChXOhG9bRDb3vSTg-qkPAZg,Gweilo-60,2019-02-21 04:54:45.512208,10846,0
UChXOhG9bRDb3vSTg-qkPAZg,Gweilo-60,2019-02-21 04:53:45.661083,10846,0
UChXOhG9bRDb3vSTg-qkPAZg,Gweilo-60,2019-02-21 04:52:45.004756,10846,0
UChXOhG9bRDb3vSTg-qkPAZg,Gweilo-60,2019-02-21 04:51:44.730825,10846,0
UChXOhG9bRDb3vSTg-qkPAZg,Gweilo-60,2019-02-21 04:50:45.037495,10846,0
UChXOhG9bRDb3vSTg-qkPAZg,Gweilo-60,2019-02-21 04:49:44.940261,10846,0
UChXOhG9bRDb3vSTg-qkPAZg,Gweilo-60,2019-02-21 04:48:45.217676,10846,0
UChXOhG9bRDb3vSTg-qkPAZg,Gweilo-60,2019-02-21 04:47:45.015227,10846,0
UChXOhG9bRDb3vSTg-qkPAZg,Gweilo-60,2019-02-21 04:46:45.299586,10846,0
UChXOhG9bRDb3vSTg-qkPAZg,Gweilo-60,2019-02-21 04:45:45.102848,10846,0
UChXOhG9bRDb3vSTg-qkPAZg,Gweilo-60,2019-02-21 04:44:44.986036,10846,0
UChXOhG9bRDb3vSTg-qkPAZg,Gweilo-60,2019-02-21 04:43:44.880308,10846,0
UChXOhG9bRDb3vSTg-qkPAZg,Gweilo-60,2019-02-21 04:42:45.014451,10846,0
UChXOhG9bRDb3vSTg-qkPAZg,Gweilo-60,2019-02-21 04:41:45.013484,10846,0
UChXOhG9bRDb3vSTg-qkPAZg,Gweilo-60,2019-02-21 04:40:45.207336,10846,0
UChXOhG9bRDb3vSTg-qkPAZg,Gweilo-60,2019-02-21 04:39:45.038517,10846,0
UChXOhG9bRDb3vSTg-qkPAZg,Gweilo-60,2019-02-21 04:38:45.352218,10846,0
UChXOhG9bRDb3vSTg-qkPAZg,Gweilo-60,2019-02-21 04:37:45.046253,10846,0
UChXOhG9bRDb3vSTg-qkPAZg,Gweilo-60,2019-02-21 04:36:45.377388,10846,0
UChXOhG9bRDb3vSTg-qkPAZg,Gweilo-60,2019-02-21 04:35:44.848658,10846,0
UChXOhG9bRDb3vSTg-qkPAZg,Gweilo-60,2019-02-21 04:34:44.911428,10846,0
UChXOhG9bRDb3vSTg-qkPAZg,Gweilo-60,2019-02-21 04:33:45.039686,10846,0
UChXOhG9bRDb3vSTg-qkPAZg,Gweilo-60,2019-02-21 04:32:44.935883,10846,0
UChXOhG9bRDb3vSTg-qkPAZg,Gweilo-60,2019-02-21 04:31:45.274809,10846,0
UChXOhG9bRDb3vSTg-qkPAZg,Gweilo-60,2019-02-21 04:30:45.152845,10846,0
UChXOhG9bRDb3vSTg-qkPAZg,Gweilo-60,2019-02-21 04:29:45.204716,10846,0
UChXOhG9bRDb3vSTg-qkPAZg,Gweilo-60,2019-02-21 04:28:45.656851,10846,0
UChXOhG9bRDb3vSTg-qkPAZg,Gweilo-60,2019-02-21 04:27:45.448133,10846,0
UChXOhG9bRDb3vSTg-qkPAZg,Gweilo-60,2019-02-21 04:26:44.774891,10846,0
UChXOhG9bRDb3vSTg-qkPAZg,Gweilo-60,2019-02-21 04:25:44.670281,10846,0
UChXOhG9bRDb3vSTg-qkPAZg,Gweilo-60,2019-02-21 04:24:45.163373,10846,0
UChXOhG9bRDb3vSTg-qkPAZg,Gweilo-60,2019-02-21 04:23:44.895149,10846,0
UChXOhG9bRDb3vSTg-qkPAZg,Gweilo-60,2019-02-21 04:22:45.193404,10846,0
UChXOhG9bRDb3vSTg-qkPAZg,Gweilo-60,2019-02-21 04:21:44.905507,10846,0
UChXOhG9bRDb3vSTg-qkPAZg,Gweilo-60,2019-02-21 04:20:45.032903,10846,0
UChXOhG9bRDb3vSTg-qkPAZg,Gweilo-60,2019-02-21 04:19:44.969144,10846,0
UChXOhG9bRDb3vSTg-qkPAZg,Gweilo-60,2019-02-21 04:18:45.760755,10846,0
UChXOhG9bRDb3vSTg-qkPAZg,Gweilo-60,2019-02-21 04:17:45.420732,10846,0
UChXOhG9bRDb3vSTg-qkPAZg,Gweilo-60,2019-02-21 04:16:44.600356,10846,0
UChXOhG9bRDb3vSTg-qkPAZg,Gweilo-60,2019-02-21 04:15:45.466488,10846,0
UChXOhG9bRDb3vSTg-qkPAZg,Gweilo-60,2019-02-21 04:14:44.805007,10846,0
UChXOhG9bRDb3vSTg-qkPAZg,Gweilo-60,2019-02-21 04:13:45.481401,10846,0
UChXOhG9bRDb3vSTg-qkPAZg,Gweilo-60,2019-02-21 04:12:45.220183,10846,0
UChXOhG9bRDb3vSTg-qkPAZg,Gweilo-60,2019-02-21 04:11:45.109682,10846,0
UChXOhG9bRDb3vSTg-qkPAZg,Gweilo-60,2019-02-21 04:10:44.988939,10846,0
UChXOhG9bRDb3vSTg-qkPAZg,Gweilo-60,2019-02-21 04:09:45.06892,10846,0
UChXOhG9bRDb3vSTg-qkPAZg,Gweilo-60,2019-02-21 04:08:45.277274,10846,0
UChXOhG9bRDb3vSTg-qkPAZg,Gweilo-60,2019-02-21 04:07:44.946618,10846,0
UChXOhG9bRDb3vSTg-qkPAZg,Gweilo-60,2019-02-21 04:06:45.044625,10846,0
UChXOhG9bRDb3vSTg-qkPAZg,Gweilo-60,2019-02-21 04:05:44.765719,10846,0
UChXOhG9bRDb3vSTg-qkPAZg,Gweilo-60,2019-02-21 04:04:44.998031,10846,0
UChXOhG9bRDb3vSTg-qkPAZg,Gweilo-60,2019-02-21 04:03:44.929449,10846,0
UChXOhG9bRDb3vSTg-qkPAZg,Gweilo-60,2019-02-21 04:02:44.690936,10846,0
UChXOhG9bRDb3vSTg-qkPAZg,Gweilo-60,2019-02-21 04:01:44.878246,10846,0
UChXOhG9bRDb3vSTg-qkPAZg,Gweilo-60,2019-02-21 04:00:45.095984,10846,0
UChXOhG9bRDb3vSTg-qkPAZg,Gweilo-60,2019-02-21 03:59:44.614372,10846,0
UChXOhG9bRDb3vSTg-qkPAZg,Gweilo-60,2019-02-21 03:58:45.516782,10846,0
UChXOhG9bRDb3vSTg-qkPAZg,Gweilo-60,2019-02-21 03:57:45.047662,10846,0
UChXOhG9bRDb3vSTg-qkPAZg,Gweilo-60,2019-02-21 03:56:45.040928,10846,0
UChXOhG9bRDb3vSTg-qkPAZg,Gweilo-60,2019-02-21 03:55:45.25888,10846,0
UChXOhG9bRDb3vSTg-qkPAZg,Gweilo-60,2019-02-21 03:54:45.239739,10846,0
UChXOhG9bRDb3vSTg-qkPAZg,Gweilo-60,2019-02-21 03:53:44.991433,10846,0
UChXOhG9bRDb3vSTg-qkPAZg,Gweilo-60,2019-02-21 03:52:45.05937,10846,0
UChXOhG9bRDb3vSTg-qkPAZg,Gweilo-60,2019-02-21 03:51:44.80204,10846,0
UChXOhG9bRDb3vSTg-qkPAZg,Gweilo-60,2019-02-21 03:50:45.155745,10846,0
UChXOhG9bRDb3vSTg-qkPAZg,Gweilo-60,2019-02-21 03:49:44.725077,10846,0
UChXOhG9bRDb3vSTg-qkPAZg,Gweilo-60,2019-02-21 03:48:44.78019,10846,0
UChXOhG9bRDb3vSTg-qkPAZg,Gweilo-60,2019-02-21 03:47:45.504524,10846,0
UChXOhG9bRDb3vSTg-qkPAZg,Gweilo-60,2019-02-21 03:46:44.296645,10846,0
UChXOhG9bRDb3vSTg-qkPAZg,Gweilo-60,2019-02-21 03:45:45.04397,10846,0
UChXOhG9bRDb3vSTg-qkPAZg,Gweilo-60,2019-02-21 03:44:45.178169,10846,0
UChXOhG9bRDb3vSTg-qkPAZg,Gweilo-60,2019-02-21 03:43:45.504913,10846,0
UChXOhG9bRDb3vSTg-qkPAZg,Gweilo-60,2019-02-21 03:42:46.252915,10846,0
UChXOhG9bRDb3vSTg-qkPAZg,Gweilo-60,2019-02-21 03:41:45.551248,10846,0
UChXOhG9bRDb3vSTg-qkPAZg,Gweilo-60,2019-02-21 03:40:44.743087,10846,0
UChXOhG9bRDb3vSTg-qkPAZg,Gweilo-60,2019-02-21 03:39:44.893514,10846,0
UChXOhG9bRDb3vSTg-qkPAZg,Gweilo-60,2019-02-21 03:38:44.627524,10846,0
UChXOhG9bRDb3vSTg-qkPAZg,Gweilo-60,2019-02-21 03:37:45.097762,10846,0
UChXOhG9bRDb3vSTg-qkPAZg,Gweilo-60,2019-02-21 03:36:44.801378,10846,0
UChXOhG9bRDb3vSTg-qkPAZg,Gweilo-60,2019-02-21 03:35:44.895414,10846,0
UChXOhG9bRDb3vSTg-qkPAZg,Gweilo-60,2019-02-21 03:34:44.736019,10846,0
UChXOhG9bRDb3vSTg-qkPAZg,Gweilo-60,2019-02-21 03:33:45.127098,10846,0
UChXOhG9bRDb3vSTg-qkPAZg,Gweilo-60,2019-02-21 03:32:44.754805,10846,0
UChXOhG9bRDb3vSTg-qkPAZg,Gweilo-60,2019-02-21 03:31:45.104516,10846,0
UChXOhG9bRDb3vSTg-qkPAZg,Gweilo-60,2019-02-21 03:30:44.724309,10846,0
UChXOhG9bRDb3vSTg-qkPAZg,Gweilo-60,2019-02-21 03:29:44.842499,10846,0
UChXOhG9bRDb3vSTg-qkPAZg,Gweilo-60,2019-02-21 03:28:44.227912,10846,0
UChXOhG9bRDb3vSTg-qkPAZg,Gweilo-60,2019-02-21 03:27:45.378527,10846,0
UChXOhG9bRDb3vSTg-qkPAZg,Gweilo-60,2019-02-21 03:26:45.264729,10846,0
UChXOhG9bRDb3vSTg-qkPAZg,Gweilo-60,2019-02-21 03:25:45.149995,10846,0
UChXOhG9bRDb3vSTg-qkPAZg,Gweilo-60,2019-02-21 03:24:44.806836,10846,0
UChXOhG9bRDb3vSTg-qkPAZg,Gweilo-60,2019-02-21 03:23:46.445047,10846,0
UChXOhG9bRDb3vSTg-qkPAZg,Gweilo-60,2019-02-21 03:22:45.275806,10846,0
UChXOhG9bRDb3vSTg-qkPAZg,Gweilo-60,2019-02-21 03:21:45.032684,10846,0
UChXOhG9bRDb3vSTg-qkPAZg,Gweilo-60,2019-02-21 03:20:44.843155,10846,0
UChXOhG9bRDb3vSTg-qkPAZg,Gweilo-60,2019-02-21 03:19:45.284445,10846,0
UChXOhG9bRDb3vSTg-qkPAZg,Gweilo-60,2019-02-21 03:18:45.593632,10846,0
UChXOhG9bRDb3vSTg-qkPAZg,Gweilo-60,2019-02-21 03:17:44.988628,10846,0
UChXOhG9bRDb3vSTg-qkPAZg,Gweilo-60,2019-02-21 03:16:45.233265,10846,0
UChXOhG9bRDb3vSTg-qkPAZg,Gweilo-60,2019-02-21 03:15:45.490082,10846,0
UChXOhG9bRDb3vSTg-qkPAZg,Gweilo-60,2019-02-21 03:14:44.912536,10846,0
UChXOhG9bRDb3vSTg-qkPAZg,Gweilo-60,2019-02-21 03:13:44.692224,10846,0
UChXOhG9bRDb3vSTg-qkPAZg,Gweilo-60,2019-02-21 03:12:44.94694,10846,0
UChXOhG9bRDb3vSTg-qkPAZg,Gweilo-60,2019-02-21 03:11:44.727925,10846,0
UChXOhG9bRDb3vSTg-qkPAZg,Gweilo-60,2019-02-21 03:10:44.868562,10846,0
UChXOhG9bRDb3vSTg-qkPAZg,Gweilo-60,2019-02-21 03:09:45.191668,10846,0
UChXOhG9bRDb3vSTg-qkPAZg,Gweilo-60,2019-02-21 03:08:45.294703,10846,0
UChXOhG9bRDb3vSTg-qkPAZg,Gweilo-60,2019-02-21 03:07:45.268944,10846,0
UChXOhG9bRDb3vSTg-qkPAZg,Gweilo-60,2019-02-21 03:06:46.339287,10846,0
UChXOhG9bRDb3vSTg-qkPAZg,Gweilo-60,2019-02-21 03:05:45.236126,10846,-1
UChXOhG9bRDb3vSTg-qkPAZg,Gweilo-60,2019-02-21 03:04:44.938915,10847,0
UChXOhG9bRDb3vSTg-qkPAZg,Gweilo-60,2019-02-21 03:03:44.786759,10847,0
UChXOhG9bRDb3vSTg-qkPAZg,Gweilo-60,2019-02-21 03:02:44.847472,10847,0
UChXOhG9bRDb3vSTg-qkPAZg,Gweilo-60,2019-02-21 03:01:44.860558,10847,0
UChXOhG9bRDb3vSTg-qkPAZg,Gweilo-60,2019-02-21 03:00:45.244834,10847,0
UChXOhG9bRDb3vSTg-qkPAZg,Gweilo-60,2019-02-21 02:59:45.092949,10847,0
UChXOhG9bRDb3vSTg-qkPAZg,Gweilo-60,2019-02-21 02:58:45.666839,10847,0
UChXOhG9bRDb3vSTg-qkPAZg,Gweilo-60,2019-02-21 02:57:45.212773,10847,0
UChXOhG9bRDb3vSTg-qkPAZg,Gweilo-60,2019-02-21 02:56:44.923384,10847,0
UChXOhG9bRDb3vSTg-qkPAZg,Gweilo-60,2019-02-21 02:55:45.290306,10847,0
UChXOhG9bRDb3vSTg-qkPAZg,Gweilo-60,2019-02-21 02:54:44.764066,10847,0
UChXOhG9bRDb3vSTg-qkPAZg,Gweilo-60,2019-02-21 02:53:45.049342,10847,0
UChXOhG9bRDb3vSTg-qkPAZg,Gweilo-60,2019-02-21 02:52:45.673227,10847,0
UChXOhG9bRDb3vSTg-qkPAZg,Gweilo-60,2019-02-21 02:51:44.932855,10847,0
UChXOhG9bRDb3vSTg-qkPAZg,Gweilo-60,2019-02-21 02:50:44.787282,10847,0
UChXOhG9bRDb3vSTg-qkPAZg,Gweilo-60,2019-02-21 02:49:45.169862,10847,0
UChXOhG9bRDb3vSTg-qkPAZg,Gweilo-60,2019-02-21 02:48:44.97348,10847,0
UChXOhG9bRDb3vSTg-qkPAZg,Gweilo-60,2019-02-21 02:47:44.972547,10847,0
UChXOhG9bRDb3vSTg-qkPAZg,Gweilo-60,2019-02-21 02:46:45.104477,10847,0
UChXOhG9bRDb3vSTg-qkPAZg,Gweilo-60,2019-02-21 02:45:44.968597,10847,0
UChXOhG9bRDb3vSTg-qkPAZg,Gweilo-60,2019-02-21 02:44:44.655104,10847,0
UChXOhG9bRDb3vSTg-qkPAZg,Gweilo-60,2019-02-21 02:43:45.360046,10847,0
UChXOhG9bRDb3vSTg-qkPAZg,Gweilo-60,2019-02-21 02:42:45.369355,10847,0
UChXOhG9bRDb3vSTg-qkPAZg,Gweilo-60,2019-02-21 02:41:45.104848,10847,0
UChXOhG9bRDb3vSTg-qkPAZg,Gweilo-60,2019-02-21 02:40:45.042156,10847,0
UChXOhG9bRDb3vSTg-qkPAZg,Gweilo-60,2019-02-21 02:39:44.769647,10847,0
UChXOhG9bRDb3vSTg-qkPAZg,Gweilo-60,2019-02-21 02:38:45.20759,10847,0
UChXOhG9bRDb3vSTg-qkPAZg,Gweilo-60,2019-02-21 02:37:44.976103,10847,0
UChXOhG9bRDb3vSTg-qkPAZg,Gweilo-60,2019-02-21 02:36:45.31058,10847,0
UChXOhG9bRDb3vSTg-qkPAZg,Gweilo-60,2019-02-21 02:35:46.248579,10847,0
UChXOhG9bRDb3vSTg-qkPAZg,Gweilo-60,2019-02-21 02:34:45.313692,10847,0
UChXOhG9bRDb3vSTg-qkPAZg,Gweilo-60,2019-02-21 02:33:44.8497,10847,0
UChXOhG9bRDb3vSTg-qkPAZg,Gweilo-60,2019-02-21 02:32:44.827912,10847,0
UChXOhG9bRDb3vSTg-qkPAZg,Gweilo-60,2019-02-21 02:31:45.480123,10847,0
UChXOhG9bRDb3vSTg-qkPAZg,Gweilo-60,2019-02-21 02:30:45.520342,10847,0
UChXOhG9bRDb3vSTg-qkPAZg,Gweilo-60,2019-02-21 02:29:44.93962,10847,0
UChXOhG9bRDb3vSTg-qkPAZg,Gweilo-60,2019-02-21 02:28:45.352864,10847,0
UChXOhG9bRDb3vSTg-qkPAZg,Gweilo-60,2019-02-21 02:27:44.624233,10847,0
UChXOhG9bRDb3vSTg-qkPAZg,Gweilo-60,2019-02-21 02:26:44.996433,10847,0
UChXOhG9bRDb3vSTg-qkPAZg,Gweilo-60,2019-02-21 02:25:45.062808,10847,0
UChXOhG9bRDb3vSTg-qkPAZg,Gweilo-60,2019-02-21 02:24:44.99231,10847,0
UChXOhG9bRDb3vSTg-qkPAZg,Gweilo-60,2019-02-21 02:23:44.714595,10847,0
UChXOhG9bRDb3vSTg-qkPAZg,Gweilo-60,2019-02-21 02:22:44.535004,10847,0
UChXOhG9bRDb3vSTg-qkPAZg,Gweilo-60,2019-02-21 02:21:44.955531,10847,0
UChXOhG9bRDb3vSTg-qkPAZg,Gweilo-60,2019-02-21 02:20:45.400734,10847,0
UChXOhG9bRDb3vSTg-qkPAZg,Gweilo-60,2019-02-21 02:19:45.131518,10847,0
UChXOhG9bRDb3vSTg-qkPAZg,Gweilo-60,2019-02-21 02:18:44.731575,10847,0
UChXOhG9bRDb3vSTg-qkPAZg,Gweilo-60,2019-02-21 02:17:45.557504,10847,0
UChXOhG9bRDb3vSTg-qkPAZg,Gweilo-60,2019-02-21 02:16:45.410763,10847,0
UChXOhG9bRDb3vSTg-qkPAZg,Gweilo-60,2019-02-21 02:15:45.274913,10847,0
UChXOhG9bRDb3vSTg-qkPAZg,Gweilo-60,2019-02-21 02:14:45.69396,10847,0
UChXOhG9bRDb3vSTg-qkPAZg,Gweilo-60,2019-02-21 02:13:45.025128,10847,0
UChXOhG9bRDb3vSTg-qkPAZg,Gweilo-60,2019-02-21 02:12:44.641025,10847,0
UChXOhG9bRDb3vSTg-qkPAZg,Gweilo-60,2019-02-21 02:11:45.197926,10847,0
UChXOhG9bRDb3vSTg-qkPAZg,Gweilo-60,2019-02-21 02:10:44.630117,10847,0
UChXOhG9bRDb3vSTg-qkPAZg,Gweilo-60,2019-02-21 02:09:45.108581,10847,0
UChXOhG9bRDb3vSTg-qkPAZg,Gweilo-60,2019-02-21 02:08:45.085959,10847,0
UChXOhG9bRDb3vSTg-qkPAZg,Gweilo-60,2019-02-21 02:07:45.287565,10847,0
UChXOhG9bRDb3vSTg-qkPAZg,Gweilo-60,2019-02-21 02:06:45.812882,10847,0
UChXOhG9bRDb3vSTg-qkPAZg,Gweilo-60,2019-02-21 02:05:45.124754,10847,0
UChXOhG9bRDb3vSTg-qkPAZg,Gweilo-60,2019-02-21 02:04:45.77777,10847,0
UChXOhG9bRDb3vSTg-qkPAZg,Gweilo-60,2019-02-21 02:03:46.068847,10847,0
UChXOhG9bRDb3vSTg-qkPAZg,Gweilo-60,2019-02-21 02:02:45.060021,10847,0
UChXOhG9bRDb3vSTg-qkPAZg,Gweilo-60,2019-02-21 02:01:45.783304,10847,0
UChXOhG9bRDb3vSTg-qkPAZg,Gweilo-60,2019-02-21 02:00:45.182869,10847,0
UChXOhG9bRDb3vSTg-qkPAZg,Gweilo-60,2019-02-21 01:59:44.669863,10847,0
UChXOhG9bRDb3vSTg-qkPAZg,Gweilo-60,2019-02-21 01:58:45.653017,10847,0
UChXOhG9bRDb3vSTg-qkPAZg,Gweilo-60,2019-02-21 01:57:45.40183,10847,0
UChXOhG9bRDb3vSTg-qkPAZg,Gweilo-60,2019-02-21 01:56:45.57802,10847,0
UChXOhG9bRDb3vSTg-qkPAZg,Gweilo-60,2019-02-21 01:55:45.520615,10847,0
UChXOhG9bRDb3vSTg-qkPAZg,Gweilo-60,2019-02-21 01:54:45.384765,10847,0
UChXOhG9bRDb3vSTg-qkPAZg,Gweilo-60,2019-02-21 01:53:45.249973,10847,0
UChXOhG9bRDb3vSTg-qkPAZg,Gweilo-60,2019-02-21 01:52:44.985859,10847,0
UChXOhG9bRDb3vSTg-qkPAZg,Gweilo-60,2019-02-21 01:51:45.269059,10847,0
UChXOhG9bRDb3vSTg-qkPAZg,Gweilo-60,2019-02-21 01:50:44.534032,10847,0
UChXOhG9bRDb3vSTg-qkPAZg,Gweilo-60,2019-02-21 01:49:45.978835,10847,0
UChXOhG9bRDb3vSTg-qkPAZg,Gweilo-60,2019-02-21 01:48:44.880671,10847,0
UChXOhG9bRDb3vSTg-qkPAZg,Gweilo-60,2019-02-21 01:47:44.918266,10847,0
UChXOhG9bRDb3vSTg-qkPAZg,Gweilo-60,2019-02-21 01:46:44.959965,10847,0
UChXOhG9bRDb3vSTg-qkPAZg,Gweilo-60,2019-02-21 01:45:45.060254,10847,0
UChXOhG9bRDb3vSTg-qkPAZg,Gweilo-60,2019-02-21 01:44:45.138979,10847,0
UChXOhG9bRDb3vSTg-qkPAZg,Gweilo-60,2019-02-21 01:43:44.892181,10847,0
UChXOhG9bRDb3vSTg-qkPAZg,Gweilo-60,2019-02-21 01:42:45.089625,10847,0
UChXOhG9bRDb3vSTg-qkPAZg,Gweilo-60,2019-02-21 01:41:44.848869,10847,0
UChXOhG9bRDb3vSTg-qkPAZg,Gweilo-60,2019-02-21 01:40:44.553305,10847,0
UChXOhG9bRDb3vSTg-qkPAZg,Gweilo-60,2019-02-21 01:39:45.520439,10847,0
UChXOhG9bRDb3vSTg-qkPAZg,Gweilo-60,2019-02-21 01:38:44.632165,10847,0
UChXOhG9bRDb3vSTg-qkPAZg,Gweilo-60,2019-02-21 01:37:44.97195,10847,0
UChXOhG9bRDb3vSTg-qkPAZg,Gweilo-60,2019-02-21 01:36:45.099867,10847,0
UChXOhG9bRDb3vSTg-qkPAZg,Gweilo-60,2019-02-21 01:35:44.808297,10847,0
UChXOhG9bRDb3vSTg-qkPAZg,Gweilo-60,2019-02-21 01:34:45.189306,10847,0
UChXOhG9bRDb3vSTg-qkPAZg,Gweilo-60,2019-02-21 01:33:45.196732,10847,0
UChXOhG9bRDb3vSTg-qkPAZg,Gweilo-60,2019-02-21 01:32:45.061226,10847,0
UChXOhG9bRDb3vSTg-qkPAZg,Gweilo-60,2019-02-21 01:31:45.426347,10847,0
UChXOhG9bRDb3vSTg-qkPAZg,Gweilo-60,2019-02-21 01:30:44.952816,10847,0
UChXOhG9bRDb3vSTg-qkPAZg,Gweilo-60,2019-02-21 01:29:44.740703,10847,0
UChXOhG9bRDb3vSTg-qkPAZg,Gweilo-60,2019-02-21 01:28:44.75676,10847,0
UChXOhG9bRDb3vSTg-qkPAZg,Gweilo-60,2019-02-21 01:27:44.939781,10847,0
UChXOhG9bRDb3vSTg-qkPAZg,Gweilo-60,2019-02-21 01:26:44.872682,10847,0
UChXOhG9bRDb3vSTg-qkPAZg,Gweilo-60,2019-02-21 01:25:44.88761,10847,0
UChXOhG9bRDb3vSTg-qkPAZg,Gweilo-60,2019-02-21 01:24:44.324304,10847,0
UChXOhG9bRDb3vSTg-qkPAZg,Gweilo-60,2019-02-21 01:23:44.884812,10847,0
UChXOhG9bRDb3vSTg-qkPAZg,Gweilo-60,2019-02-21 01:22:44.468048,10847,0
UChXOhG9bRDb3vSTg-qkPAZg,Gweilo-60,2019-02-21 01:21:45.195108,10847,0
UChXOhG9bRDb3vSTg-qkPAZg,Gweilo-60,2019-02-21 01:20:44.514079,10847,0
UChXOhG9bRDb3vSTg-qkPAZg,Gweilo-60,2019-02-21 01:19:45.195164,10847,0
UChXOhG9bRDb3vSTg-qkPAZg,Gweilo-60,2019-02-21 01:18:45.206345,10847,0
UChXOhG9bRDb3vSTg-qkPAZg,Gweilo-60,2019-02-21 01:17:44.764461,10847,0
UChXOhG9bRDb3vSTg-qkPAZg,Gweilo-60,2019-02-21 01:16:44.77153,10847,0
UChXOhG9bRDb3vSTg-qkPAZg,Gweilo-60,2019-02-21 01:15:45.354927,10847,0
UChXOhG9bRDb3vSTg-qkPAZg,Gweilo-60,2019-02-21 01:14:44.930317,10847,0
UChXOhG9bRDb3vSTg-qkPAZg,Gweilo-60,2019-02-21 01:13:46.132536,10847,0
UChXOhG9bRDb3vSTg-qkPAZg,Gweilo-60,2019-02-21 01:12:45.169833,10847,0
UChXOhG9bRDb3vSTg-qkPAZg,Gweilo-60,2019-02-21 01:11:45.06514,10847,0
UChXOhG9bRDb3vSTg-qkPAZg,Gweilo-60,2019-02-21 01:10:44.59975,10847,0
UChXOhG9bRDb3vSTg-qkPAZg,Gweilo-60,2019-02-21 01:09:45.890234,10847,0
UChXOhG9bRDb3vSTg-qkPAZg,Gweilo-60,2019-02-21 01:08:45.636315,10847,0
UChXOhG9bRDb3vSTg-qkPAZg,Gweilo-60,2019-02-21 01:07:44.920344,10847,0
UChXOhG9bRDb3vSTg-qkPAZg,Gweilo-60,2019-02-21 01:06:44.899941,10847,0
UChXOhG9bRDb3vSTg-qkPAZg,Gweilo-60,2019-02-21 01:05:45.473231,10847,0
UChXOhG9bRDb3vSTg-qkPAZg,Gweilo-60,2019-02-21 01:04:44.456729,10847,0
UChXOhG9bRDb3vSTg-qkPAZg,Gweilo-60,2019-02-21 01:03:44.839106,10847,0
UChXOhG9bRDb3vSTg-qkPAZg,Gweilo-60,2019-02-21 01:02:45.172237,10847,0
UChXOhG9bRDb3vSTg-qkPAZg,Gweilo-60,2019-02-21 01:01:44.956235,10847,0
UChXOhG9bRDb3vSTg-qkPAZg,Gweilo-60,2019-02-21 01:00:45.19648,10847,0
UChXOhG9bRDb3vSTg-qkPAZg,Gweilo-60,2019-02-21 00:59:45.367478,10847,0
UChXOhG9bRDb3vSTg-qkPAZg,Gweilo-60,2019-02-21 00:58:44.420769,10847,0
UChXOhG9bRDb3vSTg-qkPAZg,Gweilo-60,2019-02-21 00:57:45.573961,10847,0
UChXOhG9bRDb3vSTg-qkPAZg,Gweilo-60,2019-02-21 00:56:44.590034,10847,0
UChXOhG9bRDb3vSTg-qkPAZg,Gweilo-60,2019-02-21 00:55:45.135314,10847,0
UChXOhG9bRDb3vSTg-qkPAZg,Gweilo-60,2019-02-21 00:54:44.838545,10847,0
UChXOhG9bRDb3vSTg-qkPAZg,Gweilo-60,2019-02-21 00:53:44.726503,10847,0
UChXOhG9bRDb3vSTg-qkPAZg,Gweilo-60,2019-02-21 00:52:44.653426,10847,0
UChXOhG9bRDb3vSTg-qkPAZg,Gweilo-60,2019-02-21 00:51:44.915,10847,0
UChXOhG9bRDb3vSTg-qkPAZg,Gweilo-60,2019-02-21 00:50:45.177658,10847,0
UChXOhG9bRDb3vSTg-qkPAZg,Gweilo-60,2019-02-21 00:49:45.169515,10847,0
UChXOhG9bRDb3vSTg-qkPAZg,Gweilo-60,2019-02-21 00:48:45.251188,10847,0
UChXOhG9bRDb3vSTg-qkPAZg,Gweilo-60,2019-02-21 00:47:44.967718,10847,0
UChXOhG9bRDb3vSTg-qkPAZg,Gweilo-60,2019-02-21 00:46:45.068858,10847,0
UChXOhG9bRDb3vSTg-qkPAZg,Gweilo-60,2019-02-21 00:45:45.423644,10847,0
UChXOhG9bRDb3vSTg-qkPAZg,Gweilo-60,2019-02-21 00:44:44.607166,10847,0
UChXOhG9bRDb3vSTg-qkPAZg,Gweilo-60,2019-02-21 00:43:45.049139,10847,0
UChXOhG9bRDb3vSTg-qkPAZg,Gweilo-60,2019-02-21 00:42:44.914944,10847,0
UChXOhG9bRDb3vSTg-qkPAZg,Gweilo-60,2019-02-21 00:41:44.886012,10847,0
UChXOhG9bRDb3vSTg-qkPAZg,Gweilo-60,2019-02-21 00:40:44.774876,10847,0
UChXOhG9bRDb3vSTg-qkPAZg,Gweilo-60,2019-02-21 00:39:44.872628,10847,0
UChXOhG9bRDb3vSTg-qkPAZg,Gweilo-60,2019-02-21 00:38:44.622977,10847,0
UChXOhG9bRDb3vSTg-qkPAZg,Gweilo-60,2019-02-21 00:37:44.730204,10847,0
UChXOhG9bRDb3vSTg-qkPAZg,Gweilo-60,2019-02-21 00:36:45.35868,10847,0
UChXOhG9bRDb3vSTg-qkPAZg,Gweilo-60,2019-02-21 00:35:45.173492,10847,0
UChXOhG9bRDb3vSTg-qkPAZg,Gweilo-60,2019-02-21 00:34:44.800934,10847,0
UChXOhG9bRDb3vSTg-qkPAZg,Gweilo-60,2019-02-21 00:33:44.741587,10847,0
UChXOhG9bRDb3vSTg-qkPAZg,Gweilo-60,2019-02-21 00:32:44.589821,10847,0
UChXOhG9bRDb3vSTg-qkPAZg,Gweilo-60,2019-02-21 00:31:44.878753,10847,0
UChXOhG9bRDb3vSTg-qkPAZg,Gweilo-60,2019-02-21 00:30:44.81458,10847,0
UChXOhG9bRDb3vSTg-qkPAZg,Gweilo-60,2019-02-21 00:29:45.096019,10847,0
UChXOhG9bRDb3vSTg-qkPAZg,Gweilo-60,2019-02-21 00:28:44.149431,10847,0
UChXOhG9bRDb3vSTg-qkPAZg,Gweilo-60,2019-02-21 00:27:44.702359,10847,0
UChXOhG9bRDb3vSTg-qkPAZg,Gweilo-60,2019-02-21 00:26:45.45958,10847,1
UChXOhG9bRDb3vSTg-qkPAZg,Gweilo-60,2019-02-21 00:25:45.002852,10846,0
UChXOhG9bRDb3vSTg-qkPAZg,Gweilo-60,2019-02-21 00:24:46.018979,10846,0
UChXOhG9bRDb3vSTg-qkPAZg,Gweilo-60,2019-02-21 00:23:45.011691,10846,0
UChXOhG9bRDb3vSTg-qkPAZg,Gweilo-60,2019-02-21 00:22:44.554897,10846,0
UChXOhG9bRDb3vSTg-qkPAZg,Gweilo-60,2019-02-21 00:21:44.845734,10846,0
UChXOhG9bRDb3vSTg-qkPAZg,Gweilo-60,2019-02-21 00:20:45.06303,10846,0
UChXOhG9bRDb3vSTg-qkPAZg,Gweilo-60,2019-02-21 00:19:44.813757,10846,0
UChXOhG9bRDb3vSTg-qkPAZg,Gweilo-60,2019-02-21 00:18:44.877745,10846,0
UChXOhG9bRDb3vSTg-qkPAZg,Gweilo-60,2019-02-21 00:17:44.715151,10846,0
UChXOhG9bRDb3vSTg-qkPAZg,Gweilo-60,2019-02-21 00:16:44.827717,10846,0
UChXOhG9bRDb3vSTg-qkPAZg,Gweilo-60,2019-02-21 00:15:45.144615,10846,0
UChXOhG9bRDb3vSTg-qkPAZg,Gweilo-60,2019-02-21 00:14:45.211359,10846,0
UChXOhG9bRDb3vSTg-qkPAZg,Gweilo-60,2019-02-21 00:13:44.594984,10846,0
UChXOhG9bRDb3vSTg-qkPAZg,Gweilo-60,2019-02-21 00:12:44.748746,10846,0
UChXOhG9bRDb3vSTg-qkPAZg,Gweilo-60,2019-02-21 00:11:45.143868,10846,0
UChXOhG9bRDb3vSTg-qkPAZg,Gweilo-60,2019-02-21 00:10:44.829208,10846,0
UChXOhG9bRDb3vSTg-qkPAZg,Gweilo-60,2019-02-21 00:09:44.974572,10846,0
UChXOhG9bRDb3vSTg-qkPAZg,Gweilo-60,2019-02-21 00:08:45.239626,10846,0
UChXOhG9bRDb3vSTg-qkPAZg,Gweilo-60,2019-02-21 00:07:45.20841,10846,0
UChXOhG9bRDb3vSTg-qkPAZg,Gweilo-60,2019-02-21 00:06:45.160487,10846,0
UChXOhG9bRDb3vSTg-qkPAZg,Gweilo-60,2019-02-21 00:05:44.774996,10846,0
UChXOhG9bRDb3vSTg-qkPAZg,Gweilo-60,2019-02-21 00:04:45.766799,10846,0
UChXOhG9bRDb3vSTg-qkPAZg,Gweilo-60,2019-02-21 00:03:45.347549,10846,0
UChXOhG9bRDb3vSTg-qkPAZg,Gweilo-60,2019-02-21 00:02:44.426127,10846,0
UChXOhG9bRDb3vSTg-qkPAZg,Gweilo-60,2019-02-21 00:01:45.651384,10846,0
UChXOhG9bRDb3vSTg-qkPAZg,Gweilo-60,2019-02-21 00:00:44.7321,10846,0
UChXOhG9bRDb3vSTg-qkPAZg,Gweilo-60,2019-02-20 23:59:44.859493,10846,0
UChXOhG9bRDb3vSTg-qkPAZg,Gweilo-60,2019-02-20 23:58:44.74206,10846,0
UChXOhG9bRDb3vSTg-qkPAZg,Gweilo-60,2019-02-20 23:57:44.547242,10846,0
UChXOhG9bRDb3vSTg-qkPAZg,Gweilo-60,2019-02-20 23:56:45.487755,10846,0
UChXOhG9bRDb3vSTg-qkPAZg,Gweilo-60,2019-02-20 23:55:44.865038,10846,0
UChXOhG9bRDb3vSTg-qkPAZg,Gweilo-60,2019-02-20 23:54:45.13454,10846,0
UChXOhG9bRDb3vSTg-qkPAZg,Gweilo-60,2019-02-20 23:53:45.10561,10846,0
UChXOhG9bRDb3vSTg-qkPAZg,Gweilo-60,2019-02-20 23:52:44.989112,10846,0
UChXOhG9bRDb3vSTg-qkPAZg,Gweilo-60,2019-02-20 23:51:45.059531,10846,0
UChXOhG9bRDb3vSTg-qkPAZg,Gweilo-60,2019-02-20 23:50:45.075739,10846,0
UChXOhG9bRDb3vSTg-qkPAZg,Gweilo-60,2019-02-20 23:49:45.104523,10846,0
UChXOhG9bRDb3vSTg-qkPAZg,Gweilo-60,2019-02-20 23:48:44.604038,10846,0
UChXOhG9bRDb3vSTg-qkPAZg,Gweilo-60,2019-02-20 23:47:45.134185,10846,0
UChXOhG9bRDb3vSTg-qkPAZg,Gweilo-60,2019-02-20 23:46:44.574367,10846,0
UChXOhG9bRDb3vSTg-qkPAZg,Gweilo-60,2019-02-20 23:45:44.309573,10846,0
UChXOhG9bRDb3vSTg-qkPAZg,Gweilo-60,2019-02-20 23:44:45.721242,10846,0
UChXOhG9bRDb3vSTg-qkPAZg,Gweilo-60,2019-02-20 23:43:44.921317,10846,0
UChXOhG9bRDb3vSTg-qkPAZg,Gweilo-60,2019-02-20 23:42:44.72223,10846,0
UChXOhG9bRDb3vSTg-qkPAZg,Gweilo-60,2019-02-20 23:41:45.262007,10846,0
UChXOhG9bRDb3vSTg-qkPAZg,Gweilo-60,2019-02-20 23:40:44.742181,10846,0
UChXOhG9bRDb3vSTg-qkPAZg,Gweilo-60,2019-02-20 23:39:44.673442,10846,0
UChXOhG9bRDb3vSTg-qkPAZg,Gweilo-60,2019-02-20 23:38:45.111726,10846,0
UChXOhG9bRDb3vSTg-qkPAZg,Gweilo-60,2019-02-20 23:37:44.842322,10846,0
UChXOhG9bRDb3vSTg-qkPAZg,Gweilo-60,2019-02-20 23:36:44.967756,10846,0
UChXOhG9bRDb3vSTg-qkPAZg,Gweilo-60,2019-02-20 23:35:44.634746,10846,0
UChXOhG9bRDb3vSTg-qkPAZg,Gweilo-60,2019-02-20 23:34:45.006535,10846,0
UChXOhG9bRDb3vSTg-qkPAZg,Gweilo-60,2019-02-20 23:33:46.284557,10846,0
UChXOhG9bRDb3vSTg-qkPAZg,Gweilo-60,2019-02-20 23:32:45.357036,10846,0
UChXOhG9bRDb3vSTg-qkPAZg,Gweilo-60,2019-02-20 23:31:45.220374,10846,0
UChXOhG9bRDb3vSTg-qkPAZg,Gweilo-60,2019-02-20 23:30:44.950983,10846,0
UChXOhG9bRDb3vSTg-qkPAZg,Gweilo-60,2019-02-20 23:29:44.428161,10846,0
UChXOhG9bRDb3vSTg-qkPAZg,Gweilo-60,2019-02-20 23:28:45.504393,10846,0
UChXOhG9bRDb3vSTg-qkPAZg,Gweilo-60,2019-02-20 23:27:44.826779,10846,0
UChXOhG9bRDb3vSTg-qkPAZg,Gweilo-60,2019-02-20 23:26:45.085472,10846,0
UChXOhG9bRDb3vSTg-qkPAZg,Gweilo-60,2019-02-20 23:25:44.485623,10846,0
UChXOhG9bRDb3vSTg-qkPAZg,Gweilo-60,2019-02-20 23:24:45.278619,10846,0
UChXOhG9bRDb3vSTg-qkPAZg,Gweilo-60,2019-02-20 23:23:45.179106,10846,0
UChXOhG9bRDb3vSTg-qkPAZg,Gweilo-60,2019-02-20 23:22:45.366193,10846,0
UChXOhG9bRDb3vSTg-qkPAZg,Gweilo-60,2019-02-20 23:21:44.729316,10846,0
UChXOhG9bRDb3vSTg-qkPAZg,Gweilo-60,2019-02-20 23:20:45.241151,10846,0
UChXOhG9bRDb3vSTg-qkPAZg,Gweilo-60,2019-02-20 23:19:44.689957,10846,0
UChXOhG9bRDb3vSTg-qkPAZg,Gweilo-60,2019-02-20 23:18:45.01987,10846,0
UChXOhG9bRDb3vSTg-qkPAZg,Gweilo-60,2019-02-20 23:17:50.446149,10846,0
UChXOhG9bRDb3vSTg-qkPAZg,Gweilo-60,2019-02-20 23:16:44.456687,10846,0
UChXOhG9bRDb3vSTg-qkPAZg,Gweilo-60,2019-02-20 23:15:45.357003,10846,0
UChXOhG9bRDb3vSTg-qkPAZg,Gweilo-60,2019-02-20 23:14:44.503188,10846,0
UChXOhG9bRDb3vSTg-qkPAZg,Gweilo-60,2019-02-20 23:13:45.7575,10846,0
UChXOhG9bRDb3vSTg-qkPAZg,Gweilo-60,2019-02-20 23:12:45.97101,10846,0
UChXOhG9bRDb3vSTg-qkPAZg,Gweilo-60,2019-02-20 23:11:45.481261,10846,0
UChXOhG9bRDb3vSTg-qkPAZg,Gweilo-60,2019-02-20 23:10:45.385857,10846,0
UChXOhG9bRDb3vSTg-qkPAZg,Gweilo-60,2019-02-20 23:09:44.405985,10846,-1
UChXOhG9bRDb3vSTg-qkPAZg,Gweilo-60,2019-02-20 23:08:44.795345,10847,0
UChXOhG9bRDb3vSTg-qkPAZg,Gweilo-60,2019-02-20 23:07:44.743134,10847,0
UChXOhG9bRDb3vSTg-qkPAZg,Gweilo-60,2019-02-20 23:06:44.779842,10847,0
UChXOhG9bRDb3vSTg-qkPAZg,Gweilo-60,2019-02-20 23:05:45.748718,10847,0
UChXOhG9bRDb3vSTg-qkPAZg,Gweilo-60,2019-02-20 23:04:44.628036,10847,0
UChXOhG9bRDb3vSTg-qkPAZg,Gweilo-60,2019-02-20 23:03:45.25006,10847,0
UChXOhG9bRDb3vSTg-qkPAZg,Gweilo-60,2019-02-20 23:02:45.310834,10847,0
UChXOhG9bRDb3vSTg-qkPAZg,Gweilo-60,2019-02-20 23:01:45.361431,10847,0
UChXOhG9bRDb3vSTg-qkPAZg,Gweilo-60,2019-02-20 23:00:44.986505,10847,0
UChXOhG9bRDb3vSTg-qkPAZg,Gweilo-60,2019-02-20 22:59:44.527789,10847,0
UChXOhG9bRDb3vSTg-qkPAZg,Gweilo-60,2019-02-20 22:58:45.035571,10847,0
UChXOhG9bRDb3vSTg-qkPAZg,Gweilo-60,2019-02-20 22:57:45.315514,10847,0
UChXOhG9bRDb3vSTg-qkPAZg,Gweilo-60,2019-02-20 22:56:45.364221,10847,0
UChXOhG9bRDb3vSTg-qkPAZg,Gweilo-60,2019-02-20 22:55:44.644671,10847,0
UChXOhG9bRDb3vSTg-qkPAZg,Gweilo-60,2019-02-20 22:54:45.87224,10847,-1
UChXOhG9bRDb3vSTg-qkPAZg,Gweilo-60,2019-02-20 22:53:45.163759,10848,0
UChXOhG9bRDb3vSTg-qkPAZg,Gweilo-60,2019-02-20 22:52:45.350199,10848,0
UChXOhG9bRDb3vSTg-qkPAZg,Gweilo-60,2019-02-20 22:51:45.309251,10848,0
UChXOhG9bRDb3vSTg-qkPAZg,Gweilo-60,2019-02-20 22:50:44.560708,10848,0
UChXOhG9bRDb3vSTg-qkPAZg,Gweilo-60,2019-02-20 22:49:44.447539,10848,0
UChXOhG9bRDb3vSTg-qkPAZg,Gweilo-60,2019-02-20 22:48:44.769067,10848,-1
UChXOhG9bRDb3vSTg-qkPAZg,Gweilo-60,2019-02-20 22:47:45.042227,10849,0
UChXOhG9bRDb3vSTg-qkPAZg,Gweilo-60,2019-02-20 22:46:44.32106,10849,0
UChXOhG9bRDb3vSTg-qkPAZg,Gweilo-60,2019-02-20 22:45:44.836445,10849,0
UChXOhG9bRDb3vSTg-qkPAZg,Gweilo-60,2019-02-20 22:44:44.828189,10849,0
UChXOhG9bRDb3vSTg-qkPAZg,Gweilo-60,2019-02-20 22:43:45.356158,10849,0
UChXOhG9bRDb3vSTg-qkPAZg,Gweilo-60,2019-02-20 22:42:45.057315,10849,0
UChXOhG9bRDb3vSTg-qkPAZg,Gweilo-60,2019-02-20 22:41:45.029308,10849,0
UChXOhG9bRDb3vSTg-qkPAZg,Gweilo-60,2019-02-20 22:40:45.146821,10849,0
UChXOhG9bRDb3vSTg-qkPAZg,Gweilo-60,2019-02-20 22:39:45.1163,10849,0
UChXOhG9bRDb3vSTg-qkPAZg,Gweilo-60,2019-02-20 22:38:45.106216,10849,0
UChXOhG9bRDb3vSTg-qkPAZg,Gweilo-60,2019-02-20 22:37:45.366448,10849,0
UChXOhG9bRDb3vSTg-qkPAZg,Gweilo-60,2019-02-20 22:36:44.796951,10849,0
UChXOhG9bRDb3vSTg-qkPAZg,Gweilo-60,2019-02-20 22:35:45.273449,10849,0
UChXOhG9bRDb3vSTg-qkPAZg,Gweilo-60,2019-02-20 22:34:45.355582,10849,0
UChXOhG9bRDb3vSTg-qkPAZg,Gweilo-60,2019-02-20 22:33:44.607304,10849,0
UChXOhG9bRDb3vSTg-qkPAZg,Gweilo-60,2019-02-20 22:32:44.863669,10849,0
UChXOhG9bRDb3vSTg-qkPAZg,Gweilo-60,2019-02-20 22:31:45.431314,10849,0
UChXOhG9bRDb3vSTg-qkPAZg,Gweilo-60,2019-02-20 22:30:45.420404,10849,0
UChXOhG9bRDb3vSTg-qkPAZg,Gweilo-60,2019-02-20 22:29:45.146737,10849,0
UChXOhG9bRDb3vSTg-qkPAZg,Gweilo-60,2019-02-20 22:28:45.459167,10849,0
UChXOhG9bRDb3vSTg-qkPAZg,Gweilo-60,2019-02-20 22:27:45.395525,10849,0
UChXOhG9bRDb3vSTg-qkPAZg,Gweilo-60,2019-02-20 22:26:44.912322,10849,0
UChXOhG9bRDb3vSTg-qkPAZg,Gweilo-60,2019-02-20 22:25:44.553157,10849,0
UChXOhG9bRDb3vSTg-qkPAZg,Gweilo-60,2019-02-20 22:24:44.731264,10849,0
UChXOhG9bRDb3vSTg-qkPAZg,Gweilo-60,2019-02-20 22:23:45.009102,10849,0
UChXOhG9bRDb3vSTg-qkPAZg,Gweilo-60,2019-02-20 22:22:59.90919,10849,0
UChXOhG9bRDb3vSTg-qkPAZg,Gweilo-60,2019-02-20 22:22:01.023237,10849,35
UChXOhG9bRDb3vSTg-qkPAZg,Gweilo-60,2019-02-19 20:21:40.017109,10814,0
UChXOhG9bRDb3vSTg-qkPAZg,Gweilo-60,2019-02-19 20:20:40.392293,10814,0
UChXOhG9bRDb3vSTg-qkPAZg,Gweilo-60,2019-02-19 20:19:40.058433,10814,0
UChXOhG9bRDb3vSTg-qkPAZg,Gweilo-60,2019-02-19 20:18:39.950427,10814,0
UChXOhG9bRDb3vSTg-qkPAZg,Gweilo-60,2019-02-19 20:17:40.03642,10814,0
UChXOhG9bRDb3vSTg-qkPAZg,Gweilo-60,2019-02-19 20:16:40.432729,10814,0
UChXOhG9bRDb3vSTg-qkPAZg,Gweilo-60,2019-02-19 20:15:40.23162,10814,1
UChXOhG9bRDb3vSTg-qkPAZg,Gweilo-60,2019-02-19 20:14:39.923722,10813,0
UChXOhG9bRDb3vSTg-qkPAZg,Gweilo-60,2019-02-19 20:13:39.828036,10813,0
UChXOhG9bRDb3vSTg-qkPAZg,Gweilo-60,2019-02-19 20:12:39.870367,10813,0
UChXOhG9bRDb3vSTg-qkPAZg,Gweilo-60,2019-02-19 20:11:39.813791,10813,0
UChXOhG9bRDb3vSTg-qkPAZg,Gweilo-60,2019-02-19 20:10:41.182205,10813,0
UChXOhG9bRDb3vSTg-qkPAZg,Gweilo-60,2019-02-19 20:09:41.088213,10813,0
UChXOhG9bRDb3vSTg-qkPAZg,Gweilo-60,2019-02-19 20:08:40.009141,10813,0
UChXOhG9bRDb3vSTg-qkPAZg,Gweilo-60,2019-02-19 20:07:40.208374,10813,0
UChXOhG9bRDb3vSTg-qkPAZg,Gweilo-60,2019-02-19 20:06:39.553196,10813,0
UChXOhG9bRDb3vSTg-qkPAZg,Gweilo-60,2019-02-19 20:05:39.749845,10813,0
UChXOhG9bRDb3vSTg-qkPAZg,Gweilo-60,2019-02-19 20:04:40.064975,10813,0
UChXOhG9bRDb3vSTg-qkPAZg,Gweilo-60,2019-02-19 20:03:39.69668,10813,0
UChXOhG9bRDb3vSTg-qkPAZg,Gweilo-60,2019-02-19 20:02:40.116373,10813,0
UChXOhG9bRDb3vSTg-qkPAZg,Gweilo-60,2019-02-19 20:01:40.478466,10813,0
UChXOhG9bRDb3vSTg-qkPAZg,Gweilo-60,2019-02-19 20:00:40.086341,10813,0
UChXOhG9bRDb3vSTg-qkPAZg,Gweilo-60,2019-02-19 19:59:39.811814,10813,0
UChXOhG9bRDb3vSTg-qkPAZg,Gweilo-60,2019-02-19 19:58:40.667194,10813,0
UChXOhG9bRDb3vSTg-qkPAZg,Gweilo-60,2019-02-19 19:57:39.674046,10813,0
UChXOhG9bRDb3vSTg-qkPAZg,Gweilo-60,2019-02-19 19:56:40.328932,10813,0
UChXOhG9bRDb3vSTg-qkPAZg,Gweilo-60,2019-02-19 19:55:40.15925,10813,0
UChXOhG9bRDb3vSTg-qkPAZg,Gweilo-60,2019-02-19 19:54:39.811696,10813,0
UChXOhG9bRDb3vSTg-qkPAZg,Gweilo-60,2019-02-19 19:53:40.253033,10813,0
UChXOhG9bRDb3vSTg-qkPAZg,Gweilo-60,2019-02-19 19:52:39.713311,10813,0
UChXOhG9bRDb3vSTg-qkPAZg,Gweilo-60,2019-02-19 19:51:40.066153,10813,0
UChXOhG9bRDb3vSTg-qkPAZg,Gweilo-60,2019-02-19 19:50:39.887264,10813,0
UChXOhG9bRDb3vSTg-qkPAZg,Gweilo-60,2019-02-19 19:49:39.944352,10813,0
UChXOhG9bRDb3vSTg-qkPAZg,Gweilo-60,2019-02-19 19:48:40.120167,10813,0
UChXOhG9bRDb3vSTg-qkPAZg,Gweilo-60,2019-02-19 19:47:39.766576,10813,0
UChXOhG9bRDb3vSTg-qkPAZg,Gweilo-60,2019-02-19 19:46:39.479024,10813,0
UChXOhG9bRDb3vSTg-qkPAZg,Gweilo-60,2019-02-19 19:45:39.707095,10813,0
UChXOhG9bRDb3vSTg-qkPAZg,Gweilo-60,2019-02-19 19:44:40.590245,10813,0
UChXOhG9bRDb3vSTg-qkPAZg,Gweilo-60,2019-02-19 19:43:39.417765,10813,0
UChXOhG9bRDb3vSTg-qkPAZg,Gweilo-60,2019-02-19 19:42:39.740377,10813,0
UChXOhG9bRDb3vSTg-qkPAZg,Gweilo-60,2019-02-19 19:41:40.760903,10813,0
UChXOhG9bRDb3vSTg-qkPAZg,Gweilo-60,2019-02-19 19:40:39.649475,10813,0
UChXOhG9bRDb3vSTg-qkPAZg,Gweilo-60,2019-02-19 19:39:39.734093,10813,0
UChXOhG9bRDb3vSTg-qkPAZg,Gweilo-60,2019-02-19 19:38:39.986911,10813,0
UChXOhG9bRDb3vSTg-qkPAZg,Gweilo-60,2019-02-19 19:37:39.960045,10813,0
UChXOhG9bRDb3vSTg-qkPAZg,Gweilo-60,2019-02-19 19:36:39.345834,10813,0
UChXOhG9bRDb3vSTg-qkPAZg,Gweilo-60,2019-02-19 19:35:39.258352,10813,0
UChXOhG9bRDb3vSTg-qkPAZg,Gweilo-60,2019-02-19 19:34:38.960953,10813,0
UChXOhG9bRDb3vSTg-qkPAZg,Gweilo-60,2019-02-19 19:33:39.79858,10813,0
UChXOhG9bRDb3vSTg-qkPAZg,Gweilo-60,2019-02-19 19:32:39.870793,10813,0
UChXOhG9bRDb3vSTg-qkPAZg,Gweilo-60,2019-02-19 19:31:40.278395,10813,0
UChXOhG9bRDb3vSTg-qkPAZg,Gweilo-60,2019-02-19 19:30:39.618955,10813,0
UChXOhG9bRDb3vSTg-qkPAZg,Gweilo-60,2019-02-19 19:29:39.596911,10813,1
UChXOhG9bRDb3vSTg-qkPAZg,Gweilo-60,2019-02-19 19:28:40.252738,10812,0
UChXOhG9bRDb3vSTg-qkPAZg,Gweilo-60,2019-02-19 19:27:39.431493,10812,0
UChXOhG9bRDb3vSTg-qkPAZg,Gweilo-60,2019-02-19 19:26:39.737136,10812,0
UChXOhG9bRDb3vSTg-qkPAZg,Gweilo-60,2019-02-19 19:25:39.518569,10812,0
UChXOhG9bRDb3vSTg-qkPAZg,Gweilo-60,2019-02-19 19:24:38.831995,10812,0
UChXOhG9bRDb3vSTg-qkPAZg,Gweilo-60,2019-02-19 19:23:40.109288,10812,0
UChXOhG9bRDb3vSTg-qkPAZg,Gweilo-60,2019-02-19 19:22:39.190192,10812,0
UChXOhG9bRDb3vSTg-qkPAZg,Gweilo-60,2019-02-19 19:21:39.634231,10812,0
UChXOhG9bRDb3vSTg-qkPAZg,Gweilo-60,2019-02-19 19:20:39.536491,10812,1
UChXOhG9bRDb3vSTg-qkPAZg,Gweilo-60,2019-02-19 19:19:39.667076,10811,0
UChXOhG9bRDb3vSTg-qkPAZg,Gweilo-60,2019-02-19 19:18:39.204558,10811,0
UChXOhG9bRDb3vSTg-qkPAZg,Gweilo-60,2019-02-19 19:17:39.494412,10811,0
UChXOhG9bRDb3vSTg-qkPAZg,Gweilo-60,2019-02-19 19:16:39.940753,10811,0
UChXOhG9bRDb3vSTg-qkPAZg,Gweilo-60,2019-02-19 19:15:39.61329,10811,0
UChXOhG9bRDb3vSTg-qkPAZg,Gweilo-60,2019-02-19 19:14:39.408848,10811,0
UChXOhG9bRDb3vSTg-qkPAZg,Gweilo-60,2019-02-19 19:13:39.440533,10811,0
UChXOhG9bRDb3vSTg-qkPAZg,Gweilo-60,2019-02-19 19:12:39.60352,10811,0
UChXOhG9bRDb3vSTg-qkPAZg,Gweilo-60,2019-02-19 19:11:39.87952,10811,0
UChXOhG9bRDb3vSTg-qkPAZg,Gweilo-60,2019-02-19 19:10:40.221027,10811,0
UChXOhG9bRDb3vSTg-qkPAZg,Gweilo-60,2019-02-19 19:09:38.906364,10811,0
UChXOhG9bRDb3vSTg-qkPAZg,Gweilo-60,2019-02-19 19:08:39.777875,10811,0
UChXOhG9bRDb3vSTg-qkPAZg,Gweilo-60,2019-02-19 19:07:39.332016,10811,-1
UChXOhG9bRDb3vSTg-qkPAZg,Gweilo-60,2019-02-19 19:06:38.851395,10812,-1
UChXOhG9bRDb3vSTg-qkPAZg,Gweilo-60,2019-02-19 19:05:39.483668,10813,-1
UChXOhG9bRDb3vSTg-qkPAZg,Gweilo-60,2019-02-19 19:04:40.731128,10814,0
UChXOhG9bRDb3vSTg-qkPAZg,Gweilo-60,2019-02-19 19:03:39.190935,10814,-1
UChXOhG9bRDb3vSTg-qkPAZg,Gweilo-60,2019-02-19 19:02:39.279591,10815,0
UChXOhG9bRDb3vSTg-qkPAZg,Gweilo-60,2019-02-19 19:01:39.960098,10815,0
UChXOhG9bRDb3vSTg-qkPAZg,Gweilo-60,2019-02-19 19:00:39.165579,10815,0
UChXOhG9bRDb3vSTg-qkPAZg,Gweilo-60,2019-02-19 18:59:39.220364,10815,0
UChXOhG9bRDb3vSTg-qkPAZg,Gweilo-60,2019-02-19 18:58:39.506681,10815,0
UChXOhG9bRDb3vSTg-qkPAZg,Gweilo-60,2019-02-19 18:57:40.476106,10815,0
UChXOhG9bRDb3vSTg-qkPAZg,Gweilo-60,2019-02-19 18:56:40.162473,10815,0
UChXOhG9bRDb3vSTg-qkPAZg,Gweilo-60,2019-02-19 18:55:40.126413,10815,0
UChXOhG9bRDb3vSTg-qkPAZg,Gweilo-60,2019-02-19 18:54:40.171706,10815,0
UChXOhG9bRDb3vSTg-qkPAZg,Gweilo-60,2019-02-19 18:53:39.823906,10815,0
UChXOhG9bRDb3vSTg-qkPAZg,Gweilo-60,2019-02-19 18:52:39.984509,10815,0
UChXOhG9bRDb3vSTg-qkPAZg,Gweilo-60,2019-02-19 18:51:39.609823,10815,0
UChXOhG9bRDb3vSTg-qkPAZg,Gweilo-60,2019-02-19 18:50:39.659046,10815,0
UChXOhG9bRDb3vSTg-qkPAZg,Gweilo-60,2019-02-19 18:49:39.970557,10815,0
UChXOhG9bRDb3vSTg-qkPAZg,Gweilo-60,2019-02-19 18:48:40.019142,10815,0
UChXOhG9bRDb3vSTg-qkPAZg,Gweilo-60,2019-02-19 18:47:39.560931,10815,0
UChXOhG9bRDb3vSTg-qkPAZg,Gweilo-60,2019-02-19 18:46:39.946856,10815,0
UChXOhG9bRDb3vSTg-qkPAZg,Gweilo-60,2019-02-19 18:45:39.955622,10815,0
UChXOhG9bRDb3vSTg-qkPAZg,Gweilo-60,2019-02-19 18:44:40.476125,10815,0
UChXOhG9bRDb3vSTg-qkPAZg,Gweilo-60,2019-02-19 18:43:39.820021,10815,0
UChXOhG9bRDb3vSTg-qkPAZg,Gweilo-60,2019-02-19 18:42:39.892851,10815,1
UChXOhG9bRDb3vSTg-qkPAZg,Gweilo-60,2019-02-19 18:41:39.820742,10814,0
UChXOhG9bRDb3vSTg-qkPAZg,Gweilo-60,2019-02-19 18:40:40.223763,10814,0
UChXOhG9bRDb3vSTg-qkPAZg,Gweilo-60,2019-02-19 18:39:40.049338,10814,0
UChXOhG9bRDb3vSTg-qkPAZg,Gweilo-60,2019-02-19 18:38:40.099497,10814,0
UChXOhG9bRDb3vSTg-qkPAZg,Gweilo-60,2019-02-19 18:37:40.618856,10814,0
UChXOhG9bRDb3vSTg-qkPAZg,Gweilo-60,2019-02-19 18:36:40.206016,10814,0
UChXOhG9bRDb3vSTg-qkPAZg,Gweilo-60,2019-02-19 18:35:39.651761,10814,0
UChXOhG9bRDb3vSTg-qkPAZg,Gweilo-60,2019-02-19 18:34:39.802317,10814,0
UChXOhG9bRDb3vSTg-qkPAZg,Gweilo-60,2019-02-19 18:33:40.226471,10814,0
UChXOhG9bRDb3vSTg-qkPAZg,Gweilo-60,2019-02-19 18:32:40.159891,10814,1
UChXOhG9bRDb3vSTg-qkPAZg,Gweilo-60,2019-02-19 18:31:39.937468,10813,0
UChXOhG9bRDb3vSTg-qkPAZg,Gweilo-60,2019-02-19 18:30:39.87409,10813,0
UChXOhG9bRDb3vSTg-qkPAZg,Gweilo-60,2019-02-19 18:29:39.801286,10813,0
UChXOhG9bRDb3vSTg-qkPAZg,Gweilo-60,2019-02-19 18:28:39.815929,10813,0
UChXOhG9bRDb3vSTg-qkPAZg,Gweilo-60,2019-02-19 18:27:39.692834,10813,0
UChXOhG9bRDb3vSTg-qkPAZg,Gweilo-60,2019-02-19 18:26:40.360775,10813,0
UChXOhG9bRDb3vSTg-qkPAZg,Gweilo-60,2019-02-19 18:25:40.082929,10813,0
UChXOhG9bRDb3vSTg-qkPAZg,Gweilo-60,2019-02-19 18:24:39.770998,10813,0
UChXOhG9bRDb3vSTg-qkPAZg,Gweilo-60,2019-02-19 18:23:40.104398,10813,0
UChXOhG9bRDb3vSTg-qkPAZg,Gweilo-60,2019-02-19 18:22:40.226184,10813,0
UChXOhG9bRDb3vSTg-qkPAZg,Gweilo-60,2019-02-19 18:21:39.87466,10813,0
UChXOhG9bRDb3vSTg-qkPAZg,Gweilo-60,2019-02-19 18:20:40.087213,10813,0
UChXOhG9bRDb3vSTg-qkPAZg,Gweilo-60,2019-02-19 18:19:40.10434,10813,0
UChXOhG9bRDb3vSTg-qkPAZg,Gweilo-60,2019-02-19 18:18:39.672554,10813,0
UChXOhG9bRDb3vSTg-qkPAZg,Gweilo-60,2019-02-19 18:17:40.163971,10813,0
UChXOhG9bRDb3vSTg-qkPAZg,Gweilo-60,2019-02-19 18:16:40.375392,10813,0
UChXOhG9bRDb3vSTg-qkPAZg,Gweilo-60,2019-02-19 18:15:39.764789,10813,0
UChXOhG9bRDb3vSTg-qkPAZg,Gweilo-60,2019-02-19 18:14:40.02535,10813,0
UChXOhG9bRDb3vSTg-qkPAZg,Gweilo-60,2019-02-19 18:13:39.875687,10813,0
UChXOhG9bRDb3vSTg-qkPAZg,Gweilo-60,2019-02-19 18:12:39.663244,10813,0
UChXOhG9bRDb3vSTg-qkPAZg,Gweilo-60,2019-02-19 18:11:40.27189,10813,0
UChXOhG9bRDb3vSTg-qkPAZg,Gweilo-60,2019-02-19 18:10:39.674904,10813,0
UChXOhG9bRDb3vSTg-qkPAZg,Gweilo-60,2019-02-19 18:09:40.431615,10813,0
UChXOhG9bRDb3vSTg-qkPAZg,Gweilo-60,2019-02-19 18:08:39.688289,10813,0
UChXOhG9bRDb3vSTg-qkPAZg,Gweilo-60,2019-02-19 18:07:40.365501,10813,0
UChXOhG9bRDb3vSTg-qkPAZg,Gweilo-60,2019-02-19 18:06:39.468424,10813,0
UChXOhG9bRDb3vSTg-qkPAZg,Gweilo-60,2019-02-19 18:05:40.164167,10813,0
UChXOhG9bRDb3vSTg-qkPAZg,Gweilo-60,2019-02-19 18:04:39.782308,10813,0
UChXOhG9bRDb3vSTg-qkPAZg,Gweilo-60,2019-02-19 18:03:39.645504,10813,1
UChXOhG9bRDb3vSTg-qkPAZg,Gweilo-60,2019-02-19 18:02:40.310086,10812,0
UChXOhG9bRDb3vSTg-qkPAZg,Gweilo-60,2019-02-19 18:01:40.302765,10812,0
UChXOhG9bRDb3vSTg-qkPAZg,Gweilo-60,2019-02-19 18:00:40.074405,10812,0
UChXOhG9bRDb3vSTg-qkPAZg,Gweilo-60,2019-02-19 17:59:40.255039,10812,0
UChXOhG9bRDb3vSTg-qkPAZg,Gweilo-60,2019-02-19 17:58:40.159156,10812,0
UChXOhG9bRDb3vSTg-qkPAZg,Gweilo-60,2019-02-19 17:57:39.834207,10812,0
UChXOhG9bRDb3vSTg-qkPAZg,Gweilo-60,2019-02-19 17:56:39.980543,10812,0
UChXOhG9bRDb3vSTg-qkPAZg,Gweilo-60,2019-02-19 17:55:40.014398,10812,0
UChXOhG9bRDb3vSTg-qkPAZg,Gweilo-60,2019-02-19 17:54:40.876783,10812,0
UChXOhG9bRDb3vSTg-qkPAZg,Gweilo-60,2019-02-19 17:53:39.578652,10812,0
UChXOhG9bRDb3vSTg-qkPAZg,Gweilo-60,2019-02-19 17:52:39.567302,10812,0
UChXOhG9bRDb3vSTg-qkPAZg,Gweilo-60,2019-02-19 17:51:40.209918,10812,1
UChXOhG9bRDb3vSTg-qkPAZg,Gweilo-60,2019-02-19 17:50:40.160826,10811,0
UChXOhG9bRDb3vSTg-qkPAZg,Gweilo-60,2019-02-19 17:49:39.911952,10811,1
UChXOhG9bRDb3vSTg-qkPAZg,Gweilo-60,2019-02-19 17:48:39.834486,10810,0
UChXOhG9bRDb3vSTg-qkPAZg,Gweilo-60,2019-02-19 17:47:40.27988,10810,0
UChXOhG9bRDb3vSTg-qkPAZg,Gweilo-60,2019-02-19 17:46:39.57423,10810,0
UChXOhG9bRDb3vSTg-qkPAZg,Gweilo-60,2019-02-19 17:45:40.152312,10810,0
UChXOhG9bRDb3vSTg-qkPAZg,Gweilo-60,2019-02-19 17:44:40.228345,10810,0
UChXOhG9bRDb3vSTg-qkPAZg,Gweilo-60,2019-02-19 17:43:40.705736,10810,0
UChXOhG9bRDb3vSTg-qkPAZg,Gweilo-60,2019-02-19 17:42:40.026576,10810,0
UChXOhG9bRDb3vSTg-qkPAZg,Gweilo-60,2019-02-19 17:41:39.827846,10810,0
UChXOhG9bRDb3vSTg-qkPAZg,Gweilo-60,2019-02-19 17:40:40.698271,10810,0
UChXOhG9bRDb3vSTg-qkPAZg,Gweilo-60,2019-02-19 17:39:39.940036,10810,0
UChXOhG9bRDb3vSTg-qkPAZg,Gweilo-60,2019-02-19 17:38:39.33328,10810,0
UChXOhG9bRDb3vSTg-qkPAZg,Gweilo-60,2019-02-19 17:37:39.828451,10810,0
UChXOhG9bRDb3vSTg-qkPAZg,Gweilo-60,2019-02-19 17:36:40.861133,10810,0
UChXOhG9bRDb3vSTg-qkPAZg,Gweilo-60,2019-02-19 17:35:39.801336,10810,0
UChXOhG9bRDb3vSTg-qkPAZg,Gweilo-60,2019-02-19 17:34:39.885969,10810,0
UChXOhG9bRDb3vSTg-qkPAZg,Gweilo-60,2019-02-19 17:33:40.011253,10810,0
UChXOhG9bRDb3vSTg-qkPAZg,Gweilo-60,2019-02-19 17:32:39.817319,10810,0
UChXOhG9bRDb3vSTg-qkPAZg,Gweilo-60,2019-02-19 17:31:39.542075,10810,0
UChXOhG9bRDb3vSTg-qkPAZg,Gweilo-60,2019-02-19 17:30:40.773473,10810,0
UChXOhG9bRDb3vSTg-qkPAZg,Gweilo-60,2019-02-19 17:29:39.866861,10810,0
UChXOhG9bRDb3vSTg-qkPAZg,Gweilo-60,2019-02-19 17:28:40.423388,10810,0
UChXOhG9bRDb3vSTg-qkPAZg,Gweilo-60,2019-02-19 17:27:39.591093,10810,0
UChXOhG9bRDb3vSTg-qkPAZg,Gweilo-60,2019-02-19 17:26:40.040268,10810,0
UChXOhG9bRDb3vSTg-qkPAZg,Gweilo-60,2019-02-19 17:25:39.694907,10810,0
UChXOhG9bRDb3vSTg-qkPAZg,Gweilo-60,2019-02-19 17:24:40.153395,10810,0
UChXOhG9bRDb3vSTg-qkPAZg,Gweilo-60,2019-02-19 17:23:39.666053,10810,0
UChXOhG9bRDb3vSTg-qkPAZg,Gweilo-60,2019-02-19 17:22:40.204798,10810,0
UChXOhG9bRDb3vSTg-qkPAZg,Gweilo-60,2019-02-19 17:21:40.161445,10810,0
UChXOhG9bRDb3vSTg-qkPAZg,Gweilo-60,2019-02-19 17:20:39.709732,10810,0
UChXOhG9bRDb3vSTg-qkPAZg,Gweilo-60,2019-02-19 17:19:39.711726,10810,0
UChXOhG9bRDb3vSTg-qkPAZg,Gweilo-60,2019-02-19 17:18:40.099666,10810,0
UChXOhG9bRDb3vSTg-qkPAZg,Gweilo-60,2019-02-19 17:17:39.659126,10810,0
UChXOhG9bRDb3vSTg-qkPAZg,Gweilo-60,2019-02-19 17:16:40.333109,10810,0
UChXOhG9bRDb3vSTg-qkPAZg,Gweilo-60,2019-02-19 17:15:39.4348,10810,0
UChXOhG9bRDb3vSTg-qkPAZg,Gweilo-60,2019-02-19 17:14:39.752849,10810,0
UChXOhG9bRDb3vSTg-qkPAZg,Gweilo-60,2019-02-19 17:13:40.850065,10810,0
UChXOhG9bRDb3vSTg-qkPAZg,Gweilo-60,2019-02-19 17:12:39.813945,10810,0
UChXOhG9bRDb3vSTg-qkPAZg,Gweilo-60,2019-02-19 17:11:39.460337,10810,0
UChXOhG9bRDb3vSTg-qkPAZg,Gweilo-60,2019-02-19 17:10:39.940908,10810,0
UChXOhG9bRDb3vSTg-qkPAZg,Gweilo-60,2019-02-19 17:09:39.875186,10810,0
UChXOhG9bRDb3vSTg-qkPAZg,Gweilo-60,2019-02-19 17:08:40.246608,10810,0
UChXOhG9bRDb3vSTg-qkPAZg,Gweilo-60,2019-02-19 17:07:39.610599,10810,0
UChXOhG9bRDb3vSTg-qkPAZg,Gweilo-60,2019-02-19 17:06:39.725063,10810,0
UChXOhG9bRDb3vSTg-qkPAZg,Gweilo-60,2019-02-19 17:05:40.228064,10810,0
UChXOhG9bRDb3vSTg-qkPAZg,Gweilo-60,2019-02-19 17:04:40.065966,10810,0
UChXOhG9bRDb3vSTg-qkPAZg,Gweilo-60,2019-02-19 17:03:40.760397,10810,0
UChXOhG9bRDb3vSTg-qkPAZg,Gweilo-60,2019-02-19 17:02:39.72199,10810,0
UChXOhG9bRDb3vSTg-qkPAZg,Gweilo-60,2019-02-19 17:01:39.496319,10810,0
UChXOhG9bRDb3vSTg-qkPAZg,Gweilo-60,2019-02-19 17:00:40.148453,10810,0
UChXOhG9bRDb3vSTg-qkPAZg,Gweilo-60,2019-02-19 16:59:40.088423,10810,0
UChXOhG9bRDb3vSTg-qkPAZg,Gweilo-60,2019-02-19 16:58:40.251057,10810,0
UChXOhG9bRDb3vSTg-qkPAZg,Gweilo-60,2019-02-19 16:57:40.115057,10810,1
UChXOhG9bRDb3vSTg-qkPAZg,Gweilo-60,2019-02-19 16:56:40.171557,10809,0
UChXOhG9bRDb3vSTg-qkPAZg,Gweilo-60,2019-02-19 16:55:39.676705,10809,0
UChXOhG9bRDb3vSTg-qkPAZg,Gweilo-60,2019-02-19 16:54:39.937599,10809,0
UChXOhG9bRDb3vSTg-qkPAZg,Gweilo-60,2019-02-19 16:53:40.088757,10809,0
UChXOhG9bRDb3vSTg-qkPAZg,Gweilo-60,2019-02-19 16:52:39.822106,10809,0
UChXOhG9bRDb3vSTg-qkPAZg,Gweilo-60,2019-02-19 16:51:39.853801,10809,0
UChXOhG9bRDb3vSTg-qkPAZg,Gweilo-60,2019-02-19 16:50:39.69357,10809,0
UChXOhG9bRDb3vSTg-qkPAZg,Gweilo-60,2019-02-19 16:49:39.681494,10809,0
UChXOhG9bRDb3vSTg-qkPAZg,Gweilo-60,2019-02-19 16:48:39.655706,10809,0
UChXOhG9bRDb3vSTg-qkPAZg,Gweilo-60,2019-02-19 16:47:40.153927,10809,0
UChXOhG9bRDb3vSTg-qkPAZg,Gweilo-60,2019-02-19 16:46:39.857281,10809,0
UChXOhG9bRDb3vSTg-qkPAZg,Gweilo-60,2019-02-19 16:45:39.7213,10809,0
UChXOhG9bRDb3vSTg-qkPAZg,Gweilo-60,2019-02-19 16:44:39.844003,10809,0
UChXOhG9bRDb3vSTg-qkPAZg,Gweilo-60,2019-02-19 16:43:40.134183,10809,0
UChXOhG9bRDb3vSTg-qkPAZg,Gweilo-60,2019-02-19 16:42:39.842542,10809,0
UChXOhG9bRDb3vSTg-qkPAZg,Gweilo-60,2019-02-19 16:41:40.097567,10809,0
UChXOhG9bRDb3vSTg-qkPAZg,Gweilo-60,2019-02-19 16:40:40.112193,10809,0
UChXOhG9bRDb3vSTg-qkPAZg,Gweilo-60,2019-02-19 16:39:39.980725,10809,0
UChXOhG9bRDb3vSTg-qkPAZg,Gweilo-60,2019-02-19 16:38:39.977289,10809,0
UChXOhG9bRDb3vSTg-qkPAZg,Gweilo-60,2019-02-19 16:37:39.858786,10809,0
UChXOhG9bRDb3vSTg-qkPAZg,Gweilo-60,2019-02-19 16:36:39.740931,10809,0
UChXOhG9bRDb3vSTg-qkPAZg,Gweilo-60,2019-02-19 16:35:39.892764,10809,0
UChXOhG9bRDb3vSTg-qkPAZg,Gweilo-60,2019-02-19 16:34:39.790626,10809,0
UChXOhG9bRDb3vSTg-qkPAZg,Gweilo-60,2019-02-19 16:33:39.366781,10809,0
UChXOhG9bRDb3vSTg-qkPAZg,Gweilo-60,2019-02-19 16:32:40.362699,10809,0
UChXOhG9bRDb3vSTg-qkPAZg,Gweilo-60,2019-02-19 16:31:39.414593,10809,0
UChXOhG9bRDb3vSTg-qkPAZg,Gweilo-60,2019-02-19 16:30:39.959301,10809,0
UChXOhG9bRDb3vSTg-qkPAZg,Gweilo-60,2019-02-19 16:29:39.486,10809,0
UChXOhG9bRDb3vSTg-qkPAZg,Gweilo-60,2019-02-19 16:28:39.567324,10809,0
UChXOhG9bRDb3vSTg-qkPAZg,Gweilo-60,2019-02-19 16:27:40.461167,10809,0
UChXOhG9bRDb3vSTg-qkPAZg,Gweilo-60,2019-02-19 16:26:39.979492,10809,0
UChXOhG9bRDb3vSTg-qkPAZg,Gweilo-60,2019-02-19 16:25:39.665642,10809,0
UChXOhG9bRDb3vSTg-qkPAZg,Gweilo-60,2019-02-19 16:24:39.649332,10809,0
UChXOhG9bRDb3vSTg-qkPAZg,Gweilo-60,2019-02-19 16:23:39.574124,10809,1
UChXOhG9bRDb3vSTg-qkPAZg,Gweilo-60,2019-02-19 16:22:40.151008,10808,0
UChXOhG9bRDb3vSTg-qkPAZg,Gweilo-60,2019-02-19 16:21:39.851028,10808,0
UChXOhG9bRDb3vSTg-qkPAZg,Gweilo-60,2019-02-19 16:20:39.573921,10808,0
UChXOhG9bRDb3vSTg-qkPAZg,Gweilo-60,2019-02-19 16:19:39.477986,10808,0
UChXOhG9bRDb3vSTg-qkPAZg,Gweilo-60,2019-02-19 16:18:39.911139,10808,0
UChXOhG9bRDb3vSTg-qkPAZg,Gweilo-60,2019-02-19 16:17:39.576912,10808,0
UChXOhG9bRDb3vSTg-qkPAZg,Gweilo-60,2019-02-19 16:16:39.295695,10808,0
UChXOhG9bRDb3vSTg-qkPAZg,Gweilo-60,2019-02-19 16:15:39.46485,10808,0
UChXOhG9bRDb3vSTg-qkPAZg,Gweilo-60,2019-02-19 16:14:39.674724,10808,0
UChXOhG9bRDb3vSTg-qkPAZg,Gweilo-60,2019-02-19 16:13:39.842384,10808,0
UChXOhG9bRDb3vSTg-qkPAZg,Gweilo-60,2019-02-19 16:12:39.839518,10808,0
UChXOhG9bRDb3vSTg-qkPAZg,Gweilo-60,2019-02-19 16:11:39.701698,10808,0
UChXOhG9bRDb3vSTg-qkPAZg,Gweilo-60,2019-02-19 16:10:40.042429,10808,0
UChXOhG9bRDb3vSTg-qkPAZg,Gweilo-60,2019-02-19 16:09:39.72846,10808,0
UChXOhG9bRDb3vSTg-qkPAZg,Gweilo-60,2019-02-19 16:08:39.882736,10808,0
UChXOhG9bRDb3vSTg-qkPAZg,Gweilo-60,2019-02-19 16:07:40.017419,10808,0
UChXOhG9bRDb3vSTg-qkPAZg,Gweilo-60,2019-02-19 16:06:39.761231,10808,0
UChXOhG9bRDb3vSTg-qkPAZg,Gweilo-60,2019-02-19 16:05:39.840876,10808,0
UChXOhG9bRDb3vSTg-qkPAZg,Gweilo-60,2019-02-19 16:04:39.954474,10808,0
UChXOhG9bRDb3vSTg-qkPAZg,Gweilo-60,2019-02-19 16:03:39.588535,10808,0
UChXOhG9bRDb3vSTg-qkPAZg,Gweilo-60,2019-02-19 16:02:39.893846,10808,0
UChXOhG9bRDb3vSTg-qkPAZg,Gweilo-60,2019-02-19 16:01:40.441494,10808,0
UChXOhG9bRDb3vSTg-qkPAZg,Gweilo-60,2019-02-19 16:00:40.177755,10808,0
UChXOhG9bRDb3vSTg-qkPAZg,Gweilo-60,2019-02-19 15:59:39.391186,10808,0
UChXOhG9bRDb3vSTg-qkPAZg,Gweilo-60,2019-02-19 15:58:39.727446,10808,0
UChXOhG9bRDb3vSTg-qkPAZg,Gweilo-60,2019-02-19 15:57:39.785864,10808,0
UChXOhG9bRDb3vSTg-qkPAZg,Gweilo-60,2019-02-19 15:56:39.68937,10808,0
UChXOhG9bRDb3vSTg-qkPAZg,Gweilo-60,2019-02-19 15:55:39.69176,10808,0
UChXOhG9bRDb3vSTg-qkPAZg,Gweilo-60,2019-02-19 15:54:39.468562,10808,0
UChXOhG9bRDb3vSTg-qkPAZg,Gweilo-60,2019-02-19 15:53:40.262301,10808,0
UChXOhG9bRDb3vSTg-qkPAZg,Gweilo-60,2019-02-19 15:52:39.52429,10808,0
UChXOhG9bRDb3vSTg-qkPAZg,Gweilo-60,2019-02-19 15:51:39.508396,10808,0
UChXOhG9bRDb3vSTg-qkPAZg,Gweilo-60,2019-02-19 15:50:40.649774,10808,0
UChXOhG9bRDb3vSTg-qkPAZg,Gweilo-60,2019-02-19 15:49:39.494016,10808,0
UChXOhG9bRDb3vSTg-qkPAZg,Gweilo-60,2019-02-19 15:48:39.795236,10808,0
UChXOhG9bRDb3vSTg-qkPAZg,Gweilo-60,2019-02-19 15:47:39.736259,10808,0
UChXOhG9bRDb3vSTg-qkPAZg,Gweilo-60,2019-02-19 15:46:40.526847,10808,0
UChXOhG9bRDb3vSTg-qkPAZg,Gweilo-60,2019-02-19 15:45:40.15865,10808,0
UChXOhG9bRDb3vSTg-qkPAZg,Gweilo-60,2019-02-19 15:44:39.990201,10808,0
UChXOhG9bRDb3vSTg-qkPAZg,Gweilo-60,2019-02-19 15:43:39.946637,10808,0
UChXOhG9bRDb3vSTg-qkPAZg,Gweilo-60,2019-02-19 15:42:39.944614,10808,0
UChXOhG9bRDb3vSTg-qkPAZg,Gweilo-60,2019-02-19 15:41:40.706002,10808,0
UChXOhG9bRDb3vSTg-qkPAZg,Gweilo-60,2019-02-19 15:40:39.840927,10808,0
UChXOhG9bRDb3vSTg-qkPAZg,Gweilo-60,2019-02-19 15:39:39.366305,10808,0
UChXOhG9bRDb3vSTg-qkPAZg,Gweilo-60,2019-02-19 15:38:39.776034,10808,0
UChXOhG9bRDb3vSTg-qkPAZg,Gweilo-60,2019-02-19 15:37:39.496988,10808,0
UChXOhG9bRDb3vSTg-qkPAZg,Gweilo-60,2019-02-19 15:36:39.960358,10808,0
UChXOhG9bRDb3vSTg-qkPAZg,Gweilo-60,2019-02-19 15:35:40.039621,10808,0
UChXOhG9bRDb3vSTg-qkPAZg,Gweilo-60,2019-02-19 15:34:39.346325,10808,0
UChXOhG9bRDb3vSTg-qkPAZg,Gweilo-60,2019-02-19 15:33:40.077843,10808,0
UChXOhG9bRDb3vSTg-qkPAZg,Gweilo-60,2019-02-19 15:32:40.264873,10808,0
UChXOhG9bRDb3vSTg-qkPAZg,Gweilo-60,2019-02-19 15:31:39.848547,10808,0
UChXOhG9bRDb3vSTg-qkPAZg,Gweilo-60,2019-02-19 15:30:39.655654,10808,0
UChXOhG9bRDb3vSTg-qkPAZg,Gweilo-60,2019-02-19 15:29:40.5177,10808,0
UChXOhG9bRDb3vSTg-qkPAZg,Gweilo-60,2019-02-19 15:28:39.470838,10808,0
UChXOhG9bRDb3vSTg-qkPAZg,Gweilo-60,2019-02-19 15:27:39.781158,10808,0
UChXOhG9bRDb3vSTg-qkPAZg,Gweilo-60,2019-02-19 15:26:39.85801,10808,0
UChXOhG9bRDb3vSTg-qkPAZg,Gweilo-60,2019-02-19 15:25:39.485304,10808,0
UChXOhG9bRDb3vSTg-qkPAZg,Gweilo-60,2019-02-19 15:24:39.820141,10808,0
UChXOhG9bRDb3vSTg-qkPAZg,Gweilo-60,2019-02-19 15:23:39.6875,10808,0
UChXOhG9bRDb3vSTg-qkPAZg,Gweilo-60,2019-02-19 15:22:39.30309,10808,0
UChXOhG9bRDb3vSTg-qkPAZg,Gweilo-60,2019-02-19 15:21:39.939535,10808,0
UChXOhG9bRDb3vSTg-qkPAZg,Gweilo-60,2019-02-19 15:20:39.895654,10808,0
UChXOhG9bRDb3vSTg-qkPAZg,Gweilo-60,2019-02-19 15:19:39.286954,10808,0
UChXOhG9bRDb3vSTg-qkPAZg,Gweilo-60,2019-02-19 15:18:40.840973,10808,0
UChXOhG9bRDb3vSTg-qkPAZg,Gweilo-60,2019-02-19 15:17:39.917045,10808,0
UChXOhG9bRDb3vSTg-qkPAZg,Gweilo-60,2019-02-19 15:16:39.341974,10808,0
UChXOhG9bRDb3vSTg-qkPAZg,Gweilo-60,2019-02-19 15:15:39.397204,10808,0
UChXOhG9bRDb3vSTg-qkPAZg,Gweilo-60,2019-02-19 15:14:39.39721,10808,0
UChXOhG9bRDb3vSTg-qkPAZg,Gweilo-60,2019-02-19 15:13:39.689656,10808,0
UChXOhG9bRDb3vSTg-qkPAZg,Gweilo-60,2019-02-19 15:12:39.445791,10808,0
UChXOhG9bRDb3vSTg-qkPAZg,Gweilo-60,2019-02-19 15:11:39.604176,10808,0
UChXOhG9bRDb3vSTg-qkPAZg,Gweilo-60,2019-02-19 15:10:39.583717,10808,0
UChXOhG9bRDb3vSTg-qkPAZg,Gweilo-60,2019-02-19 15:09:39.403668,10808,0
UChXOhG9bRDb3vSTg-qkPAZg,Gweilo-60,2019-02-19 15:08:40.005728,10808,0
UChXOhG9bRDb3vSTg-qkPAZg,Gweilo-60,2019-02-19 15:07:39.913172,10808,0
UChXOhG9bRDb3vSTg-qkPAZg,Gweilo-60,2019-02-19 15:06:39.680036,10808,0
UChXOhG9bRDb3vSTg-qkPAZg,Gweilo-60,2019-02-19 15:05:39.546891,10808,0
UChXOhG9bRDb3vSTg-qkPAZg,Gweilo-60,2019-02-19 15:04:39.672963,10808,0
UChXOhG9bRDb3vSTg-qkPAZg,Gweilo-60,2019-02-19 15:03:39.464195,10808,0
UChXOhG9bRDb3vSTg-qkPAZg,Gweilo-60,2019-02-19 15:02:39.904222,10808,0
UChXOhG9bRDb3vSTg-qkPAZg,Gweilo-60,2019-02-19 15:01:39.859958,10808,0
UChXOhG9bRDb3vSTg-qkPAZg,Gweilo-60,2019-02-19 15:00:39.296306,10808,0
UChXOhG9bRDb3vSTg-qkPAZg,Gweilo-60,2019-02-19 14:59:39.3995,10808,0
UChXOhG9bRDb3vSTg-qkPAZg,Gweilo-60,2019-02-19 14:58:39.687259,10808,0
UChXOhG9bRDb3vSTg-qkPAZg,Gweilo-60,2019-02-19 14:57:39.532458,10808,0
UChXOhG9bRDb3vSTg-qkPAZg,Gweilo-60,2019-02-19 14:56:39.626384,10808,0
UChXOhG9bRDb3vSTg-qkPAZg,Gweilo-60,2019-02-19 14:55:39.681272,10808,0
UChXOhG9bRDb3vSTg-qkPAZg,Gweilo-60,2019-02-19 14:54:39.856461,10808,0
UChXOhG9bRDb3vSTg-qkPAZg,Gweilo-60,2019-02-19 14:53:39.872868,10808,0
UChXOhG9bRDb3vSTg-qkPAZg,Gweilo-60,2019-02-19 14:52:39.681212,10808,0
UChXOhG9bRDb3vSTg-qkPAZg,Gweilo-60,2019-02-19 14:51:40.118297,10808,0
UChXOhG9bRDb3vSTg-qkPAZg,Gweilo-60,2019-02-19 14:50:39.243022,10808,0
UChXOhG9bRDb3vSTg-qkPAZg,Gweilo-60,2019-02-19 14:49:40.155587,10808,0
UChXOhG9bRDb3vSTg-qkPAZg,Gweilo-60,2019-02-19 14:48:39.881853,10808,0
UChXOhG9bRDb3vSTg-qkPAZg,Gweilo-60,2019-02-19 14:47:40.626547,10808,0
UChXOhG9bRDb3vSTg-qkPAZg,Gweilo-60,2019-02-19 14:46:40.304723,10808,0
UChXOhG9bRDb3vSTg-qkPAZg,Gweilo-60,2019-02-19 14:45:39.915862,10808,0
UChXOhG9bRDb3vSTg-qkPAZg,Gweilo-60,2019-02-19 14:44:39.668485,10808,0
UChXOhG9bRDb3vSTg-qkPAZg,Gweilo-60,2019-02-19 14:43:39.08795,10808,0
UChXOhG9bRDb3vSTg-qkPAZg,Gweilo-60,2019-02-19 14:42:39.75977,10808,0
UChXOhG9bRDb3vSTg-qkPAZg,Gweilo-60,2019-02-19 14:41:39.675442,10808,0
UChXOhG9bRDb3vSTg-qkPAZg,Gweilo-60,2019-02-19 14:40:39.617348,10808,0
UChXOhG9bRDb3vSTg-qkPAZg,Gweilo-60,2019-02-19 14:39:39.824899,10808,0
UChXOhG9bRDb3vSTg-qkPAZg,Gweilo-60,2019-02-19 14:38:39.467915,10808,0
UChXOhG9bRDb3vSTg-qkPAZg,Gweilo-60,2019-02-19 14:37:39.768968,10808,0
UChXOhG9bRDb3vSTg-qkPAZg,Gweilo-60,2019-02-19 14:36:39.944155,10808,1
UChXOhG9bRDb3vSTg-qkPAZg,Gweilo-60,2019-02-19 14:35:39.015588,10807,0
UChXOhG9bRDb3vSTg-qkPAZg,Gweilo-60,2019-02-19 14:34:39.665127,10807,0
UChXOhG9bRDb3vSTg-qkPAZg,Gweilo-60,2019-02-19 14:33:39.941312,10807,0
UChXOhG9bRDb3vSTg-qkPAZg,Gweilo-60,2019-02-19 14:32:39.448885,10807,0
UChXOhG9bRDb3vSTg-qkPAZg,Gweilo-60,2019-02-19 14:31:39.619112,10807,0
UChXOhG9bRDb3vSTg-qkPAZg,Gweilo-60,2019-02-19 14:30:39.647537,10807,0
UChXOhG9bRDb3vSTg-qkPAZg,Gweilo-60,2019-02-19 14:29:40.382706,10807,0
UChXOhG9bRDb3vSTg-qkPAZg,Gweilo-60,2019-02-19 14:28:39.14736,10807,1
UChXOhG9bRDb3vSTg-qkPAZg,Gweilo-60,2019-02-19 14:27:39.303455,10806,0
UChXOhG9bRDb3vSTg-qkPAZg,Gweilo-60,2019-02-19 14:26:39.367842,10806,0
UChXOhG9bRDb3vSTg-qkPAZg,Gweilo-60,2019-02-19 14:25:39.287429,10806,0
UChXOhG9bRDb3vSTg-qkPAZg,Gweilo-60,2019-02-19 14:24:40.21134,10806,0
UChXOhG9bRDb3vSTg-qkPAZg,Gweilo-60,2019-02-19 14:23:39.261783,10806,0
UChXOhG9bRDb3vSTg-qkPAZg,Gweilo-60,2019-02-19 14:22:39.908071,10806,0
UChXOhG9bRDb3vSTg-qkPAZg,Gweilo-60,2019-02-19 14:21:39.936359,10806,0
UChXOhG9bRDb3vSTg-qkPAZg,Gweilo-60,2019-02-19 14:20:39.678869,10806,0
UChXOhG9bRDb3vSTg-qkPAZg,Gweilo-60,2019-02-19 14:19:39.009656,10806,0
UChXOhG9bRDb3vSTg-qkPAZg,Gweilo-60,2019-02-19 14:18:39.267895,10806,0
UChXOhG9bRDb3vSTg-qkPAZg,Gweilo-60,2019-02-19 14:17:38.948433,10806,0
UChXOhG9bRDb3vSTg-qkPAZg,Gweilo-60,2019-02-19 14:16:39.100486,10806,0
UChXOhG9bRDb3vSTg-qkPAZg,Gweilo-60,2019-02-19 14:15:39.796049,10806,0
UChXOhG9bRDb3vSTg-qkPAZg,Gweilo-60,2019-02-19 14:14:39.573029,10806,0
UChXOhG9bRDb3vSTg-qkPAZg,Gweilo-60,2019-02-19 14:13:39.824409,10806,0
UChXOhG9bRDb3vSTg-qkPAZg,Gweilo-60,2019-02-19 14:12:39.889923,10806,1
UChXOhG9bRDb3vSTg-qkPAZg,Gweilo-60,2019-02-19 14:11:40.178252,10805,0
UChXOhG9bRDb3vSTg-qkPAZg,Gweilo-60,2019-02-19 14:10:38.986916,10805,0
UChXOhG9bRDb3vSTg-qkPAZg,Gweilo-60,2019-02-19 14:09:39.254995,10805,0
UChXOhG9bRDb3vSTg-qkPAZg,Gweilo-60,2019-02-19 14:08:39.816905,10805,0
UChXOhG9bRDb3vSTg-qkPAZg,Gweilo-60,2019-02-19 14:07:40.007277,10805,1
UChXOhG9bRDb3vSTg-qkPAZg,Gweilo-60,2019-02-19 14:06:39.576518,10804,0
UChXOhG9bRDb3vSTg-qkPAZg,Gweilo-60,2019-02-19 14:05:39.515511,10804,0
UChXOhG9bRDb3vSTg-qkPAZg,Gweilo-60,2019-02-19 14:04:39.265308,10804,0
UChXOhG9bRDb3vSTg-qkPAZg,Gweilo-60,2019-02-19 14:03:39.544033,10804,0
UChXOhG9bRDb3vSTg-qkPAZg,Gweilo-60,2019-02-19 14:02:39.421758,10804,0
UChXOhG9bRDb3vSTg-qkPAZg,Gweilo-60,2019-02-19 14:01:39.692065,10804,0
UChXOhG9bRDb3vSTg-qkPAZg,Gweilo-60,2019-02-19 14:00:39.266717,10804,0
UChXOhG9bRDb3vSTg-qkPAZg,Gweilo-60,2019-02-19 13:59:39.923415,10804,0
UChXOhG9bRDb3vSTg-qkPAZg,Gweilo-60,2019-02-19 13:58:40.54262,10804,0
UChXOhG9bRDb3vSTg-qkPAZg,Gweilo-60,2019-02-19 13:57:39.695967,10804,1
UChXOhG9bRDb3vSTg-qkPAZg,Gweilo-60,2019-02-19 13:56:39.645813,10803,0
UChXOhG9bRDb3vSTg-qkPAZg,Gweilo-60,2019-02-19 13:55:39.212437,10803,0
UChXOhG9bRDb3vSTg-qkPAZg,Gweilo-60,2019-02-19 13:54:39.294431,10803,0
UChXOhG9bRDb3vSTg-qkPAZg,Gweilo-60,2019-02-19 13:53:39.875742,10803,0
UChXOhG9bRDb3vSTg-qkPAZg,Gweilo-60,2019-02-19 13:52:39.354476,10803,0
UChXOhG9bRDb3vSTg-qkPAZg,Gweilo-60,2019-02-19 13:51:39.91625,10803,0
UChXOhG9bRDb3vSTg-qkPAZg,Gweilo-60,2019-02-19 13:50:39.837261,10803,0
UChXOhG9bRDb3vSTg-qkPAZg,Gweilo-60,2019-02-19 13:49:39.823685,10803,0
UChXOhG9bRDb3vSTg-qkPAZg,Gweilo-60,2019-02-19 13:48:40.049387,10803,0
UChXOhG9bRDb3vSTg-qkPAZg,Gweilo-60,2019-02-19 13:47:39.550496,10803,0
UChXOhG9bRDb3vSTg-qkPAZg,Gweilo-60,2019-02-19 13:46:40.081402,10803,0
UChXOhG9bRDb3vSTg-qkPAZg,Gweilo-60,2019-02-19 13:45:39.553386,10803,1
UChXOhG9bRDb3vSTg-qkPAZg,Gweilo-60,2019-02-19 13:44:39.992561,10802,0
UChXOhG9bRDb3vSTg-qkPAZg,Gweilo-60,2019-02-19 13:43:39.527971,10802,0
UChXOhG9bRDb3vSTg-qkPAZg,Gweilo-60,2019-02-19 13:42:39.712627,10802,0
UChXOhG9bRDb3vSTg-qkPAZg,Gweilo-60,2019-02-19 13:41:39.873232,10802,0
UChXOhG9bRDb3vSTg-qkPAZg,Gweilo-60,2019-02-19 13:40:39.506794,10802,0
UChXOhG9bRDb3vSTg-qkPAZg,Gweilo-60,2019-02-19 13:39:39.413775,10802,0
UChXOhG9bRDb3vSTg-qkPAZg,Gweilo-60,2019-02-19 13:38:39.294947,10802,0
UChXOhG9bRDb3vSTg-qkPAZg,Gweilo-60,2019-02-19 13:37:40.004073,10802,0
UChXOhG9bRDb3vSTg-qkPAZg,Gweilo-60,2019-02-19 13:36:39.727778,10802,0
UChXOhG9bRDb3vSTg-qkPAZg,Gweilo-60,2019-02-19 13:35:39.656974,10802,0
UChXOhG9bRDb3vSTg-qkPAZg,Gweilo-60,2019-02-19 13:34:39.979284,10802,0
UChXOhG9bRDb3vSTg-qkPAZg,Gweilo-60,2019-02-19 13:33:39.25489,10802,0
UChXOhG9bRDb3vSTg-qkPAZg,Gweilo-60,2019-02-19 13:32:39.685612,10802,0
UChXOhG9bRDb3vSTg-qkPAZg,Gweilo-60,2019-02-19 13:31:39.383012,10802,0
UChXOhG9bRDb3vSTg-qkPAZg,Gweilo-60,2019-02-19 13:30:39.810094,10802,0
UChXOhG9bRDb3vSTg-qkPAZg,Gweilo-60,2019-02-19 13:29:39.811188,10802,0
UChXOhG9bRDb3vSTg-qkPAZg,Gweilo-60,2019-02-19 13:28:39.438661,10802,0
UChXOhG9bRDb3vSTg-qkPAZg,Gweilo-60,2019-02-19 13:27:40.034734,10802,0
UChXOhG9bRDb3vSTg-qkPAZg,Gweilo-60,2019-02-19 13:26:40.008524,10802,0
UChXOhG9bRDb3vSTg-qkPAZg,Gweilo-60,2019-02-19 13:25:40.428402,10802,0
UChXOhG9bRDb3vSTg-qkPAZg,Gweilo-60,2019-02-19 13:24:39.758885,10802,0
UChXOhG9bRDb3vSTg-qkPAZg,Gweilo-60,2019-02-19 13:23:40.75915,10802,0
UChXOhG9bRDb3vSTg-qkPAZg,Gweilo-60,2019-02-19 13:22:40.094302,10802,1
UChXOhG9bRDb3vSTg-qkPAZg,Gweilo-60,2019-02-19 13:21:39.411955,10801,0
UChXOhG9bRDb3vSTg-qkPAZg,Gweilo-60,2019-02-19 13:20:39.807811,10801,0
UChXOhG9bRDb3vSTg-qkPAZg,Gweilo-60,2019-02-19 13:19:39.868381,10801,0
UChXOhG9bRDb3vSTg-qkPAZg,Gweilo-60,2019-02-19 13:18:39.636407,10801,0
UChXOhG9bRDb3vSTg-qkPAZg,Gweilo-60,2019-02-19 13:17:39.639836,10801,0
UChXOhG9bRDb3vSTg-qkPAZg,Gweilo-60,2019-02-19 13:16:39.301758,10801,0
UChXOhG9bRDb3vSTg-qkPAZg,Gweilo-60,2019-02-19 13:15:39.821934,10801,0
UChXOhG9bRDb3vSTg-qkPAZg,Gweilo-60,2019-02-19 13:14:39.492732,10801,0
UChXOhG9bRDb3vSTg-qkPAZg,Gweilo-60,2019-02-19 13:13:39.644087,10801,0
UChXOhG9bRDb3vSTg-qkPAZg,Gweilo-60,2019-02-19 13:12:40.030639,10801,0
UChXOhG9bRDb3vSTg-qkPAZg,Gweilo-60,2019-02-19 13:11:39.984911,10801,0
UChXOhG9bRDb3vSTg-qkPAZg,Gweilo-60,2019-02-19 13:10:39.793275,10801,0
UChXOhG9bRDb3vSTg-qkPAZg,Gweilo-60,2019-02-19 13:09:39.594989,10801,0
UChXOhG9bRDb3vSTg-qkPAZg,Gweilo-60,2019-02-19 13:08:39.789842,10801,0
UChXOhG9bRDb3vSTg-qkPAZg,Gweilo-60,2019-02-19 13:07:39.524404,10801,0
UChXOhG9bRDb3vSTg-qkPAZg,Gweilo-60,2019-02-19 13:06:39.221686,10801,0
UChXOhG9bRDb3vSTg-qkPAZg,Gweilo-60,2019-02-19 13:05:39.343002,10801,0
UChXOhG9bRDb3vSTg-qkPAZg,Gweilo-60,2019-02-19 13:04:39.862382,10801,0
UChXOhG9bRDb3vSTg-qkPAZg,Gweilo-60,2019-02-19 13:03:39.545505,10801,1
UChXOhG9bRDb3vSTg-qkPAZg,Gweilo-60,2019-02-19 13:02:39.820805,10800,0
UChXOhG9bRDb3vSTg-qkPAZg,Gweilo-60,2019-02-19 13:01:39.829765,10800,0
UChXOhG9bRDb3vSTg-qkPAZg,Gweilo-60,2019-02-19 13:00:39.448744,10800,0
UChXOhG9bRDb3vSTg-qkPAZg,Gweilo-60,2019-02-19 12:59:39.619178,10800,0
UChXOhG9bRDb3vSTg-qkPAZg,Gweilo-60,2019-02-19 12:58:39.648862,10800,0
UChXOhG9bRDb3vSTg-qkPAZg,Gweilo-60,2019-02-19 12:57:40.260738,10800,0
UChXOhG9bRDb3vSTg-qkPAZg,Gweilo-60,2019-02-19 12:56:40.622173,10800,0
UChXOhG9bRDb3vSTg-qkPAZg,Gweilo-60,2019-02-19 12:55:39.721288,10800,0
UChXOhG9bRDb3vSTg-qkPAZg,Gweilo-60,2019-02-19 12:54:39.599262,10800,0
UChXOhG9bRDb3vSTg-qkPAZg,Gweilo-60,2019-02-19 12:53:39.822684,10800,0
UChXOhG9bRDb3vSTg-qkPAZg,Gweilo-60,2019-02-19 12:52:40.09184,10800,0
UChXOhG9bRDb3vSTg-qkPAZg,Gweilo-60,2019-02-19 12:51:39.901406,10800,0
UChXOhG9bRDb3vSTg-qkPAZg,Gweilo-60,2019-02-19 12:50:40.03787,10800,0
UChXOhG9bRDb3vSTg-qkPAZg,Gweilo-60,2019-02-19 12:49:40.125969,10800,0
UChXOhG9bRDb3vSTg-qkPAZg,Gweilo-60,2019-02-19 12:48:39.230164,10800,0
UChXOhG9bRDb3vSTg-qkPAZg,Gweilo-60,2019-02-19 12:47:39.68646,10800,0
UChXOhG9bRDb3vSTg-qkPAZg,Gweilo-60,2019-02-19 12:46:39.665644,10800,0
UChXOhG9bRDb3vSTg-qkPAZg,Gweilo-60,2019-02-19 12:45:39.968484,10800,0
UChXOhG9bRDb3vSTg-qkPAZg,Gweilo-60,2019-02-19 12:44:39.760156,10800,0
UChXOhG9bRDb3vSTg-qkPAZg,Gweilo-60,2019-02-19 12:43:39.811974,10800,0
UChXOhG9bRDb3vSTg-qkPAZg,Gweilo-60,2019-02-19 12:42:39.342205,10800,0
UChXOhG9bRDb3vSTg-qkPAZg,Gweilo-60,2019-02-19 12:41:39.979296,10800,0
UChXOhG9bRDb3vSTg-qkPAZg,Gweilo-60,2019-02-19 12:40:39.509618,10800,0
UChXOhG9bRDb3vSTg-qkPAZg,Gweilo-60,2019-02-19 12:39:39.875036,10800,0
UChXOhG9bRDb3vSTg-qkPAZg,Gweilo-60,2019-02-19 12:38:39.052064,10800,0
UChXOhG9bRDb3vSTg-qkPAZg,Gweilo-60,2019-02-19 12:37:39.570539,10800,0
UChXOhG9bRDb3vSTg-qkPAZg,Gweilo-60,2019-02-19 12:36:39.700703,10800,0
UChXOhG9bRDb3vSTg-qkPAZg,Gweilo-60,2019-02-19 12:35:39.664218,10800,0
UChXOhG9bRDb3vSTg-qkPAZg,Gweilo-60,2019-02-19 12:34:39.811175,10800,0
UChXOhG9bRDb3vSTg-qkPAZg,Gweilo-60,2019-02-19 12:33:39.426889,10800,0
UChXOhG9bRDb3vSTg-qkPAZg,Gweilo-60,2019-02-19 12:32:40.557519,10800,1
UChXOhG9bRDb3vSTg-qkPAZg,Gweilo-60,2019-02-19 12:31:39.202667,10799,0
UChXOhG9bRDb3vSTg-qkPAZg,Gweilo-60,2019-02-19 12:30:39.823352,10799,0
UChXOhG9bRDb3vSTg-qkPAZg,Gweilo-60,2019-02-19 12:29:39.193114,10799,0
UChXOhG9bRDb3vSTg-qkPAZg,Gweilo-60,2019-02-19 12:28:39.748501,10799,0
UChXOhG9bRDb3vSTg-qkPAZg,Gweilo-60,2019-02-19 12:27:39.33602,10799,0
UChXOhG9bRDb3vSTg-qkPAZg,Gweilo-60,2019-02-19 12:26:40.000529,10799,0
UChXOhG9bRDb3vSTg-qkPAZg,Gweilo-60,2019-02-19 12:25:39.27453,10799,0
UChXOhG9bRDb3vSTg-qkPAZg,Gweilo-60,2019-02-19 12:24:39.470882,10799,0
UChXOhG9bRDb3vSTg-qkPAZg,Gweilo-60,2019-02-19 12:23:39.49516,10799,0
UChXOhG9bRDb3vSTg-qkPAZg,Gweilo-60,2019-02-19 12:22:39.258756,10799,0
UChXOhG9bRDb3vSTg-qkPAZg,Gweilo-60,2019-02-19 12:21:39.68132,10799,0
UChXOhG9bRDb3vSTg-qkPAZg,Gweilo-60,2019-02-19 12:20:40.051043,10799,0
UChXOhG9bRDb3vSTg-qkPAZg,Gweilo-60,2019-02-19 12:19:39.53856,10799,0
UChXOhG9bRDb3vSTg-qkPAZg,Gweilo-60,2019-02-19 12:18:40.03687,10799,0
UChXOhG9bRDb3vSTg-qkPAZg,Gweilo-60,2019-02-19 12:17:39.780796,10799,1
UChXOhG9bRDb3vSTg-qkPAZg,Gweilo-60,2019-02-19 12:16:40.100017,10798,0
UChXOhG9bRDb3vSTg-qkPAZg,Gweilo-60,2019-02-19 12:15:39.690104,10798,0
UChXOhG9bRDb3vSTg-qkPAZg,Gweilo-60,2019-02-19 12:14:39.476762,10798,0
UChXOhG9bRDb3vSTg-qkPAZg,Gweilo-60,2019-02-19 12:13:40.18321,10798,0
UChXOhG9bRDb3vSTg-qkPAZg,Gweilo-60,2019-02-19 12:12:39.626776,10798,0
UChXOhG9bRDb3vSTg-qkPAZg,Gweilo-60,2019-02-19 12:11:39.733353,10798,0
UChXOhG9bRDb3vSTg-qkPAZg,Gweilo-60,2019-02-19 12:10:40.03239,10798,0
UChXOhG9bRDb3vSTg-qkPAZg,Gweilo-60,2019-02-19 12:09:39.782104,10798,0
UChXOhG9bRDb3vSTg-qkPAZg,Gweilo-60,2019-02-19 12:08:39.674065,10798,0
UChXOhG9bRDb3vSTg-qkPAZg,Gweilo-60,2019-02-19 12:07:39.765457,10798,0
UChXOhG9bRDb3vSTg-qkPAZg,Gweilo-60,2019-02-19 12:06:39.684412,10798,0
UChXOhG9bRDb3vSTg-qkPAZg,Gweilo-60,2019-02-19 12:05:40.09375,10798,0
UChXOhG9bRDb3vSTg-qkPAZg,Gweilo-60,2019-02-19 12:04:39.521975,10798,0
UChXOhG9bRDb3vSTg-qkPAZg,Gweilo-60,2019-02-19 12:03:40.338236,10798,0
UChXOhG9bRDb3vSTg-qkPAZg,Gweilo-60,2019-02-19 12:02:40.236811,10798,0
UChXOhG9bRDb3vSTg-qkPAZg,Gweilo-60,2019-02-19 12:01:39.30281,10798,0
UChXOhG9bRDb3vSTg-qkPAZg,Gweilo-60,2019-02-19 12:00:40.079387,10798,0
UChXOhG9bRDb3vSTg-qkPAZg,Gweilo-60,2019-02-19 11:59:39.736518,10798,0
UChXOhG9bRDb3vSTg-qkPAZg,Gweilo-60,2019-02-19 11:58:39.107096,10798,0
UChXOhG9bRDb3vSTg-qkPAZg,Gweilo-60,2019-02-19 11:57:39.505066,10798,0
UChXOhG9bRDb3vSTg-qkPAZg,Gweilo-60,2019-02-19 11:56:39.770816,10798,0
UChXOhG9bRDb3vSTg-qkPAZg,Gweilo-60,2019-02-19 11:55:39.572816,10798,0
UChXOhG9bRDb3vSTg-qkPAZg,Gweilo-60,2019-02-19 11:54:39.394519,10798,0
UChXOhG9bRDb3vSTg-qkPAZg,Gweilo-60,2019-02-19 11:53:39.838502,10798,0
UChXOhG9bRDb3vSTg-qkPAZg,Gweilo-60,2019-02-19 11:52:39.32305,10798,0
UChXOhG9bRDb3vSTg-qkPAZg,Gweilo-60,2019-02-19 11:51:39.711992,10798,0
UChXOhG9bRDb3vSTg-qkPAZg,Gweilo-60,2019-02-19 11:50:39.502245,10798,0
UChXOhG9bRDb3vSTg-qkPAZg,Gweilo-60,2019-02-19 11:49:39.748095,10798,0
UChXOhG9bRDb3vSTg-qkPAZg,Gweilo-60,2019-02-19 11:48:39.806174,10798,0
UChXOhG9bRDb3vSTg-qkPAZg,Gweilo-60,2019-02-19 11:47:39.491238,10798,0
UChXOhG9bRDb3vSTg-qkPAZg,Gweilo-60,2019-02-19 11:46:39.474769,10798,0
UChXOhG9bRDb3vSTg-qkPAZg,Gweilo-60,2019-02-19 11:45:39.300058,10798,0
UChXOhG9bRDb3vSTg-qkPAZg,Gweilo-60,2019-02-19 11:44:39.359958,10798,1
UChXOhG9bRDb3vSTg-qkPAZg,Gweilo-60,2019-02-19 11:43:39.263091,10797,0
UChXOhG9bRDb3vSTg-qkPAZg,Gweilo-60,2019-02-19 11:42:39.418507,10797,0
UChXOhG9bRDb3vSTg-qkPAZg,Gweilo-60,2019-02-19 11:41:39.201132,10797,0
UChXOhG9bRDb3vSTg-qkPAZg,Gweilo-60,2019-02-19 11:40:39.779373,10797,0
UChXOhG9bRDb3vSTg-qkPAZg,Gweilo-60,2019-02-19 11:39:39.847334,10797,0
UChXOhG9bRDb3vSTg-qkPAZg,Gweilo-60,2019-02-19 11:38:39.819209,10797,0
UChXOhG9bRDb3vSTg-qkPAZg,Gweilo-60,2019-02-19 11:37:39.638456,10797,0
UChXOhG9bRDb3vSTg-qkPAZg,Gweilo-60,2019-02-19 11:36:39.80473,10797,0
UChXOhG9bRDb3vSTg-qkPAZg,Gweilo-60,2019-02-19 11:35:39.287088,10797,0
UChXOhG9bRDb3vSTg-qkPAZg,Gweilo-60,2019-02-19 11:34:39.623969,10797,0
UChXOhG9bRDb3vSTg-qkPAZg,Gweilo-60,2019-02-19 11:33:40.492069,10797,0
UChXOhG9bRDb3vSTg-qkPAZg,Gweilo-60,2019-02-19 11:32:39.005919,10797,0
UChXOhG9bRDb3vSTg-qkPAZg,Gweilo-60,2019-02-19 11:31:39.467633,10797,0
UChXOhG9bRDb3vSTg-qkPAZg,Gweilo-60,2019-02-19 11:30:39.716263,10797,0
UChXOhG9bRDb3vSTg-qkPAZg,Gweilo-60,2019-02-19 11:29:39.865872,10797,0
UChXOhG9bRDb3vSTg-qkPAZg,Gweilo-60,2019-02-19 11:28:39.677277,10797,0
UChXOhG9bRDb3vSTg-qkPAZg,Gweilo-60,2019-02-19 11:27:40.240424,10797,0
UChXOhG9bRDb3vSTg-qkPAZg,Gweilo-60,2019-02-19 11:26:39.686903,10797,0
UChXOhG9bRDb3vSTg-qkPAZg,Gweilo-60,2019-02-19 11:25:40.27634,10797,0
UChXOhG9bRDb3vSTg-qkPAZg,Gweilo-60,2019-02-19 11:24:40.731281,10797,0
UChXOhG9bRDb3vSTg-qkPAZg,Gweilo-60,2019-02-19 11:23:39.947338,10797,0
UChXOhG9bRDb3vSTg-qkPAZg,Gweilo-60,2019-02-19 11:22:39.736175,10797,0
UChXOhG9bRDb3vSTg-qkPAZg,Gweilo-60,2019-02-19 11:21:39.897048,10797,0
UChXOhG9bRDb3vSTg-qkPAZg,Gweilo-60,2019-02-19 11:20:39.719966,10797,0
UChXOhG9bRDb3vSTg-qkPAZg,Gweilo-60,2019-02-19 11:19:40.350377,10797,0
UChXOhG9bRDb3vSTg-qkPAZg,Gweilo-60,2019-02-19 11:18:39.684239,10797,0
UChXOhG9bRDb3vSTg-qkPAZg,Gweilo-60,2019-02-19 11:17:40.276875,10797,0
UChXOhG9bRDb3vSTg-qkPAZg,Gweilo-60,2019-02-19 11:16:39.380234,10797,0
UChXOhG9bRDb3vSTg-qkPAZg,Gweilo-60,2019-02-19 11:15:40.00349,10797,0
UChXOhG9bRDb3vSTg-qkPAZg,Gweilo-60,2019-02-19 11:14:39.547066,10797,0
UChXOhG9bRDb3vSTg-qkPAZg,Gweilo-60,2019-02-19 11:13:39.35243,10797,0
UChXOhG9bRDb3vSTg-qkPAZg,Gweilo-60,2019-02-19 11:12:40.002761,10797,0
UChXOhG9bRDb3vSTg-qkPAZg,Gweilo-60,2019-02-19 11:11:39.918093,10797,0
UChXOhG9bRDb3vSTg-qkPAZg,Gweilo-60,2019-02-19 11:10:39.623082,10797,0
UChXOhG9bRDb3vSTg-qkPAZg,Gweilo-60,2019-02-19 11:09:39.625284,10797,0
UChXOhG9bRDb3vSTg-qkPAZg,Gweilo-60,2019-02-19 11:08:39.619445,10797,0
UChXOhG9bRDb3vSTg-qkPAZg,Gweilo-60,2019-02-19 11:07:39.245794,10797,0
UChXOhG9bRDb3vSTg-qkPAZg,Gweilo-60,2019-02-19 11:06:39.82828,10797,0
UChXOhG9bRDb3vSTg-qkPAZg,Gweilo-60,2019-02-19 11:05:39.444333,10797,0
UChXOhG9bRDb3vSTg-qkPAZg,Gweilo-60,2019-02-19 11:04:40.120942,10797,0
UChXOhG9bRDb3vSTg-qkPAZg,Gweilo-60,2019-02-19 11:03:39.621389,10797,0
UChXOhG9bRDb3vSTg-qkPAZg,Gweilo-60,2019-02-19 11:02:39.973324,10797,0
UChXOhG9bRDb3vSTg-qkPAZg,Gweilo-60,2019-02-19 11:01:40.294478,10797,0
UChXOhG9bRDb3vSTg-qkPAZg,Gweilo-60,2019-02-19 11:00:39.531299,10797,0
UChXOhG9bRDb3vSTg-qkPAZg,Gweilo-60,2019-02-19 10:59:39.70912,10797,0
UChXOhG9bRDb3vSTg-qkPAZg,Gweilo-60,2019-02-19 10:58:39.328556,10797,0
UChXOhG9bRDb3vSTg-qkPAZg,Gweilo-60,2019-02-19 10:57:39.852383,10797,0
UChXOhG9bRDb3vSTg-qkPAZg,Gweilo-60,2019-02-19 10:56:39.32505,10797,0
UChXOhG9bRDb3vSTg-qkPAZg,Gweilo-60,2019-02-19 10:55:40.010897,10797,0
UChXOhG9bRDb3vSTg-qkPAZg,Gweilo-60,2019-02-19 10:54:39.756946,10797,0
UChXOhG9bRDb3vSTg-qkPAZg,Gweilo-60,2019-02-19 10:53:40.229125,10797,0
UChXOhG9bRDb3vSTg-qkPAZg,Gweilo-60,2019-02-19 10:52:39.544927,10797,0
UChXOhG9bRDb3vSTg-qkPAZg,Gweilo-60,2019-02-19 10:51:39.730746,10797,0
UChXOhG9bRDb3vSTg-qkPAZg,Gweilo-60,2019-02-19 10:50:39.534649,10797,0
UChXOhG9bRDb3vSTg-qkPAZg,Gweilo-60,2019-02-19 10:49:39.831162,10797,0
UChXOhG9bRDb3vSTg-qkPAZg,Gweilo-60,2019-02-19 10:48:39.569449,10797,0
UChXOhG9bRDb3vSTg-qkPAZg,Gweilo-60,2019-02-19 10:47:39.685861,10797,0
UChXOhG9bRDb3vSTg-qkPAZg,Gweilo-60,2019-02-19 10:46:39.565957,10797,0
UChXOhG9bRDb3vSTg-qkPAZg,Gweilo-60,2019-02-19 10:45:39.723816,10797,0
UChXOhG9bRDb3vSTg-qkPAZg,Gweilo-60,2019-02-19 10:44:39.375337,10797,0
UChXOhG9bRDb3vSTg-qkPAZg,Gweilo-60,2019-02-19 10:43:39.537807,10797,0
UChXOhG9bRDb3vSTg-qkPAZg,Gweilo-60,2019-02-19 10:42:39.26812,10797,0
UChXOhG9bRDb3vSTg-qkPAZg,Gweilo-60,2019-02-19 10:41:39.590102,10797,0
UChXOhG9bRDb3vSTg-qkPAZg,Gweilo-60,2019-02-19 10:40:39.123773,10797,0
UChXOhG9bRDb3vSTg-qkPAZg,Gweilo-60,2019-02-19 10:39:39.841682,10797,0
UChXOhG9bRDb3vSTg-qkPAZg,Gweilo-60,2019-02-19 10:38:39.588669,10797,0
UChXOhG9bRDb3vSTg-qkPAZg,Gweilo-60,2019-02-19 10:37:39.569924,10797,0
UChXOhG9bRDb3vSTg-qkPAZg,Gweilo-60,2019-02-19 10:36:39.597014,10797,0
UChXOhG9bRDb3vSTg-qkPAZg,Gweilo-60,2019-02-19 10:35:39.532417,10797,0
UChXOhG9bRDb3vSTg-qkPAZg,Gweilo-60,2019-02-19 10:34:39.804396,10797,0
UChXOhG9bRDb3vSTg-qkPAZg,Gweilo-60,2019-02-19 10:33:39.730706,10797,0
UChXOhG9bRDb3vSTg-qkPAZg,Gweilo-60,2019-02-19 10:32:39.244699,10797,0
UChXOhG9bRDb3vSTg-qkPAZg,Gweilo-60,2019-02-19 10:31:39.719637,10797,1
UChXOhG9bRDb3vSTg-qkPAZg,Gweilo-60,2019-02-19 10:30:39.48838,10796,0
UChXOhG9bRDb3vSTg-qkPAZg,Gweilo-60,2019-02-19 10:29:39.472657,10796,0
UChXOhG9bRDb3vSTg-qkPAZg,Gweilo-60,2019-02-19 10:28:39.714977,10796,0
UChXOhG9bRDb3vSTg-qkPAZg,Gweilo-60,2019-02-19 10:27:39.567549,10796,0
UChXOhG9bRDb3vSTg-qkPAZg,Gweilo-60,2019-02-19 10:26:39.577158,10796,0
UChXOhG9bRDb3vSTg-qkPAZg,Gweilo-60,2019-02-19 10:25:39.926392,10796,0
UChXOhG9bRDb3vSTg-qkPAZg,Gweilo-60,2019-02-19 10:24:39.765823,10796,0
UChXOhG9bRDb3vSTg-qkPAZg,Gweilo-60,2019-02-19 10:23:39.45706,10796,0
UChXOhG9bRDb3vSTg-qkPAZg,Gweilo-60,2019-02-19 10:22:39.7332,10796,0
UChXOhG9bRDb3vSTg-qkPAZg,Gweilo-60,2019-02-19 10:21:39.545817,10796,0
UChXOhG9bRDb3vSTg-qkPAZg,Gweilo-60,2019-02-19 10:20:40.501341,10796,0
UChXOhG9bRDb3vSTg-qkPAZg,Gweilo-60,2019-02-19 10:19:39.85851,10796,0
UChXOhG9bRDb3vSTg-qkPAZg,Gweilo-60,2019-02-19 10:18:39.345011,10796,0
UChXOhG9bRDb3vSTg-qkPAZg,Gweilo-60,2019-02-19 10:17:39.573668,10796,0
UChXOhG9bRDb3vSTg-qkPAZg,Gweilo-60,2019-02-19 10:16:39.551823,10796,0
UChXOhG9bRDb3vSTg-qkPAZg,Gweilo-60,2019-02-19 10:15:39.460206,10796,0
UChXOhG9bRDb3vSTg-qkPAZg,Gweilo-60,2019-02-19 10:14:39.954139,10796,0
UChXOhG9bRDb3vSTg-qkPAZg,Gweilo-60,2019-02-19 10:13:39.586515,10796,0
UChXOhG9bRDb3vSTg-qkPAZg,Gweilo-60,2019-02-19 10:12:39.557135,10796,0
UChXOhG9bRDb3vSTg-qkPAZg,Gweilo-60,2019-02-19 10:11:39.707438,10796,1
UChXOhG9bRDb3vSTg-qkPAZg,Gweilo-60,2019-02-19 10:10:39.494798,10795,0
UChXOhG9bRDb3vSTg-qkPAZg,Gweilo-60,2019-02-19 10:09:39.413787,10795,0
UChXOhG9bRDb3vSTg-qkPAZg,Gweilo-60,2019-02-19 10:08:39.503689,10795,0
UChXOhG9bRDb3vSTg-qkPAZg,Gweilo-60,2019-02-19 10:07:39.386457,10795,0
UChXOhG9bRDb3vSTg-qkPAZg,Gweilo-60,2019-02-19 10:06:39.565209,10795,0
UChXOhG9bRDb3vSTg-qkPAZg,Gweilo-60,2019-02-19 10:05:39.353861,10795,0
UChXOhG9bRDb3vSTg-qkPAZg,Gweilo-60,2019-02-19 10:04:39.382418,10795,0
UChXOhG9bRDb3vSTg-qkPAZg,Gweilo-60,2019-02-19 10:03:39.163149,10795,0
UChXOhG9bRDb3vSTg-qkPAZg,Gweilo-60,2019-02-19 10:02:39.398876,10795,0
UChXOhG9bRDb3vSTg-qkPAZg,Gweilo-60,2019-02-19 10:01:39.587571,10795,0
UChXOhG9bRDb3vSTg-qkPAZg,Gweilo-60,2019-02-19 10:00:39.857656,10795,0
UChXOhG9bRDb3vSTg-qkPAZg,Gweilo-60,2019-02-19 09:59:39.270916,10795,0
UChXOhG9bRDb3vSTg-qkPAZg,Gweilo-60,2019-02-19 09:58:39.316161,10795,0
UChXOhG9bRDb3vSTg-qkPAZg,Gweilo-60,2019-02-19 09:57:39.298357,10795,0
UChXOhG9bRDb3vSTg-qkPAZg,Gweilo-60,2019-02-19 09:56:39.451551,10795,0
UChXOhG9bRDb3vSTg-qkPAZg,Gweilo-60,2019-02-19 09:55:39.472554,10795,1
UChXOhG9bRDb3vSTg-qkPAZg,Gweilo-60,2019-02-19 09:54:39.886246,10794,0
UChXOhG9bRDb3vSTg-qkPAZg,Gweilo-60,2019-02-19 09:53:40.059918,10794,0
UChXOhG9bRDb3vSTg-qkPAZg,Gweilo-60,2019-02-19 09:52:39.539143,10794,0
UChXOhG9bRDb3vSTg-qkPAZg,Gweilo-60,2019-02-19 09:51:39.596166,10794,0
UChXOhG9bRDb3vSTg-qkPAZg,Gweilo-60,2019-02-19 09:50:39.806968,10794,0
UChXOhG9bRDb3vSTg-qkPAZg,Gweilo-60,2019-02-19 09:49:39.57562,10794,0
UChXOhG9bRDb3vSTg-qkPAZg,Gweilo-60,2019-02-19 09:48:39.929164,10794,0
UChXOhG9bRDb3vSTg-qkPAZg,Gweilo-60,2019-02-19 09:47:39.513168,10794,0
UChXOhG9bRDb3vSTg-qkPAZg,Gweilo-60,2019-02-19 09:46:39.347657,10794,0
UChXOhG9bRDb3vSTg-qkPAZg,Gweilo-60,2019-02-19 09:45:39.986693,10794,-1
UChXOhG9bRDb3vSTg-qkPAZg,Gweilo-60,2019-02-19 09:44:39.584295,10795,0
UChXOhG9bRDb3vSTg-qkPAZg,Gweilo-60,2019-02-19 09:43:39.602447,10795,0
UChXOhG9bRDb3vSTg-qkPAZg,Gweilo-60,2019-02-19 09:42:39.336209,10795,0
UChXOhG9bRDb3vSTg-qkPAZg,Gweilo-60,2019-02-19 09:41:39.86584,10795,0
UChXOhG9bRDb3vSTg-qkPAZg,Gweilo-60,2019-02-19 09:40:39.879308,10795,0
UChXOhG9bRDb3vSTg-qkPAZg,Gweilo-60,2019-02-19 09:39:39.902463,10795,0
UChXOhG9bRDb3vSTg-qkPAZg,Gweilo-60,2019-02-19 09:38:39.714289,10795,0
UChXOhG9bRDb3vSTg-qkPAZg,Gweilo-60,2019-02-19 09:37:39.761368,10795,0
UChXOhG9bRDb3vSTg-qkPAZg,Gweilo-60,2019-02-19 09:36:40.335825,10795,0
UChXOhG9bRDb3vSTg-qkPAZg,Gweilo-60,2019-02-19 09:35:39.70117,10795,0
UChXOhG9bRDb3vSTg-qkPAZg,Gweilo-60,2019-02-19 09:34:39.774913,10795,0
UChXOhG9bRDb3vSTg-qkPAZg,Gweilo-60,2019-02-19 09:33:39.330297,10795,0
UChXOhG9bRDb3vSTg-qkPAZg,Gweilo-60,2019-02-19 09:32:40.222326,10795,0
UChXOhG9bRDb3vSTg-qkPAZg,Gweilo-60,2019-02-19 09:31:39.469893,10795,0
UChXOhG9bRDb3vSTg-qkPAZg,Gweilo-60,2019-02-19 09:30:40.104559,10795,0
UChXOhG9bRDb3vSTg-qkPAZg,Gweilo-60,2019-02-19 09:29:39.997434,10795,-1
UChXOhG9bRDb3vSTg-qkPAZg,Gweilo-60,2019-02-19 09:28:39.792051,10796,0
UChXOhG9bRDb3vSTg-qkPAZg,Gweilo-60,2019-02-19 09:27:39.934745,10796,0
UChXOhG9bRDb3vSTg-qkPAZg,Gweilo-60,2019-02-19 09:26:39.273227,10796,0
UChXOhG9bRDb3vSTg-qkPAZg,Gweilo-60,2019-02-19 09:25:39.000034,10796,0
UChXOhG9bRDb3vSTg-qkPAZg,Gweilo-60,2019-02-19 09:24:39.965018,10796,0
UChXOhG9bRDb3vSTg-qkPAZg,Gweilo-60,2019-02-19 09:23:39.909436,10796,1
UChXOhG9bRDb3vSTg-qkPAZg,Gweilo-60,2019-02-19 09:22:39.544036,10795,0
UChXOhG9bRDb3vSTg-qkPAZg,Gweilo-60,2019-02-19 09:21:39.94127,10795,0
UChXOhG9bRDb3vSTg-qkPAZg,Gweilo-60,2019-02-19 09:20:39.555888,10795,-2
UChXOhG9bRDb3vSTg-qkPAZg,Gweilo-60,2019-02-19 09:19:39.268804,10797,0
UChXOhG9bRDb3vSTg-qkPAZg,Gweilo-60,2019-02-19 09:18:39.247071,10797,0
UChXOhG9bRDb3vSTg-qkPAZg,Gweilo-60,2019-02-19 09:17:39.961886,10797,-1
UChXOhG9bRDb3vSTg-qkPAZg,Gweilo-60,2019-02-19 09:16:39.794542,10798,0
UChXOhG9bRDb3vSTg-qkPAZg,Gweilo-60,2019-02-19 09:15:40.363743,10798,0
UChXOhG9bRDb3vSTg-qkPAZg,Gweilo-60,2019-02-19 09:14:39.634476,10798,0
UChXOhG9bRDb3vSTg-qkPAZg,Gweilo-60,2019-02-19 09:13:39.622025,10798,0
UChXOhG9bRDb3vSTg-qkPAZg,Gweilo-60,2019-02-19 09:12:39.383751,10798,0
UChXOhG9bRDb3vSTg-qkPAZg,Gweilo-60,2019-02-19 09:11:39.661781,10798,0
UChXOhG9bRDb3vSTg-qkPAZg,Gweilo-60,2019-02-19 09:10:40.077937,10798,0
UChXOhG9bRDb3vSTg-qkPAZg,Gweilo-60,2019-02-19 09:09:39.399035,10798,0
UChXOhG9bRDb3vSTg-qkPAZg,Gweilo-60,2019-02-19 09:08:39.503732,10798,0
UChXOhG9bRDb3vSTg-qkPAZg,Gweilo-60,2019-02-19 09:07:39.989754,10798,0
UChXOhG9bRDb3vSTg-qkPAZg,Gweilo-60,2019-02-19 09:06:39.774492,10798,0
UChXOhG9bRDb3vSTg-qkPAZg,Gweilo-60,2019-02-19 09:05:39.904185,10798,1
UChXOhG9bRDb3vSTg-qkPAZg,Gweilo-60,2019-02-19 09:04:39.57065,10797,0
UChXOhG9bRDb3vSTg-qkPAZg,Gweilo-60,2019-02-19 09:03:39.387414,10797,0
UChXOhG9bRDb3vSTg-qkPAZg,Gweilo-60,2019-02-19 09:02:39.425218,10797,0
UChXOhG9bRDb3vSTg-qkPAZg,Gweilo-60,2019-02-19 09:01:39.731205,10797,0
UChXOhG9bRDb3vSTg-qkPAZg,Gweilo-60,2019-02-19 09:00:39.550196,10797,0
UChXOhG9bRDb3vSTg-qkPAZg,Gweilo-60,2019-02-19 08:59:39.301668,10797,0
UChXOhG9bRDb3vSTg-qkPAZg,Gweilo-60,2019-02-19 08:58:39.676523,10797,0
UChXOhG9bRDb3vSTg-qkPAZg,Gweilo-60,2019-02-19 08:57:39.652519,10797,0
UChXOhG9bRDb3vSTg-qkPAZg,Gweilo-60,2019-02-19 08:56:39.528525,10797,0
UChXOhG9bRDb3vSTg-qkPAZg,Gweilo-60,2019-02-19 08:55:39.55952,10797,0
UChXOhG9bRDb3vSTg-qkPAZg,Gweilo-60,2019-02-19 08:54:39.087791,10797,0
UChXOhG9bRDb3vSTg-qkPAZg,Gweilo-60,2019-02-19 08:53:39.731502,10797,0
UChXOhG9bRDb3vSTg-qkPAZg,Gweilo-60,2019-02-19 08:52:39.604301,10797,0
UChXOhG9bRDb3vSTg-qkPAZg,Gweilo-60,2019-02-19 08:51:39.421341,10797,0
UChXOhG9bRDb3vSTg-qkPAZg,Gweilo-60,2019-02-19 08:50:39.964056,10797,0
UChXOhG9bRDb3vSTg-qkPAZg,Gweilo-60,2019-02-19 08:49:40.522281,10797,0
UChXOhG9bRDb3vSTg-qkPAZg,Gweilo-60,2019-02-19 08:48:39.831616,10797,0
UChXOhG9bRDb3vSTg-qkPAZg,Gweilo-60,2019-02-19 08:47:39.424671,10797,0
UChXOhG9bRDb3vSTg-qkPAZg,Gweilo-60,2019-02-19 08:46:39.66981,10797,1
UChXOhG9bRDb3vSTg-qkPAZg,Gweilo-60,2019-02-19 08:45:39.217822,10796,0
UChXOhG9bRDb3vSTg-qkPAZg,Gweilo-60,2019-02-19 08:44:39.318399,10796,0
UChXOhG9bRDb3vSTg-qkPAZg,Gweilo-60,2019-02-19 08:43:39.784795,10796,0
UChXOhG9bRDb3vSTg-qkPAZg,Gweilo-60,2019-02-19 08:42:39.273831,10796,0
UChXOhG9bRDb3vSTg-qkPAZg,Gweilo-60,2019-02-19 08:41:39.649619,10796,0
UChXOhG9bRDb3vSTg-qkPAZg,Gweilo-60,2019-02-19 08:40:40.319478,10796,0
UChXOhG9bRDb3vSTg-qkPAZg,Gweilo-60,2019-02-19 08:39:39.517804,10796,0
UChXOhG9bRDb3vSTg-qkPAZg,Gweilo-60,2019-02-19 08:38:40.367844,10796,0
UChXOhG9bRDb3vSTg-qkPAZg,Gweilo-60,2019-02-19 08:37:39.548039,10796,0
UChXOhG9bRDb3vSTg-qkPAZg,Gweilo-60,2019-02-19 08:36:39.533234,10796,0
UChXOhG9bRDb3vSTg-qkPAZg,Gweilo-60,2019-02-19 08:35:39.531461,10796,0
UChXOhG9bRDb3vSTg-qkPAZg,Gweilo-60,2019-02-19 08:34:39.50702,10796,0
UChXOhG9bRDb3vSTg-qkPAZg,Gweilo-60,2019-02-19 08:33:39.535529,10796,0
UChXOhG9bRDb3vSTg-qkPAZg,Gweilo-60,2019-02-19 08:32:39.292937,10796,0
UChXOhG9bRDb3vSTg-qkPAZg,Gweilo-60,2019-02-19 08:31:39.478513,10796,0
UChXOhG9bRDb3vSTg-qkPAZg,Gweilo-60,2019-02-19 08:30:39.366039,10796,0
UChXOhG9bRDb3vSTg-qkPAZg,Gweilo-60,2019-02-19 08:29:40.048918,10796,0
UChXOhG9bRDb3vSTg-qkPAZg,Gweilo-60,2019-02-19 08:28:39.681013,10796,0
UChXOhG9bRDb3vSTg-qkPAZg,Gweilo-60,2019-02-19 08:27:39.365477,10796,1
UChXOhG9bRDb3vSTg-qkPAZg,Gweilo-60,2019-02-19 08:26:39.471023,10795,0
UChXOhG9bRDb3vSTg-qkPAZg,Gweilo-60,2019-02-19 08:25:39.857116,10795,0
UChXOhG9bRDb3vSTg-qkPAZg,Gweilo-60,2019-02-19 08:24:39.906661,10795,0
UChXOhG9bRDb3vSTg-qkPAZg,Gweilo-60,2019-02-19 08:23:39.63378,10795,0
UChXOhG9bRDb3vSTg-qkPAZg,Gweilo-60,2019-02-19 08:22:39.939199,10795,0
UChXOhG9bRDb3vSTg-qkPAZg,Gweilo-60,2019-02-19 08:21:40.113112,10795,0
UChXOhG9bRDb3vSTg-qkPAZg,Gweilo-60,2019-02-19 08:20:40.269723,10795,0
UChXOhG9bRDb3vSTg-qkPAZg,Gweilo-60,2019-02-19 08:19:39.450984,10795,1
UChXOhG9bRDb3vSTg-qkPAZg,Gweilo-60,2019-02-19 08:18:39.661955,10794,0
UChXOhG9bRDb3vSTg-qkPAZg,Gweilo-60,2019-02-19 08:17:40.163855,10794,0
UChXOhG9bRDb3vSTg-qkPAZg,Gweilo-60,2019-02-19 08:16:39.58939,10794,0
UChXOhG9bRDb3vSTg-qkPAZg,Gweilo-60,2019-02-19 08:15:39.241819,10794,0
UChXOhG9bRDb3vSTg-qkPAZg,Gweilo-60,2019-02-19 08:14:39.621273,10794,0
UChXOhG9bRDb3vSTg-qkPAZg,Gweilo-60,2019-02-19 08:13:39.599464,10794,0
UChXOhG9bRDb3vSTg-qkPAZg,Gweilo-60,2019-02-19 08:12:39.25521,10794,0
UChXOhG9bRDb3vSTg-qkPAZg,Gweilo-60,2019-02-19 08:11:39.989207,10794,0
UChXOhG9bRDb3vSTg-qkPAZg,Gweilo-60,2019-02-19 08:10:39.648944,10794,0
UChXOhG9bRDb3vSTg-qkPAZg,Gweilo-60,2019-02-19 08:09:39.881087,10794,0
UChXOhG9bRDb3vSTg-qkPAZg,Gweilo-60,2019-02-19 08:08:39.714912,10794,-1
UChXOhG9bRDb3vSTg-qkPAZg,Gweilo-60,2019-02-19 08:07:39.709082,10795,0
UChXOhG9bRDb3vSTg-qkPAZg,Gweilo-60,2019-02-19 08:06:39.496529,10795,0
UChXOhG9bRDb3vSTg-qkPAZg,Gweilo-60,2019-02-19 08:05:39.389747,10795,0
UChXOhG9bRDb3vSTg-qkPAZg,Gweilo-60,2019-02-19 08:04:39.596925,10795,0
UChXOhG9bRDb3vSTg-qkPAZg,Gweilo-60,2019-02-19 08:03:41.147872,10795,0
UChXOhG9bRDb3vSTg-qkPAZg,Gweilo-60,2019-02-19 08:02:39.655105,10795,0
UChXOhG9bRDb3vSTg-qkPAZg,Gweilo-60,2019-02-19 08:01:39.426892,10795,0
UChXOhG9bRDb3vSTg-qkPAZg,Gweilo-60,2019-02-19 08:00:39.254777,10795,0
UChXOhG9bRDb3vSTg-qkPAZg,Gweilo-60,2019-02-19 07:59:39.912954,10795,0
UChXOhG9bRDb3vSTg-qkPAZg,Gweilo-60,2019-02-19 07:58:39.980592,10795,0
UChXOhG9bRDb3vSTg-qkPAZg,Gweilo-60,2019-02-19 07:57:40.425442,10795,0
UChXOhG9bRDb3vSTg-qkPAZg,Gweilo-60,2019-02-19 07:56:40.079451,10795,0
UChXOhG9bRDb3vSTg-qkPAZg,Gweilo-60,2019-02-19 07:55:40.027478,10795,0
UChXOhG9bRDb3vSTg-qkPAZg,Gweilo-60,2019-02-19 07:54:39.743781,10795,1
UChXOhG9bRDb3vSTg-qkPAZg,Gweilo-60,2019-02-19 07:53:39.598351,10794,0
UChXOhG9bRDb3vSTg-qkPAZg,Gweilo-60,2019-02-19 07:52:39.805657,10794,0
UChXOhG9bRDb3vSTg-qkPAZg,Gweilo-60,2019-02-19 07:51:39.669694,10794,0
UChXOhG9bRDb3vSTg-qkPAZg,Gweilo-60,2019-02-19 07:50:39.860154,10794,0
UChXOhG9bRDb3vSTg-qkPAZg,Gweilo-60,2019-02-19 07:49:39.709057,10794,1
UChXOhG9bRDb3vSTg-qkPAZg,Gweilo-60,2019-02-19 07:48:40.04463,10793,0
UChXOhG9bRDb3vSTg-qkPAZg,Gweilo-60,2019-02-19 07:47:40.362731,10793,0
UChXOhG9bRDb3vSTg-qkPAZg,Gweilo-60,2019-02-19 07:46:39.801192,10793,0
UChXOhG9bRDb3vSTg-qkPAZg,Gweilo-60,2019-02-19 07:45:39.618093,10793,0
UChXOhG9bRDb3vSTg-qkPAZg,Gweilo-60,2019-02-19 07:44:39.16753,10793,0
UChXOhG9bRDb3vSTg-qkPAZg,Gweilo-60,2019-02-19 07:43:39.416658,10793,0
UChXOhG9bRDb3vSTg-qkPAZg,Gweilo-60,2019-02-19 07:42:40.340973,10793,0
UChXOhG9bRDb3vSTg-qkPAZg,Gweilo-60,2019-02-19 07:41:39.890844,10793,1
UChXOhG9bRDb3vSTg-qkPAZg,Gweilo-60,2019-02-19 07:40:39.948667,10792,0
UChXOhG9bRDb3vSTg-qkPAZg,Gweilo-60,2019-02-19 07:39:39.439712,10792,0
UChXOhG9bRDb3vSTg-qkPAZg,Gweilo-60,2019-02-19 07:38:39.683104,10792,0
UChXOhG9bRDb3vSTg-qkPAZg,Gweilo-60,2019-02-19 07:37:39.517313,10792,0
UChXOhG9bRDb3vSTg-qkPAZg,Gweilo-60,2019-02-19 07:36:39.604164,10792,0
UChXOhG9bRDb3vSTg-qkPAZg,Gweilo-60,2019-02-19 07:35:39.788995,10792,0
UChXOhG9bRDb3vSTg-qkPAZg,Gweilo-60,2019-02-19 07:34:39.502943,10792,0
UChXOhG9bRDb3vSTg-qkPAZg,Gweilo-60,2019-02-19 07:33:40.092237,10792,0
UChXOhG9bRDb3vSTg-qkPAZg,Gweilo-60,2019-02-19 07:32:39.444775,10792,0
UChXOhG9bRDb3vSTg-qkPAZg,Gweilo-60,2019-02-19 07:31:39.644895,10792,0
UChXOhG9bRDb3vSTg-qkPAZg,Gweilo-60,2019-02-19 07:30:39.752177,10792,0
UChXOhG9bRDb3vSTg-qkPAZg,Gweilo-60,2019-02-19 07:29:39.873834,10792,0
UChXOhG9bRDb3vSTg-qkPAZg,Gweilo-60,2019-02-19 07:28:39.836534,10792,0
UChXOhG9bRDb3vSTg-qkPAZg,Gweilo-60,2019-02-19 07:27:39.795879,10792,0
UChXOhG9bRDb3vSTg-qkPAZg,Gweilo-60,2019-02-19 07:26:39.536028,10792,0
UChXOhG9bRDb3vSTg-qkPAZg,Gweilo-60,2019-02-19 07:25:40.009416,10792,0
UChXOhG9bRDb3vSTg-qkPAZg,Gweilo-60,2019-02-19 07:24:39.742329,10792,0
UChXOhG9bRDb3vSTg-qkPAZg,Gweilo-60,2019-02-19 07:23:39.416227,10792,0
UChXOhG9bRDb3vSTg-qkPAZg,Gweilo-60,2019-02-19 07:22:39.802145,10792,0
UChXOhG9bRDb3vSTg-qkPAZg,Gweilo-60,2019-02-19 07:21:39.468521,10792,0
UChXOhG9bRDb3vSTg-qkPAZg,Gweilo-60,2019-02-19 07:20:39.416933,10792,0
UChXOhG9bRDb3vSTg-qkPAZg,Gweilo-60,2019-02-19 07:19:39.513177,10792,0
UChXOhG9bRDb3vSTg-qkPAZg,Gweilo-60,2019-02-19 07:18:39.206053,10792,0
UChXOhG9bRDb3vSTg-qkPAZg,Gweilo-60,2019-02-19 07:17:39.442637,10792,0
UChXOhG9bRDb3vSTg-qkPAZg,Gweilo-60,2019-02-19 07:16:39.46773,10792,0
UChXOhG9bRDb3vSTg-qkPAZg,Gweilo-60,2019-02-19 07:15:39.299062,10792,0
UChXOhG9bRDb3vSTg-qkPAZg,Gweilo-60,2019-02-19 07:14:39.344795,10792,0
UChXOhG9bRDb3vSTg-qkPAZg,Gweilo-60,2019-02-19 07:13:39.285649,10792,0
UChXOhG9bRDb3vSTg-qkPAZg,Gweilo-60,2019-02-19 07:12:40.068989,10792,0
UChXOhG9bRDb3vSTg-qkPAZg,Gweilo-60,2019-02-19 07:11:39.903969,10792,0
UChXOhG9bRDb3vSTg-qkPAZg,Gweilo-60,2019-02-19 07:10:39.96642,10792,0
UChXOhG9bRDb3vSTg-qkPAZg,Gweilo-60,2019-02-19 07:09:39.957209,10792,0
UChXOhG9bRDb3vSTg-qkPAZg,Gweilo-60,2019-02-19 07:08:39.566784,10792,0
UChXOhG9bRDb3vSTg-qkPAZg,Gweilo-60,2019-02-19 07:07:39.820622,10792,0
UChXOhG9bRDb3vSTg-qkPAZg,Gweilo-60,2019-02-19 07:06:39.501701,10792,0
UChXOhG9bRDb3vSTg-qkPAZg,Gweilo-60,2019-02-19 07:05:39.496535,10792,0
UChXOhG9bRDb3vSTg-qkPAZg,Gweilo-60,2019-02-19 07:04:39.764885,10792,0
UChXOhG9bRDb3vSTg-qkPAZg,Gweilo-60,2019-02-19 07:03:39.357423,10792,0
UChXOhG9bRDb3vSTg-qkPAZg,Gweilo-60,2019-02-19 07:02:39.913727,10792,0
UChXOhG9bRDb3vSTg-qkPAZg,Gweilo-60,2019-02-19 07:01:39.468671,10792,0
UChXOhG9bRDb3vSTg-qkPAZg,Gweilo-60,2019-02-19 07:00:39.432543,10792,0
UChXOhG9bRDb3vSTg-qkPAZg,Gweilo-60,2019-02-19 06:59:39.261419,10792,0
UChXOhG9bRDb3vSTg-qkPAZg,Gweilo-60,2019-02-19 06:58:39.191923,10792,0
UChXOhG9bRDb3vSTg-qkPAZg,Gweilo-60,2019-02-19 06:57:39.528747,10792,0
UChXOhG9bRDb3vSTg-qkPAZg,Gweilo-60,2019-02-19 06:56:39.55797,10792,0
UChXOhG9bRDb3vSTg-qkPAZg,Gweilo-60,2019-02-19 06:55:39.201162,10792,0
UChXOhG9bRDb3vSTg-qkPAZg,Gweilo-60,2019-02-19 06:54:39.284649,10792,0
UChXOhG9bRDb3vSTg-qkPAZg,Gweilo-60,2019-02-19 06:53:39.732479,10792,0
UChXOhG9bRDb3vSTg-qkPAZg,Gweilo-60,2019-02-19 06:52:39.638618,10792,0
UChXOhG9bRDb3vSTg-qkPAZg,Gweilo-60,2019-02-19 06:51:39.22678,10792,0
UChXOhG9bRDb3vSTg-qkPAZg,Gweilo-60,2019-02-19 06:50:38.61132,10792,0
UChXOhG9bRDb3vSTg-qkPAZg,Gweilo-60,2019-02-19 06:49:39.268228,10792,0
UChXOhG9bRDb3vSTg-qkPAZg,Gweilo-60,2019-02-19 06:48:39.090024,10792,0
UChXOhG9bRDb3vSTg-qkPAZg,Gweilo-60,2019-02-19 06:47:39.042167,10792,0
UChXOhG9bRDb3vSTg-qkPAZg,Gweilo-60,2019-02-19 06:46:38.76233,10792,0
UChXOhG9bRDb3vSTg-qkPAZg,Gweilo-60,2019-02-19 06:45:39.886886,10792,0
UChXOhG9bRDb3vSTg-qkPAZg,Gweilo-60,2019-02-19 06:44:39.31588,10792,0
UChXOhG9bRDb3vSTg-qkPAZg,Gweilo-60,2019-02-19 06:43:39.032737,10792,0
UChXOhG9bRDb3vSTg-qkPAZg,Gweilo-60,2019-02-19 06:42:39.28557,10792,0
UChXOhG9bRDb3vSTg-qkPAZg,Gweilo-60,2019-02-19 06:41:39.136246,10792,0
UChXOhG9bRDb3vSTg-qkPAZg,Gweilo-60,2019-02-19 06:40:39.298693,10792,0
UChXOhG9bRDb3vSTg-qkPAZg,Gweilo-60,2019-02-19 06:39:38.848138,10792,0
UChXOhG9bRDb3vSTg-qkPAZg,Gweilo-60,2019-02-19 06:38:39.209921,10792,0
UChXOhG9bRDb3vSTg-qkPAZg,Gweilo-60,2019-02-19 06:37:39.17685,10792,0
UChXOhG9bRDb3vSTg-qkPAZg,Gweilo-60,2019-02-19 06:36:38.765113,10792,0
UChXOhG9bRDb3vSTg-qkPAZg,Gweilo-60,2019-02-19 06:35:40.158975,10792,0
UChXOhG9bRDb3vSTg-qkPAZg,Gweilo-60,2019-02-19 06:34:39.143334,10792,0
UChXOhG9bRDb3vSTg-qkPAZg,Gweilo-60,2019-02-19 06:33:39.125601,10792,0
UChXOhG9bRDb3vSTg-qkPAZg,Gweilo-60,2019-02-19 06:32:39.23205,10792,0
UChXOhG9bRDb3vSTg-qkPAZg,Gweilo-60,2019-02-19 06:31:38.881064,10792,0
UChXOhG9bRDb3vSTg-qkPAZg,Gweilo-60,2019-02-19 06:30:38.782517,10792,0
UChXOhG9bRDb3vSTg-qkPAZg,Gweilo-60,2019-02-19 06:29:38.910733,10792,0
UChXOhG9bRDb3vSTg-qkPAZg,Gweilo-60,2019-02-19 06:28:38.662333,10792,0
UChXOhG9bRDb3vSTg-qkPAZg,Gweilo-60,2019-02-19 06:27:38.81487,10792,0
UChXOhG9bRDb3vSTg-qkPAZg,Gweilo-60,2019-02-19 06:26:38.752513,10792,1
UChXOhG9bRDb3vSTg-qkPAZg,Gweilo-60,2019-02-19 06:25:39.859315,10791,0
UChXOhG9bRDb3vSTg-qkPAZg,Gweilo-60,2019-02-19 06:24:39.847567,10791,0
UChXOhG9bRDb3vSTg-qkPAZg,Gweilo-60,2019-02-19 06:23:40.311694,10791,0
UChXOhG9bRDb3vSTg-qkPAZg,Gweilo-60,2019-02-19 06:22:39.776677,10791,0
UChXOhG9bRDb3vSTg-qkPAZg,Gweilo-60,2019-02-19 06:21:39.494082,10791,1
UChXOhG9bRDb3vSTg-qkPAZg,Gweilo-60,2019-02-19 06:20:39.576443,10790,0
UChXOhG9bRDb3vSTg-qkPAZg,Gweilo-60,2019-02-19 06:19:39.182829,10790,0
UChXOhG9bRDb3vSTg-qkPAZg,Gweilo-60,2019-02-19 06:18:39.876794,10790,0
UChXOhG9bRDb3vSTg-qkPAZg,Gweilo-60,2019-02-19 06:17:39.705187,10790,0
UChXOhG9bRDb3vSTg-qkPAZg,Gweilo-60,2019-02-19 06:16:39.476352,10790,0
UChXOhG9bRDb3vSTg-qkPAZg,Gweilo-60,2019-02-19 06:15:40.152989,10790,0
UChXOhG9bRDb3vSTg-qkPAZg,Gweilo-60,2019-02-19 06:14:39.828631,10790,0
UChXOhG9bRDb3vSTg-qkPAZg,Gweilo-60,2019-02-19 06:13:39.75886,10790,0
UChXOhG9bRDb3vSTg-qkPAZg,Gweilo-60,2019-02-19 06:12:39.888041,10790,0
UChXOhG9bRDb3vSTg-qkPAZg,Gweilo-60,2019-02-19 06:11:39.468585,10790,0
UChXOhG9bRDb3vSTg-qkPAZg,Gweilo-60,2019-02-19 06:10:39.51137,10790,0
UChXOhG9bRDb3vSTg-qkPAZg,Gweilo-60,2019-02-19 06:09:39.731947,10790,0
UChXOhG9bRDb3vSTg-qkPAZg,Gweilo-60,2019-02-19 06:08:39.473591,10790,0
UChXOhG9bRDb3vSTg-qkPAZg,Gweilo-60,2019-02-19 06:07:39.83631,10790,0
UChXOhG9bRDb3vSTg-qkPAZg,Gweilo-60,2019-02-19 06:06:39.59908,10790,0
UChXOhG9bRDb3vSTg-qkPAZg,Gweilo-60,2019-02-19 06:05:40.056733,10790,0
UChXOhG9bRDb3vSTg-qkPAZg,Gweilo-60,2019-02-19 06:04:39.966399,10790,0
UChXOhG9bRDb3vSTg-qkPAZg,Gweilo-60,2019-02-19 06:03:40.154569,10790,0
UChXOhG9bRDb3vSTg-qkPAZg,Gweilo-60,2019-02-19 06:02:39.635387,10790,0
UChXOhG9bRDb3vSTg-qkPAZg,Gweilo-60,2019-02-19 06:01:39.711821,10790,0
UChXOhG9bRDb3vSTg-qkPAZg,Gweilo-60,2019-02-19 06:00:39.689653,10790,0
UChXOhG9bRDb3vSTg-qkPAZg,Gweilo-60,2019-02-19 05:59:39.533683,10790,0
UChXOhG9bRDb3vSTg-qkPAZg,Gweilo-60,2019-02-19 05:58:40.207863,10790,0
UChXOhG9bRDb3vSTg-qkPAZg,Gweilo-60,2019-02-19 05:57:39.745371,10790,0
UChXOhG9bRDb3vSTg-qkPAZg,Gweilo-60,2019-02-19 05:56:39.302914,10790,0
UChXOhG9bRDb3vSTg-qkPAZg,Gweilo-60,2019-02-19 05:55:39.235789,10790,0
UChXOhG9bRDb3vSTg-qkPAZg,Gweilo-60,2019-02-19 05:54:39.729327,10790,0
UChXOhG9bRDb3vSTg-qkPAZg,Gweilo-60,2019-02-19 05:53:39.874764,10790,0
UChXOhG9bRDb3vSTg-qkPAZg,Gweilo-60,2019-02-19 05:52:39.72379,10790,0
UChXOhG9bRDb3vSTg-qkPAZg,Gweilo-60,2019-02-19 05:51:39.976246,10790,0
UChXOhG9bRDb3vSTg-qkPAZg,Gweilo-60,2019-02-19 05:50:39.92468,10790,1
UChXOhG9bRDb3vSTg-qkPAZg,Gweilo-60,2019-02-19 05:49:40.604543,10789,0
UChXOhG9bRDb3vSTg-qkPAZg,Gweilo-60,2019-02-19 05:48:39.357118,10789,0
UChXOhG9bRDb3vSTg-qkPAZg,Gweilo-60,2019-02-19 05:47:39.76552,10789,0
UChXOhG9bRDb3vSTg-qkPAZg,Gweilo-60,2019-02-19 05:46:39.877114,10789,0
UChXOhG9bRDb3vSTg-qkPAZg,Gweilo-60,2019-02-19 05:45:39.746439,10789,0
UChXOhG9bRDb3vSTg-qkPAZg,Gweilo-60,2019-02-19 05:44:39.816211,10789,0
UChXOhG9bRDb3vSTg-qkPAZg,Gweilo-60,2019-02-19 05:43:39.580771,10789,0
UChXOhG9bRDb3vSTg-qkPAZg,Gweilo-60,2019-02-19 05:42:40.105472,10789,0
UChXOhG9bRDb3vSTg-qkPAZg,Gweilo-60,2019-02-19 05:41:40.330178,10789,0
UChXOhG9bRDb3vSTg-qkPAZg,Gweilo-60,2019-02-19 05:40:39.609613,10789,0
UChXOhG9bRDb3vSTg-qkPAZg,Gweilo-60,2019-02-19 05:39:39.69762,10789,0
UChXOhG9bRDb3vSTg-qkPAZg,Gweilo-60,2019-02-19 05:38:39.687927,10789,0
UChXOhG9bRDb3vSTg-qkPAZg,Gweilo-60,2019-02-19 05:37:40.149372,10789,0
UChXOhG9bRDb3vSTg-qkPAZg,Gweilo-60,2019-02-19 05:36:39.332636,10789,0
UChXOhG9bRDb3vSTg-qkPAZg,Gweilo-60,2019-02-19 05:35:39.762782,10789,0
UChXOhG9bRDb3vSTg-qkPAZg,Gweilo-60,2019-02-19 05:34:40.301395,10789,1
UChXOhG9bRDb3vSTg-qkPAZg,Gweilo-60,2019-02-19 05:33:39.875775,10788,0
UChXOhG9bRDb3vSTg-qkPAZg,Gweilo-60,2019-02-19 05:32:39.457614,10788,0
UChXOhG9bRDb3vSTg-qkPAZg,Gweilo-60,2019-02-19 05:31:39.897069,10788,0
UChXOhG9bRDb3vSTg-qkPAZg,Gweilo-60,2019-02-19 05:30:39.534155,10788,1
UChXOhG9bRDb3vSTg-qkPAZg,Gweilo-60,2019-02-19 05:29:39.529851,10787,0
UChXOhG9bRDb3vSTg-qkPAZg,Gweilo-60,2019-02-19 05:28:39.290941,10787,0
UChXOhG9bRDb3vSTg-qkPAZg,Gweilo-60,2019-02-19 05:27:39.618287,10787,0
UChXOhG9bRDb3vSTg-qkPAZg,Gweilo-60,2019-02-19 05:26:41.21999,10787,0
UChXOhG9bRDb3vSTg-qkPAZg,Gweilo-60,2019-02-19 05:25:39.80261,10787,1
UChXOhG9bRDb3vSTg-qkPAZg,Gweilo-60,2019-02-19 05:24:39.743692,10786,0
UChXOhG9bRDb3vSTg-qkPAZg,Gweilo-60,2019-02-19 05:23:39.951354,10786,0
UChXOhG9bRDb3vSTg-qkPAZg,Gweilo-60,2019-02-19 05:22:39.863744,10786,0
UChXOhG9bRDb3vSTg-qkPAZg,Gweilo-60,2019-02-19 05:21:39.752324,10786,0
UChXOhG9bRDb3vSTg-qkPAZg,Gweilo-60,2019-02-19 05:20:39.826798,10786,0
UChXOhG9bRDb3vSTg-qkPAZg,Gweilo-60,2019-02-19 05:19:39.822307,10786,0
UChXOhG9bRDb3vSTg-qkPAZg,Gweilo-60,2019-02-19 05:18:39.923534,10786,0
UChXOhG9bRDb3vSTg-qkPAZg,Gweilo-60,2019-02-19 05:17:39.8201,10786,0
UChXOhG9bRDb3vSTg-qkPAZg,Gweilo-60,2019-02-19 05:16:39.729042,10786,0
UChXOhG9bRDb3vSTg-qkPAZg,Gweilo-60,2019-02-19 05:15:39.722234,10786,0
UChXOhG9bRDb3vSTg-qkPAZg,Gweilo-60,2019-02-19 05:14:39.974047,10786,0
UChXOhG9bRDb3vSTg-qkPAZg,Gweilo-60,2019-02-19 05:13:39.974451,10786,0
UChXOhG9bRDb3vSTg-qkPAZg,Gweilo-60,2019-02-19 05:12:40.391008,10786,0
UChXOhG9bRDb3vSTg-qkPAZg,Gweilo-60,2019-02-19 05:11:39.529163,10786,0
UChXOhG9bRDb3vSTg-qkPAZg,Gweilo-60,2019-02-19 05:10:40.060177,10786,0
UChXOhG9bRDb3vSTg-qkPAZg,Gweilo-60,2019-02-19 05:09:40.132795,10786,1
UChXOhG9bRDb3vSTg-qkPAZg,Gweilo-60,2019-02-19 05:08:39.702595,10785,0
UChXOhG9bRDb3vSTg-qkPAZg,Gweilo-60,2019-02-19 05:07:39.993941,10785,0
UChXOhG9bRDb3vSTg-qkPAZg,Gweilo-60,2019-02-19 05:06:40.380654,10785,0
UChXOhG9bRDb3vSTg-qkPAZg,Gweilo-60,2019-02-19 05:05:39.871355,10785,0
UChXOhG9bRDb3vSTg-qkPAZg,Gweilo-60,2019-02-19 05:04:40.062863,10785,0
UChXOhG9bRDb3vSTg-qkPAZg,Gweilo-60,2019-02-19 05:03:39.800267,10785,1
UChXOhG9bRDb3vSTg-qkPAZg,Gweilo-60,2019-02-19 05:02:39.765745,10784,0
UChXOhG9bRDb3vSTg-qkPAZg,Gweilo-60,2019-02-19 05:01:39.598926,10784,0
UChXOhG9bRDb3vSTg-qkPAZg,Gweilo-60,2019-02-19 05:00:39.772892,10784,0
UChXOhG9bRDb3vSTg-qkPAZg,Gweilo-60,2019-02-19 04:59:39.745653,10784,0
UChXOhG9bRDb3vSTg-qkPAZg,Gweilo-60,2019-02-19 04:58:40.460539,10784,0
UChXOhG9bRDb3vSTg-qkPAZg,Gweilo-60,2019-02-19 04:57:39.268602,10784,0
UChXOhG9bRDb3vSTg-qkPAZg,Gweilo-60,2019-02-19 04:56:40.545004,10784,0
UChXOhG9bRDb3vSTg-qkPAZg,Gweilo-60,2019-02-19 04:55:39.85349,10784,0
UChXOhG9bRDb3vSTg-qkPAZg,Gweilo-60,2019-02-19 04:54:40.292313,10784,0
UChXOhG9bRDb3vSTg-qkPAZg,Gweilo-60,2019-02-19 04:53:39.717912,10784,0
UChXOhG9bRDb3vSTg-qkPAZg,Gweilo-60,2019-02-19 04:52:39.94214,10784,0
UChXOhG9bRDb3vSTg-qkPAZg,Gweilo-60,2019-02-19 04:51:39.326792,10784,0
UChXOhG9bRDb3vSTg-qkPAZg,Gweilo-60,2019-02-19 04:50:39.84523,10784,0
UChXOhG9bRDb3vSTg-qkPAZg,Gweilo-60,2019-02-19 04:49:39.451192,10784,0
UChXOhG9bRDb3vSTg-qkPAZg,Gweilo-60,2019-02-19 04:48:39.491345,10784,0
UChXOhG9bRDb3vSTg-qkPAZg,Gweilo-60,2019-02-19 04:47:39.786953,10784,0
UChXOhG9bRDb3vSTg-qkPAZg,Gweilo-60,2019-02-19 04:46:39.37286,10784,1
UChXOhG9bRDb3vSTg-qkPAZg,Gweilo-60,2019-02-19 04:45:40.217931,10783,0
UChXOhG9bRDb3vSTg-qkPAZg,Gweilo-60,2019-02-19 04:44:39.683537,10783,0
UChXOhG9bRDb3vSTg-qkPAZg,Gweilo-60,2019-02-19 04:43:39.996358,10783,0
UChXOhG9bRDb3vSTg-qkPAZg,Gweilo-60,2019-02-19 04:42:39.495587,10783,0
UChXOhG9bRDb3vSTg-qkPAZg,Gweilo-60,2019-02-19 04:41:39.949502,10783,0
UChXOhG9bRDb3vSTg-qkPAZg,Gweilo-60,2019-02-19 04:40:39.955589,10783,0
UChXOhG9bRDb3vSTg-qkPAZg,Gweilo-60,2019-02-19 04:39:39.385122,10783,0
UChXOhG9bRDb3vSTg-qkPAZg,Gweilo-60,2019-02-19 04:38:39.364939,10783,0
UChXOhG9bRDb3vSTg-qkPAZg,Gweilo-60,2019-02-19 04:37:39.809482,10783,0
UChXOhG9bRDb3vSTg-qkPAZg,Gweilo-60,2019-02-19 04:36:39.360478,10783,0
UChXOhG9bRDb3vSTg-qkPAZg,Gweilo-60,2019-02-19 04:35:39.588732,10783,0
UChXOhG9bRDb3vSTg-qkPAZg,Gweilo-60,2019-02-19 04:34:39.419379,10783,0
UChXOhG9bRDb3vSTg-qkPAZg,Gweilo-60,2019-02-19 04:33:39.253777,10783,0
UChXOhG9bRDb3vSTg-qkPAZg,Gweilo-60,2019-02-19 04:32:39.749387,10783,0
UChXOhG9bRDb3vSTg-qkPAZg,Gweilo-60,2019-02-19 04:31:39.524631,10783,0
UChXOhG9bRDb3vSTg-qkPAZg,Gweilo-60,2019-02-19 04:30:39.844912,10783,0
UChXOhG9bRDb3vSTg-qkPAZg,Gweilo-60,2019-02-19 04:29:39.534943,10783,0
UChXOhG9bRDb3vSTg-qkPAZg,Gweilo-60,2019-02-19 04:28:40.045524,10783,0
UChXOhG9bRDb3vSTg-qkPAZg,Gweilo-60,2019-02-19 04:27:39.482524,10783,0
UChXOhG9bRDb3vSTg-qkPAZg,Gweilo-60,2019-02-19 04:26:39.587758,10783,0
UChXOhG9bRDb3vSTg-qkPAZg,Gweilo-60,2019-02-19 04:25:40.022091,10783,0
UChXOhG9bRDb3vSTg-qkPAZg,Gweilo-60,2019-02-19 04:24:39.896018,10783,0
UChXOhG9bRDb3vSTg-qkPAZg,Gweilo-60,2019-02-19 04:23:39.500671,10783,0
UChXOhG9bRDb3vSTg-qkPAZg,Gweilo-60,2019-02-19 04:22:39.524761,10783,0
UChXOhG9bRDb3vSTg-qkPAZg,Gweilo-60,2019-02-19 04:21:40.107116,10783,0
UChXOhG9bRDb3vSTg-qkPAZg,Gweilo-60,2019-02-19 04:20:39.661626,10783,0
UChXOhG9bRDb3vSTg-qkPAZg,Gweilo-60,2019-02-19 04:19:39.989052,10783,0
UChXOhG9bRDb3vSTg-qkPAZg,Gweilo-60,2019-02-19 04:18:40.952506,10783,0
UChXOhG9bRDb3vSTg-qkPAZg,Gweilo-60,2019-02-19 04:17:40.616401,10783,0
UChXOhG9bRDb3vSTg-qkPAZg,Gweilo-60,2019-02-19 04:16:40.746191,10783,0
UChXOhG9bRDb3vSTg-qkPAZg,Gweilo-60,2019-02-19 04:15:39.171706,10783,0
UChXOhG9bRDb3vSTg-qkPAZg,Gweilo-60,2019-02-19 04:14:39.652079,10783,0
UChXOhG9bRDb3vSTg-qkPAZg,Gweilo-60,2019-02-19 04:13:39.634196,10783,0
UChXOhG9bRDb3vSTg-qkPAZg,Gweilo-60,2019-02-19 04:12:39.888276,10783,0
UChXOhG9bRDb3vSTg-qkPAZg,Gweilo-60,2019-02-19 04:11:39.702949,10783,0
UChXOhG9bRDb3vSTg-qkPAZg,Gweilo-60,2019-02-19 04:10:39.757495,10783,0
UChXOhG9bRDb3vSTg-qkPAZg,Gweilo-60,2019-02-19 04:09:39.446411,10783,0
UChXOhG9bRDb3vSTg-qkPAZg,Gweilo-60,2019-02-19 04:08:39.731511,10783,0
UChXOhG9bRDb3vSTg-qkPAZg,Gweilo-60,2019-02-19 04:07:39.7256,10783,0
UChXOhG9bRDb3vSTg-qkPAZg,Gweilo-60,2019-02-19 04:06:39.613292,10783,0
UChXOhG9bRDb3vSTg-qkPAZg,Gweilo-60,2019-02-19 04:05:39.850369,10783,0
UChXOhG9bRDb3vSTg-qkPAZg,Gweilo-60,2019-02-19 04:04:39.941838,10783,0
UChXOhG9bRDb3vSTg-qkPAZg,Gweilo-60,2019-02-19 04:03:39.3958,10783,0
UChXOhG9bRDb3vSTg-qkPAZg,Gweilo-60,2019-02-19 04:02:39.5976,10783,0
UChXOhG9bRDb3vSTg-qkPAZg,Gweilo-60,2019-02-19 04:01:39.273296,10783,0
UChXOhG9bRDb3vSTg-qkPAZg,Gweilo-60,2019-02-19 04:00:39.848551,10783,0
UChXOhG9bRDb3vSTg-qkPAZg,Gweilo-60,2019-02-19 03:59:39.213909,10783,0
UChXOhG9bRDb3vSTg-qkPAZg,Gweilo-60,2019-02-19 03:58:40.140067,10783,0
UChXOhG9bRDb3vSTg-qkPAZg,Gweilo-60,2019-02-19 03:57:39.173576,10783,0
UChXOhG9bRDb3vSTg-qkPAZg,Gweilo-60,2019-02-19 03:56:39.372407,10783,0
UChXOhG9bRDb3vSTg-qkPAZg,Gweilo-60,2019-02-19 03:55:39.753735,10783,0
UChXOhG9bRDb3vSTg-qkPAZg,Gweilo-60,2019-02-19 03:54:39.374916,10783,0
UChXOhG9bRDb3vSTg-qkPAZg,Gweilo-60,2019-02-19 03:53:39.483995,10783,0
UChXOhG9bRDb3vSTg-qkPAZg,Gweilo-60,2019-02-19 03:52:39.358115,10783,1
UChXOhG9bRDb3vSTg-qkPAZg,Gweilo-60,2019-02-19 03:51:39.56009,10782,0
UChXOhG9bRDb3vSTg-qkPAZg,Gweilo-60,2019-02-19 03:50:40.051966,10782,0
UChXOhG9bRDb3vSTg-qkPAZg,Gweilo-60,2019-02-19 03:49:39.987343,10782,0
UChXOhG9bRDb3vSTg-qkPAZg,Gweilo-60,2019-02-19 03:48:39.758105,10782,0
UChXOhG9bRDb3vSTg-qkPAZg,Gweilo-60,2019-02-19 03:47:39.269649,10782,0
UChXOhG9bRDb3vSTg-qkPAZg,Gweilo-60,2019-02-19 03:46:39.550056,10782,0
UChXOhG9bRDb3vSTg-qkPAZg,Gweilo-60,2019-02-19 03:45:40.014793,10782,0
UChXOhG9bRDb3vSTg-qkPAZg,Gweilo-60,2019-02-19 03:44:39.306767,10782,0
UChXOhG9bRDb3vSTg-qkPAZg,Gweilo-60,2019-02-19 03:43:39.08212,10782,0
UChXOhG9bRDb3vSTg-qkPAZg,Gweilo-60,2019-02-19 03:42:39.585747,10782,0
UChXOhG9bRDb3vSTg-qkPAZg,Gweilo-60,2019-02-19 03:41:39.459545,10782,0
UChXOhG9bRDb3vSTg-qkPAZg,Gweilo-60,2019-02-19 03:40:39.444022,10782,0
UChXOhG9bRDb3vSTg-qkPAZg,Gweilo-60,2019-02-19 03:39:39.770156,10782,0
UChXOhG9bRDb3vSTg-qkPAZg,Gweilo-60,2019-02-19 03:38:39.660432,10782,1
UChXOhG9bRDb3vSTg-qkPAZg,Gweilo-60,2019-02-19 03:37:39.365629,10781,0
UChXOhG9bRDb3vSTg-qkPAZg,Gweilo-60,2019-02-19 03:36:39.861431,10781,-1
UChXOhG9bRDb3vSTg-qkPAZg,Gweilo-60,2019-02-19 03:35:39.707081,10782,-1
UChXOhG9bRDb3vSTg-qkPAZg,Gweilo-60,2019-02-19 03:34:39.364159,10783,0
UChXOhG9bRDb3vSTg-qkPAZg,Gweilo-60,2019-02-19 03:33:40.105087,10783,0
UChXOhG9bRDb3vSTg-qkPAZg,Gweilo-60,2019-02-19 03:32:38.995371,10783,0
UChXOhG9bRDb3vSTg-qkPAZg,Gweilo-60,2019-02-19 03:31:39.262751,10783,0
UChXOhG9bRDb3vSTg-qkPAZg,Gweilo-60,2019-02-19 03:30:39.614087,10783,-1
UChXOhG9bRDb3vSTg-qkPAZg,Gweilo-60,2019-02-19 03:29:40.324947,10784,0
UChXOhG9bRDb3vSTg-qkPAZg,Gweilo-60,2019-02-19 03:28:39.153747,10784,0
UChXOhG9bRDb3vSTg-qkPAZg,Gweilo-60,2019-02-19 03:27:40.131594,10784,0
UChXOhG9bRDb3vSTg-qkPAZg,Gweilo-60,2019-02-19 03:26:39.973651,10784,0
UChXOhG9bRDb3vSTg-qkPAZg,Gweilo-60,2019-02-19 03:25:39.366826,10784,-1
UChXOhG9bRDb3vSTg-qkPAZg,Gweilo-60,2019-02-19 03:24:39.988082,10785,-1
UChXOhG9bRDb3vSTg-qkPAZg,Gweilo-60,2019-02-19 03:23:39.821233,10786,-1
UChXOhG9bRDb3vSTg-qkPAZg,Gweilo-60,2019-02-19 03:22:39.595567,10787,0
UChXOhG9bRDb3vSTg-qkPAZg,Gweilo-60,2019-02-19 03:21:39.359667,10787,-2
UChXOhG9bRDb3vSTg-qkPAZg,Gweilo-60,2019-02-19 03:20:39.312325,10789,0
UChXOhG9bRDb3vSTg-qkPAZg,Gweilo-60,2019-02-19 03:19:39.281021,10789,0
UChXOhG9bRDb3vSTg-qkPAZg,Gweilo-60,2019-02-19 03:18:39.513314,10789,1
UChXOhG9bRDb3vSTg-qkPAZg,Gweilo-60,2019-02-19 03:17:39.389492,10788,0
UChXOhG9bRDb3vSTg-qkPAZg,Gweilo-60,2019-02-19 03:16:39.600752,10788,-1
UChXOhG9bRDb3vSTg-qkPAZg,Gweilo-60,2019-02-19 03:15:40.159658,10789,0
UChXOhG9bRDb3vSTg-qkPAZg,Gweilo-60,2019-02-19 03:14:39.918476,10789,-1
UChXOhG9bRDb3vSTg-qkPAZg,Gweilo-60,2019-02-19 03:13:39.545236,10790,2
UChXOhG9bRDb3vSTg-qkPAZg,Gweilo-60,2019-02-19 03:12:39.87144,10788,0
UChXOhG9bRDb3vSTg-qkPAZg,Gweilo-60,2019-02-19 03:11:39.153771,10788,0
UChXOhG9bRDb3vSTg-qkPAZg,Gweilo-60,2019-02-19 03:10:39.493441,10788,0
UChXOhG9bRDb3vSTg-qkPAZg,Gweilo-60,2019-02-19 03:09:39.367486,10788,0
UChXOhG9bRDb3vSTg-qkPAZg,Gweilo-60,2019-02-19 03:08:39.5968,10788,0
UChXOhG9bRDb3vSTg-qkPAZg,Gweilo-60,2019-02-19 03:07:40.288961,10788,0
UChXOhG9bRDb3vSTg-qkPAZg,Gweilo-60,2019-02-19 03:06:39.150468,10788,0
UChXOhG9bRDb3vSTg-qkPAZg,Gweilo-60,2019-02-19 03:05:39.512414,10788,0
UChXOhG9bRDb3vSTg-qkPAZg,Gweilo-60,2019-02-19 03:04:39.437201,10788,0
UChXOhG9bRDb3vSTg-qkPAZg,Gweilo-60,2019-02-19 03:03:39.596872,10788,0
UChXOhG9bRDb3vSTg-qkPAZg,Gweilo-60,2019-02-19 03:02:39.419263,10788,0
UChXOhG9bRDb3vSTg-qkPAZg,Gweilo-60,2019-02-19 03:01:39.941948,10788,1
UChXOhG9bRDb3vSTg-qkPAZg,Gweilo-60,2019-02-19 03:00:39.806825,10787,0
UChXOhG9bRDb3vSTg-qkPAZg,Gweilo-60,2019-02-19 02:59:38.934542,10787,0
UChXOhG9bRDb3vSTg-qkPAZg,Gweilo-60,2019-02-19 02:58:39.614762,10787,1
UChXOhG9bRDb3vSTg-qkPAZg,Gweilo-60,2019-02-19 02:57:39.280462,10786,0
UChXOhG9bRDb3vSTg-qkPAZg,Gweilo-60,2019-02-19 02:56:39.010931,10786,0
UChXOhG9bRDb3vSTg-qkPAZg,Gweilo-60,2019-02-19 02:55:39.087289,10786,0
UChXOhG9bRDb3vSTg-qkPAZg,Gweilo-60,2019-02-19 02:54:39.343094,10786,0
UChXOhG9bRDb3vSTg-qkPAZg,Gweilo-60,2019-02-19 02:53:40.072458,10786,0
UChXOhG9bRDb3vSTg-qkPAZg,Gweilo-60,2019-02-19 02:52:40.215051,10786,0
UChXOhG9bRDb3vSTg-qkPAZg,Gweilo-60,2019-02-19 02:51:39.666698,10786,0
UChXOhG9bRDb3vSTg-qkPAZg,Gweilo-60,2019-02-19 02:50:39.485757,10786,0
UChXOhG9bRDb3vSTg-qkPAZg,Gweilo-60,2019-02-19 02:49:39.414766,10786,0
UChXOhG9bRDb3vSTg-qkPAZg,Gweilo-60,2019-02-19 02:48:39.334678,10786,0
UChXOhG9bRDb3vSTg-qkPAZg,Gweilo-60,2019-02-19 02:47:39.939695,10786,0
UChXOhG9bRDb3vSTg-qkPAZg,Gweilo-60,2019-02-19 02:46:39.442928,10786,0
UChXOhG9bRDb3vSTg-qkPAZg,Gweilo-60,2019-02-19 02:45:40.021097,10786,0
UChXOhG9bRDb3vSTg-qkPAZg,Gweilo-60,2019-02-19 02:44:39.400485,10786,0
UChXOhG9bRDb3vSTg-qkPAZg,Gweilo-60,2019-02-19 02:43:39.671064,10786,0
UChXOhG9bRDb3vSTg-qkPAZg,Gweilo-60,2019-02-19 02:42:39.301168,10786,0
UChXOhG9bRDb3vSTg-qkPAZg,Gweilo-60,2019-02-19 02:41:39.836434,10786,0
UChXOhG9bRDb3vSTg-qkPAZg,Gweilo-60,2019-02-19 02:40:39.495349,10786,0
UChXOhG9bRDb3vSTg-qkPAZg,Gweilo-60,2019-02-19 02:39:39.531573,10786,0
UChXOhG9bRDb3vSTg-qkPAZg,Gweilo-60,2019-02-19 02:38:39.510051,10786,0
UChXOhG9bRDb3vSTg-qkPAZg,Gweilo-60,2019-02-19 02:37:39.232814,10786,0
UChXOhG9bRDb3vSTg-qkPAZg,Gweilo-60,2019-02-19 02:36:40.392406,10786,0
UChXOhG9bRDb3vSTg-qkPAZg,Gweilo-60,2019-02-19 02:35:40.142205,10786,0
UChXOhG9bRDb3vSTg-qkPAZg,Gweilo-60,2019-02-19 02:34:40.163216,10786,0
UChXOhG9bRDb3vSTg-qkPAZg,Gweilo-60,2019-02-19 02:33:39.837301,10786,0
UChXOhG9bRDb3vSTg-qkPAZg,Gweilo-60,2019-02-19 02:32:39.631181,10786,0
UChXOhG9bRDb3vSTg-qkPAZg,Gweilo-60,2019-02-19 02:31:39.788371,10786,0
UChXOhG9bRDb3vSTg-qkPAZg,Gweilo-60,2019-02-19 02:30:39.927104,10786,0
UChXOhG9bRDb3vSTg-qkPAZg,Gweilo-60,2019-02-19 02:29:39.397235,10786,0
UChXOhG9bRDb3vSTg-qkPAZg,Gweilo-60,2019-02-19 02:28:39.641084,10786,0
UChXOhG9bRDb3vSTg-qkPAZg,Gweilo-60,2019-02-19 02:27:39.633764,10786,0
UChXOhG9bRDb3vSTg-qkPAZg,Gweilo-60,2019-02-19 02:26:39.622754,10786,0
UChXOhG9bRDb3vSTg-qkPAZg,Gweilo-60,2019-02-19 02:25:39.776036,10786,1
UChXOhG9bRDb3vSTg-qkPAZg,Gweilo-60,2019-02-19 02:24:39.071103,10785,0
UChXOhG9bRDb3vSTg-qkPAZg,Gweilo-60,2019-02-19 02:23:39.492459,10785,0
UChXOhG9bRDb3vSTg-qkPAZg,Gweilo-60,2019-02-19 02:22:40.294443,10785,0
UChXOhG9bRDb3vSTg-qkPAZg,Gweilo-60,2019-02-19 02:21:39.52536,10785,0
UChXOhG9bRDb3vSTg-qkPAZg,Gweilo-60,2019-02-19 02:20:39.831394,10785,0
UChXOhG9bRDb3vSTg-qkPAZg,Gweilo-60,2019-02-19 02:19:39.285314,10785,0
UChXOhG9bRDb3vSTg-qkPAZg,Gweilo-60,2019-02-19 02:18:40.252529,10785,0
UChXOhG9bRDb3vSTg-qkPAZg,Gweilo-60,2019-02-19 02:17:39.12643,10785,0
UChXOhG9bRDb3vSTg-qkPAZg,Gweilo-60,2019-02-19 02:16:39.44174,10785,0
UChXOhG9bRDb3vSTg-qkPAZg,Gweilo-60,2019-02-19 02:15:39.866154,10785,0
UChXOhG9bRDb3vSTg-qkPAZg,Gweilo-60,2019-02-19 02:14:39.381252,10785,0
UChXOhG9bRDb3vSTg-qkPAZg,Gweilo-60,2019-02-19 02:13:39.696622,10785,0
UChXOhG9bRDb3vSTg-qkPAZg,Gweilo-60,2019-02-19 02:12:39.532615,10785,0
UChXOhG9bRDb3vSTg-qkPAZg,Gweilo-60,2019-02-19 02:11:39.608811,10785,0
UChXOhG9bRDb3vSTg-qkPAZg,Gweilo-60,2019-02-19 02:10:39.435845,10785,0
UChXOhG9bRDb3vSTg-qkPAZg,Gweilo-60,2019-02-19 02:09:39.480245,10785,0
UChXOhG9bRDb3vSTg-qkPAZg,Gweilo-60,2019-02-19 02:08:38.814311,10785,0
UChXOhG9bRDb3vSTg-qkPAZg,Gweilo-60,2019-02-19 02:07:39.626248,10785,0
UChXOhG9bRDb3vSTg-qkPAZg,Gweilo-60,2019-02-19 02:06:40.036538,10785,0
UChXOhG9bRDb3vSTg-qkPAZg,Gweilo-60,2019-02-19 02:05:39.512388,10785,0
UChXOhG9bRDb3vSTg-qkPAZg,Gweilo-60,2019-02-19 02:04:39.437336,10785,0
UChXOhG9bRDb3vSTg-qkPAZg,Gweilo-60,2019-02-19 02:03:39.948366,10785,0
UChXOhG9bRDb3vSTg-qkPAZg,Gweilo-60,2019-02-19 02:02:39.131051,10785,0
UChXOhG9bRDb3vSTg-qkPAZg,Gweilo-60,2019-02-19 02:01:39.673013,10785,0
UChXOhG9bRDb3vSTg-qkPAZg,Gweilo-60,2019-02-19 02:00:40.082637,10785,0
UChXOhG9bRDb3vSTg-qkPAZg,Gweilo-60,2019-02-19 01:59:39.37016,10785,0
UChXOhG9bRDb3vSTg-qkPAZg,Gweilo-60,2019-02-19 01:58:39.500114,10785,0
UChXOhG9bRDb3vSTg-qkPAZg,Gweilo-60,2019-02-19 01:57:39.062963,10785,0
UChXOhG9bRDb3vSTg-qkPAZg,Gweilo-60,2019-02-19 01:56:40.264531,10785,1
UChXOhG9bRDb3vSTg-qkPAZg,Gweilo-60,2019-02-19 01:55:39.445993,10784,0
UChXOhG9bRDb3vSTg-qkPAZg,Gweilo-60,2019-02-19 01:54:38.896585,10784,0
UChXOhG9bRDb3vSTg-qkPAZg,Gweilo-60,2019-02-19 01:53:39.819758,10784,0
UChXOhG9bRDb3vSTg-qkPAZg,Gweilo-60,2019-02-19 01:52:39.257587,10784,0
UChXOhG9bRDb3vSTg-qkPAZg,Gweilo-60,2019-02-19 01:51:39.484795,10784,1
UChXOhG9bRDb3vSTg-qkPAZg,Gweilo-60,2019-02-19 01:50:39.825399,10783,0
UChXOhG9bRDb3vSTg-qkPAZg,Gweilo-60,2019-02-19 01:49:39.30939,10783,-1
UChXOhG9bRDb3vSTg-qkPAZg,Gweilo-60,2019-02-19 01:48:39.543717,10784,0
UChXOhG9bRDb3vSTg-qkPAZg,Gweilo-60,2019-02-19 01:47:38.885705,10784,0
UChXOhG9bRDb3vSTg-qkPAZg,Gweilo-60,2019-02-19 01:46:39.63021,10784,0
UChXOhG9bRDb3vSTg-qkPAZg,Gweilo-60,2019-02-19 01:45:39.226221,10784,0
UChXOhG9bRDb3vSTg-qkPAZg,Gweilo-60,2019-02-19 01:44:39.845693,10784,0
UChXOhG9bRDb3vSTg-qkPAZg,Gweilo-60,2019-02-19 01:43:39.653512,10784,0
UChXOhG9bRDb3vSTg-qkPAZg,Gweilo-60,2019-02-19 01:42:39.152662,10784,0
UChXOhG9bRDb3vSTg-qkPAZg,Gweilo-60,2019-02-19 01:41:39.494913,10784,0
UChXOhG9bRDb3vSTg-qkPAZg,Gweilo-60,2019-02-19 01:40:39.323691,10784,0
UChXOhG9bRDb3vSTg-qkPAZg,Gweilo-60,2019-02-19 01:39:38.979136,10784,-1
UChXOhG9bRDb3vSTg-qkPAZg,Gweilo-60,2019-02-19 01:38:39.387167,10785,-2
UChXOhG9bRDb3vSTg-qkPAZg,Gweilo-60,2019-02-19 01:37:39.606203,10787,-1
UChXOhG9bRDb3vSTg-qkPAZg,Gweilo-60,2019-02-19 01:36:39.432538,10788,-2
UChXOhG9bRDb3vSTg-qkPAZg,Gweilo-60,2019-02-19 01:35:39.392117,10790,0
UChXOhG9bRDb3vSTg-qkPAZg,Gweilo-60,2019-02-19 01:34:39.62959,10790,0
UChXOhG9bRDb3vSTg-qkPAZg,Gweilo-60,2019-02-19 01:33:38.946802,10790,-1
UChXOhG9bRDb3vSTg-qkPAZg,Gweilo-60,2019-02-19 01:32:39.635461,10791,-1
UChXOhG9bRDb3vSTg-qkPAZg,Gweilo-60,2019-02-19 01:31:39.199857,10792,0
UChXOhG9bRDb3vSTg-qkPAZg,Gweilo-60,2019-02-19 01:30:39.110177,10792,0
UChXOhG9bRDb3vSTg-qkPAZg,Gweilo-60,2019-02-19 01:29:39.488036,10792,0
UChXOhG9bRDb3vSTg-qkPAZg,Gweilo-60,2019-02-19 01:28:39.29757,10792,0
UChXOhG9bRDb3vSTg-qkPAZg,Gweilo-60,2019-02-19 01:27:39.805275,10792,-1
UChXOhG9bRDb3vSTg-qkPAZg,Gweilo-60,2019-02-19 01:26:39.025854,10793,-1
UChXOhG9bRDb3vSTg-qkPAZg,Gweilo-60,2019-02-19 01:25:39.019183,10794,0
UChXOhG9bRDb3vSTg-qkPAZg,Gweilo-60,2019-02-19 01:24:39.560903,10794,-1
UChXOhG9bRDb3vSTg-qkPAZg,Gweilo-60,2019-02-19 01:23:39.185118,10795,0
UChXOhG9bRDb3vSTg-qkPAZg,Gweilo-60,2019-02-19 01:22:39.193225,10795,-1
UChXOhG9bRDb3vSTg-qkPAZg,Gweilo-60,2019-02-19 01:21:39.477427,10796,0
UChXOhG9bRDb3vSTg-qkPAZg,Gweilo-60,2019-02-19 01:20:39.394765,10796,0
UChXOhG9bRDb3vSTg-qkPAZg,Gweilo-60,2019-02-19 01:19:39.228851,10796,0
UChXOhG9bRDb3vSTg-qkPAZg,Gweilo-60,2019-02-19 01:18:38.957917,10796,0
UChXOhG9bRDb3vSTg-qkPAZg,Gweilo-60,2019-02-19 01:17:39.263837,10796,0
UChXOhG9bRDb3vSTg-qkPAZg,Gweilo-60,2019-02-19 01:16:39.929025,10796,0
UChXOhG9bRDb3vSTg-qkPAZg,Gweilo-60,2019-02-19 01:15:38.708778,10796,-2
UChXOhG9bRDb3vSTg-qkPAZg,Gweilo-60,2019-02-19 01:14:39.43051,10798,0
UChXOhG9bRDb3vSTg-qkPAZg,Gweilo-60,2019-02-19 01:13:39.889389,10798,0
UChXOhG9bRDb3vSTg-qkPAZg,Gweilo-60,2019-02-19 01:12:39.584633,10798,0
UChXOhG9bRDb3vSTg-qkPAZg,Gweilo-60,2019-02-19 01:11:39.023332,10798,0
UChXOhG9bRDb3vSTg-qkPAZg,Gweilo-60,2019-02-19 01:10:39.188455,10798,1
UChXOhG9bRDb3vSTg-qkPAZg,Gweilo-60,2019-02-19 01:09:39.047697,10797,-1
UChXOhG9bRDb3vSTg-qkPAZg,Gweilo-60,2019-02-19 01:08:38.9002,10798,0
UChXOhG9bRDb3vSTg-qkPAZg,Gweilo-60,2019-02-19 01:07:39.032574,10798,0
UChXOhG9bRDb3vSTg-qkPAZg,Gweilo-60,2019-02-19 01:06:39.622983,10798,0
UChXOhG9bRDb3vSTg-qkPAZg,Gweilo-60,2019-02-19 01:05:39.94903,10798,0
UChXOhG9bRDb3vSTg-qkPAZg,Gweilo-60,2019-02-19 01:04:39.172068,10798,0
UChXOhG9bRDb3vSTg-qkPAZg,Gweilo-60,2019-02-19 01:03:39.273507,10798,0
UChXOhG9bRDb3vSTg-qkPAZg,Gweilo-60,2019-02-19 01:02:39.031908,10798,0
UChXOhG9bRDb3vSTg-qkPAZg,Gweilo-60,2019-02-19 01:01:39.941138,10798,0
UChXOhG9bRDb3vSTg-qkPAZg,Gweilo-60,2019-02-19 01:00:39.334678,10798,0
UChXOhG9bRDb3vSTg-qkPAZg,Gweilo-60,2019-02-19 00:59:39.251571,10798,0
UChXOhG9bRDb3vSTg-qkPAZg,Gweilo-60,2019-02-19 00:58:39.942763,10798,0
UChXOhG9bRDb3vSTg-qkPAZg,Gweilo-60,2019-02-19 00:57:39.310016,10798,0
UChXOhG9bRDb3vSTg-qkPAZg,Gweilo-60,2019-02-19 00:56:39.218701,10798,1
UChXOhG9bRDb3vSTg-qkPAZg,Gweilo-60,2019-02-19 00:55:39.256399,10797,0
UChXOhG9bRDb3vSTg-qkPAZg,Gweilo-60,2019-02-19 00:54:39.789826,10797,0
UChXOhG9bRDb3vSTg-qkPAZg,Gweilo-60,2019-02-19 00:53:40.003982,10797,0
UChXOhG9bRDb3vSTg-qkPAZg,Gweilo-60,2019-02-19 00:52:41.031071,10797,0
UChXOhG9bRDb3vSTg-qkPAZg,Gweilo-60,2019-02-19 00:51:39.549414,10797,0
UChXOhG9bRDb3vSTg-qkPAZg,Gweilo-60,2019-02-19 00:50:39.300984,10797,0
UChXOhG9bRDb3vSTg-qkPAZg,Gweilo-60,2019-02-19 00:49:39.258344,10797,0
UChXOhG9bRDb3vSTg-qkPAZg,Gweilo-60,2019-02-19 00:48:39.47293,10797,0
UChXOhG9bRDb3vSTg-qkPAZg,Gweilo-60,2019-02-19 00:47:38.978011,10797,0
UChXOhG9bRDb3vSTg-qkPAZg,Gweilo-60,2019-02-19 00:46:38.994779,10797,0
UChXOhG9bRDb3vSTg-qkPAZg,Gweilo-60,2019-02-19 00:45:38.864797,10797,0
UChXOhG9bRDb3vSTg-qkPAZg,Gweilo-60,2019-02-19 00:44:39.278948,10797,0
UChXOhG9bRDb3vSTg-qkPAZg,Gweilo-60,2019-02-19 00:43:39.507854,10797,0
UChXOhG9bRDb3vSTg-qkPAZg,Gweilo-60,2019-02-19 00:42:39.529415,10797,1
UChXOhG9bRDb3vSTg-qkPAZg,Gweilo-60,2019-02-19 00:41:39.357103,10796,0
UChXOhG9bRDb3vSTg-qkPAZg,Gweilo-60,2019-02-19 00:40:39.416361,10796,0
UChXOhG9bRDb3vSTg-qkPAZg,Gweilo-60,2019-02-19 00:39:38.999705,10796,0
UChXOhG9bRDb3vSTg-qkPAZg,Gweilo-60,2019-02-19 00:38:39.051849,10796,0
UChXOhG9bRDb3vSTg-qkPAZg,Gweilo-60,2019-02-19 00:37:39.267134,10796,0
UChXOhG9bRDb3vSTg-qkPAZg,Gweilo-60,2019-02-19 00:36:39.069054,10796,0
UChXOhG9bRDb3vSTg-qkPAZg,Gweilo-60,2019-02-19 00:35:38.983167,10796,0
UChXOhG9bRDb3vSTg-qkPAZg,Gweilo-60,2019-02-19 00:34:39.110061,10796,0
UChXOhG9bRDb3vSTg-qkPAZg,Gweilo-60,2019-02-19 00:33:39.106163,10796,1
UChXOhG9bRDb3vSTg-qkPAZg,Gweilo-60,2019-02-19 00:32:39.701518,10795,0
UChXOhG9bRDb3vSTg-qkPAZg,Gweilo-60,2019-02-19 00:31:38.910359,10795,0
UChXOhG9bRDb3vSTg-qkPAZg,Gweilo-60,2019-02-19 00:30:39.376203,10795,0
UChXOhG9bRDb3vSTg-qkPAZg,Gweilo-60,2019-02-19 00:29:39.285196,10795,0
UChXOhG9bRDb3vSTg-qkPAZg,Gweilo-60,2019-02-19 00:28:40.600452,10795,0
UChXOhG9bRDb3vSTg-qkPAZg,Gweilo-60,2019-02-19 00:27:39.769852,10795,1
UChXOhG9bRDb3vSTg-qkPAZg,Gweilo-60,2019-02-19 00:26:39.026639,10794,0
UChXOhG9bRDb3vSTg-qkPAZg,Gweilo-60,2019-02-19 00:25:39.613513,10794,0
UChXOhG9bRDb3vSTg-qkPAZg,Gweilo-60,2019-02-19 00:24:39.815669,10794,0
UChXOhG9bRDb3vSTg-qkPAZg,Gweilo-60,2019-02-19 00:23:39.417125,10794,0
UChXOhG9bRDb3vSTg-qkPAZg,Gweilo-60,2019-02-19 00:22:40.126876,10794,0
UChXOhG9bRDb3vSTg-qkPAZg,Gweilo-60,2019-02-19 00:21:39.354983,10794,0
UChXOhG9bRDb3vSTg-qkPAZg,Gweilo-60,2019-02-19 00:20:39.837449,10794,0
UChXOhG9bRDb3vSTg-qkPAZg,Gweilo-60,2019-02-19 00:19:38.865308,10794,0
UChXOhG9bRDb3vSTg-qkPAZg,Gweilo-60,2019-02-19 00:18:39.299005,10794,0
UChXOhG9bRDb3vSTg-qkPAZg,Gweilo-60,2019-02-19 00:17:39.04287,10794,0
UChXOhG9bRDb3vSTg-qkPAZg,Gweilo-60,2019-02-19 00:16:39.197771,10794,0
UChXOhG9bRDb3vSTg-qkPAZg,Gweilo-60,2019-02-19 00:15:39.301954,10794,0
UChXOhG9bRDb3vSTg-qkPAZg,Gweilo-60,2019-02-19 00:14:39.248205,10794,1
UChXOhG9bRDb3vSTg-qkPAZg,Gweilo-60,2019-02-19 00:13:39.27832,10793,0
UChXOhG9bRDb3vSTg-qkPAZg,Gweilo-60,2019-02-19 00:12:39.634953,10793,0
UChXOhG9bRDb3vSTg-qkPAZg,Gweilo-60,2019-02-19 00:11:39.602351,10793,0
UChXOhG9bRDb3vSTg-qkPAZg,Gweilo-60,2019-02-19 00:10:39.220831,10793,0
UChXOhG9bRDb3vSTg-qkPAZg,Gweilo-60,2019-02-19 00:09:39.159239,10793,0
UChXOhG9bRDb3vSTg-qkPAZg,Gweilo-60,2019-02-19 00:08:39.33541,10793,0
UChXOhG9bRDb3vSTg-qkPAZg,Gweilo-60,2019-02-19 00:07:39.502986,10793,0
UChXOhG9bRDb3vSTg-qkPAZg,Gweilo-60,2019-02-19 00:06:39.326227,10793,0
UChXOhG9bRDb3vSTg-qkPAZg,Gweilo-60,2019-02-19 00:05:39.10373,10793,0
UChXOhG9bRDb3vSTg-qkPAZg,Gweilo-60,2019-02-19 00:04:39.652823,10793,0
UChXOhG9bRDb3vSTg-qkPAZg,Gweilo-60,2019-02-19 00:03:39.358381,10793,0
UChXOhG9bRDb3vSTg-qkPAZg,Gweilo-60,2019-02-19 00:02:39.485196,10793,0
UChXOhG9bRDb3vSTg-qkPAZg,Gweilo-60,2019-02-19 00:01:39.685339,10793,0
UChXOhG9bRDb3vSTg-qkPAZg,Gweilo-60,2019-02-19 00:00:39.143072,10793,0
UChXOhG9bRDb3vSTg-qkPAZg,Gweilo-60,2019-02-18 23:59:39.10658,10793,0
UChXOhG9bRDb3vSTg-qkPAZg,Gweilo-60,2019-02-18 23:58:40.110872,10793,0
UChXOhG9bRDb3vSTg-qkPAZg,Gweilo-60,2019-02-18 23:57:39.315569,10793,0
UChXOhG9bRDb3vSTg-qkPAZg,Gweilo-60,2019-02-18 23:56:39.332621,10793,0
UChXOhG9bRDb3vSTg-qkPAZg,Gweilo-60,2019-02-18 23:55:41.079766,10793,0
UChXOhG9bRDb3vSTg-qkPAZg,Gweilo-60,2019-02-18 23:54:39.304244,10793,0
UChXOhG9bRDb3vSTg-qkPAZg,Gweilo-60,2019-02-18 23:53:39.224909,10793,0
UChXOhG9bRDb3vSTg-qkPAZg,Gweilo-60,2019-02-18 23:52:39.538633,10793,0
UChXOhG9bRDb3vSTg-qkPAZg,Gweilo-60,2019-02-18 23:51:39.66126,10793,0
UChXOhG9bRDb3vSTg-qkPAZg,Gweilo-60,2019-02-18 23:50:39.922995,10793,0
UChXOhG9bRDb3vSTg-qkPAZg,Gweilo-60,2019-02-18 23:49:39.949201,10793,1
UChXOhG9bRDb3vSTg-qkPAZg,Gweilo-60,2019-02-18 23:48:39.496416,10792,0
UChXOhG9bRDb3vSTg-qkPAZg,Gweilo-60,2019-02-18 23:47:39.947894,10792,0
UChXOhG9bRDb3vSTg-qkPAZg,Gweilo-60,2019-02-18 23:46:39.324758,10792,0
UChXOhG9bRDb3vSTg-qkPAZg,Gweilo-60,2019-02-18 23:45:39.906783,10792,0
UChXOhG9bRDb3vSTg-qkPAZg,Gweilo-60,2019-02-18 23:44:39.614558,10792,0
UChXOhG9bRDb3vSTg-qkPAZg,Gweilo-60,2019-02-18 23:43:39.178605,10792,0
UChXOhG9bRDb3vSTg-qkPAZg,Gweilo-60,2019-02-18 23:42:40.347358,10792,0
UChXOhG9bRDb3vSTg-qkPAZg,Gweilo-60,2019-02-18 23:41:40.147804,10792,0
UChXOhG9bRDb3vSTg-qkPAZg,Gweilo-60,2019-02-18 23:40:39.221394,10792,0
UChXOhG9bRDb3vSTg-qkPAZg,Gweilo-60,2019-02-18 23:39:39.299525,10792,1
UChXOhG9bRDb3vSTg-qkPAZg,Gweilo-60,2019-02-18 23:38:39.76328,10791,0
UChXOhG9bRDb3vSTg-qkPAZg,Gweilo-60,2019-02-18 23:37:40.07557,10791,0
UChXOhG9bRDb3vSTg-qkPAZg,Gweilo-60,2019-02-18 23:36:39.094335,10791,0
UChXOhG9bRDb3vSTg-qkPAZg,Gweilo-60,2019-02-18 23:35:39.409213,10791,0
UChXOhG9bRDb3vSTg-qkPAZg,Gweilo-60,2019-02-18 23:34:39.79839,10791,0
UChXOhG9bRDb3vSTg-qkPAZg,Gweilo-60,2019-02-18 23:33:39.777324,10791,0
UChXOhG9bRDb3vSTg-qkPAZg,Gweilo-60,2019-02-18 23:32:39.454289,10791,-1
UChXOhG9bRDb3vSTg-qkPAZg,Gweilo-60,2019-02-18 23:31:40.499168,10792,0
UChXOhG9bRDb3vSTg-qkPAZg,Gweilo-60,2019-02-18 23:30:39.689462,10792,0
UChXOhG9bRDb3vSTg-qkPAZg,Gweilo-60,2019-02-18 23:29:39.489045,10792,0
UChXOhG9bRDb3vSTg-qkPAZg,Gweilo-60,2019-02-18 23:28:39.309037,10792,0
UChXOhG9bRDb3vSTg-qkPAZg,Gweilo-60,2019-02-18 23:27:40.069261,10792,1
UChXOhG9bRDb3vSTg-qkPAZg,Gweilo-60,2019-02-18 23:26:39.86267,10791,0
UChXOhG9bRDb3vSTg-qkPAZg,Gweilo-60,2019-02-18 23:25:39.560484,10791,-1
UChXOhG9bRDb3vSTg-qkPAZg,Gweilo-60,2019-02-18 23:24:39.804519,10792,0
UChXOhG9bRDb3vSTg-qkPAZg,Gweilo-60,2019-02-18 23:23:40.393871,10792,0
UChXOhG9bRDb3vSTg-qkPAZg,Gweilo-60,2019-02-18 23:22:39.735856,10792,-1
UChXOhG9bRDb3vSTg-qkPAZg,Gweilo-60,2019-02-18 23:21:39.723476,10793,0
UChXOhG9bRDb3vSTg-qkPAZg,Gweilo-60,2019-02-18 23:20:40.072422,10793,1
UChXOhG9bRDb3vSTg-qkPAZg,Gweilo-60,2019-02-18 23:19:39.702417,10792,0
UChXOhG9bRDb3vSTg-qkPAZg,Gweilo-60,2019-02-18 23:18:43.644618,10792,-1
UChXOhG9bRDb3vSTg-qkPAZg,Gweilo-60,2019-02-18 23:17:39.907596,10793,-1
UChXOhG9bRDb3vSTg-qkPAZg,Gweilo-60,2019-02-18 23:16:39.525165,10794,0
UChXOhG9bRDb3vSTg-qkPAZg,Gweilo-60,2019-02-18 23:15:40.545271,10794,-1
UChXOhG9bRDb3vSTg-qkPAZg,Gweilo-60,2019-02-18 23:14:39.769078,10795,-1
UChXOhG9bRDb3vSTg-qkPAZg,Gweilo-60,2019-02-18 23:13:40.219641,10796,0
UChXOhG9bRDb3vSTg-qkPAZg,Gweilo-60,2019-02-18 23:12:39.745459,10796,0
UChXOhG9bRDb3vSTg-qkPAZg,Gweilo-60,2019-02-18 23:11:39.47928,10796,0
UChXOhG9bRDb3vSTg-qkPAZg,Gweilo-60,2019-02-18 23:10:39.709448,10796,0
UChXOhG9bRDb3vSTg-qkPAZg,Gweilo-60,2019-02-18 23:09:39.67059,10796,0
UChXOhG9bRDb3vSTg-qkPAZg,Gweilo-60,2019-02-18 23:08:39.236149,10796,0
UChXOhG9bRDb3vSTg-qkPAZg,Gweilo-60,2019-02-18 23:07:39.754327,10796,0
UChXOhG9bRDb3vSTg-qkPAZg,Gweilo-60,2019-02-18 23:06:39.760559,10796,0
UChXOhG9bRDb3vSTg-qkPAZg,Gweilo-60,2019-02-18 23:05:40.272069,10796,0
UChXOhG9bRDb3vSTg-qkPAZg,Gweilo-60,2019-02-18 23:04:38.956886,10796,0
UChXOhG9bRDb3vSTg-qkPAZg,Gweilo-60,2019-02-18 23:03:40.393605,10796,0
UChXOhG9bRDb3vSTg-qkPAZg,Gweilo-60,2019-02-18 23:02:39.955976,10796,0
UChXOhG9bRDb3vSTg-qkPAZg,Gweilo-60,2019-02-18 23:01:39.133818,10796,0
UChXOhG9bRDb3vSTg-qkPAZg,Gweilo-60,2019-02-18 23:00:39.924864,10796,0
UChXOhG9bRDb3vSTg-qkPAZg,Gweilo-60,2019-02-18 22:59:39.700503,10796,1
UChXOhG9bRDb3vSTg-qkPAZg,Gweilo-60,2019-02-18 22:58:39.65282,10795,1
UChXOhG9bRDb3vSTg-qkPAZg,Gweilo-60,2019-02-18 22:57:39.23782,10794,0
UChXOhG9bRDb3vSTg-qkPAZg,Gweilo-60,2019-02-18 22:56:39.674497,10794,2
UChXOhG9bRDb3vSTg-qkPAZg,Gweilo-60,2019-02-18 22:55:39.795263,10792,0
UChXOhG9bRDb3vSTg-qkPAZg,Gweilo-60,2019-02-18 22:54:39.235889,10792,0
UChXOhG9bRDb3vSTg-qkPAZg,Gweilo-60,2019-02-18 22:53:39.458525,10792,0
UChXOhG9bRDb3vSTg-qkPAZg,Gweilo-60,2019-02-18 22:52:39.398947,10792,0
UChXOhG9bRDb3vSTg-qkPAZg,Gweilo-60,2019-02-18 22:51:39.754195,10792,0
UChXOhG9bRDb3vSTg-qkPAZg,Gweilo-60,2019-02-18 22:50:39.866584,10792,2
UChXOhG9bRDb3vSTg-qkPAZg,Gweilo-60,2019-02-18 22:49:40.034148,10790,0
UChXOhG9bRDb3vSTg-qkPAZg,Gweilo-60,2019-02-18 22:48:39.952217,10790,0
UChXOhG9bRDb3vSTg-qkPAZg,Gweilo-60,2019-02-18 22:47:40.054752,10790,0
UChXOhG9bRDb3vSTg-qkPAZg,Gweilo-60,2019-02-18 22:46:40.152786,10790,0
UChXOhG9bRDb3vSTg-qkPAZg,Gweilo-60,2019-02-18 22:45:39.665686,10790,0
UChXOhG9bRDb3vSTg-qkPAZg,Gweilo-60,2019-02-18 22:44:40.04688,10790,0
UChXOhG9bRDb3vSTg-qkPAZg,Gweilo-60,2019-02-18 22:43:40.186371,10790,0
UChXOhG9bRDb3vSTg-qkPAZg,Gweilo-60,2019-02-18 22:42:39.743866,10790,0
UChXOhG9bRDb3vSTg-qkPAZg,Gweilo-60,2019-02-18 22:41:40.248792,10790,0
UChXOhG9bRDb3vSTg-qkPAZg,Gweilo-60,2019-02-18 22:40:40.07321,10790,0
UChXOhG9bRDb3vSTg-qkPAZg,Gweilo-60,2019-02-18 22:39:40.822684,10790,0
UChXOhG9bRDb3vSTg-qkPAZg,Gweilo-60,2019-02-18 22:38:39.539988,10790,0
UChXOhG9bRDb3vSTg-qkPAZg,Gweilo-60,2019-02-18 22:37:39.823958,10790,0
UChXOhG9bRDb3vSTg-qkPAZg,Gweilo-60,2019-02-18 22:36:39.79643,10790,0
UChXOhG9bRDb3vSTg-qkPAZg,Gweilo-60,2019-02-18 22:35:39.833158,10790,1
UChXOhG9bRDb3vSTg-qkPAZg,Gweilo-60,2019-02-18 22:34:39.640339,10789,1
UChXOhG9bRDb3vSTg-qkPAZg,Gweilo-60,2019-02-18 22:33:39.539679,10788,0
UChXOhG9bRDb3vSTg-qkPAZg,Gweilo-60,2019-02-18 22:32:39.4353,10788,0
UChXOhG9bRDb3vSTg-qkPAZg,Gweilo-60,2019-02-18 22:31:39.919364,10788,0
UChXOhG9bRDb3vSTg-qkPAZg,Gweilo-60,2019-02-18 22:30:39.89127,10788,0
UChXOhG9bRDb3vSTg-qkPAZg,Gweilo-60,2019-02-18 22:29:40.018849,10788,0
UChXOhG9bRDb3vSTg-qkPAZg,Gweilo-60,2019-02-18 22:28:40.042935,10788,0
UChXOhG9bRDb3vSTg-qkPAZg,Gweilo-60,2019-02-18 22:27:40.014377,10788,1
UChXOhG9bRDb3vSTg-qkPAZg,Gweilo-60,2019-02-18 22:26:40.154159,10787,0
UChXOhG9bRDb3vSTg-qkPAZg,Gweilo-60,2019-02-18 22:25:39.34166,10787,0
UChXOhG9bRDb3vSTg-qkPAZg,Gweilo-60,2019-02-18 22:24:39.988441,10787,0
UChXOhG9bRDb3vSTg-qkPAZg,Gweilo-60,2019-02-18 22:23:40.146302,10787,0
UChXOhG9bRDb3vSTg-qkPAZg,Gweilo-60,2019-02-18 22:22:39.868566,10787,0
UChXOhG9bRDb3vSTg-qkPAZg,Gweilo-60,2019-02-18 22:21:39.379827,10787,0
UChXOhG9bRDb3vSTg-qkPAZg,Gweilo-60,2019-02-18 22:20:39.744931,10787,1
UChXOhG9bRDb3vSTg-qkPAZg,Gweilo-60,2019-02-18 22:19:40.036105,10786,0
UChXOhG9bRDb3vSTg-qkPAZg,Gweilo-60,2019-02-18 22:18:39.837916,10786,0
UChXOhG9bRDb3vSTg-qkPAZg,Gweilo-60,2019-02-18 22:17:39.785236,10786,0
UChXOhG9bRDb3vSTg-qkPAZg,Gweilo-60,2019-02-18 22:16:40.162829,10786,0
UChXOhG9bRDb3vSTg-qkPAZg,Gweilo-60,2019-02-18 22:15:39.678023,10786,0
UChXOhG9bRDb3vSTg-qkPAZg,Gweilo-60,2019-02-18 22:14:39.533093,10786,1
UChXOhG9bRDb3vSTg-qkPAZg,Gweilo-60,2019-02-18 22:13:39.753465,10785,0
UChXOhG9bRDb3vSTg-qkPAZg,Gweilo-60,2019-02-18 22:12:39.704861,10785,1
UChXOhG9bRDb3vSTg-qkPAZg,Gweilo-60,2019-02-18 22:11:39.80022,10784,0
UChXOhG9bRDb3vSTg-qkPAZg,Gweilo-60,2019-02-18 22:10:39.365879,10784,0
UChXOhG9bRDb3vSTg-qkPAZg,Gweilo-60,2019-02-18 22:09:39.889358,10784,0
UChXOhG9bRDb3vSTg-qkPAZg,Gweilo-60,2019-02-18 22:08:39.390615,10784,0
UChXOhG9bRDb3vSTg-qkPAZg,Gweilo-60,2019-02-18 22:07:40.634428,10784,0
UChXOhG9bRDb3vSTg-qkPAZg,Gweilo-60,2019-02-18 22:06:40.115086,10784,0
UChXOhG9bRDb3vSTg-qkPAZg,Gweilo-60,2019-02-18 22:05:39.269672,10784,0
UChXOhG9bRDb3vSTg-qkPAZg,Gweilo-60,2019-02-18 22:04:39.379436,10784,0
UChXOhG9bRDb3vSTg-qkPAZg,Gweilo-60,2019-02-18 22:03:40.389664,10784,0
UChXOhG9bRDb3vSTg-qkPAZg,Gweilo-60,2019-02-18 22:02:39.464845,10784,0
UChXOhG9bRDb3vSTg-qkPAZg,Gweilo-60,2019-02-18 22:01:39.551683,10784,0
UChXOhG9bRDb3vSTg-qkPAZg,Gweilo-60,2019-02-18 22:00:39.404552,10784,0
UChXOhG9bRDb3vSTg-qkPAZg,Gweilo-60,2019-02-18 21:59:39.850801,10784,0
UChXOhG9bRDb3vSTg-qkPAZg,Gweilo-60,2019-02-18 21:58:39.84795,10784,0
UChXOhG9bRDb3vSTg-qkPAZg,Gweilo-60,2019-02-18 21:57:40.046923,10784,0
UChXOhG9bRDb3vSTg-qkPAZg,Gweilo-60,2019-02-18 21:56:39.563004,10784,0
UChXOhG9bRDb3vSTg-qkPAZg,Gweilo-60,2019-02-18 21:55:39.401774,10784,0
UChXOhG9bRDb3vSTg-qkPAZg,Gweilo-60,2019-02-18 21:54:39.896116,10784,0
UChXOhG9bRDb3vSTg-qkPAZg,Gweilo-60,2019-02-18 21:53:39.671339,10784,0
UChXOhG9bRDb3vSTg-qkPAZg,Gweilo-60,2019-02-18 21:52:39.799757,10784,0
UChXOhG9bRDb3vSTg-qkPAZg,Gweilo-60,2019-02-18 21:51:39.791483,10784,1
UChXOhG9bRDb3vSTg-qkPAZg,Gweilo-60,2019-02-18 21:50:39.586138,10783,0
UChXOhG9bRDb3vSTg-qkPAZg,Gweilo-60,2019-02-18 21:49:39.555463,10783,0
UChXOhG9bRDb3vSTg-qkPAZg,Gweilo-60,2019-02-18 21:48:39.988877,10783,0
UChXOhG9bRDb3vSTg-qkPAZg,Gweilo-60,2019-02-18 21:47:40.198279,10783,0
UChXOhG9bRDb3vSTg-qkPAZg,Gweilo-60,2019-02-18 21:46:39.648784,10783,0
UChXOhG9bRDb3vSTg-qkPAZg,Gweilo-60,2019-02-18 21:45:39.66678,10783,0
UChXOhG9bRDb3vSTg-qkPAZg,Gweilo-60,2019-02-18 21:44:39.53886,10783,0
UChXOhG9bRDb3vSTg-qkPAZg,Gweilo-60,2019-02-18 21:43:39.607278,10783,-1
UChXOhG9bRDb3vSTg-qkPAZg,Gweilo-60,2019-02-18 21:42:39.809173,10784,0
UChXOhG9bRDb3vSTg-qkPAZg,Gweilo-60,2019-02-18 21:41:39.297298,10784,0
UChXOhG9bRDb3vSTg-qkPAZg,Gweilo-60,2019-02-18 21:40:39.771106,10784,0
UChXOhG9bRDb3vSTg-qkPAZg,Gweilo-60,2019-02-18 21:39:39.604628,10784,0
UChXOhG9bRDb3vSTg-qkPAZg,Gweilo-60,2019-02-18 21:38:39.52168,10784,0
UChXOhG9bRDb3vSTg-qkPAZg,Gweilo-60,2019-02-18 21:37:39.764975,10784,0
UChXOhG9bRDb3vSTg-qkPAZg,Gweilo-60,2019-02-18 21:36:40.095587,10784,0
UChXOhG9bRDb3vSTg-qkPAZg,Gweilo-60,2019-02-18 21:35:40.414578,10784,0
UChXOhG9bRDb3vSTg-qkPAZg,Gweilo-60,2019-02-18 21:34:39.886698,10784,0
UChXOhG9bRDb3vSTg-qkPAZg,Gweilo-60,2019-02-18 21:33:39.616988,10784,0
UChXOhG9bRDb3vSTg-qkPAZg,Gweilo-60,2019-02-18 21:32:40.255167,10784,0
UChXOhG9bRDb3vSTg-qkPAZg,Gweilo-60,2019-02-18 21:31:40.446113,10784,0
UChXOhG9bRDb3vSTg-qkPAZg,Gweilo-60,2019-02-18 21:30:39.616153,10784,0
UChXOhG9bRDb3vSTg-qkPAZg,Gweilo-60,2019-02-18 21:29:39.646645,10784,0
UChXOhG9bRDb3vSTg-qkPAZg,Gweilo-60,2019-02-18 21:28:39.699799,10784,0
UChXOhG9bRDb3vSTg-qkPAZg,Gweilo-60,2019-02-18 21:27:39.66129,10784,0
UChXOhG9bRDb3vSTg-qkPAZg,Gweilo-60,2019-02-18 21:26:40.106667,10784,0
UChXOhG9bRDb3vSTg-qkPAZg,Gweilo-60,2019-02-18 21:25:40.253202,10784,0
UChXOhG9bRDb3vSTg-qkPAZg,Gweilo-60,2019-02-18 21:24:39.916239,10784,0
UChXOhG9bRDb3vSTg-qkPAZg,Gweilo-60,2019-02-18 21:23:38.954474,10784,0
UChXOhG9bRDb3vSTg-qkPAZg,Gweilo-60,2019-02-18 21:22:40.100074,10784,0
UChXOhG9bRDb3vSTg-qkPAZg,Gweilo-60,2019-02-18 21:21:39.486532,10784,0
UChXOhG9bRDb3vSTg-qkPAZg,Gweilo-60,2019-02-18 21:20:39.77034,10784,1
UChXOhG9bRDb3vSTg-qkPAZg,Gweilo-60,2019-02-18 21:19:39.82582,10783,0
UChXOhG9bRDb3vSTg-qkPAZg,Gweilo-60,2019-02-18 21:18:38.976288,10783,0
UChXOhG9bRDb3vSTg-qkPAZg,Gweilo-60,2019-02-18 21:17:39.045994,10783,0
UChXOhG9bRDb3vSTg-qkPAZg,Gweilo-60,2019-02-18 21:16:39.422611,10783,0
UChXOhG9bRDb3vSTg-qkPAZg,Gweilo-60,2019-02-18 21:15:39.601458,10783,0
UChXOhG9bRDb3vSTg-qkPAZg,Gweilo-60,2019-02-18 21:14:39.780829,10783,0
UChXOhG9bRDb3vSTg-qkPAZg,Gweilo-60,2019-02-18 21:13:39.233524,10783,0
UChXOhG9bRDb3vSTg-qkPAZg,Gweilo-60,2019-02-18 21:12:39.390701,10783,0
UChXOhG9bRDb3vSTg-qkPAZg,Gweilo-60,2019-02-18 21:11:39.273768,10783,0
UChXOhG9bRDb3vSTg-qkPAZg,Gweilo-60,2019-02-18 21:10:39.525843,10783,0
UChXOhG9bRDb3vSTg-qkPAZg,Gweilo-60,2019-02-18 21:09:39.4769,10783,0
UChXOhG9bRDb3vSTg-qkPAZg,Gweilo-60,2019-02-18 21:08:39.879627,10783,0
UChXOhG9bRDb3vSTg-qkPAZg,Gweilo-60,2019-02-18 21:07:39.941862,10783,0
UChXOhG9bRDb3vSTg-qkPAZg,Gweilo-60,2019-02-18 21:06:39.192999,10783,0
UChXOhG9bRDb3vSTg-qkPAZg,Gweilo-60,2019-02-18 21:05:39.270554,10783,0
UChXOhG9bRDb3vSTg-qkPAZg,Gweilo-60,2019-02-18 21:04:39.037984,10783,0
UChXOhG9bRDb3vSTg-qkPAZg,Gweilo-60,2019-02-18 21:03:39.096748,10783,0
UChXOhG9bRDb3vSTg-qkPAZg,Gweilo-60,2019-02-18 21:02:39.557516,10783,0
UChXOhG9bRDb3vSTg-qkPAZg,Gweilo-60,2019-02-18 21:01:39.678371,10783,1
UChXOhG9bRDb3vSTg-qkPAZg,Gweilo-60,2019-02-18 21:00:39.63743,10782,0
UChXOhG9bRDb3vSTg-qkPAZg,Gweilo-60,2019-02-18 20:59:39.347639,10782,0
UChXOhG9bRDb3vSTg-qkPAZg,Gweilo-60,2019-02-18 20:58:39.67884,10782,0
UChXOhG9bRDb3vSTg-qkPAZg,Gweilo-60,2019-02-18 20:57:39.669005,10782,0
UChXOhG9bRDb3vSTg-qkPAZg,Gweilo-60,2019-02-18 20:56:39.696328,10782,0
UChXOhG9bRDb3vSTg-qkPAZg,Gweilo-60,2019-02-18 20:55:39.5666,10782,0
UChXOhG9bRDb3vSTg-qkPAZg,Gweilo-60,2019-02-18 20:54:40.586928,10782,0
UChXOhG9bRDb3vSTg-qkPAZg,Gweilo-60,2019-02-18 20:53:39.705276,10782,0
UChXOhG9bRDb3vSTg-qkPAZg,Gweilo-60,2019-02-18 20:52:39.564751,10782,0
UChXOhG9bRDb3vSTg-qkPAZg,Gweilo-60,2019-02-18 20:51:39.767214,10782,0
UChXOhG9bRDb3vSTg-qkPAZg,Gweilo-60,2019-02-18 20:50:39.311051,10782,0
UChXOhG9bRDb3vSTg-qkPAZg,Gweilo-60,2019-02-18 20:49:39.458904,10782,0
UChXOhG9bRDb3vSTg-qkPAZg,Gweilo-60,2019-02-18 20:48:39.606575,10782,0
UChXOhG9bRDb3vSTg-qkPAZg,Gweilo-60,2019-02-18 20:47:39.814379,10782,0
UChXOhG9bRDb3vSTg-qkPAZg,Gweilo-60,2019-02-18 20:46:39.690733,10782,0
UChXOhG9bRDb3vSTg-qkPAZg,Gweilo-60,2019-02-18 20:45:39.835094,10782,1
UChXOhG9bRDb3vSTg-qkPAZg,Gweilo-60,2019-02-18 20:44:40.098705,10781,0
UChXOhG9bRDb3vSTg-qkPAZg,Gweilo-60,2019-02-18 20:43:39.520634,10781,0
UChXOhG9bRDb3vSTg-qkPAZg,Gweilo-60,2019-02-18 20:42:39.370659,10781,0
UChXOhG9bRDb3vSTg-qkPAZg,Gweilo-60,2019-02-18 20:41:39.988658,10781,0
UChXOhG9bRDb3vSTg-qkPAZg,Gweilo-60,2019-02-18 20:40:39.93816,10781,0
UChXOhG9bRDb3vSTg-qkPAZg,Gweilo-60,2019-02-18 20:39:40.490986,10781,0
UChXOhG9bRDb3vSTg-qkPAZg,Gweilo-60,2019-02-18 20:38:39.418272,10781,0
UChXOhG9bRDb3vSTg-qkPAZg,Gweilo-60,2019-02-18 20:37:39.089438,10781,0
UChXOhG9bRDb3vSTg-qkPAZg,Gweilo-60,2019-02-18 20:36:40.156841,10781,0
UChXOhG9bRDb3vSTg-qkPAZg,Gweilo-60,2019-02-18 20:35:39.898974,10781,0
UChXOhG9bRDb3vSTg-qkPAZg,Gweilo-60,2019-02-18 20:34:39.647676,10781,0
UChXOhG9bRDb3vSTg-qkPAZg,Gweilo-60,2019-02-18 20:33:39.85198,10781,0
UChXOhG9bRDb3vSTg-qkPAZg,Gweilo-60,2019-02-18 20:32:39.303955,10781,0
UChXOhG9bRDb3vSTg-qkPAZg,Gweilo-60,2019-02-18 20:31:39.644442,10781,0
UChXOhG9bRDb3vSTg-qkPAZg,Gweilo-60,2019-02-18 20:30:39.348692,10781,0
UChXOhG9bRDb3vSTg-qkPAZg,Gweilo-60,2019-02-18 20:29:39.89704,10781,1
UChXOhG9bRDb3vSTg-qkPAZg,Gweilo-60,2019-02-18 20:28:39.601142,10780,1
UChXOhG9bRDb3vSTg-qkPAZg,Gweilo-60,2019-02-18 20:27:39.842163,10779,0
UChXOhG9bRDb3vSTg-qkPAZg,Gweilo-60,2019-02-18 20:26:39.523178,10779,0
UChXOhG9bRDb3vSTg-qkPAZg,Gweilo-60,2019-02-18 20:25:40.318278,10779,0
UChXOhG9bRDb3vSTg-qkPAZg,Gweilo-60,2019-02-18 20:24:39.470767,10779,0
UChXOhG9bRDb3vSTg-qkPAZg,Gweilo-60,2019-02-18 20:23:39.230974,10779,0
UChXOhG9bRDb3vSTg-qkPAZg,Gweilo-60,2019-02-18 20:22:40.239746,10779,0
UChXOhG9bRDb3vSTg-qkPAZg,Gweilo-60,2019-02-18 20:21:39.994194,10779,0
UChXOhG9bRDb3vSTg-qkPAZg,Gweilo-60,2019-02-18 20:20:39.426984,10779,0
UChXOhG9bRDb3vSTg-qkPAZg,Gweilo-60,2019-02-18 20:19:39.625051,10779,0
UChXOhG9bRDb3vSTg-qkPAZg,Gweilo-60,2019-02-18 20:18:39.812939,10779,0
UChXOhG9bRDb3vSTg-qkPAZg,Gweilo-60,2019-02-18 20:17:39.576579,10779,0
UChXOhG9bRDb3vSTg-qkPAZg,Gweilo-60,2019-02-18 20:16:40.053308,10779,0
UChXOhG9bRDb3vSTg-qkPAZg,Gweilo-60,2019-02-18 20:15:39.371362,10779,0
UChXOhG9bRDb3vSTg-qkPAZg,Gweilo-60,2019-02-18 20:14:39.492926,10779,0
UChXOhG9bRDb3vSTg-qkPAZg,Gweilo-60,2019-02-18 20:13:39.550071,10779,0
UChXOhG9bRDb3vSTg-qkPAZg,Gweilo-60,2019-02-18 20:12:39.864272,10779,0
UChXOhG9bRDb3vSTg-qkPAZg,Gweilo-60,2019-02-18 20:11:39.595601,10779,0
UChXOhG9bRDb3vSTg-qkPAZg,Gweilo-60,2019-02-18 20:10:39.214403,10779,0
UChXOhG9bRDb3vSTg-qkPAZg,Gweilo-60,2019-02-18 20:09:40.248207,10779,0
UChXOhG9bRDb3vSTg-qkPAZg,Gweilo-60,2019-02-18 20:08:39.545759,10779,0
UChXOhG9bRDb3vSTg-qkPAZg,Gweilo-60,2019-02-18 20:07:39.936427,10779,0
UChXOhG9bRDb3vSTg-qkPAZg,Gweilo-60,2019-02-18 20:06:39.569701,10779,0
UChXOhG9bRDb3vSTg-qkPAZg,Gweilo-60,2019-02-18 20:05:40.058704,10779,0
UChXOhG9bRDb3vSTg-qkPAZg,Gweilo-60,2019-02-18 20:04:40.496925,10779,1
UChXOhG9bRDb3vSTg-qkPAZg,Gweilo-60,2019-02-18 20:03:39.622486,10778,0
UChXOhG9bRDb3vSTg-qkPAZg,Gweilo-60,2019-02-18 20:02:40.016545,10778,0
UChXOhG9bRDb3vSTg-qkPAZg,Gweilo-60,2019-02-18 20:01:40.371934,10778,0
UChXOhG9bRDb3vSTg-qkPAZg,Gweilo-60,2019-02-18 20:00:39.581296,10778,0
UChXOhG9bRDb3vSTg-qkPAZg,Gweilo-60,2019-02-18 19:59:40.075381,10778,0
UChXOhG9bRDb3vSTg-qkPAZg,Gweilo-60,2019-02-18 19:58:39.784577,10778,0
UChXOhG9bRDb3vSTg-qkPAZg,Gweilo-60,2019-02-18 19:57:39.474831,10778,0
UChXOhG9bRDb3vSTg-qkPAZg,Gweilo-60,2019-02-18 19:56:39.768838,10778,0
UChXOhG9bRDb3vSTg-qkPAZg,Gweilo-60,2019-02-18 19:55:40.064317,10778,0
UChXOhG9bRDb3vSTg-qkPAZg,Gweilo-60,2019-02-18 19:54:39.897399,10778,0
UChXOhG9bRDb3vSTg-qkPAZg,Gweilo-60,2019-02-18 19:53:39.552422,10778,0
UChXOhG9bRDb3vSTg-qkPAZg,Gweilo-60,2019-02-18 19:52:39.607213,10778,0
UChXOhG9bRDb3vSTg-qkPAZg,Gweilo-60,2019-02-18 19:51:39.865401,10778,0
UChXOhG9bRDb3vSTg-qkPAZg,Gweilo-60,2019-02-18 19:50:39.745923,10778,0
UChXOhG9bRDb3vSTg-qkPAZg,Gweilo-60,2019-02-18 19:49:39.551107,10778,0
UChXOhG9bRDb3vSTg-qkPAZg,Gweilo-60,2019-02-18 19:48:40.274129,10778,0
UChXOhG9bRDb3vSTg-qkPAZg,Gweilo-60,2019-02-18 19:47:39.817842,10778,0
UChXOhG9bRDb3vSTg-qkPAZg,Gweilo-60,2019-02-18 19:46:39.624318,10778,0
UChXOhG9bRDb3vSTg-qkPAZg,Gweilo-60,2019-02-18 19:45:39.394365,10778,0
UChXOhG9bRDb3vSTg-qkPAZg,Gweilo-60,2019-02-18 19:44:39.931248,10778,0
UChXOhG9bRDb3vSTg-qkPAZg,Gweilo-60,2019-02-18 19:43:39.74903,10778,0
UChXOhG9bRDb3vSTg-qkPAZg,Gweilo-60,2019-02-18 19:42:39.792665,10778,0
UChXOhG9bRDb3vSTg-qkPAZg,Gweilo-60,2019-02-18 19:41:39.931789,10778,0
UChXOhG9bRDb3vSTg-qkPAZg,Gweilo-60,2019-02-18 19:40:39.671995,10778,0
UChXOhG9bRDb3vSTg-qkPAZg,Gweilo-60,2019-02-18 19:39:39.921426,10778,0
UChXOhG9bRDb3vSTg-qkPAZg,Gweilo-60,2019-02-18 19:38:40.120525,10778,0
UChXOhG9bRDb3vSTg-qkPAZg,Gweilo-60,2019-02-18 19:37:40.031273,10778,0
UChXOhG9bRDb3vSTg-qkPAZg,Gweilo-60,2019-02-18 19:36:39.787293,10778,0
UChXOhG9bRDb3vSTg-qkPAZg,Gweilo-60,2019-02-18 19:35:39.594785,10778,0
UChXOhG9bRDb3vSTg-qkPAZg,Gweilo-60,2019-02-18 19:34:40.250276,10778,0
UChXOhG9bRDb3vSTg-qkPAZg,Gweilo-60,2019-02-18 19:33:39.880704,10778,0
UChXOhG9bRDb3vSTg-qkPAZg,Gweilo-60,2019-02-18 19:32:39.566521,10778,0
UChXOhG9bRDb3vSTg-qkPAZg,Gweilo-60,2019-02-18 19:31:39.816154,10778,0
UChXOhG9bRDb3vSTg-qkPAZg,Gweilo-60,2019-02-18 19:30:39.758849,10778,0
UChXOhG9bRDb3vSTg-qkPAZg,Gweilo-60,2019-02-18 19:29:39.601317,10778,0
UChXOhG9bRDb3vSTg-qkPAZg,Gweilo-60,2019-02-18 19:28:39.986221,10778,1
UChXOhG9bRDb3vSTg-qkPAZg,Gweilo-60,2019-02-18 19:27:40.079629,10777,0
UChXOhG9bRDb3vSTg-qkPAZg,Gweilo-60,2019-02-18 19:26:39.918007,10777,1
UChXOhG9bRDb3vSTg-qkPAZg,Gweilo-60,2019-02-18 19:25:39.761983,10776,0
UChXOhG9bRDb3vSTg-qkPAZg,Gweilo-60,2019-02-18 19:24:39.402601,10776,0
UChXOhG9bRDb3vSTg-qkPAZg,Gweilo-60,2019-02-18 19:23:40.053086,10776,0
UChXOhG9bRDb3vSTg-qkPAZg,Gweilo-60,2019-02-18 19:22:39.584698,10776,0
UChXOhG9bRDb3vSTg-qkPAZg,Gweilo-60,2019-02-18 19:21:39.340244,10776,0
UChXOhG9bRDb3vSTg-qkPAZg,Gweilo-60,2019-02-18 19:20:40.307222,10776,0
UChXOhG9bRDb3vSTg-qkPAZg,Gweilo-60,2019-02-18 19:19:39.8854,10776,0
UChXOhG9bRDb3vSTg-qkPAZg,Gweilo-60,2019-02-18 19:18:39.83396,10776,0
UChXOhG9bRDb3vSTg-qkPAZg,Gweilo-60,2019-02-18 19:17:39.72473,10776,0
UChXOhG9bRDb3vSTg-qkPAZg,Gweilo-60,2019-02-18 19:16:39.790993,10776,0
UChXOhG9bRDb3vSTg-qkPAZg,Gweilo-60,2019-02-18 19:15:39.354053,10776,0
UChXOhG9bRDb3vSTg-qkPAZg,Gweilo-60,2019-02-18 19:14:39.577319,10776,0
UChXOhG9bRDb3vSTg-qkPAZg,Gweilo-60,2019-02-18 19:13:39.77602,10776,0
UChXOhG9bRDb3vSTg-qkPAZg,Gweilo-60,2019-02-18 19:12:39.856893,10776,0
UChXOhG9bRDb3vSTg-qkPAZg,Gweilo-60,2019-02-18 19:11:39.508515,10776,0
UChXOhG9bRDb3vSTg-qkPAZg,Gweilo-60,2019-02-18 19:10:39.267417,10776,0
UChXOhG9bRDb3vSTg-qkPAZg,Gweilo-60,2019-02-18 19:09:39.850756,10776,0
UChXOhG9bRDb3vSTg-qkPAZg,Gweilo-60,2019-02-18 19:08:39.164059,10776,0
UChXOhG9bRDb3vSTg-qkPAZg,Gweilo-60,2019-02-18 19:07:39.614551,10776,0
UChXOhG9bRDb3vSTg-qkPAZg,Gweilo-60,2019-02-18 19:06:40.08613,10776,0
UChXOhG9bRDb3vSTg-qkPAZg,Gweilo-60,2019-02-18 19:05:40.18404,10776,0
UChXOhG9bRDb3vSTg-qkPAZg,Gweilo-60,2019-02-18 19:04:39.595276,10776,0
UChXOhG9bRDb3vSTg-qkPAZg,Gweilo-60,2019-02-18 19:03:39.611885,10776,0
UChXOhG9bRDb3vSTg-qkPAZg,Gweilo-60,2019-02-18 19:02:40.000928,10776,0
UChXOhG9bRDb3vSTg-qkPAZg,Gweilo-60,2019-02-18 19:01:39.257924,10776,0
UChXOhG9bRDb3vSTg-qkPAZg,Gweilo-60,2019-02-18 19:00:39.4973,10776,0
UChXOhG9bRDb3vSTg-qkPAZg,Gweilo-60,2019-02-18 18:59:40.335292,10776,0
UChXOhG9bRDb3vSTg-qkPAZg,Gweilo-60,2019-02-18 18:58:39.69695,10776,0
UChXOhG9bRDb3vSTg-qkPAZg,Gweilo-60,2019-02-18 18:57:39.749244,10776,0
UChXOhG9bRDb3vSTg-qkPAZg,Gweilo-60,2019-02-18 18:56:39.756449,10776,0
UChXOhG9bRDb3vSTg-qkPAZg,Gweilo-60,2019-02-18 18:55:39.679207,10776,0
UChXOhG9bRDb3vSTg-qkPAZg,Gweilo-60,2019-02-18 18:54:40.156956,10776,0
UChXOhG9bRDb3vSTg-qkPAZg,Gweilo-60,2019-02-18 18:53:40.156362,10776,0
UChXOhG9bRDb3vSTg-qkPAZg,Gweilo-60,2019-02-18 18:52:39.229387,10776,0
UChXOhG9bRDb3vSTg-qkPAZg,Gweilo-60,2019-02-18 18:51:40.386161,10776,0
UChXOhG9bRDb3vSTg-qkPAZg,Gweilo-60,2019-02-18 18:50:39.873123,10776,0
UChXOhG9bRDb3vSTg-qkPAZg,Gweilo-60,2019-02-18 18:49:39.613223,10776,0
UChXOhG9bRDb3vSTg-qkPAZg,Gweilo-60,2019-02-18 18:48:39.787797,10776,0
UChXOhG9bRDb3vSTg-qkPAZg,Gweilo-60,2019-02-18 18:47:40.103177,10776,0
UChXOhG9bRDb3vSTg-qkPAZg,Gweilo-60,2019-02-18 18:46:39.561873,10776,0
UChXOhG9bRDb3vSTg-qkPAZg,Gweilo-60,2019-02-18 18:45:39.935094,10776,0
UChXOhG9bRDb3vSTg-qkPAZg,Gweilo-60,2019-02-18 18:44:40.062871,10776,0
UChXOhG9bRDb3vSTg-qkPAZg,Gweilo-60,2019-02-18 18:43:39.481586,10776,0
UChXOhG9bRDb3vSTg-qkPAZg,Gweilo-60,2019-02-18 18:42:39.597576,10776,0
UChXOhG9bRDb3vSTg-qkPAZg,Gweilo-60,2019-02-18 18:41:39.740276,10776,0
UChXOhG9bRDb3vSTg-qkPAZg,Gweilo-60,2019-02-18 18:40:40.123481,10776,0
UChXOhG9bRDb3vSTg-qkPAZg,Gweilo-60,2019-02-18 18:39:40.135675,10776,0
UChXOhG9bRDb3vSTg-qkPAZg,Gweilo-60,2019-02-18 18:38:39.572173,10776,0
UChXOhG9bRDb3vSTg-qkPAZg,Gweilo-60,2019-02-18 18:37:39.657064,10776,0
UChXOhG9bRDb3vSTg-qkPAZg,Gweilo-60,2019-02-18 18:36:39.950001,10776,0
UChXOhG9bRDb3vSTg-qkPAZg,Gweilo-60,2019-02-18 18:35:39.788051,10776,0
UChXOhG9bRDb3vSTg-qkPAZg,Gweilo-60,2019-02-18 18:34:40.158852,10776,0
UChXOhG9bRDb3vSTg-qkPAZg,Gweilo-60,2019-02-18 18:33:39.526351,10776,1
UChXOhG9bRDb3vSTg-qkPAZg,Gweilo-60,2019-02-18 18:32:39.179227,10775,0
UChXOhG9bRDb3vSTg-qkPAZg,Gweilo-60,2019-02-18 18:31:39.621231,10775,0
UChXOhG9bRDb3vSTg-qkPAZg,Gweilo-60,2019-02-18 18:30:40.521242,10775,0
UChXOhG9bRDb3vSTg-qkPAZg,Gweilo-60,2019-02-18 18:29:40.036335,10775,0
UChXOhG9bRDb3vSTg-qkPAZg,Gweilo-60,2019-02-18 18:28:39.600548,10775,0
UChXOhG9bRDb3vSTg-qkPAZg,Gweilo-60,2019-02-18 18:27:39.785607,10775,0
UChXOhG9bRDb3vSTg-qkPAZg,Gweilo-60,2019-02-18 18:26:39.64315,10775,0
UChXOhG9bRDb3vSTg-qkPAZg,Gweilo-60,2019-02-18 18:25:39.739723,10775,0
UChXOhG9bRDb3vSTg-qkPAZg,Gweilo-60,2019-02-18 18:24:39.733869,10775,0
UChXOhG9bRDb3vSTg-qkPAZg,Gweilo-60,2019-02-18 18:23:40.295748,10775,0
UChXOhG9bRDb3vSTg-qkPAZg,Gweilo-60,2019-02-18 18:22:40.005464,10775,0
UChXOhG9bRDb3vSTg-qkPAZg,Gweilo-60,2019-02-18 18:21:39.899832,10775,0
UChXOhG9bRDb3vSTg-qkPAZg,Gweilo-60,2019-02-18 18:20:39.835699,10775,0
UChXOhG9bRDb3vSTg-qkPAZg,Gweilo-60,2019-02-18 18:19:39.83547,10775,0
UChXOhG9bRDb3vSTg-qkPAZg,Gweilo-60,2019-02-18 18:18:39.607756,10775,0
UChXOhG9bRDb3vSTg-qkPAZg,Gweilo-60,2019-02-18 18:17:39.770875,10775,0
UChXOhG9bRDb3vSTg-qkPAZg,Gweilo-60,2019-02-18 18:16:39.84655,10775,0
UChXOhG9bRDb3vSTg-qkPAZg,Gweilo-60,2019-02-18 18:15:39.940728,10775,0
UChXOhG9bRDb3vSTg-qkPAZg,Gweilo-60,2019-02-18 18:14:39.742573,10775,0
UChXOhG9bRDb3vSTg-qkPAZg,Gweilo-60,2019-02-18 18:13:39.99952,10775,0
UChXOhG9bRDb3vSTg-qkPAZg,Gweilo-60,2019-02-18 18:12:40.041204,10775,0
UChXOhG9bRDb3vSTg-qkPAZg,Gweilo-60,2019-02-18 18:11:39.855155,10775,0
UChXOhG9bRDb3vSTg-qkPAZg,Gweilo-60,2019-02-18 18:10:39.739285,10775,0
UChXOhG9bRDb3vSTg-qkPAZg,Gweilo-60,2019-02-18 18:09:40.117781,10775,0
UChXOhG9bRDb3vSTg-qkPAZg,Gweilo-60,2019-02-18 18:08:39.623582,10775,0
UChXOhG9bRDb3vSTg-qkPAZg,Gweilo-60,2019-02-18 18:07:40.204313,10775,0
UChXOhG9bRDb3vSTg-qkPAZg,Gweilo-60,2019-02-18 18:06:39.314363,10775,0
UChXOhG9bRDb3vSTg-qkPAZg,Gweilo-60,2019-02-18 18:05:39.957811,10775,0
UChXOhG9bRDb3vSTg-qkPAZg,Gweilo-60,2019-02-18 18:04:39.704616,10775,0
UChXOhG9bRDb3vSTg-qkPAZg,Gweilo-60,2019-02-18 18:03:40.095422,10775,0
UChXOhG9bRDb3vSTg-qkPAZg,Gweilo-60,2019-02-18 18:02:39.550702,10775,0
UChXOhG9bRDb3vSTg-qkPAZg,Gweilo-60,2019-02-18 18:01:39.755241,10775,0
UChXOhG9bRDb3vSTg-qkPAZg,Gweilo-60,2019-02-18 18:00:39.813375,10775,0
UChXOhG9bRDb3vSTg-qkPAZg,Gweilo-60,2019-02-18 17:59:39.916757,10775,0
UChXOhG9bRDb3vSTg-qkPAZg,Gweilo-60,2019-02-18 17:58:39.640486,10775,0
UChXOhG9bRDb3vSTg-qkPAZg,Gweilo-60,2019-02-18 17:57:39.706753,10775,0
UChXOhG9bRDb3vSTg-qkPAZg,Gweilo-60,2019-02-18 17:56:39.664339,10775,0
UChXOhG9bRDb3vSTg-qkPAZg,Gweilo-60,2019-02-18 17:55:39.768963,10775,0
UChXOhG9bRDb3vSTg-qkPAZg,Gweilo-60,2019-02-18 17:54:39.523213,10775,0
UChXOhG9bRDb3vSTg-qkPAZg,Gweilo-60,2019-02-18 17:53:39.010287,10775,0
UChXOhG9bRDb3vSTg-qkPAZg,Gweilo-60,2019-02-18 17:52:40.062475,10775,0
UChXOhG9bRDb3vSTg-qkPAZg,Gweilo-60,2019-02-18 17:51:39.562847,10775,0
UChXOhG9bRDb3vSTg-qkPAZg,Gweilo-60,2019-02-18 17:50:39.663931,10775,0
UChXOhG9bRDb3vSTg-qkPAZg,Gweilo-60,2019-02-18 17:49:39.621432,10775,0
UChXOhG9bRDb3vSTg-qkPAZg,Gweilo-60,2019-02-18 17:48:39.385371,10775,0
UChXOhG9bRDb3vSTg-qkPAZg,Gweilo-60,2019-02-18 17:47:39.614824,10775,0
UChXOhG9bRDb3vSTg-qkPAZg,Gweilo-60,2019-02-18 17:46:40.422193,10775,0
UChXOhG9bRDb3vSTg-qkPAZg,Gweilo-60,2019-02-18 17:45:39.589673,10775,0
UChXOhG9bRDb3vSTg-qkPAZg,Gweilo-60,2019-02-18 17:44:39.060133,10775,0
UChXOhG9bRDb3vSTg-qkPAZg,Gweilo-60,2019-02-18 17:43:39.777503,10775,0
UChXOhG9bRDb3vSTg-qkPAZg,Gweilo-60,2019-02-18 17:42:40.01395,10775,0
UChXOhG9bRDb3vSTg-qkPAZg,Gweilo-60,2019-02-18 17:41:39.592691,10775,0
UChXOhG9bRDb3vSTg-qkPAZg,Gweilo-60,2019-02-18 17:40:40.211356,10775,0
UChXOhG9bRDb3vSTg-qkPAZg,Gweilo-60,2019-02-18 17:39:40.749874,10775,0
UChXOhG9bRDb3vSTg-qkPAZg,Gweilo-60,2019-02-18 17:38:40.765261,10775,0
UChXOhG9bRDb3vSTg-qkPAZg,Gweilo-60,2019-02-18 17:37:39.001114,10775,0
UChXOhG9bRDb3vSTg-qkPAZg,Gweilo-60,2019-02-18 17:36:40.046834,10775,0
UChXOhG9bRDb3vSTg-qkPAZg,Gweilo-60,2019-02-18 17:35:39.685294,10775,0
UChXOhG9bRDb3vSTg-qkPAZg,Gweilo-60,2019-02-18 17:34:40.088131,10775,0
UChXOhG9bRDb3vSTg-qkPAZg,Gweilo-60,2019-02-18 17:33:40.014888,10775,0
UChXOhG9bRDb3vSTg-qkPAZg,Gweilo-60,2019-02-18 17:32:39.622333,10775,0
UChXOhG9bRDb3vSTg-qkPAZg,Gweilo-60,2019-02-18 17:31:39.910625,10775,0
UChXOhG9bRDb3vSTg-qkPAZg,Gweilo-60,2019-02-18 17:30:39.320953,10775,0
UChXOhG9bRDb3vSTg-qkPAZg,Gweilo-60,2019-02-18 17:29:39.861092,10775,0
UChXOhG9bRDb3vSTg-qkPAZg,Gweilo-60,2019-02-18 17:28:40.164529,10775,0
UChXOhG9bRDb3vSTg-qkPAZg,Gweilo-60,2019-02-18 17:27:39.611079,10775,0
UChXOhG9bRDb3vSTg-qkPAZg,Gweilo-60,2019-02-18 17:26:39.914903,10775,0
UChXOhG9bRDb3vSTg-qkPAZg,Gweilo-60,2019-02-18 17:25:39.719008,10775,0
UChXOhG9bRDb3vSTg-qkPAZg,Gweilo-60,2019-02-18 17:24:40.021787,10775,0
UChXOhG9bRDb3vSTg-qkPAZg,Gweilo-60,2019-02-18 17:23:39.640893,10775,0
UChXOhG9bRDb3vSTg-qkPAZg,Gweilo-60,2019-02-18 17:22:40.991884,10775,0
UChXOhG9bRDb3vSTg-qkPAZg,Gweilo-60,2019-02-18 17:21:39.729121,10775,0
UChXOhG9bRDb3vSTg-qkPAZg,Gweilo-60,2019-02-18 17:20:39.80893,10775,0
UChXOhG9bRDb3vSTg-qkPAZg,Gweilo-60,2019-02-18 17:19:39.71722,10775,0
UChXOhG9bRDb3vSTg-qkPAZg,Gweilo-60,2019-02-18 17:18:39.733605,10775,0
UChXOhG9bRDb3vSTg-qkPAZg,Gweilo-60,2019-02-18 17:17:39.953482,10775,1
UChXOhG9bRDb3vSTg-qkPAZg,Gweilo-60,2019-02-18 17:16:39.347992,10774,0
UChXOhG9bRDb3vSTg-qkPAZg,Gweilo-60,2019-02-18 17:15:39.951197,10774,0
UChXOhG9bRDb3vSTg-qkPAZg,Gweilo-60,2019-02-18 17:14:39.161399,10774,0
UChXOhG9bRDb3vSTg-qkPAZg,Gweilo-60,2019-02-18 17:13:40.066565,10774,0
UChXOhG9bRDb3vSTg-qkPAZg,Gweilo-60,2019-02-18 17:12:40.008085,10774,0
UChXOhG9bRDb3vSTg-qkPAZg,Gweilo-60,2019-02-18 17:11:39.078853,10774,0
UChXOhG9bRDb3vSTg-qkPAZg,Gweilo-60,2019-02-18 17:10:39.914462,10774,0
UChXOhG9bRDb3vSTg-qkPAZg,Gweilo-60,2019-02-18 17:09:40.652112,10774,0
UChXOhG9bRDb3vSTg-qkPAZg,Gweilo-60,2019-02-18 17:08:40.085453,10774,0
UChXOhG9bRDb3vSTg-qkPAZg,Gweilo-60,2019-02-18 17:07:40.311138,10774,0
UChXOhG9bRDb3vSTg-qkPAZg,Gweilo-60,2019-02-18 17:06:39.378215,10774,0
UChXOhG9bRDb3vSTg-qkPAZg,Gweilo-60,2019-02-18 17:05:39.378977,10774,0
UChXOhG9bRDb3vSTg-qkPAZg,Gweilo-60,2019-02-18 17:04:40.132787,10774,0
UChXOhG9bRDb3vSTg-qkPAZg,Gweilo-60,2019-02-18 17:03:39.668362,10774,0
UChXOhG9bRDb3vSTg-qkPAZg,Gweilo-60,2019-02-18 17:02:39.719048,10774,0
UChXOhG9bRDb3vSTg-qkPAZg,Gweilo-60,2019-02-18 17:01:39.973936,10774,0
UChXOhG9bRDb3vSTg-qkPAZg,Gweilo-60,2019-02-18 17:00:39.587169,10774,0
UChXOhG9bRDb3vSTg-qkPAZg,Gweilo-60,2019-02-18 16:59:40.237031,10774,0
UChXOhG9bRDb3vSTg-qkPAZg,Gweilo-60,2019-02-18 16:58:40.093339,10774,0
UChXOhG9bRDb3vSTg-qkPAZg,Gweilo-60,2019-02-18 16:57:39.327182,10774,0
UChXOhG9bRDb3vSTg-qkPAZg,Gweilo-60,2019-02-18 16:56:39.706124,10774,0
UChXOhG9bRDb3vSTg-qkPAZg,Gweilo-60,2019-02-18 16:55:39.321693,10774,0
UChXOhG9bRDb3vSTg-qkPAZg,Gweilo-60,2019-02-18 16:54:39.173998,10774,0
UChXOhG9bRDb3vSTg-qkPAZg,Gweilo-60,2019-02-18 16:53:39.882165,10774,0
UChXOhG9bRDb3vSTg-qkPAZg,Gweilo-60,2019-02-18 16:52:40.082378,10774,0
UChXOhG9bRDb3vSTg-qkPAZg,Gweilo-60,2019-02-18 16:51:40.08686,10774,0
UChXOhG9bRDb3vSTg-qkPAZg,Gweilo-60,2019-02-18 16:50:39.830473,10774,0
UChXOhG9bRDb3vSTg-qkPAZg,Gweilo-60,2019-02-18 16:49:39.636161,10774,0
UChXOhG9bRDb3vSTg-qkPAZg,Gweilo-60,2019-02-18 16:48:40.728872,10774,0
UChXOhG9bRDb3vSTg-qkPAZg,Gweilo-60,2019-02-18 16:47:39.749296,10774,0
UChXOhG9bRDb3vSTg-qkPAZg,Gweilo-60,2019-02-18 16:46:39.459942,10774,0
UChXOhG9bRDb3vSTg-qkPAZg,Gweilo-60,2019-02-18 16:45:39.662177,10774,0
UChXOhG9bRDb3vSTg-qkPAZg,Gweilo-60,2019-02-18 16:44:39.870282,10774,0
UChXOhG9bRDb3vSTg-qkPAZg,Gweilo-60,2019-02-18 16:43:39.927943,10774,0
UChXOhG9bRDb3vSTg-qkPAZg,Gweilo-60,2019-02-18 16:42:39.807504,10774,0
UChXOhG9bRDb3vSTg-qkPAZg,Gweilo-60,2019-02-18 16:41:39.842277,10774,0
UChXOhG9bRDb3vSTg-qkPAZg,Gweilo-60,2019-02-18 16:40:39.530343,10774,0
UChXOhG9bRDb3vSTg-qkPAZg,Gweilo-60,2019-02-18 16:39:39.869144,10774,0
UChXOhG9bRDb3vSTg-qkPAZg,Gweilo-60,2019-02-18 16:38:40.071884,10774,-1
UChXOhG9bRDb3vSTg-qkPAZg,Gweilo-60,2019-02-18 16:37:39.606835,10775,0
UChXOhG9bRDb3vSTg-qkPAZg,Gweilo-60,2019-02-18 16:36:39.194091,10775,0
UChXOhG9bRDb3vSTg-qkPAZg,Gweilo-60,2019-02-18 16:35:39.496573,10775,0
UChXOhG9bRDb3vSTg-qkPAZg,Gweilo-60,2019-02-18 16:34:39.519214,10775,0
UChXOhG9bRDb3vSTg-qkPAZg,Gweilo-60,2019-02-18 16:33:40.116563,10775,0
UChXOhG9bRDb3vSTg-qkPAZg,Gweilo-60,2019-02-18 16:32:39.097057,10775,0
UChXOhG9bRDb3vSTg-qkPAZg,Gweilo-60,2019-02-18 16:31:39.45498,10775,0
UChXOhG9bRDb3vSTg-qkPAZg,Gweilo-60,2019-02-18 16:30:39.181323,10775,0
UChXOhG9bRDb3vSTg-qkPAZg,Gweilo-60,2019-02-18 16:29:39.878674,10775,0
UChXOhG9bRDb3vSTg-qkPAZg,Gweilo-60,2019-02-18 16:28:39.882766,10775,0
UChXOhG9bRDb3vSTg-qkPAZg,Gweilo-60,2019-02-18 16:27:39.400993,10775,0
UChXOhG9bRDb3vSTg-qkPAZg,Gweilo-60,2019-02-18 16:26:39.278038,10775,0
UChXOhG9bRDb3vSTg-qkPAZg,Gweilo-60,2019-02-18 16:25:39.315061,10775,0
UChXOhG9bRDb3vSTg-qkPAZg,Gweilo-60,2019-02-18 16:24:39.599017,10775,0
UChXOhG9bRDb3vSTg-qkPAZg,Gweilo-60,2019-02-18 16:23:39.652735,10775,0
UChXOhG9bRDb3vSTg-qkPAZg,Gweilo-60,2019-02-18 16:22:39.950917,10775,0
UChXOhG9bRDb3vSTg-qkPAZg,Gweilo-60,2019-02-18 16:21:39.709004,10775,0
UChXOhG9bRDb3vSTg-qkPAZg,Gweilo-60,2019-02-18 16:20:39.46277,10775,0
UChXOhG9bRDb3vSTg-qkPAZg,Gweilo-60,2019-02-18 16:19:39.440158,10775,0
UChXOhG9bRDb3vSTg-qkPAZg,Gweilo-60,2019-02-18 16:18:39.389698,10775,0
UChXOhG9bRDb3vSTg-qkPAZg,Gweilo-60,2019-02-18 16:17:39.575303,10775,0
UChXOhG9bRDb3vSTg-qkPAZg,Gweilo-60,2019-02-18 16:16:39.539715,10775,0
UChXOhG9bRDb3vSTg-qkPAZg,Gweilo-60,2019-02-18 16:15:39.546139,10775,0
UChXOhG9bRDb3vSTg-qkPAZg,Gweilo-60,2019-02-18 16:14:39.617199,10775,0
UChXOhG9bRDb3vSTg-qkPAZg,Gweilo-60,2019-02-18 16:13:39.387559,10775,0
UChXOhG9bRDb3vSTg-qkPAZg,Gweilo-60,2019-02-18 16:12:39.81571,10775,0
UChXOhG9bRDb3vSTg-qkPAZg,Gweilo-60,2019-02-18 16:11:40.376438,10775,0
UChXOhG9bRDb3vSTg-qkPAZg,Gweilo-60,2019-02-18 16:10:39.352525,10775,0
UChXOhG9bRDb3vSTg-qkPAZg,Gweilo-60,2019-02-18 16:09:39.934699,10775,0
UChXOhG9bRDb3vSTg-qkPAZg,Gweilo-60,2019-02-18 16:08:39.924289,10775,0
UChXOhG9bRDb3vSTg-qkPAZg,Gweilo-60,2019-02-18 16:07:39.95074,10775,0
UChXOhG9bRDb3vSTg-qkPAZg,Gweilo-60,2019-02-18 16:06:40.124587,10775,0
UChXOhG9bRDb3vSTg-qkPAZg,Gweilo-60,2019-02-18 16:05:39.787317,10775,0
UChXOhG9bRDb3vSTg-qkPAZg,Gweilo-60,2019-02-18 16:04:40.230707,10775,0
UChXOhG9bRDb3vSTg-qkPAZg,Gweilo-60,2019-02-18 16:03:39.445209,10775,0
UChXOhG9bRDb3vSTg-qkPAZg,Gweilo-60,2019-02-18 16:02:39.795962,10775,0
UChXOhG9bRDb3vSTg-qkPAZg,Gweilo-60,2019-02-18 16:01:39.537192,10775,0
UChXOhG9bRDb3vSTg-qkPAZg,Gweilo-60,2019-02-18 16:00:39.233962,10775,0
UChXOhG9bRDb3vSTg-qkPAZg,Gweilo-60,2019-02-18 15:59:39.584378,10775,0
UChXOhG9bRDb3vSTg-qkPAZg,Gweilo-60,2019-02-18 15:58:40.40087,10775,0
UChXOhG9bRDb3vSTg-qkPAZg,Gweilo-60,2019-02-18 15:57:39.435422,10775,0
UChXOhG9bRDb3vSTg-qkPAZg,Gweilo-60,2019-02-18 15:56:39.974471,10775,0
UChXOhG9bRDb3vSTg-qkPAZg,Gweilo-60,2019-02-18 15:55:39.780458,10775,0
UChXOhG9bRDb3vSTg-qkPAZg,Gweilo-60,2019-02-18 15:54:39.350118,10775,0
UChXOhG9bRDb3vSTg-qkPAZg,Gweilo-60,2019-02-18 15:53:39.447292,10775,1
UChXOhG9bRDb3vSTg-qkPAZg,Gweilo-60,2019-02-18 15:52:40.176632,10774,0
UChXOhG9bRDb3vSTg-qkPAZg,Gweilo-60,2019-02-18 15:51:39.539929,10774,0
UChXOhG9bRDb3vSTg-qkPAZg,Gweilo-60,2019-02-18 15:50:39.616263,10774,0
UChXOhG9bRDb3vSTg-qkPAZg,Gweilo-60,2019-02-18 15:49:39.409858,10774,0
UChXOhG9bRDb3vSTg-qkPAZg,Gweilo-60,2019-02-18 15:48:39.447,10774,0
UChXOhG9bRDb3vSTg-qkPAZg,Gweilo-60,2019-02-18 15:47:39.439766,10774,0
UChXOhG9bRDb3vSTg-qkPAZg,Gweilo-60,2019-02-18 15:46:39.6323,10774,0
UChXOhG9bRDb3vSTg-qkPAZg,Gweilo-60,2019-02-18 15:45:39.566227,10774,0
UChXOhG9bRDb3vSTg-qkPAZg,Gweilo-60,2019-02-18 15:44:39.741134,10774,0
UChXOhG9bRDb3vSTg-qkPAZg,Gweilo-60,2019-02-18 15:43:39.638709,10774,0
UChXOhG9bRDb3vSTg-qkPAZg,Gweilo-60,2019-02-18 15:42:39.491854,10774,0
UChXOhG9bRDb3vSTg-qkPAZg,Gweilo-60,2019-02-18 15:41:39.969429,10774,0
UChXOhG9bRDb3vSTg-qkPAZg,Gweilo-60,2019-02-18 15:40:40.501052,10774,0
UChXOhG9bRDb3vSTg-qkPAZg,Gweilo-60,2019-02-18 15:39:40.064626,10774,0
UChXOhG9bRDb3vSTg-qkPAZg,Gweilo-60,2019-02-18 15:38:39.271249,10774,0
UChXOhG9bRDb3vSTg-qkPAZg,Gweilo-60,2019-02-18 15:37:39.961345,10774,0
UChXOhG9bRDb3vSTg-qkPAZg,Gweilo-60,2019-02-18 15:36:39.670174,10774,0
UChXOhG9bRDb3vSTg-qkPAZg,Gweilo-60,2019-02-18 15:35:39.451623,10774,0
UChXOhG9bRDb3vSTg-qkPAZg,Gweilo-60,2019-02-18 15:34:40.228141,10774,0
UChXOhG9bRDb3vSTg-qkPAZg,Gweilo-60,2019-02-18 15:33:39.609156,10774,0
UChXOhG9bRDb3vSTg-qkPAZg,Gweilo-60,2019-02-18 15:32:39.077582,10774,0
UChXOhG9bRDb3vSTg-qkPAZg,Gweilo-60,2019-02-18 15:31:39.795966,10774,0
UChXOhG9bRDb3vSTg-qkPAZg,Gweilo-60,2019-02-18 15:30:40.501182,10774,0
UChXOhG9bRDb3vSTg-qkPAZg,Gweilo-60,2019-02-18 15:29:39.782993,10774,0
UChXOhG9bRDb3vSTg-qkPAZg,Gweilo-60,2019-02-18 15:28:39.393427,10774,0
UChXOhG9bRDb3vSTg-qkPAZg,Gweilo-60,2019-02-18 15:27:39.969875,10774,0
UChXOhG9bRDb3vSTg-qkPAZg,Gweilo-60,2019-02-18 15:26:39.381888,10774,0
UChXOhG9bRDb3vSTg-qkPAZg,Gweilo-60,2019-02-18 15:25:39.407731,10774,0
UChXOhG9bRDb3vSTg-qkPAZg,Gweilo-60,2019-02-18 15:24:39.745292,10774,0
UChXOhG9bRDb3vSTg-qkPAZg,Gweilo-60,2019-02-18 15:23:39.044807,10774,0
UChXOhG9bRDb3vSTg-qkPAZg,Gweilo-60,2019-02-18 15:22:40.014241,10774,0
UChXOhG9bRDb3vSTg-qkPAZg,Gweilo-60,2019-02-18 15:21:39.802277,10774,0
UChXOhG9bRDb3vSTg-qkPAZg,Gweilo-60,2019-02-18 15:20:39.564479,10774,0
UChXOhG9bRDb3vSTg-qkPAZg,Gweilo-60,2019-02-18 15:19:39.619011,10774,0
UChXOhG9bRDb3vSTg-qkPAZg,Gweilo-60,2019-02-18 15:18:39.744474,10774,0
UChXOhG9bRDb3vSTg-qkPAZg,Gweilo-60,2019-02-18 15:17:40.228962,10774,0
UChXOhG9bRDb3vSTg-qkPAZg,Gweilo-60,2019-02-18 15:16:39.550985,10774,0
UChXOhG9bRDb3vSTg-qkPAZg,Gweilo-60,2019-02-18 15:15:39.910693,10774,0
UChXOhG9bRDb3vSTg-qkPAZg,Gweilo-60,2019-02-18 15:14:39.63549,10774,0
UChXOhG9bRDb3vSTg-qkPAZg,Gweilo-60,2019-02-18 15:13:39.837605,10774,0
UChXOhG9bRDb3vSTg-qkPAZg,Gweilo-60,2019-02-18 15:12:39.384012,10774,0
UChXOhG9bRDb3vSTg-qkPAZg,Gweilo-60,2019-02-18 15:11:39.701003,10774,0
UChXOhG9bRDb3vSTg-qkPAZg,Gweilo-60,2019-02-18 15:10:39.255697,10774,0
UChXOhG9bRDb3vSTg-qkPAZg,Gweilo-60,2019-02-18 15:09:39.76987,10774,0
UChXOhG9bRDb3vSTg-qkPAZg,Gweilo-60,2019-02-18 15:08:39.566286,10774,0
UChXOhG9bRDb3vSTg-qkPAZg,Gweilo-60,2019-02-18 15:07:39.685437,10774,0
UChXOhG9bRDb3vSTg-qkPAZg,Gweilo-60,2019-02-18 15:06:40.391727,10774,0
UChXOhG9bRDb3vSTg-qkPAZg,Gweilo-60,2019-02-18 15:05:39.117041,10774,0
UChXOhG9bRDb3vSTg-qkPAZg,Gweilo-60,2019-02-18 15:04:39.314672,10774,0
UChXOhG9bRDb3vSTg-qkPAZg,Gweilo-60,2019-02-18 15:03:40.180658,10774,0
UChXOhG9bRDb3vSTg-qkPAZg,Gweilo-60,2019-02-18 15:02:39.040895,10774,0
UChXOhG9bRDb3vSTg-qkPAZg,Gweilo-60,2019-02-18 15:01:39.639672,10774,0
UChXOhG9bRDb3vSTg-qkPAZg,Gweilo-60,2019-02-18 15:00:39.661938,10774,0
UChXOhG9bRDb3vSTg-qkPAZg,Gweilo-60,2019-02-18 14:59:39.443703,10774,0
UChXOhG9bRDb3vSTg-qkPAZg,Gweilo-60,2019-02-18 14:58:39.637366,10774,0
UChXOhG9bRDb3vSTg-qkPAZg,Gweilo-60,2019-02-18 14:57:39.757681,10774,0
UChXOhG9bRDb3vSTg-qkPAZg,Gweilo-60,2019-02-18 14:56:39.533822,10774,0
UChXOhG9bRDb3vSTg-qkPAZg,Gweilo-60,2019-02-18 14:55:39.732056,10774,0
UChXOhG9bRDb3vSTg-qkPAZg,Gweilo-60,2019-02-18 14:54:39.237193,10774,0
UChXOhG9bRDb3vSTg-qkPAZg,Gweilo-60,2019-02-18 14:53:39.784313,10774,0
UChXOhG9bRDb3vSTg-qkPAZg,Gweilo-60,2019-02-18 14:52:39.18006,10774,0
UChXOhG9bRDb3vSTg-qkPAZg,Gweilo-60,2019-02-18 14:51:39.833266,10774,0
UChXOhG9bRDb3vSTg-qkPAZg,Gweilo-60,2019-02-18 14:50:39.707625,10774,0
UChXOhG9bRDb3vSTg-qkPAZg,Gweilo-60,2019-02-18 14:49:39.740179,10774,0
UChXOhG9bRDb3vSTg-qkPAZg,Gweilo-60,2019-02-18 14:48:39.863414,10774,0
UChXOhG9bRDb3vSTg-qkPAZg,Gweilo-60,2019-02-18 14:47:39.742307,10774,0
UChXOhG9bRDb3vSTg-qkPAZg,Gweilo-60,2019-02-18 14:46:39.597348,10774,0
UChXOhG9bRDb3vSTg-qkPAZg,Gweilo-60,2019-02-18 14:45:39.413416,10774,0
UChXOhG9bRDb3vSTg-qkPAZg,Gweilo-60,2019-02-18 14:44:39.688685,10774,0
UChXOhG9bRDb3vSTg-qkPAZg,Gweilo-60,2019-02-18 14:43:39.343466,10774,0
UChXOhG9bRDb3vSTg-qkPAZg,Gweilo-60,2019-02-18 14:42:39.235675,10774,0
UChXOhG9bRDb3vSTg-qkPAZg,Gweilo-60,2019-02-18 14:41:39.223997,10774,0
UChXOhG9bRDb3vSTg-qkPAZg,Gweilo-60,2019-02-18 14:40:39.084851,10774,0
UChXOhG9bRDb3vSTg-qkPAZg,Gweilo-60,2019-02-18 14:39:39.353286,10774,0
UChXOhG9bRDb3vSTg-qkPAZg,Gweilo-60,2019-02-18 14:38:40.440515,10774,0
UChXOhG9bRDb3vSTg-qkPAZg,Gweilo-60,2019-02-18 14:37:39.0432,10774,0
UChXOhG9bRDb3vSTg-qkPAZg,Gweilo-60,2019-02-18 14:36:39.19928,10774,0
UChXOhG9bRDb3vSTg-qkPAZg,Gweilo-60,2019-02-18 14:35:39.026867,10774,0
UChXOhG9bRDb3vSTg-qkPAZg,Gweilo-60,2019-02-18 14:34:39.126806,10774,0
UChXOhG9bRDb3vSTg-qkPAZg,Gweilo-60,2019-02-18 14:33:39.33141,10774,0
UChXOhG9bRDb3vSTg-qkPAZg,Gweilo-60,2019-02-18 14:32:39.715746,10774,0
UChXOhG9bRDb3vSTg-qkPAZg,Gweilo-60,2019-02-18 14:31:39.124211,10774,0
UChXOhG9bRDb3vSTg-qkPAZg,Gweilo-60,2019-02-18 14:30:39.226048,10774,0
UChXOhG9bRDb3vSTg-qkPAZg,Gweilo-60,2019-02-18 14:29:39.645615,10774,0
UChXOhG9bRDb3vSTg-qkPAZg,Gweilo-60,2019-02-18 14:28:39.413333,10774,0
UChXOhG9bRDb3vSTg-qkPAZg,Gweilo-60,2019-02-18 14:27:39.060493,10774,0
UChXOhG9bRDb3vSTg-qkPAZg,Gweilo-60,2019-02-18 14:26:39.307865,10774,0
UChXOhG9bRDb3vSTg-qkPAZg,Gweilo-60,2019-02-18 14:25:39.187404,10774,0
UChXOhG9bRDb3vSTg-qkPAZg,Gweilo-60,2019-02-18 14:24:39.318812,10774,0
UChXOhG9bRDb3vSTg-qkPAZg,Gweilo-60,2019-02-18 14:23:39.258171,10774,0
UChXOhG9bRDb3vSTg-qkPAZg,Gweilo-60,2019-02-18 14:22:38.911955,10774,0
UChXOhG9bRDb3vSTg-qkPAZg,Gweilo-60,2019-02-18 14:21:39.708431,10774,0
UChXOhG9bRDb3vSTg-qkPAZg,Gweilo-60,2019-02-18 14:20:39.393269,10774,0
UChXOhG9bRDb3vSTg-qkPAZg,Gweilo-60,2019-02-18 14:19:39.348621,10774,0
UChXOhG9bRDb3vSTg-qkPAZg,Gweilo-60,2019-02-18 14:18:39.341329,10774,0
UChXOhG9bRDb3vSTg-qkPAZg,Gweilo-60,2019-02-18 14:17:39.186154,10774,0
UChXOhG9bRDb3vSTg-qkPAZg,Gweilo-60,2019-02-18 14:16:39.491542,10774,0
UChXOhG9bRDb3vSTg-qkPAZg,Gweilo-60,2019-02-18 14:15:39.032233,10774,0
UChXOhG9bRDb3vSTg-qkPAZg,Gweilo-60,2019-02-18 14:14:39.981682,10774,0
UChXOhG9bRDb3vSTg-qkPAZg,Gweilo-60,2019-02-18 14:13:39.371241,10774,0
UChXOhG9bRDb3vSTg-qkPAZg,Gweilo-60,2019-02-18 14:12:39.439973,10774,0
UChXOhG9bRDb3vSTg-qkPAZg,Gweilo-60,2019-02-18 14:11:39.456403,10774,0
UChXOhG9bRDb3vSTg-qkPAZg,Gweilo-60,2019-02-18 14:10:39.396887,10774,0
UChXOhG9bRDb3vSTg-qkPAZg,Gweilo-60,2019-02-18 14:09:40.178373,10774,0
UChXOhG9bRDb3vSTg-qkPAZg,Gweilo-60,2019-02-18 14:08:39.463438,10774,0
UChXOhG9bRDb3vSTg-qkPAZg,Gweilo-60,2019-02-18 14:07:38.948813,10774,0
UChXOhG9bRDb3vSTg-qkPAZg,Gweilo-60,2019-02-18 14:06:39.096776,10774,0
UChXOhG9bRDb3vSTg-qkPAZg,Gweilo-60,2019-02-18 14:05:38.895202,10774,0
UChXOhG9bRDb3vSTg-qkPAZg,Gweilo-60,2019-02-18 14:04:39.554029,10774,0
UChXOhG9bRDb3vSTg-qkPAZg,Gweilo-60,2019-02-18 14:03:39.091234,10774,0
UChXOhG9bRDb3vSTg-qkPAZg,Gweilo-60,2019-02-18 14:02:40.050891,10774,0
UChXOhG9bRDb3vSTg-qkPAZg,Gweilo-60,2019-02-18 14:01:39.450764,10774,0
UChXOhG9bRDb3vSTg-qkPAZg,Gweilo-60,2019-02-18 14:00:39.903879,10774,0
UChXOhG9bRDb3vSTg-qkPAZg,Gweilo-60,2019-02-18 13:59:38.965017,10774,0
UChXOhG9bRDb3vSTg-qkPAZg,Gweilo-60,2019-02-18 13:58:39.156313,10774,0
UChXOhG9bRDb3vSTg-qkPAZg,Gweilo-60,2019-02-18 13:57:39.259876,10774,0
UChXOhG9bRDb3vSTg-qkPAZg,Gweilo-60,2019-02-18 13:56:39.496106,10774,0
UChXOhG9bRDb3vSTg-qkPAZg,Gweilo-60,2019-02-18 13:55:39.943762,10774,0
UChXOhG9bRDb3vSTg-qkPAZg,Gweilo-60,2019-02-18 13:54:39.363925,10774,0
UChXOhG9bRDb3vSTg-qkPAZg,Gweilo-60,2019-02-18 13:53:39.240028,10774,0
UChXOhG9bRDb3vSTg-qkPAZg,Gweilo-60,2019-02-18 13:52:39.16806,10774,0
UChXOhG9bRDb3vSTg-qkPAZg,Gweilo-60,2019-02-18 13:51:39.059873,10774,0
UChXOhG9bRDb3vSTg-qkPAZg,Gweilo-60,2019-02-18 13:50:39.6217,10774,0
UChXOhG9bRDb3vSTg-qkPAZg,Gweilo-60,2019-02-18 13:49:39.688558,10774,0
UChXOhG9bRDb3vSTg-qkPAZg,Gweilo-60,2019-02-18 13:48:40.026373,10774,0
UChXOhG9bRDb3vSTg-qkPAZg,Gweilo-60,2019-02-18 13:47:39.321858,10774,0
UChXOhG9bRDb3vSTg-qkPAZg,Gweilo-60,2019-02-18 13:46:39.461802,10774,0
UChXOhG9bRDb3vSTg-qkPAZg,Gweilo-60,2019-02-18 13:45:39.486302,10774,0
UChXOhG9bRDb3vSTg-qkPAZg,Gweilo-60,2019-02-18 13:44:39.704673,10774,0
UChXOhG9bRDb3vSTg-qkPAZg,Gweilo-60,2019-02-18 13:43:39.324847,10774,0
UChXOhG9bRDb3vSTg-qkPAZg,Gweilo-60,2019-02-18 13:42:39.349929,10774,0
UChXOhG9bRDb3vSTg-qkPAZg,Gweilo-60,2019-02-18 13:41:39.130109,10774,0
UChXOhG9bRDb3vSTg-qkPAZg,Gweilo-60,2019-02-18 13:40:39.424495,10774,0
UChXOhG9bRDb3vSTg-qkPAZg,Gweilo-60,2019-02-18 13:39:39.640772,10774,0
UChXOhG9bRDb3vSTg-qkPAZg,Gweilo-60,2019-02-18 13:38:38.994245,10774,0
UChXOhG9bRDb3vSTg-qkPAZg,Gweilo-60,2019-02-18 13:37:39.827446,10774,0
UChXOhG9bRDb3vSTg-qkPAZg,Gweilo-60,2019-02-18 13:36:39.529755,10774,0
UChXOhG9bRDb3vSTg-qkPAZg,Gweilo-60,2019-02-18 13:35:39.188284,10774,0
UChXOhG9bRDb3vSTg-qkPAZg,Gweilo-60,2019-02-18 13:34:39.472068,10774,0
UChXOhG9bRDb3vSTg-qkPAZg,Gweilo-60,2019-02-18 13:33:39.17772,10774,0
UChXOhG9bRDb3vSTg-qkPAZg,Gweilo-60,2019-02-18 13:32:39.360802,10774,0
UChXOhG9bRDb3vSTg-qkPAZg,Gweilo-60,2019-02-18 13:31:40.034244,10774,0
UChXOhG9bRDb3vSTg-qkPAZg,Gweilo-60,2019-02-18 13:30:39.453197,10774,0
UChXOhG9bRDb3vSTg-qkPAZg,Gweilo-60,2019-02-18 13:29:39.659414,10774,0
UChXOhG9bRDb3vSTg-qkPAZg,Gweilo-60,2019-02-18 13:28:40.014406,10774,0
UChXOhG9bRDb3vSTg-qkPAZg,Gweilo-60,2019-02-18 13:27:39.283059,10774,0
UChXOhG9bRDb3vSTg-qkPAZg,Gweilo-60,2019-02-18 13:26:39.046279,10774,0
UChXOhG9bRDb3vSTg-qkPAZg,Gweilo-60,2019-02-18 13:25:40.129719,10774,0
UChXOhG9bRDb3vSTg-qkPAZg,Gweilo-60,2019-02-18 13:24:39.316354,10774,0
UChXOhG9bRDb3vSTg-qkPAZg,Gweilo-60,2019-02-18 13:23:38.941774,10774,0
UChXOhG9bRDb3vSTg-qkPAZg,Gweilo-60,2019-02-18 13:22:39.075331,10774,0
UChXOhG9bRDb3vSTg-qkPAZg,Gweilo-60,2019-02-18 13:21:39.093737,10774,0
UChXOhG9bRDb3vSTg-qkPAZg,Gweilo-60,2019-02-18 13:20:39.213846,10774,1
UChXOhG9bRDb3vSTg-qkPAZg,Gweilo-60,2019-02-18 13:19:39.510164,10773,0
UChXOhG9bRDb3vSTg-qkPAZg,Gweilo-60,2019-02-18 13:18:39.437166,10773,0
UChXOhG9bRDb3vSTg-qkPAZg,Gweilo-60,2019-02-18 13:17:39.882751,10773,0
UChXOhG9bRDb3vSTg-qkPAZg,Gweilo-60,2019-02-18 13:16:39.273464,10773,0
UChXOhG9bRDb3vSTg-qkPAZg,Gweilo-60,2019-02-18 13:15:39.789686,10773,0
UChXOhG9bRDb3vSTg-qkPAZg,Gweilo-60,2019-02-18 13:14:39.529892,10773,0
UChXOhG9bRDb3vSTg-qkPAZg,Gweilo-60,2019-02-18 13:13:39.142858,10773,0
UChXOhG9bRDb3vSTg-qkPAZg,Gweilo-60,2019-02-18 13:12:39.028498,10773,0
UChXOhG9bRDb3vSTg-qkPAZg,Gweilo-60,2019-02-18 13:11:39.788413,10773,0
UChXOhG9bRDb3vSTg-qkPAZg,Gweilo-60,2019-02-18 13:10:39.706281,10773,0
UChXOhG9bRDb3vSTg-qkPAZg,Gweilo-60,2019-02-18 13:09:39.19324,10773,0
UChXOhG9bRDb3vSTg-qkPAZg,Gweilo-60,2019-02-18 13:08:39.09308,10773,0
UChXOhG9bRDb3vSTg-qkPAZg,Gweilo-60,2019-02-18 13:07:39.561895,10773,0
UChXOhG9bRDb3vSTg-qkPAZg,Gweilo-60,2019-02-18 13:06:39.186174,10773,0
UChXOhG9bRDb3vSTg-qkPAZg,Gweilo-60,2019-02-18 13:05:38.879576,10773,0
UChXOhG9bRDb3vSTg-qkPAZg,Gweilo-60,2019-02-18 13:04:39.125622,10773,0
UChXOhG9bRDb3vSTg-qkPAZg,Gweilo-60,2019-02-18 13:03:39.604132,10773,0
UChXOhG9bRDb3vSTg-qkPAZg,Gweilo-60,2019-02-18 13:02:39.640119,10773,0
UChXOhG9bRDb3vSTg-qkPAZg,Gweilo-60,2019-02-18 13:01:39.354575,10773,0
UChXOhG9bRDb3vSTg-qkPAZg,Gweilo-60,2019-02-18 13:00:39.76345,10773,0
UChXOhG9bRDb3vSTg-qkPAZg,Gweilo-60,2019-02-18 12:59:39.245844,10773,0
UChXOhG9bRDb3vSTg-qkPAZg,Gweilo-60,2019-02-18 12:58:39.699185,10773,0
UChXOhG9bRDb3vSTg-qkPAZg,Gweilo-60,2019-02-18 12:57:39.500141,10773,0
UChXOhG9bRDb3vSTg-qkPAZg,Gweilo-60,2019-02-18 12:56:39.833134,10773,0
UChXOhG9bRDb3vSTg-qkPAZg,Gweilo-60,2019-02-18 12:55:39.527515,10773,0
UChXOhG9bRDb3vSTg-qkPAZg,Gweilo-60,2019-02-18 12:54:39.247826,10773,1
UChXOhG9bRDb3vSTg-qkPAZg,Gweilo-60,2019-02-18 12:53:39.033091,10772,0
UChXOhG9bRDb3vSTg-qkPAZg,Gweilo-60,2019-02-18 12:52:39.859081,10772,0
UChXOhG9bRDb3vSTg-qkPAZg,Gweilo-60,2019-02-18 12:51:39.146446,10772,0
UChXOhG9bRDb3vSTg-qkPAZg,Gweilo-60,2019-02-18 12:50:39.715687,10772,0
UChXOhG9bRDb3vSTg-qkPAZg,Gweilo-60,2019-02-18 12:49:39.488291,10772,0
UChXOhG9bRDb3vSTg-qkPAZg,Gweilo-60,2019-02-18 12:48:39.044431,10772,0
UChXOhG9bRDb3vSTg-qkPAZg,Gweilo-60,2019-02-18 12:47:39.385301,10772,0
UChXOhG9bRDb3vSTg-qkPAZg,Gweilo-60,2019-02-18 12:46:39.096027,10772,0
UChXOhG9bRDb3vSTg-qkPAZg,Gweilo-60,2019-02-18 12:45:39.908633,10772,0
UChXOhG9bRDb3vSTg-qkPAZg,Gweilo-60,2019-02-18 12:44:39.494428,10772,0
UChXOhG9bRDb3vSTg-qkPAZg,Gweilo-60,2019-02-18 12:43:38.897756,10772,0
UChXOhG9bRDb3vSTg-qkPAZg,Gweilo-60,2019-02-18 12:42:39.114078,10772,0
UChXOhG9bRDb3vSTg-qkPAZg,Gweilo-60,2019-02-18 12:41:39.8961,10772,0
UChXOhG9bRDb3vSTg-qkPAZg,Gweilo-60,2019-02-18 12:40:39.645404,10772,0
UChXOhG9bRDb3vSTg-qkPAZg,Gweilo-60,2019-02-18 12:39:39.2058,10772,0
UChXOhG9bRDb3vSTg-qkPAZg,Gweilo-60,2019-02-18 12:38:39.826527,10772,0
UChXOhG9bRDb3vSTg-qkPAZg,Gweilo-60,2019-02-18 12:37:39.54787,10772,0
UChXOhG9bRDb3vSTg-qkPAZg,Gweilo-60,2019-02-18 12:36:39.006925,10772,0
UChXOhG9bRDb3vSTg-qkPAZg,Gweilo-60,2019-02-18 12:35:39.661914,10772,0
UChXOhG9bRDb3vSTg-qkPAZg,Gweilo-60,2019-02-18 12:34:40.036278,10772,0
UChXOhG9bRDb3vSTg-qkPAZg,Gweilo-60,2019-02-18 12:33:39.342653,10772,0
UChXOhG9bRDb3vSTg-qkPAZg,Gweilo-60,2019-02-18 12:32:39.40648,10772,0
UChXOhG9bRDb3vSTg-qkPAZg,Gweilo-60,2019-02-18 12:31:40.289991,10772,0
UChXOhG9bRDb3vSTg-qkPAZg,Gweilo-60,2019-02-18 12:30:39.372632,10772,0
UChXOhG9bRDb3vSTg-qkPAZg,Gweilo-60,2019-02-18 12:29:39.824637,10772,0
UChXOhG9bRDb3vSTg-qkPAZg,Gweilo-60,2019-02-18 12:28:40.288109,10772,0
UChXOhG9bRDb3vSTg-qkPAZg,Gweilo-60,2019-02-18 12:27:39.276679,10772,0
UChXOhG9bRDb3vSTg-qkPAZg,Gweilo-60,2019-02-18 12:26:39.012542,10772,0
UChXOhG9bRDb3vSTg-qkPAZg,Gweilo-60,2019-02-18 12:25:39.157631,10772,0
UChXOhG9bRDb3vSTg-qkPAZg,Gweilo-60,2019-02-18 12:24:39.365476,10772,0
UChXOhG9bRDb3vSTg-qkPAZg,Gweilo-60,2019-02-18 12:23:39.035764,10772,0
UChXOhG9bRDb3vSTg-qkPAZg,Gweilo-60,2019-02-18 12:22:39.43429,10772,0
UChXOhG9bRDb3vSTg-qkPAZg,Gweilo-60,2019-02-18 12:21:39.392307,10772,0
UChXOhG9bRDb3vSTg-qkPAZg,Gweilo-60,2019-02-18 12:20:39.042277,10772,0
UChXOhG9bRDb3vSTg-qkPAZg,Gweilo-60,2019-02-18 12:19:39.635412,10772,0
UChXOhG9bRDb3vSTg-qkPAZg,Gweilo-60,2019-02-18 12:18:40.343437,10772,0
UChXOhG9bRDb3vSTg-qkPAZg,Gweilo-60,2019-02-18 12:17:39.2799,10772,0
UChXOhG9bRDb3vSTg-qkPAZg,Gweilo-60,2019-02-18 12:16:39.968732,10772,0
UChXOhG9bRDb3vSTg-qkPAZg,Gweilo-60,2019-02-18 12:15:39.591091,10772,0
UChXOhG9bRDb3vSTg-qkPAZg,Gweilo-60,2019-02-18 12:14:39.340591,10772,1
UChXOhG9bRDb3vSTg-qkPAZg,Gweilo-60,2019-02-18 12:13:39.208514,10771,0
UChXOhG9bRDb3vSTg-qkPAZg,Gweilo-60,2019-02-18 12:12:38.824158,10771,0
UChXOhG9bRDb3vSTg-qkPAZg,Gweilo-60,2019-02-18 12:11:38.975301,10771,0
UChXOhG9bRDb3vSTg-qkPAZg,Gweilo-60,2019-02-18 12:10:39.0943,10771,0
UChXOhG9bRDb3vSTg-qkPAZg,Gweilo-60,2019-02-18 12:09:39.307691,10771,0
UChXOhG9bRDb3vSTg-qkPAZg,Gweilo-60,2019-02-18 12:08:39.19616,10771,0
UChXOhG9bRDb3vSTg-qkPAZg,Gweilo-60,2019-02-18 12:07:39.505928,10771,0
UChXOhG9bRDb3vSTg-qkPAZg,Gweilo-60,2019-02-18 12:06:38.979418,10771,0
UChXOhG9bRDb3vSTg-qkPAZg,Gweilo-60,2019-02-18 12:05:39.313021,10771,0
UChXOhG9bRDb3vSTg-qkPAZg,Gweilo-60,2019-02-18 12:04:38.679291,10771,1
UChXOhG9bRDb3vSTg-qkPAZg,Gweilo-60,2019-02-18 12:03:39.464423,10770,0
UChXOhG9bRDb3vSTg-qkPAZg,Gweilo-60,2019-02-18 12:02:39.458898,10770,0
UChXOhG9bRDb3vSTg-qkPAZg,Gweilo-60,2019-02-18 12:01:39.071297,10770,0
UChXOhG9bRDb3vSTg-qkPAZg,Gweilo-60,2019-02-18 12:00:39.096834,10770,1
UChXOhG9bRDb3vSTg-qkPAZg,Gweilo-60,2019-02-18 11:59:41.498033,10769,0
UChXOhG9bRDb3vSTg-qkPAZg,Gweilo-60,2019-02-18 11:58:39.398265,10769,0
UChXOhG9bRDb3vSTg-qkPAZg,Gweilo-60,2019-02-18 11:57:39.502092,10769,0
UChXOhG9bRDb3vSTg-qkPAZg,Gweilo-60,2019-02-18 11:56:39.508105,10769,0
UChXOhG9bRDb3vSTg-qkPAZg,Gweilo-60,2019-02-18 11:55:39.205214,10769,0
UChXOhG9bRDb3vSTg-qkPAZg,Gweilo-60,2019-02-18 11:54:39.774697,10769,0
UChXOhG9bRDb3vSTg-qkPAZg,Gweilo-60,2019-02-18 11:53:38.996281,10769,0
UChXOhG9bRDb3vSTg-qkPAZg,Gweilo-60,2019-02-18 11:52:39.472718,10769,0
UChXOhG9bRDb3vSTg-qkPAZg,Gweilo-60,2019-02-18 11:51:40.030153,10769,0
UChXOhG9bRDb3vSTg-qkPAZg,Gweilo-60,2019-02-18 11:50:39.26268,10769,0
UChXOhG9bRDb3vSTg-qkPAZg,Gweilo-60,2019-02-18 11:49:39.058908,10769,0
UChXOhG9bRDb3vSTg-qkPAZg,Gweilo-60,2019-02-18 11:48:39.393024,10769,0
UChXOhG9bRDb3vSTg-qkPAZg,Gweilo-60,2019-02-18 11:47:39.523258,10769,0
UChXOhG9bRDb3vSTg-qkPAZg,Gweilo-60,2019-02-18 11:46:39.431739,10769,0
UChXOhG9bRDb3vSTg-qkPAZg,Gweilo-60,2019-02-18 11:45:38.864713,10769,0
UChXOhG9bRDb3vSTg-qkPAZg,Gweilo-60,2019-02-18 11:44:39.587144,10769,0
UChXOhG9bRDb3vSTg-qkPAZg,Gweilo-60,2019-02-18 11:43:39.794856,10769,0
UChXOhG9bRDb3vSTg-qkPAZg,Gweilo-60,2019-02-18 11:42:39.157135,10769,0
UChXOhG9bRDb3vSTg-qkPAZg,Gweilo-60,2019-02-18 11:41:39.275567,10769,0
UChXOhG9bRDb3vSTg-qkPAZg,Gweilo-60,2019-02-18 11:40:39.084729,10769,0
UChXOhG9bRDb3vSTg-qkPAZg,Gweilo-60,2019-02-18 11:39:39.15806,10769,0
UChXOhG9bRDb3vSTg-qkPAZg,Gweilo-60,2019-02-18 11:38:39.102823,10769,0
UChXOhG9bRDb3vSTg-qkPAZg,Gweilo-60,2019-02-18 11:37:38.919251,10769,0
UChXOhG9bRDb3vSTg-qkPAZg,Gweilo-60,2019-02-18 11:36:39.528101,10769,0
UChXOhG9bRDb3vSTg-qkPAZg,Gweilo-60,2019-02-18 11:35:39.348631,10769,0
UChXOhG9bRDb3vSTg-qkPAZg,Gweilo-60,2019-02-18 11:34:39.301412,10769,0
UChXOhG9bRDb3vSTg-qkPAZg,Gweilo-60,2019-02-18 11:33:39.100933,10769,0
UChXOhG9bRDb3vSTg-qkPAZg,Gweilo-60,2019-02-18 11:32:38.908289,10769,0
UChXOhG9bRDb3vSTg-qkPAZg,Gweilo-60,2019-02-18 11:31:39.276653,10769,0
UChXOhG9bRDb3vSTg-qkPAZg,Gweilo-60,2019-02-18 11:30:39.326112,10769,0
UChXOhG9bRDb3vSTg-qkPAZg,Gweilo-60,2019-02-18 11:29:39.03031,10769,0
UChXOhG9bRDb3vSTg-qkPAZg,Gweilo-60,2019-02-18 11:28:39.608482,10769,0
UChXOhG9bRDb3vSTg-qkPAZg,Gweilo-60,2019-02-18 11:27:39.643723,10769,0
UChXOhG9bRDb3vSTg-qkPAZg,Gweilo-60,2019-02-18 11:26:39.368661,10769,0
UChXOhG9bRDb3vSTg-qkPAZg,Gweilo-60,2019-02-18 11:25:38.947327,10769,0
UChXOhG9bRDb3vSTg-qkPAZg,Gweilo-60,2019-02-18 11:24:39.230564,10769,0
UChXOhG9bRDb3vSTg-qkPAZg,Gweilo-60,2019-02-18 11:23:39.675662,10769,0
UChXOhG9bRDb3vSTg-qkPAZg,Gweilo-60,2019-02-18 11:22:39.228294,10769,0
UChXOhG9bRDb3vSTg-qkPAZg,Gweilo-60,2019-02-18 11:21:39.046172,10769,0
UChXOhG9bRDb3vSTg-qkPAZg,Gweilo-60,2019-02-18 11:20:39.266434,10769,0
UChXOhG9bRDb3vSTg-qkPAZg,Gweilo-60,2019-02-18 11:19:39.791874,10769,0
UChXOhG9bRDb3vSTg-qkPAZg,Gweilo-60,2019-02-18 11:18:39.798894,10769,0
UChXOhG9bRDb3vSTg-qkPAZg,Gweilo-60,2019-02-18 11:17:39.281648,10769,0
UChXOhG9bRDb3vSTg-qkPAZg,Gweilo-60,2019-02-18 11:16:39.170069,10769,0
UChXOhG9bRDb3vSTg-qkPAZg,Gweilo-60,2019-02-18 11:15:39.50291,10769,0
UChXOhG9bRDb3vSTg-qkPAZg,Gweilo-60,2019-02-18 11:14:39.158846,10769,0
UChXOhG9bRDb3vSTg-qkPAZg,Gweilo-60,2019-02-18 11:13:40.070026,10769,0
UChXOhG9bRDb3vSTg-qkPAZg,Gweilo-60,2019-02-18 11:12:39.528033,10769,1
UChXOhG9bRDb3vSTg-qkPAZg,Gweilo-60,2019-02-18 11:11:39.480514,10768,1
UChXOhG9bRDb3vSTg-qkPAZg,Gweilo-60,2019-02-18 11:10:39.441012,10767,0
UChXOhG9bRDb3vSTg-qkPAZg,Gweilo-60,2019-02-18 11:09:39.616096,10767,0
UChXOhG9bRDb3vSTg-qkPAZg,Gweilo-60,2019-02-18 11:08:39.442108,10767,0
UChXOhG9bRDb3vSTg-qkPAZg,Gweilo-60,2019-02-18 11:07:39.687688,10767,0
UChXOhG9bRDb3vSTg-qkPAZg,Gweilo-60,2019-02-18 11:06:39.095551,10767,0
UChXOhG9bRDb3vSTg-qkPAZg,Gweilo-60,2019-02-18 11:05:39.81195,10767,0
UChXOhG9bRDb3vSTg-qkPAZg,Gweilo-60,2019-02-18 11:04:39.565919,10767,0
UChXOhG9bRDb3vSTg-qkPAZg,Gweilo-60,2019-02-18 11:03:38.868961,10767,0
UChXOhG9bRDb3vSTg-qkPAZg,Gweilo-60,2019-02-18 11:02:39.380657,10767,0
UChXOhG9bRDb3vSTg-qkPAZg,Gweilo-60,2019-02-18 11:01:39.879495,10767,0
UChXOhG9bRDb3vSTg-qkPAZg,Gweilo-60,2019-02-18 11:00:39.504548,10767,0
UChXOhG9bRDb3vSTg-qkPAZg,Gweilo-60,2019-02-18 10:59:39.478324,10767,0
UChXOhG9bRDb3vSTg-qkPAZg,Gweilo-60,2019-02-18 10:58:39.610207,10767,0
UChXOhG9bRDb3vSTg-qkPAZg,Gweilo-60,2019-02-18 10:57:39.369141,10767,0
UChXOhG9bRDb3vSTg-qkPAZg,Gweilo-60,2019-02-18 10:56:39.428373,10767,-1
UChXOhG9bRDb3vSTg-qkPAZg,Gweilo-60,2019-02-18 10:55:39.805469,10768,0
UChXOhG9bRDb3vSTg-qkPAZg,Gweilo-60,2019-02-18 10:54:39.257335,10768,0
UChXOhG9bRDb3vSTg-qkPAZg,Gweilo-60,2019-02-18 10:53:39.59904,10768,0
UChXOhG9bRDb3vSTg-qkPAZg,Gweilo-60,2019-02-18 10:52:39.667309,10768,0
UChXOhG9bRDb3vSTg-qkPAZg,Gweilo-60,2019-02-18 10:51:39.728385,10768,0
UChXOhG9bRDb3vSTg-qkPAZg,Gweilo-60,2019-02-18 10:50:39.495894,10768,1
UChXOhG9bRDb3vSTg-qkPAZg,Gweilo-60,2019-02-18 10:49:39.263155,10767,0
UChXOhG9bRDb3vSTg-qkPAZg,Gweilo-60,2019-02-18 10:48:39.208422,10767,0
UChXOhG9bRDb3vSTg-qkPAZg,Gweilo-60,2019-02-18 10:47:39.412236,10767,0
UChXOhG9bRDb3vSTg-qkPAZg,Gweilo-60,2019-02-18 10:46:39.265045,10767,1
UChXOhG9bRDb3vSTg-qkPAZg,Gweilo-60,2019-02-18 10:45:39.260343,10766,0
UChXOhG9bRDb3vSTg-qkPAZg,Gweilo-60,2019-02-18 10:44:38.862642,10766,0
UChXOhG9bRDb3vSTg-qkPAZg,Gweilo-60,2019-02-18 10:43:39.275955,10766,0
UChXOhG9bRDb3vSTg-qkPAZg,Gweilo-60,2019-02-18 10:42:38.871821,10766,0
UChXOhG9bRDb3vSTg-qkPAZg,Gweilo-60,2019-02-18 10:41:39.483006,10766,0
UChXOhG9bRDb3vSTg-qkPAZg,Gweilo-60,2019-02-18 10:40:39.244672,10766,0
UChXOhG9bRDb3vSTg-qkPAZg,Gweilo-60,2019-02-18 10:39:39.196672,10766,0
UChXOhG9bRDb3vSTg-qkPAZg,Gweilo-60,2019-02-18 10:38:39.381702,10766,0
UChXOhG9bRDb3vSTg-qkPAZg,Gweilo-60,2019-02-18 10:37:39.361211,10766,0
UChXOhG9bRDb3vSTg-qkPAZg,Gweilo-60,2019-02-18 10:36:39.279494,10766,0
UChXOhG9bRDb3vSTg-qkPAZg,Gweilo-60,2019-02-18 10:35:38.824729,10766,0
UChXOhG9bRDb3vSTg-qkPAZg,Gweilo-60,2019-02-18 10:34:39.280435,10766,0
UChXOhG9bRDb3vSTg-qkPAZg,Gweilo-60,2019-02-18 10:33:39.498391,10766,0
UChXOhG9bRDb3vSTg-qkPAZg,Gweilo-60,2019-02-18 10:32:39.14941,10766,1
UChXOhG9bRDb3vSTg-qkPAZg,Gweilo-60,2019-02-18 10:31:39.218524,10765,1
UChXOhG9bRDb3vSTg-qkPAZg,Gweilo-60,2019-02-18 10:30:40.304533,10764,0
UChXOhG9bRDb3vSTg-qkPAZg,Gweilo-60,2019-02-18 10:29:39.350562,10764,0
UChXOhG9bRDb3vSTg-qkPAZg,Gweilo-60,2019-02-18 10:28:39.168282,10764,0
UChXOhG9bRDb3vSTg-qkPAZg,Gweilo-60,2019-02-18 10:27:39.386055,10764,1
UChXOhG9bRDb3vSTg-qkPAZg,Gweilo-60,2019-02-18 10:26:38.852026,10763,0
UChXOhG9bRDb3vSTg-qkPAZg,Gweilo-60,2019-02-18 10:25:39.329388,10763,0
UChXOhG9bRDb3vSTg-qkPAZg,Gweilo-60,2019-02-18 10:24:39.335952,10763,0
UChXOhG9bRDb3vSTg-qkPAZg,Gweilo-60,2019-02-18 10:23:39.430037,10763,0
UChXOhG9bRDb3vSTg-qkPAZg,Gweilo-60,2019-02-18 10:22:38.959529,10763,0
UChXOhG9bRDb3vSTg-qkPAZg,Gweilo-60,2019-02-18 10:21:39.645788,10763,0
UChXOhG9bRDb3vSTg-qkPAZg,Gweilo-60,2019-02-18 10:20:39.097705,10763,0
UChXOhG9bRDb3vSTg-qkPAZg,Gweilo-60,2019-02-18 10:19:39.024795,10763,1
UChXOhG9bRDb3vSTg-qkPAZg,Gweilo-60,2019-02-18 10:18:39.382164,10762,0
UChXOhG9bRDb3vSTg-qkPAZg,Gweilo-60,2019-02-18 10:17:39.15288,10762,1
UChXOhG9bRDb3vSTg-qkPAZg,Gweilo-60,2019-02-18 10:16:40.016554,10761,0
UChXOhG9bRDb3vSTg-qkPAZg,Gweilo-60,2019-02-18 10:15:39.262468,10761,0
UChXOhG9bRDb3vSTg-qkPAZg,Gweilo-60,2019-02-18 10:14:39.613579,10761,1
UChXOhG9bRDb3vSTg-qkPAZg,Gweilo-60,2019-02-18 10:13:39.376736,10760,0
UChXOhG9bRDb3vSTg-qkPAZg,Gweilo-60,2019-02-18 10:12:39.272129,10760,0
UChXOhG9bRDb3vSTg-qkPAZg,Gweilo-60,2019-02-18 10:11:39.321432,10760,0
UChXOhG9bRDb3vSTg-qkPAZg,Gweilo-60,2019-02-18 10:10:39.835857,10760,0
UChXOhG9bRDb3vSTg-qkPAZg,Gweilo-60,2019-02-18 10:09:39.389781,10760,0
UChXOhG9bRDb3vSTg-qkPAZg,Gweilo-60,2019-02-18 10:08:39.598002,10760,0
UChXOhG9bRDb3vSTg-qkPAZg,Gweilo-60,2019-02-18 10:07:39.778591,10760,0
UChXOhG9bRDb3vSTg-qkPAZg,Gweilo-60,2019-02-18 10:06:39.800211,10760,0
UChXOhG9bRDb3vSTg-qkPAZg,Gweilo-60,2019-02-18 10:05:39.272548,10760,0
UChXOhG9bRDb3vSTg-qkPAZg,Gweilo-60,2019-02-18 10:04:39.396352,10760,1
UChXOhG9bRDb3vSTg-qkPAZg,Gweilo-60,2019-02-18 10:03:39.867137,10759,0
UChXOhG9bRDb3vSTg-qkPAZg,Gweilo-60,2019-02-18 10:02:39.729963,10759,0
UChXOhG9bRDb3vSTg-qkPAZg,Gweilo-60,2019-02-18 10:01:39.390538,10759,0
UChXOhG9bRDb3vSTg-qkPAZg,Gweilo-60,2019-02-18 10:00:39.397517,10759,0
UChXOhG9bRDb3vSTg-qkPAZg,Gweilo-60,2019-02-18 09:59:39.200944,10759,0
UChXOhG9bRDb3vSTg-qkPAZg,Gweilo-60,2019-02-18 09:58:40.097384,10759,0
UChXOhG9bRDb3vSTg-qkPAZg,Gweilo-60,2019-02-18 09:57:39.231578,10759,0
UChXOhG9bRDb3vSTg-qkPAZg,Gweilo-60,2019-02-18 09:56:39.467242,10759,0
UChXOhG9bRDb3vSTg-qkPAZg,Gweilo-60,2019-02-18 09:55:39.762265,10759,1
UChXOhG9bRDb3vSTg-qkPAZg,Gweilo-60,2019-02-18 09:54:39.549091,10758,0
UChXOhG9bRDb3vSTg-qkPAZg,Gweilo-60,2019-02-18 09:53:39.306541,10758,0
UChXOhG9bRDb3vSTg-qkPAZg,Gweilo-60,2019-02-18 09:52:39.549621,10758,0
UChXOhG9bRDb3vSTg-qkPAZg,Gweilo-60,2019-02-18 09:51:39.824036,10758,0
UChXOhG9bRDb3vSTg-qkPAZg,Gweilo-60,2019-02-18 09:50:39.450878,10758,0
UChXOhG9bRDb3vSTg-qkPAZg,Gweilo-60,2019-02-18 09:49:39.565132,10758,0
UChXOhG9bRDb3vSTg-qkPAZg,Gweilo-60,2019-02-18 09:48:39.612174,10758,1
UChXOhG9bRDb3vSTg-qkPAZg,Gweilo-60,2019-02-18 09:47:39.755901,10757,0
UChXOhG9bRDb3vSTg-qkPAZg,Gweilo-60,2019-02-18 09:46:39.255465,10757,0
UChXOhG9bRDb3vSTg-qkPAZg,Gweilo-60,2019-02-18 09:45:39.220933,10757,0
UChXOhG9bRDb3vSTg-qkPAZg,Gweilo-60,2019-02-18 09:44:39.543561,10757,0
UChXOhG9bRDb3vSTg-qkPAZg,Gweilo-60,2019-02-18 09:43:39.390554,10757,0
UChXOhG9bRDb3vSTg-qkPAZg,Gweilo-60,2019-02-18 09:42:39.831124,10757,0
UChXOhG9bRDb3vSTg-qkPAZg,Gweilo-60,2019-02-18 09:41:39.682074,10757,0
UChXOhG9bRDb3vSTg-qkPAZg,Gweilo-60,2019-02-18 09:40:39.266239,10757,1
UChXOhG9bRDb3vSTg-qkPAZg,Gweilo-60,2019-02-18 09:39:39.103936,10756,0
UChXOhG9bRDb3vSTg-qkPAZg,Gweilo-60,2019-02-18 09:38:39.226417,10756,0
UChXOhG9bRDb3vSTg-qkPAZg,Gweilo-60,2019-02-18 09:37:39.866178,10756,0
UChXOhG9bRDb3vSTg-qkPAZg,Gweilo-60,2019-02-18 09:36:39.513596,10756,0
UChXOhG9bRDb3vSTg-qkPAZg,Gweilo-60,2019-02-18 09:35:39.160973,10756,1
UChXOhG9bRDb3vSTg-qkPAZg,Gweilo-60,2019-02-18 09:34:39.384002,10755,0
UChXOhG9bRDb3vSTg-qkPAZg,Gweilo-60,2019-02-18 09:33:39.105572,10755,0
UChXOhG9bRDb3vSTg-qkPAZg,Gweilo-60,2019-02-18 09:32:39.4902,10755,0
UChXOhG9bRDb3vSTg-qkPAZg,Gweilo-60,2019-02-18 09:31:39.398595,10755,0
UChXOhG9bRDb3vSTg-qkPAZg,Gweilo-60,2019-02-18 09:30:39.371297,10755,0
UChXOhG9bRDb3vSTg-qkPAZg,Gweilo-60,2019-02-18 09:29:39.479625,10755,0
UChXOhG9bRDb3vSTg-qkPAZg,Gweilo-60,2019-02-18 09:28:39.273107,10755,0
UChXOhG9bRDb3vSTg-qkPAZg,Gweilo-60,2019-02-18 09:27:39.235871,10755,0
UChXOhG9bRDb3vSTg-qkPAZg,Gweilo-60,2019-02-18 09:26:39.373475,10755,1
UChXOhG9bRDb3vSTg-qkPAZg,Gweilo-60,2019-02-18 09:25:39.049075,10754,0
UChXOhG9bRDb3vSTg-qkPAZg,Gweilo-60,2019-02-18 09:24:39.421282,10754,0
UChXOhG9bRDb3vSTg-qkPAZg,Gweilo-60,2019-02-18 09:23:39.353749,10754,0
UChXOhG9bRDb3vSTg-qkPAZg,Gweilo-60,2019-02-18 09:22:39.489976,10754,0
UChXOhG9bRDb3vSTg-qkPAZg,Gweilo-60,2019-02-18 09:21:39.220904,10754,0
UChXOhG9bRDb3vSTg-qkPAZg,Gweilo-60,2019-02-18 09:20:39.089182,10754,0
UChXOhG9bRDb3vSTg-qkPAZg,Gweilo-60,2019-02-18 09:19:39.065118,10754,0
UChXOhG9bRDb3vSTg-qkPAZg,Gweilo-60,2019-02-18 09:18:39.563863,10754,0
UChXOhG9bRDb3vSTg-qkPAZg,Gweilo-60,2019-02-18 09:17:39.01426,10754,0
UChXOhG9bRDb3vSTg-qkPAZg,Gweilo-60,2019-02-18 09:16:39.418041,10754,0
UChXOhG9bRDb3vSTg-qkPAZg,Gweilo-60,2019-02-18 09:15:39.322605,10754,0
UChXOhG9bRDb3vSTg-qkPAZg,Gweilo-60,2019-02-18 09:14:39.081975,10754,1
UChXOhG9bRDb3vSTg-qkPAZg,Gweilo-60,2019-02-18 09:13:39.345954,10753,0
UChXOhG9bRDb3vSTg-qkPAZg,Gweilo-60,2019-02-18 09:12:39.471462,10753,1
UChXOhG9bRDb3vSTg-qkPAZg,Gweilo-60,2019-02-18 09:11:39.627092,10752,0
UChXOhG9bRDb3vSTg-qkPAZg,Gweilo-60,2019-02-18 09:10:39.213802,10752,0
UChXOhG9bRDb3vSTg-qkPAZg,Gweilo-60,2019-02-18 09:09:38.989499,10752,0
UChXOhG9bRDb3vSTg-qkPAZg,Gweilo-60,2019-02-18 09:08:39.260337,10752,0
UChXOhG9bRDb3vSTg-qkPAZg,Gweilo-60,2019-02-18 09:07:39.052232,10752,0
UChXOhG9bRDb3vSTg-qkPAZg,Gweilo-60,2019-02-18 09:06:39.042429,10752,0
UChXOhG9bRDb3vSTg-qkPAZg,Gweilo-60,2019-02-18 09:05:39.436566,10752,0
UChXOhG9bRDb3vSTg-qkPAZg,Gweilo-60,2019-02-18 09:04:39.381153,10752,0
UChXOhG9bRDb3vSTg-qkPAZg,Gweilo-60,2019-02-18 09:03:39.140264,10752,0
UChXOhG9bRDb3vSTg-qkPAZg,Gweilo-60,2019-02-18 09:02:39.507225,10752,0
UChXOhG9bRDb3vSTg-qkPAZg,Gweilo-60,2019-02-18 09:01:39.519742,10752,0
UChXOhG9bRDb3vSTg-qkPAZg,Gweilo-60,2019-02-18 09:00:39.427881,10752,0
UChXOhG9bRDb3vSTg-qkPAZg,Gweilo-60,2019-02-18 08:59:38.702786,10752,0
UChXOhG9bRDb3vSTg-qkPAZg,Gweilo-60,2019-02-18 08:58:39.646679,10752,0
UChXOhG9bRDb3vSTg-qkPAZg,Gweilo-60,2019-02-18 08:57:39.403658,10752,0
UChXOhG9bRDb3vSTg-qkPAZg,Gweilo-60,2019-02-18 08:56:38.920304,10752,0
UChXOhG9bRDb3vSTg-qkPAZg,Gweilo-60,2019-02-18 08:55:38.969396,10752,0
UChXOhG9bRDb3vSTg-qkPAZg,Gweilo-60,2019-02-18 08:54:38.956507,10752,0
UChXOhG9bRDb3vSTg-qkPAZg,Gweilo-60,2019-02-18 08:53:38.665257,10752,0
UChXOhG9bRDb3vSTg-qkPAZg,Gweilo-60,2019-02-18 08:52:40.810574,10752,0
UChXOhG9bRDb3vSTg-qkPAZg,Gweilo-60,2019-02-18 08:51:39.161234,10752,0
UChXOhG9bRDb3vSTg-qkPAZg,Gweilo-60,2019-02-18 08:50:39.362425,10752,0
UChXOhG9bRDb3vSTg-qkPAZg,Gweilo-60,2019-02-18 08:49:39.207731,10752,0
UChXOhG9bRDb3vSTg-qkPAZg,Gweilo-60,2019-02-18 08:48:39.290289,10752,1
UChXOhG9bRDb3vSTg-qkPAZg,Gweilo-60,2019-02-18 08:47:39.217683,10751,0
UChXOhG9bRDb3vSTg-qkPAZg,Gweilo-60,2019-02-18 08:46:39.127248,10751,1
UChXOhG9bRDb3vSTg-qkPAZg,Gweilo-60,2019-02-18 08:45:39.491057,10750,0
UChXOhG9bRDb3vSTg-qkPAZg,Gweilo-60,2019-02-18 08:44:39.576284,10750,0
UChXOhG9bRDb3vSTg-qkPAZg,Gweilo-60,2019-02-18 08:43:39.349629,10750,1
UChXOhG9bRDb3vSTg-qkPAZg,Gweilo-60,2019-02-18 08:42:38.789023,10749,0
UChXOhG9bRDb3vSTg-qkPAZg,Gweilo-60,2019-02-18 08:41:39.343747,10749,0
UChXOhG9bRDb3vSTg-qkPAZg,Gweilo-60,2019-02-18 08:40:39.655582,10749,1
UChXOhG9bRDb3vSTg-qkPAZg,Gweilo-60,2019-02-18 08:39:38.932432,10748,0
UChXOhG9bRDb3vSTg-qkPAZg,Gweilo-60,2019-02-18 08:38:39.151178,10748,0
UChXOhG9bRDb3vSTg-qkPAZg,Gweilo-60,2019-02-18 08:37:39.391159,10748,0
UChXOhG9bRDb3vSTg-qkPAZg,Gweilo-60,2019-02-18 08:36:39.408113,10748,0
UChXOhG9bRDb3vSTg-qkPAZg,Gweilo-60,2019-02-18 08:35:39.399667,10748,1
UChXOhG9bRDb3vSTg-qkPAZg,Gweilo-60,2019-02-18 08:34:39.303085,10747,0
UChXOhG9bRDb3vSTg-qkPAZg,Gweilo-60,2019-02-18 08:33:39.086441,10747,0
UChXOhG9bRDb3vSTg-qkPAZg,Gweilo-60,2019-02-18 08:32:39.714829,10747,0
UChXOhG9bRDb3vSTg-qkPAZg,Gweilo-60,2019-02-18 08:31:39.647811,10747,0
UChXOhG9bRDb3vSTg-qkPAZg,Gweilo-60,2019-02-18 08:30:39.098228,10747,0
UChXOhG9bRDb3vSTg-qkPAZg,Gweilo-60,2019-02-18 08:29:39.799078,10747,0
UChXOhG9bRDb3vSTg-qkPAZg,Gweilo-60,2019-02-18 08:28:39.424149,10747,0
UChXOhG9bRDb3vSTg-qkPAZg,Gweilo-60,2019-02-18 08:27:39.361876,10747,0
UChXOhG9bRDb3vSTg-qkPAZg,Gweilo-60,2019-02-18 08:26:39.674312,10747,0
UChXOhG9bRDb3vSTg-qkPAZg,Gweilo-60,2019-02-18 08:25:39.515109,10747,0
UChXOhG9bRDb3vSTg-qkPAZg,Gweilo-60,2019-02-18 08:24:39.27334,10747,0
UChXOhG9bRDb3vSTg-qkPAZg,Gweilo-60,2019-02-18 08:23:39.119586,10747,0
UChXOhG9bRDb3vSTg-qkPAZg,Gweilo-60,2019-02-18 08:22:39.094841,10747,0
UChXOhG9bRDb3vSTg-qkPAZg,Gweilo-60,2019-02-18 08:21:39.325932,10747,0
UChXOhG9bRDb3vSTg-qkPAZg,Gweilo-60,2019-02-18 08:20:39.646816,10747,1
UChXOhG9bRDb3vSTg-qkPAZg,Gweilo-60,2019-02-18 08:19:39.604214,10746,0
UChXOhG9bRDb3vSTg-qkPAZg,Gweilo-60,2019-02-18 08:18:39.238491,10746,0
UChXOhG9bRDb3vSTg-qkPAZg,Gweilo-60,2019-02-18 08:17:39.493902,10746,0
UChXOhG9bRDb3vSTg-qkPAZg,Gweilo-60,2019-02-18 08:16:39.438837,10746,0
UChXOhG9bRDb3vSTg-qkPAZg,Gweilo-60,2019-02-18 08:15:39.283791,10746,0
UChXOhG9bRDb3vSTg-qkPAZg,Gweilo-60,2019-02-18 08:14:39.541641,10746,0
UChXOhG9bRDb3vSTg-qkPAZg,Gweilo-60,2019-02-18 08:13:39.37512,10746,0
UChXOhG9bRDb3vSTg-qkPAZg,Gweilo-60,2019-02-18 08:12:40.491509,10746,1
UChXOhG9bRDb3vSTg-qkPAZg,Gweilo-60,2019-02-18 08:11:38.734487,10745,0
UChXOhG9bRDb3vSTg-qkPAZg,Gweilo-60,2019-02-18 08:10:39.526955,10745,0
UChXOhG9bRDb3vSTg-qkPAZg,Gweilo-60,2019-02-18 08:09:39.14165,10745,1
UChXOhG9bRDb3vSTg-qkPAZg,Gweilo-60,2019-02-18 08:08:39.204348,10744,0
UChXOhG9bRDb3vSTg-qkPAZg,Gweilo-60,2019-02-18 08:07:39.346743,10744,0
UChXOhG9bRDb3vSTg-qkPAZg,Gweilo-60,2019-02-18 08:06:38.928479,10744,0
UChXOhG9bRDb3vSTg-qkPAZg,Gweilo-60,2019-02-18 08:05:39.760443,10744,0
UChXOhG9bRDb3vSTg-qkPAZg,Gweilo-60,2019-02-18 08:04:39.401238,10744,0
UChXOhG9bRDb3vSTg-qkPAZg,Gweilo-60,2019-02-18 08:03:39.415451,10744,0
UChXOhG9bRDb3vSTg-qkPAZg,Gweilo-60,2019-02-18 08:02:39.836294,10744,0
UChXOhG9bRDb3vSTg-qkPAZg,Gweilo-60,2019-02-18 08:01:39.122768,10744,0
UChXOhG9bRDb3vSTg-qkPAZg,Gweilo-60,2019-02-18 08:00:38.972933,10744,0
UChXOhG9bRDb3vSTg-qkPAZg,Gweilo-60,2019-02-18 07:59:38.900033,10744,0
UChXOhG9bRDb3vSTg-qkPAZg,Gweilo-60,2019-02-18 07:58:39.658121,10744,0
UChXOhG9bRDb3vSTg-qkPAZg,Gweilo-60,2019-02-18 07:57:39.563954,10744,0
UChXOhG9bRDb3vSTg-qkPAZg,Gweilo-60,2019-02-18 07:56:39.643887,10744,0
UChXOhG9bRDb3vSTg-qkPAZg,Gweilo-60,2019-02-18 07:55:39.982784,10744,0
UChXOhG9bRDb3vSTg-qkPAZg,Gweilo-60,2019-02-18 07:54:39.753459,10744,0
UChXOhG9bRDb3vSTg-qkPAZg,Gweilo-60,2019-02-18 07:53:39.257042,10744,0
UChXOhG9bRDb3vSTg-qkPAZg,Gweilo-60,2019-02-18 07:52:39.562902,10744,0
UChXOhG9bRDb3vSTg-qkPAZg,Gweilo-60,2019-02-18 07:51:39.670792,10744,0
UChXOhG9bRDb3vSTg-qkPAZg,Gweilo-60,2019-02-18 07:50:39.221973,10744,0
UChXOhG9bRDb3vSTg-qkPAZg,Gweilo-60,2019-02-18 07:49:39.068309,10744,0
UChXOhG9bRDb3vSTg-qkPAZg,Gweilo-60,2019-02-18 07:48:39.869523,10744,0
UChXOhG9bRDb3vSTg-qkPAZg,Gweilo-60,2019-02-18 07:47:39.655693,10744,0
UChXOhG9bRDb3vSTg-qkPAZg,Gweilo-60,2019-02-18 07:46:39.130685,10744,0
UChXOhG9bRDb3vSTg-qkPAZg,Gweilo-60,2019-02-18 07:45:39.269253,10744,0
UChXOhG9bRDb3vSTg-qkPAZg,Gweilo-60,2019-02-18 07:44:39.407928,10744,0
UChXOhG9bRDb3vSTg-qkPAZg,Gweilo-60,2019-02-18 07:43:39.065799,10744,0
UChXOhG9bRDb3vSTg-qkPAZg,Gweilo-60,2019-02-18 07:42:39.381942,10744,0
UChXOhG9bRDb3vSTg-qkPAZg,Gweilo-60,2019-02-18 07:41:38.948031,10744,0
UChXOhG9bRDb3vSTg-qkPAZg,Gweilo-60,2019-02-18 07:40:39.909499,10744,0
UChXOhG9bRDb3vSTg-qkPAZg,Gweilo-60,2019-02-18 07:39:39.09931,10744,0
UChXOhG9bRDb3vSTg-qkPAZg,Gweilo-60,2019-02-18 07:38:39.207393,10744,0
UChXOhG9bRDb3vSTg-qkPAZg,Gweilo-60,2019-02-18 07:37:39.101341,10744,0
UChXOhG9bRDb3vSTg-qkPAZg,Gweilo-60,2019-02-18 07:36:39.074691,10744,1
UChXOhG9bRDb3vSTg-qkPAZg,Gweilo-60,2019-02-18 07:35:39.562342,10743,0
UChXOhG9bRDb3vSTg-qkPAZg,Gweilo-60,2019-02-18 07:34:39.668884,10743,0
UChXOhG9bRDb3vSTg-qkPAZg,Gweilo-60,2019-02-18 07:33:39.533416,10743,0
UChXOhG9bRDb3vSTg-qkPAZg,Gweilo-60,2019-02-18 07:32:39.62778,10743,0
UChXOhG9bRDb3vSTg-qkPAZg,Gweilo-60,2019-02-18 07:31:39.297378,10743,0
UChXOhG9bRDb3vSTg-qkPAZg,Gweilo-60,2019-02-18 07:30:39.176984,10743,0
UChXOhG9bRDb3vSTg-qkPAZg,Gweilo-60,2019-02-18 07:29:39.356634,10743,0
UChXOhG9bRDb3vSTg-qkPAZg,Gweilo-60,2019-02-18 07:28:39.409579,10743,0
UChXOhG9bRDb3vSTg-qkPAZg,Gweilo-60,2019-02-18 07:27:38.730438,10743,0
UChXOhG9bRDb3vSTg-qkPAZg,Gweilo-60,2019-02-18 07:26:39.300368,10743,0
UChXOhG9bRDb3vSTg-qkPAZg,Gweilo-60,2019-02-18 07:25:39.719461,10743,0
UChXOhG9bRDb3vSTg-qkPAZg,Gweilo-60,2019-02-18 07:24:39.981261,10743,0
UChXOhG9bRDb3vSTg-qkPAZg,Gweilo-60,2019-02-18 07:23:39.118551,10743,0
UChXOhG9bRDb3vSTg-qkPAZg,Gweilo-60,2019-02-18 07:22:39.416798,10743,0
UChXOhG9bRDb3vSTg-qkPAZg,Gweilo-60,2019-02-18 07:21:39.629112,10743,0
UChXOhG9bRDb3vSTg-qkPAZg,Gweilo-60,2019-02-18 07:20:39.534381,10743,0
UChXOhG9bRDb3vSTg-qkPAZg,Gweilo-60,2019-02-18 07:19:40.298704,10743,1
UChXOhG9bRDb3vSTg-qkPAZg,Gweilo-60,2019-02-18 07:18:39.772038,10742,0
UChXOhG9bRDb3vSTg-qkPAZg,Gweilo-60,2019-02-18 07:17:39.371,10742,0
UChXOhG9bRDb3vSTg-qkPAZg,Gweilo-60,2019-02-18 07:16:38.910899,10742,0
UChXOhG9bRDb3vSTg-qkPAZg,Gweilo-60,2019-02-18 07:15:39.220042,10742,0
UChXOhG9bRDb3vSTg-qkPAZg,Gweilo-60,2019-02-18 07:14:39.184679,10742,0
UChXOhG9bRDb3vSTg-qkPAZg,Gweilo-60,2019-02-18 07:13:39.395722,10742,0
UChXOhG9bRDb3vSTg-qkPAZg,Gweilo-60,2019-02-18 07:12:39.206889,10742,0
UChXOhG9bRDb3vSTg-qkPAZg,Gweilo-60,2019-02-18 07:11:39.286648,10742,0
UChXOhG9bRDb3vSTg-qkPAZg,Gweilo-60,2019-02-18 07:10:39.333208,10742,0
UChXOhG9bRDb3vSTg-qkPAZg,Gweilo-60,2019-02-18 07:09:39.28886,10742,0
UChXOhG9bRDb3vSTg-qkPAZg,Gweilo-60,2019-02-18 07:08:39.264824,10742,0
UChXOhG9bRDb3vSTg-qkPAZg,Gweilo-60,2019-02-18 07:07:39.134103,10742,0
UChXOhG9bRDb3vSTg-qkPAZg,Gweilo-60,2019-02-18 07:06:39.942386,10742,1
UChXOhG9bRDb3vSTg-qkPAZg,Gweilo-60,2019-02-18 07:05:39.788778,10741,0
UChXOhG9bRDb3vSTg-qkPAZg,Gweilo-60,2019-02-18 07:04:39.857671,10741,0
UChXOhG9bRDb3vSTg-qkPAZg,Gweilo-60,2019-02-18 07:03:39.536449,10741,0
UChXOhG9bRDb3vSTg-qkPAZg,Gweilo-60,2019-02-18 07:02:39.896732,10741,0
UChXOhG9bRDb3vSTg-qkPAZg,Gweilo-60,2019-02-18 07:01:39.275132,10741,0
UChXOhG9bRDb3vSTg-qkPAZg,Gweilo-60,2019-02-18 07:00:39.45315,10741,0
UChXOhG9bRDb3vSTg-qkPAZg,Gweilo-60,2019-02-18 06:59:39.597907,10741,0
UChXOhG9bRDb3vSTg-qkPAZg,Gweilo-60,2019-02-18 06:58:39.317156,10741,0
UChXOhG9bRDb3vSTg-qkPAZg,Gweilo-60,2019-02-18 06:57:38.8293,10741,1
UChXOhG9bRDb3vSTg-qkPAZg,Gweilo-60,2019-02-18 06:56:39.6081,10740,0
UChXOhG9bRDb3vSTg-qkPAZg,Gweilo-60,2019-02-18 06:55:39.080877,10740,0
UChXOhG9bRDb3vSTg-qkPAZg,Gweilo-60,2019-02-18 06:54:39.538683,10740,0
UChXOhG9bRDb3vSTg-qkPAZg,Gweilo-60,2019-02-18 06:53:40.145326,10740,0
UChXOhG9bRDb3vSTg-qkPAZg,Gweilo-60,2019-02-18 06:52:39.828265,10740,0
UChXOhG9bRDb3vSTg-qkPAZg,Gweilo-60,2019-02-18 06:51:39.617714,10740,0
UChXOhG9bRDb3vSTg-qkPAZg,Gweilo-60,2019-02-18 06:50:39.421207,10740,0
UChXOhG9bRDb3vSTg-qkPAZg,Gweilo-60,2019-02-18 06:49:39.704321,10740,0
UChXOhG9bRDb3vSTg-qkPAZg,Gweilo-60,2019-02-18 06:48:39.430456,10740,0
UChXOhG9bRDb3vSTg-qkPAZg,Gweilo-60,2019-02-18 06:47:39.476859,10740,0
UChXOhG9bRDb3vSTg-qkPAZg,Gweilo-60,2019-02-18 06:46:39.274484,10740,0
UChXOhG9bRDb3vSTg-qkPAZg,Gweilo-60,2019-02-18 06:45:39.284514,10740,0
UChXOhG9bRDb3vSTg-qkPAZg,Gweilo-60,2019-02-18 06:44:39.38236,10740,0
UChXOhG9bRDb3vSTg-qkPAZg,Gweilo-60,2019-02-18 06:43:39.516354,10740,0
UChXOhG9bRDb3vSTg-qkPAZg,Gweilo-60,2019-02-18 06:42:39.483932,10740,0
UChXOhG9bRDb3vSTg-qkPAZg,Gweilo-60,2019-02-18 06:41:39.362313,10740,0
UChXOhG9bRDb3vSTg-qkPAZg,Gweilo-60,2019-02-18 06:40:39.637758,10740,0
UChXOhG9bRDb3vSTg-qkPAZg,Gweilo-60,2019-02-18 06:39:39.553981,10740,0
UChXOhG9bRDb3vSTg-qkPAZg,Gweilo-60,2019-02-18 06:38:39.594602,10740,0
UChXOhG9bRDb3vSTg-qkPAZg,Gweilo-60,2019-02-18 06:37:40.234939,10740,0
UChXOhG9bRDb3vSTg-qkPAZg,Gweilo-60,2019-02-18 06:36:39.014754,10740,0
UChXOhG9bRDb3vSTg-qkPAZg,Gweilo-60,2019-02-18 06:35:39.512985,10740,0
UChXOhG9bRDb3vSTg-qkPAZg,Gweilo-60,2019-02-18 06:34:39.137174,10740,0
UChXOhG9bRDb3vSTg-qkPAZg,Gweilo-60,2019-02-18 06:33:39.652393,10740,0
UChXOhG9bRDb3vSTg-qkPAZg,Gweilo-60,2019-02-18 06:32:39.657195,10740,0
UChXOhG9bRDb3vSTg-qkPAZg,Gweilo-60,2019-02-18 06:31:39.269237,10740,1
UChXOhG9bRDb3vSTg-qkPAZg,Gweilo-60,2019-02-18 06:30:39.361947,10739,0
UChXOhG9bRDb3vSTg-qkPAZg,Gweilo-60,2019-02-18 06:29:41.18928,10739,1
UChXOhG9bRDb3vSTg-qkPAZg,Gweilo-60,2019-02-18 06:28:39.529362,10738,0
UChXOhG9bRDb3vSTg-qkPAZg,Gweilo-60,2019-02-18 06:27:39.21375,10738,0
UChXOhG9bRDb3vSTg-qkPAZg,Gweilo-60,2019-02-18 06:26:39.519018,10738,0
UChXOhG9bRDb3vSTg-qkPAZg,Gweilo-60,2019-02-18 06:25:39.570751,10738,0
UChXOhG9bRDb3vSTg-qkPAZg,Gweilo-60,2019-02-18 06:24:39.980171,10738,0
UChXOhG9bRDb3vSTg-qkPAZg,Gweilo-60,2019-02-18 06:23:39.723933,10738,0
UChXOhG9bRDb3vSTg-qkPAZg,Gweilo-60,2019-02-18 06:22:39.820854,10738,0
UChXOhG9bRDb3vSTg-qkPAZg,Gweilo-60,2019-02-18 06:21:39.461722,10738,0
UChXOhG9bRDb3vSTg-qkPAZg,Gweilo-60,2019-02-18 06:20:38.998554,10738,0
UChXOhG9bRDb3vSTg-qkPAZg,Gweilo-60,2019-02-18 06:19:38.875261,10738,0
UChXOhG9bRDb3vSTg-qkPAZg,Gweilo-60,2019-02-18 06:18:39.415597,10738,0
UChXOhG9bRDb3vSTg-qkPAZg,Gweilo-60,2019-02-18 06:17:39.950037,10738,1
UChXOhG9bRDb3vSTg-qkPAZg,Gweilo-60,2019-02-18 06:16:39.127086,10737,0
UChXOhG9bRDb3vSTg-qkPAZg,Gweilo-60,2019-02-18 06:15:39.167956,10737,0
UChXOhG9bRDb3vSTg-qkPAZg,Gweilo-60,2019-02-18 06:14:39.203899,10737,0
UChXOhG9bRDb3vSTg-qkPAZg,Gweilo-60,2019-02-18 06:13:39.78265,10737,0
UChXOhG9bRDb3vSTg-qkPAZg,Gweilo-60,2019-02-18 06:12:39.435046,10737,0
UChXOhG9bRDb3vSTg-qkPAZg,Gweilo-60,2019-02-18 06:11:39.442508,10737,0
UChXOhG9bRDb3vSTg-qkPAZg,Gweilo-60,2019-02-18 06:10:39.696409,10737,0
UChXOhG9bRDb3vSTg-qkPAZg,Gweilo-60,2019-02-18 06:09:38.933246,10737,0
UChXOhG9bRDb3vSTg-qkPAZg,Gweilo-60,2019-02-18 06:08:39.420078,10737,0
UChXOhG9bRDb3vSTg-qkPAZg,Gweilo-60,2019-02-18 06:07:39.538648,10737,0
UChXOhG9bRDb3vSTg-qkPAZg,Gweilo-60,2019-02-18 06:06:40.16079,10737,0
UChXOhG9bRDb3vSTg-qkPAZg,Gweilo-60,2019-02-18 06:05:39.166701,10737,0
UChXOhG9bRDb3vSTg-qkPAZg,Gweilo-60,2019-02-18 06:04:39.235334,10737,0
UChXOhG9bRDb3vSTg-qkPAZg,Gweilo-60,2019-02-18 06:03:39.104641,10737,0
UChXOhG9bRDb3vSTg-qkPAZg,Gweilo-60,2019-02-18 06:02:39.227261,10737,0
UChXOhG9bRDb3vSTg-qkPAZg,Gweilo-60,2019-02-18 06:01:39.435326,10737,0
UChXOhG9bRDb3vSTg-qkPAZg,Gweilo-60,2019-02-18 06:00:39.529292,10737,0
UChXOhG9bRDb3vSTg-qkPAZg,Gweilo-60,2019-02-18 05:59:39.615052,10737,1
UChXOhG9bRDb3vSTg-qkPAZg,Gweilo-60,2019-02-18 05:58:39.416581,10736,0
UChXOhG9bRDb3vSTg-qkPAZg,Gweilo-60,2019-02-18 05:57:39.332936,10736,0
UChXOhG9bRDb3vSTg-qkPAZg,Gweilo-60,2019-02-18 05:56:39.09308,10736,0
UChXOhG9bRDb3vSTg-qkPAZg,Gweilo-60,2019-02-18 05:55:39.490714,10736,0
UChXOhG9bRDb3vSTg-qkPAZg,Gweilo-60,2019-02-18 05:54:38.93449,10736,0
UChXOhG9bRDb3vSTg-qkPAZg,Gweilo-60,2019-02-18 05:53:39.974887,10736,0
UChXOhG9bRDb3vSTg-qkPAZg,Gweilo-60,2019-02-18 05:52:39.364371,10736,0
UChXOhG9bRDb3vSTg-qkPAZg,Gweilo-60,2019-02-18 05:51:39.429126,10736,0
UChXOhG9bRDb3vSTg-qkPAZg,Gweilo-60,2019-02-18 05:50:39.397316,10736,0
UChXOhG9bRDb3vSTg-qkPAZg,Gweilo-60,2019-02-18 05:49:39.730962,10736,0
UChXOhG9bRDb3vSTg-qkPAZg,Gweilo-60,2019-02-18 05:48:40.035213,10736,0
UChXOhG9bRDb3vSTg-qkPAZg,Gweilo-60,2019-02-18 05:47:39.056526,10736,0
UChXOhG9bRDb3vSTg-qkPAZg,Gweilo-60,2019-02-18 05:46:39.627893,10736,0
UChXOhG9bRDb3vSTg-qkPAZg,Gweilo-60,2019-02-18 05:45:39.55877,10736,0
UChXOhG9bRDb3vSTg-qkPAZg,Gweilo-60,2019-02-18 05:44:39.300763,10736,0
UChXOhG9bRDb3vSTg-qkPAZg,Gweilo-60,2019-02-18 05:43:39.962196,10736,-1
UChXOhG9bRDb3vSTg-qkPAZg,Gweilo-60,2019-02-18 05:42:39.653172,10737,0
UChXOhG9bRDb3vSTg-qkPAZg,Gweilo-60,2019-02-18 05:41:39.356756,10737,-1
UChXOhG9bRDb3vSTg-qkPAZg,Gweilo-60,2019-02-18 05:40:39.266418,10738,1
UChXOhG9bRDb3vSTg-qkPAZg,Gweilo-60,2019-02-18 05:39:40.024876,10737,0
UChXOhG9bRDb3vSTg-qkPAZg,Gweilo-60,2019-02-18 05:38:39.558749,10737,0
UChXOhG9bRDb3vSTg-qkPAZg,Gweilo-60,2019-02-18 05:37:40.09095,10737,0
UChXOhG9bRDb3vSTg-qkPAZg,Gweilo-60,2019-02-18 05:36:39.137284,10737,-1
UChXOhG9bRDb3vSTg-qkPAZg,Gweilo-60,2019-02-18 05:35:39.314071,10738,0
UChXOhG9bRDb3vSTg-qkPAZg,Gweilo-60,2019-02-18 05:34:39.121256,10738,0
UChXOhG9bRDb3vSTg-qkPAZg,Gweilo-60,2019-02-18 05:33:38.895885,10738,0
UChXOhG9bRDb3vSTg-qkPAZg,Gweilo-60,2019-02-18 05:32:39.378882,10738,0
UChXOhG9bRDb3vSTg-qkPAZg,Gweilo-60,2019-02-18 05:31:39.474104,10738,-1
UChXOhG9bRDb3vSTg-qkPAZg,Gweilo-60,2019-02-18 05:30:39.197047,10739,-3
UChXOhG9bRDb3vSTg-qkPAZg,Gweilo-60,2019-02-18 05:29:39.461911,10742,0
UChXOhG9bRDb3vSTg-qkPAZg,Gweilo-60,2019-02-18 05:28:39.902735,10742,-1
UChXOhG9bRDb3vSTg-qkPAZg,Gweilo-60,2019-02-18 05:27:39.494418,10743,0
UChXOhG9bRDb3vSTg-qkPAZg,Gweilo-60,2019-02-18 05:26:39.402762,10743,-1
UChXOhG9bRDb3vSTg-qkPAZg,Gweilo-60,2019-02-18 05:25:39.685332,10744,0
UChXOhG9bRDb3vSTg-qkPAZg,Gweilo-60,2019-02-18 05:24:39.333483,10744,0
UChXOhG9bRDb3vSTg-qkPAZg,Gweilo-60,2019-02-18 05:23:39.707724,10744,0
UChXOhG9bRDb3vSTg-qkPAZg,Gweilo-60,2019-02-18 05:22:39.510197,10744,0
UChXOhG9bRDb3vSTg-qkPAZg,Gweilo-60,2019-02-18 05:21:38.956818,10744,-1
UChXOhG9bRDb3vSTg-qkPAZg,Gweilo-60,2019-02-18 05:20:39.183699,10745,-2
UChXOhG9bRDb3vSTg-qkPAZg,Gweilo-60,2019-02-18 05:19:39.192115,10747,-1
UChXOhG9bRDb3vSTg-qkPAZg,Gweilo-60,2019-02-18 05:18:39.494126,10748,0
UChXOhG9bRDb3vSTg-qkPAZg,Gweilo-60,2019-02-18 05:17:39.408722,10748,-1
UChXOhG9bRDb3vSTg-qkPAZg,Gweilo-60,2019-02-18 05:16:39.56911,10749,0
UChXOhG9bRDb3vSTg-qkPAZg,Gweilo-60,2019-02-18 05:15:39.195999,10749,0
UChXOhG9bRDb3vSTg-qkPAZg,Gweilo-60,2019-02-18 05:14:39.373589,10749,0
UChXOhG9bRDb3vSTg-qkPAZg,Gweilo-60,2019-02-18 05:13:39.130489,10749,0
UChXOhG9bRDb3vSTg-qkPAZg,Gweilo-60,2019-02-18 05:12:39.833284,10749,0
UChXOhG9bRDb3vSTg-qkPAZg,Gweilo-60,2019-02-18 05:11:39.46097,10749,0
UChXOhG9bRDb3vSTg-qkPAZg,Gweilo-60,2019-02-18 05:10:39.359086,10749,0
UChXOhG9bRDb3vSTg-qkPAZg,Gweilo-60,2019-02-18 05:09:39.567558,10749,0
UChXOhG9bRDb3vSTg-qkPAZg,Gweilo-60,2019-02-18 05:08:39.510482,10749,0
UChXOhG9bRDb3vSTg-qkPAZg,Gweilo-60,2019-02-18 05:07:39.892801,10749,0
UChXOhG9bRDb3vSTg-qkPAZg,Gweilo-60,2019-02-18 05:06:39.102889,10749,0
UChXOhG9bRDb3vSTg-qkPAZg,Gweilo-60,2019-02-18 05:05:39.628205,10749,0
UChXOhG9bRDb3vSTg-qkPAZg,Gweilo-60,2019-02-18 05:04:39.667745,10749,0
UChXOhG9bRDb3vSTg-qkPAZg,Gweilo-60,2019-02-18 05:03:39.447872,10749,0
UChXOhG9bRDb3vSTg-qkPAZg,Gweilo-60,2019-02-18 05:02:39.36595,10749,0
UChXOhG9bRDb3vSTg-qkPAZg,Gweilo-60,2019-02-18 05:01:39.434492,10749,0
UChXOhG9bRDb3vSTg-qkPAZg,Gweilo-60,2019-02-18 05:00:39.132192,10749,0
UChXOhG9bRDb3vSTg-qkPAZg,Gweilo-60,2019-02-18 04:59:39.955093,10749,0
UChXOhG9bRDb3vSTg-qkPAZg,Gweilo-60,2019-02-18 04:58:39.611374,10749,0
UChXOhG9bRDb3vSTg-qkPAZg,Gweilo-60,2019-02-18 04:57:39.561226,10749,0
UChXOhG9bRDb3vSTg-qkPAZg,Gweilo-60,2019-02-18 04:56:39.809859,10749,0
UChXOhG9bRDb3vSTg-qkPAZg,Gweilo-60,2019-02-18 04:55:39.337365,10749,0
UChXOhG9bRDb3vSTg-qkPAZg,Gweilo-60,2019-02-18 04:54:39.140389,10749,0
UChXOhG9bRDb3vSTg-qkPAZg,Gweilo-60,2019-02-18 04:53:39.918515,10749,0
UChXOhG9bRDb3vSTg-qkPAZg,Gweilo-60,2019-02-18 04:52:40.141988,10749,0
UChXOhG9bRDb3vSTg-qkPAZg,Gweilo-60,2019-02-18 04:51:39.45291,10749,0
UChXOhG9bRDb3vSTg-qkPAZg,Gweilo-60,2019-02-18 04:50:39.860762,10749,0
UChXOhG9bRDb3vSTg-qkPAZg,Gweilo-60,2019-02-18 04:49:39.458087,10749,0
UChXOhG9bRDb3vSTg-qkPAZg,Gweilo-60,2019-02-18 04:48:39.988467,10749,0
UChXOhG9bRDb3vSTg-qkPAZg,Gweilo-60,2019-02-18 04:47:39.212373,10749,0
UChXOhG9bRDb3vSTg-qkPAZg,Gweilo-60,2019-02-18 04:46:39.467818,10749,0
UChXOhG9bRDb3vSTg-qkPAZg,Gweilo-60,2019-02-18 04:45:39.404394,10749,1
UChXOhG9bRDb3vSTg-qkPAZg,Gweilo-60,2019-02-18 04:44:39.697986,10748,0
UChXOhG9bRDb3vSTg-qkPAZg,Gweilo-60,2019-02-18 04:43:39.301025,10748,1
UChXOhG9bRDb3vSTg-qkPAZg,Gweilo-60,2019-02-18 04:42:39.372365,10747,0
UChXOhG9bRDb3vSTg-qkPAZg,Gweilo-60,2019-02-18 04:41:39.419648,10747,1
UChXOhG9bRDb3vSTg-qkPAZg,Gweilo-60,2019-02-18 04:40:39.294044,10746,0
UChXOhG9bRDb3vSTg-qkPAZg,Gweilo-60,2019-02-18 04:39:39.303771,10746,0
UChXOhG9bRDb3vSTg-qkPAZg,Gweilo-60,2019-02-18 04:38:39.471159,10746,0
UChXOhG9bRDb3vSTg-qkPAZg,Gweilo-60,2019-02-18 04:37:39.297988,10746,0
UChXOhG9bRDb3vSTg-qkPAZg,Gweilo-60,2019-02-18 04:36:39.671775,10746,0
UChXOhG9bRDb3vSTg-qkPAZg,Gweilo-60,2019-02-18 04:35:40.070155,10746,0
UChXOhG9bRDb3vSTg-qkPAZg,Gweilo-60,2019-02-18 04:34:39.738565,10746,-1
UChXOhG9bRDb3vSTg-qkPAZg,Gweilo-60,2019-02-18 04:33:39.169128,10747,0
UChXOhG9bRDb3vSTg-qkPAZg,Gweilo-60,2019-02-18 04:32:39.330555,10747,0
UChXOhG9bRDb3vSTg-qkPAZg,Gweilo-60,2019-02-18 04:31:40.006774,10747,0
UChXOhG9bRDb3vSTg-qkPAZg,Gweilo-60,2019-02-18 04:30:39.863861,10747,0
UChXOhG9bRDb3vSTg-qkPAZg,Gweilo-60,2019-02-18 04:29:39.736608,10747,0
UChXOhG9bRDb3vSTg-qkPAZg,Gweilo-60,2019-02-18 04:28:39.973506,10747,0
UChXOhG9bRDb3vSTg-qkPAZg,Gweilo-60,2019-02-18 04:27:39.099865,10747,0
UChXOhG9bRDb3vSTg-qkPAZg,Gweilo-60,2019-02-18 04:26:39.29259,10747,0
UChXOhG9bRDb3vSTg-qkPAZg,Gweilo-60,2019-02-18 04:25:39.339016,10747,0
UChXOhG9bRDb3vSTg-qkPAZg,Gweilo-60,2019-02-18 04:24:39.279402,10747,0
UChXOhG9bRDb3vSTg-qkPAZg,Gweilo-60,2019-02-18 04:23:39.326297,10747,0
UChXOhG9bRDb3vSTg-qkPAZg,Gweilo-60,2019-02-18 04:22:39.584353,10747,0
UChXOhG9bRDb3vSTg-qkPAZg,Gweilo-60,2019-02-18 04:21:40.047383,10747,2
UChXOhG9bRDb3vSTg-qkPAZg,Gweilo-60,2019-02-18 04:20:39.790112,10745,0
UChXOhG9bRDb3vSTg-qkPAZg,Gweilo-60,2019-02-18 04:19:39.567367,10745,0
UChXOhG9bRDb3vSTg-qkPAZg,Gweilo-60,2019-02-18 04:18:39.733892,10745,0
UChXOhG9bRDb3vSTg-qkPAZg,Gweilo-60,2019-02-18 04:17:39.538623,10745,0
UChXOhG9bRDb3vSTg-qkPAZg,Gweilo-60,2019-02-18 04:16:39.020741,10745,0
UChXOhG9bRDb3vSTg-qkPAZg,Gweilo-60,2019-02-18 04:15:39.810849,10745,0
UChXOhG9bRDb3vSTg-qkPAZg,Gweilo-60,2019-02-18 04:14:39.113804,10745,0
UChXOhG9bRDb3vSTg-qkPAZg,Gweilo-60,2019-02-18 04:13:39.353203,10745,0
UChXOhG9bRDb3vSTg-qkPAZg,Gweilo-60,2019-02-18 04:12:38.819188,10745,0
UChXOhG9bRDb3vSTg-qkPAZg,Gweilo-60,2019-02-18 04:11:39.421639,10745,0
UChXOhG9bRDb3vSTg-qkPAZg,Gweilo-60,2019-02-18 04:10:39.622928,10745,0
UChXOhG9bRDb3vSTg-qkPAZg,Gweilo-60,2019-02-18 04:09:39.216043,10745,0
UChXOhG9bRDb3vSTg-qkPAZg,Gweilo-60,2019-02-18 04:08:40.687302,10745,1
UChXOhG9bRDb3vSTg-qkPAZg,Gweilo-60,2019-02-18 04:07:39.43108,10744,0
UChXOhG9bRDb3vSTg-qkPAZg,Gweilo-60,2019-02-18 04:06:38.994987,10744,0
UChXOhG9bRDb3vSTg-qkPAZg,Gweilo-60,2019-02-18 04:05:39.605577,10744,0
UChXOhG9bRDb3vSTg-qkPAZg,Gweilo-60,2019-02-18 04:04:39.733657,10744,0
UChXOhG9bRDb3vSTg-qkPAZg,Gweilo-60,2019-02-18 04:03:39.44224,10744,1
UChXOhG9bRDb3vSTg-qkPAZg,Gweilo-60,2019-02-18 04:02:40.103901,10743,0
UChXOhG9bRDb3vSTg-qkPAZg,Gweilo-60,2019-02-18 04:01:40.117942,10743,0
UChXOhG9bRDb3vSTg-qkPAZg,Gweilo-60,2019-02-18 04:00:40.116735,10743,0
UChXOhG9bRDb3vSTg-qkPAZg,Gweilo-60,2019-02-18 03:59:39.46621,10743,0
UChXOhG9bRDb3vSTg-qkPAZg,Gweilo-60,2019-02-18 03:58:39.498157,10743,0
UChXOhG9bRDb3vSTg-qkPAZg,Gweilo-60,2019-02-18 03:57:39.557268,10743,0
UChXOhG9bRDb3vSTg-qkPAZg,Gweilo-60,2019-02-18 03:56:39.843849,10743,0
UChXOhG9bRDb3vSTg-qkPAZg,Gweilo-60,2019-02-18 03:55:38.997164,10743,1
UChXOhG9bRDb3vSTg-qkPAZg,Gweilo-60,2019-02-18 03:54:39.295026,10742,0
UChXOhG9bRDb3vSTg-qkPAZg,Gweilo-60,2019-02-18 03:53:39.211158,10742,0
UChXOhG9bRDb3vSTg-qkPAZg,Gweilo-60,2019-02-18 03:52:38.95273,10742,0
UChXOhG9bRDb3vSTg-qkPAZg,Gweilo-60,2019-02-18 03:51:39.375767,10742,0
UChXOhG9bRDb3vSTg-qkPAZg,Gweilo-60,2019-02-18 03:50:39.386022,10742,0
UChXOhG9bRDb3vSTg-qkPAZg,Gweilo-60,2019-02-18 03:49:39.529931,10742,1
UChXOhG9bRDb3vSTg-qkPAZg,Gweilo-60,2019-02-18 03:48:39.045791,10741,1
UChXOhG9bRDb3vSTg-qkPAZg,Gweilo-60,2019-02-18 03:47:39.110011,10740,1
UChXOhG9bRDb3vSTg-qkPAZg,Gweilo-60,2019-02-18 03:46:39.410253,10739,0
UChXOhG9bRDb3vSTg-qkPAZg,Gweilo-60,2019-02-18 03:45:39.060336,10739,0
UChXOhG9bRDb3vSTg-qkPAZg,Gweilo-60,2019-02-18 03:44:39.040884,10739,0
UChXOhG9bRDb3vSTg-qkPAZg,Gweilo-60,2019-02-18 03:43:39.720575,10739,0
UChXOhG9bRDb3vSTg-qkPAZg,Gweilo-60,2019-02-18 03:42:39.997743,10739,1
UChXOhG9bRDb3vSTg-qkPAZg,Gweilo-60,2019-02-18 03:41:38.897922,10738,0
UChXOhG9bRDb3vSTg-qkPAZg,Gweilo-60,2019-02-18 03:40:39.245711,10738,0
UChXOhG9bRDb3vSTg-qkPAZg,Gweilo-60,2019-02-18 03:39:39.294449,10738,0
UChXOhG9bRDb3vSTg-qkPAZg,Gweilo-60,2019-02-18 03:38:39.510864,10738,0
UChXOhG9bRDb3vSTg-qkPAZg,Gweilo-60,2019-02-18 03:37:39.332689,10738,0
UChXOhG9bRDb3vSTg-qkPAZg,Gweilo-60,2019-02-18 03:36:39.303965,10738,0
UChXOhG9bRDb3vSTg-qkPAZg,Gweilo-60,2019-02-18 03:35:39.088092,10738,1
UChXOhG9bRDb3vSTg-qkPAZg,Gweilo-60,2019-02-18 03:34:39.407385,10737,0
UChXOhG9bRDb3vSTg-qkPAZg,Gweilo-60,2019-02-18 03:33:39.646118,10737,0
UChXOhG9bRDb3vSTg-qkPAZg,Gweilo-60,2019-02-18 03:32:39.116586,10737,0
UChXOhG9bRDb3vSTg-qkPAZg,Gweilo-60,2019-02-18 03:31:39.446988,10737,0
UChXOhG9bRDb3vSTg-qkPAZg,Gweilo-60,2019-02-18 03:30:39.396378,10737,0
UChXOhG9bRDb3vSTg-qkPAZg,Gweilo-60,2019-02-18 03:29:39.266987,10737,0
UChXOhG9bRDb3vSTg-qkPAZg,Gweilo-60,2019-02-18 03:28:39.486961,10737,0
UChXOhG9bRDb3vSTg-qkPAZg,Gweilo-60,2019-02-18 03:27:39.880696,10737,0
UChXOhG9bRDb3vSTg-qkPAZg,Gweilo-60,2019-02-18 03:26:39.634821,10737,0
UChXOhG9bRDb3vSTg-qkPAZg,Gweilo-60,2019-02-18 03:25:39.137891,10737,2
UChXOhG9bRDb3vSTg-qkPAZg,Gweilo-60,2019-02-18 03:24:39.019941,10735,0
UChXOhG9bRDb3vSTg-qkPAZg,Gweilo-60,2019-02-18 03:23:39.847664,10735,0
UChXOhG9bRDb3vSTg-qkPAZg,Gweilo-60,2019-02-18 03:22:39.140669,10735,0
UChXOhG9bRDb3vSTg-qkPAZg,Gweilo-60,2019-02-18 03:21:39.578631,10735,0
UChXOhG9bRDb3vSTg-qkPAZg,Gweilo-60,2019-02-18 03:20:39.271365,10735,1
UChXOhG9bRDb3vSTg-qkPAZg,Gweilo-60,2019-02-18 03:19:39.203227,10734,0
UChXOhG9bRDb3vSTg-qkPAZg,Gweilo-60,2019-02-18 03:18:39.241302,10734,0
UChXOhG9bRDb3vSTg-qkPAZg,Gweilo-60,2019-02-18 03:17:39.073106,10734,0
UChXOhG9bRDb3vSTg-qkPAZg,Gweilo-60,2019-02-18 03:16:39.158395,10734,1
UChXOhG9bRDb3vSTg-qkPAZg,Gweilo-60,2019-02-18 03:15:39.354994,10733,0
UChXOhG9bRDb3vSTg-qkPAZg,Gweilo-60,2019-02-18 03:14:39.355565,10733,0
UChXOhG9bRDb3vSTg-qkPAZg,Gweilo-60,2019-02-18 03:13:38.953248,10733,0
UChXOhG9bRDb3vSTg-qkPAZg,Gweilo-60,2019-02-18 03:12:39.754806,10733,0
UChXOhG9bRDb3vSTg-qkPAZg,Gweilo-60,2019-02-18 03:11:39.964259,10733,0
UChXOhG9bRDb3vSTg-qkPAZg,Gweilo-60,2019-02-18 03:10:39.652809,10733,0
UChXOhG9bRDb3vSTg-qkPAZg,Gweilo-60,2019-02-18 03:09:39.855594,10733,0
UChXOhG9bRDb3vSTg-qkPAZg,Gweilo-60,2019-02-18 03:08:39.831359,10733,0
UChXOhG9bRDb3vSTg-qkPAZg,Gweilo-60,2019-02-18 03:07:39.338723,10733,1
UChXOhG9bRDb3vSTg-qkPAZg,Gweilo-60,2019-02-18 03:06:39.555618,10732,0
UChXOhG9bRDb3vSTg-qkPAZg,Gweilo-60,2019-02-18 03:05:39.673342,10732,0
UChXOhG9bRDb3vSTg-qkPAZg,Gweilo-60,2019-02-18 03:04:39.257637,10732,1
UChXOhG9bRDb3vSTg-qkPAZg,Gweilo-60,2019-02-18 03:03:39.892086,10731,-1
UChXOhG9bRDb3vSTg-qkPAZg,Gweilo-60,2019-02-18 03:02:39.043488,10732,1
UChXOhG9bRDb3vSTg-qkPAZg,Gweilo-60,2019-02-18 03:01:39.519419,10731,0
UChXOhG9bRDb3vSTg-qkPAZg,Gweilo-60,2019-02-18 03:00:39.188968,10731,0
UChXOhG9bRDb3vSTg-qkPAZg,Gweilo-60,2019-02-18 02:59:39.025097,10731,0
UChXOhG9bRDb3vSTg-qkPAZg,Gweilo-60,2019-02-18 02:58:39.400966,10731,0
UChXOhG9bRDb3vSTg-qkPAZg,Gweilo-60,2019-02-18 02:57:39.591962,10731,0
UChXOhG9bRDb3vSTg-qkPAZg,Gweilo-60,2019-02-18 02:56:39.557233,10731,1
UChXOhG9bRDb3vSTg-qkPAZg,Gweilo-60,2019-02-18 02:55:39.440055,10730,0
UChXOhG9bRDb3vSTg-qkPAZg,Gweilo-60,2019-02-18 02:54:39.448592,10730,0
UChXOhG9bRDb3vSTg-qkPAZg,Gweilo-60,2019-02-18 02:53:39.531399,10730,0
UChXOhG9bRDb3vSTg-qkPAZg,Gweilo-60,2019-02-18 02:52:39.171544,10730,0
UChXOhG9bRDb3vSTg-qkPAZg,Gweilo-60,2019-02-18 02:51:38.918383,10730,0
UChXOhG9bRDb3vSTg-qkPAZg,Gweilo-60,2019-02-18 02:50:39.666816,10730,0
UChXOhG9bRDb3vSTg-qkPAZg,Gweilo-60,2019-02-18 02:49:39.307443,10730,0
UChXOhG9bRDb3vSTg-qkPAZg,Gweilo-60,2019-02-18 02:48:39.588451,10730,0
UChXOhG9bRDb3vSTg-qkPAZg,Gweilo-60,2019-02-18 02:47:39.617683,10730,0
UChXOhG9bRDb3vSTg-qkPAZg,Gweilo-60,2019-02-18 02:46:39.103635,10730,0
UChXOhG9bRDb3vSTg-qkPAZg,Gweilo-60,2019-02-18 02:45:39.053914,10730,0
UChXOhG9bRDb3vSTg-qkPAZg,Gweilo-60,2019-02-18 02:44:39.575629,10730,0
UChXOhG9bRDb3vSTg-qkPAZg,Gweilo-60,2019-02-18 02:43:39.864025,10730,0
UChXOhG9bRDb3vSTg-qkPAZg,Gweilo-60,2019-02-18 02:42:40.020979,10730,0
UChXOhG9bRDb3vSTg-qkPAZg,Gweilo-60,2019-02-18 02:41:40.084481,10730,0
UChXOhG9bRDb3vSTg-qkPAZg,Gweilo-60,2019-02-18 02:40:39.571113,10730,0
UChXOhG9bRDb3vSTg-qkPAZg,Gweilo-60,2019-02-18 02:39:39.128199,10730,0
UChXOhG9bRDb3vSTg-qkPAZg,Gweilo-60,2019-02-18 02:38:39.440279,10730,0
UChXOhG9bRDb3vSTg-qkPAZg,Gweilo-60,2019-02-18 02:37:39.229102,10730,0
UChXOhG9bRDb3vSTg-qkPAZg,Gweilo-60,2019-02-18 02:36:39.559914,10730,0
UChXOhG9bRDb3vSTg-qkPAZg,Gweilo-60,2019-02-18 02:35:39.524784,10730,0
UChXOhG9bRDb3vSTg-qkPAZg,Gweilo-60,2019-02-18 02:34:39.119229,10730,0
UChXOhG9bRDb3vSTg-qkPAZg,Gweilo-60,2019-02-18 02:33:39.459248,10730,0
UChXOhG9bRDb3vSTg-qkPAZg,Gweilo-60,2019-02-18 02:32:39.661574,10730,0
UChXOhG9bRDb3vSTg-qkPAZg,Gweilo-60,2019-02-18 02:31:39.467644,10730,0
UChXOhG9bRDb3vSTg-qkPAZg,Gweilo-60,2019-02-18 02:30:39.206506,10730,0
UChXOhG9bRDb3vSTg-qkPAZg,Gweilo-60,2019-02-18 02:29:39.57339,10730,0
UChXOhG9bRDb3vSTg-qkPAZg,Gweilo-60,2019-02-18 02:28:38.865143,10730,0
UChXOhG9bRDb3vSTg-qkPAZg,Gweilo-60,2019-02-18 02:27:39.137759,10730,0
UChXOhG9bRDb3vSTg-qkPAZg,Gweilo-60,2019-02-18 02:26:39.811123,10730,0
UChXOhG9bRDb3vSTg-qkPAZg,Gweilo-60,2019-02-18 02:25:39.358234,10730,0
UChXOhG9bRDb3vSTg-qkPAZg,Gweilo-60,2019-02-18 02:24:39.220045,10730,0
UChXOhG9bRDb3vSTg-qkPAZg,Gweilo-60,2019-02-18 02:23:39.732734,10730,1
UChXOhG9bRDb3vSTg-qkPAZg,Gweilo-60,2019-02-18 02:22:38.807569,10729,0
UChXOhG9bRDb3vSTg-qkPAZg,Gweilo-60,2019-02-18 02:21:39.163799,10729,0
UChXOhG9bRDb3vSTg-qkPAZg,Gweilo-60,2019-02-18 02:20:39.134712,10729,0
UChXOhG9bRDb3vSTg-qkPAZg,Gweilo-60,2019-02-18 02:19:39.334951,10729,0
UChXOhG9bRDb3vSTg-qkPAZg,Gweilo-60,2019-02-18 02:18:39.594346,10729,0
UChXOhG9bRDb3vSTg-qkPAZg,Gweilo-60,2019-02-18 02:17:39.35312,10729,0
UChXOhG9bRDb3vSTg-qkPAZg,Gweilo-60,2019-02-18 02:16:39.096125,10729,0
UChXOhG9bRDb3vSTg-qkPAZg,Gweilo-60,2019-02-18 02:15:39.2582,10729,0
UChXOhG9bRDb3vSTg-qkPAZg,Gweilo-60,2019-02-18 02:14:39.97852,10729,0
UChXOhG9bRDb3vSTg-qkPAZg,Gweilo-60,2019-02-18 02:13:39.289969,10729,0
UChXOhG9bRDb3vSTg-qkPAZg,Gweilo-60,2019-02-18 02:12:39.496714,10729,0
UChXOhG9bRDb3vSTg-qkPAZg,Gweilo-60,2019-02-18 02:11:39.382796,10729,0
UChXOhG9bRDb3vSTg-qkPAZg,Gweilo-60,2019-02-18 02:10:38.934329,10729,0
UChXOhG9bRDb3vSTg-qkPAZg,Gweilo-60,2019-02-18 02:09:40.021758,10729,0
UChXOhG9bRDb3vSTg-qkPAZg,Gweilo-60,2019-02-18 02:08:39.438743,10729,0
UChXOhG9bRDb3vSTg-qkPAZg,Gweilo-60,2019-02-18 02:07:39.170967,10729,0
UChXOhG9bRDb3vSTg-qkPAZg,Gweilo-60,2019-02-18 02:06:39.072402,10729,0
UChXOhG9bRDb3vSTg-qkPAZg,Gweilo-60,2019-02-18 02:05:39.482739,10729,0
UChXOhG9bRDb3vSTg-qkPAZg,Gweilo-60,2019-02-18 02:04:40.309321,10729,0
UChXOhG9bRDb3vSTg-qkPAZg,Gweilo-60,2019-02-18 02:03:39.211178,10729,0
UChXOhG9bRDb3vSTg-qkPAZg,Gweilo-60,2019-02-18 02:02:39.655305,10729,0
UChXOhG9bRDb3vSTg-qkPAZg,Gweilo-60,2019-02-18 02:01:39.299954,10729,0
UChXOhG9bRDb3vSTg-qkPAZg,Gweilo-60,2019-02-18 02:00:39.251827,10729,0
UChXOhG9bRDb3vSTg-qkPAZg,Gweilo-60,2019-02-18 01:59:39.293844,10729,0
UChXOhG9bRDb3vSTg-qkPAZg,Gweilo-60,2019-02-18 01:58:39.671244,10729,0
UChXOhG9bRDb3vSTg-qkPAZg,Gweilo-60,2019-02-18 01:57:39.35038,10729,0
UChXOhG9bRDb3vSTg-qkPAZg,Gweilo-60,2019-02-18 01:56:39.589772,10729,0
UChXOhG9bRDb3vSTg-qkPAZg,Gweilo-60,2019-02-18 01:55:39.438361,10729,0
UChXOhG9bRDb3vSTg-qkPAZg,Gweilo-60,2019-02-18 01:54:39.288444,10729,0
UChXOhG9bRDb3vSTg-qkPAZg,Gweilo-60,2019-02-18 01:53:39.097297,10729,0
UChXOhG9bRDb3vSTg-qkPAZg,Gweilo-60,2019-02-18 01:52:39.399331,10729,0
UChXOhG9bRDb3vSTg-qkPAZg,Gweilo-60,2019-02-18 01:51:39.441319,10729,0
UChXOhG9bRDb3vSTg-qkPAZg,Gweilo-60,2019-02-18 01:50:39.111269,10729,0
UChXOhG9bRDb3vSTg-qkPAZg,Gweilo-60,2019-02-18 01:49:39.57814,10729,0
UChXOhG9bRDb3vSTg-qkPAZg,Gweilo-60,2019-02-18 01:48:39.495014,10729,0
UChXOhG9bRDb3vSTg-qkPAZg,Gweilo-60,2019-02-18 01:47:39.327332,10729,0
UChXOhG9bRDb3vSTg-qkPAZg,Gweilo-60,2019-02-18 01:46:39.122834,10729,0
UChXOhG9bRDb3vSTg-qkPAZg,Gweilo-60,2019-02-18 01:45:39.444839,10729,0
UChXOhG9bRDb3vSTg-qkPAZg,Gweilo-60,2019-02-18 01:44:39.196257,10729,0
UChXOhG9bRDb3vSTg-qkPAZg,Gweilo-60,2019-02-18 01:43:39.386369,10729,0
UChXOhG9bRDb3vSTg-qkPAZg,Gweilo-60,2019-02-18 01:42:39.477977,10729,0
UChXOhG9bRDb3vSTg-qkPAZg,Gweilo-60,2019-02-18 01:41:39.608853,10729,0
UChXOhG9bRDb3vSTg-qkPAZg,Gweilo-60,2019-02-18 01:40:39.322455,10729,-1
UChXOhG9bRDb3vSTg-qkPAZg,Gweilo-60,2019-02-18 01:39:39.054429,10730,0
UChXOhG9bRDb3vSTg-qkPAZg,Gweilo-60,2019-02-18 01:38:39.387575,10730,0
UChXOhG9bRDb3vSTg-qkPAZg,Gweilo-60,2019-02-18 01:37:38.801469,10730,0
UChXOhG9bRDb3vSTg-qkPAZg,Gweilo-60,2019-02-18 01:36:39.696577,10730,0
UChXOhG9bRDb3vSTg-qkPAZg,Gweilo-60,2019-02-18 01:35:39.035754,10730,0
UChXOhG9bRDb3vSTg-qkPAZg,Gweilo-60,2019-02-18 01:34:40.357645,10730,0
UChXOhG9bRDb3vSTg-qkPAZg,Gweilo-60,2019-02-18 01:33:39.260488,10730,0
UChXOhG9bRDb3vSTg-qkPAZg,Gweilo-60,2019-02-18 01:32:39.078453,10730,0
UChXOhG9bRDb3vSTg-qkPAZg,Gweilo-60,2019-02-18 01:31:39.317279,10730,0
UChXOhG9bRDb3vSTg-qkPAZg,Gweilo-60,2019-02-18 01:30:39.887525,10730,0
UChXOhG9bRDb3vSTg-qkPAZg,Gweilo-60,2019-02-18 01:29:39.140131,10730,0
UChXOhG9bRDb3vSTg-qkPAZg,Gweilo-60,2019-02-18 01:28:39.51577,10730,0
UChXOhG9bRDb3vSTg-qkPAZg,Gweilo-60,2019-02-18 01:27:39.64519,10730,-1
UChXOhG9bRDb3vSTg-qkPAZg,Gweilo-60,2019-02-18 01:26:39.389388,10731,0
UChXOhG9bRDb3vSTg-qkPAZg,Gweilo-60,2019-02-18 01:25:39.73947,10731,-1
UChXOhG9bRDb3vSTg-qkPAZg,Gweilo-60,2019-02-18 01:24:39.187271,10732,-1
UChXOhG9bRDb3vSTg-qkPAZg,Gweilo-60,2019-02-18 01:23:38.870306,10733,0
UChXOhG9bRDb3vSTg-qkPAZg,Gweilo-60,2019-02-18 01:22:39.991944,10733,0
UChXOhG9bRDb3vSTg-qkPAZg,Gweilo-60,2019-02-18 01:21:39.19784,10733,-1
UChXOhG9bRDb3vSTg-qkPAZg,Gweilo-60,2019-02-18 01:20:40.031311,10734,0
UChXOhG9bRDb3vSTg-qkPAZg,Gweilo-60,2019-02-18 01:19:39.39474,10734,-1
UChXOhG9bRDb3vSTg-qkPAZg,Gweilo-60,2019-02-18 01:18:39.579041,10735,0
UChXOhG9bRDb3vSTg-qkPAZg,Gweilo-60,2019-02-18 01:17:38.916342,10735,0
UChXOhG9bRDb3vSTg-qkPAZg,Gweilo-60,2019-02-18 01:16:39.321773,10735,0
UChXOhG9bRDb3vSTg-qkPAZg,Gweilo-60,2019-02-18 01:15:39.441924,10735,0
UChXOhG9bRDb3vSTg-qkPAZg,Gweilo-60,2019-02-18 01:14:39.591073,10735,0
UChXOhG9bRDb3vSTg-qkPAZg,Gweilo-60,2019-02-18 01:13:39.58859,10735,0
UChXOhG9bRDb3vSTg-qkPAZg,Gweilo-60,2019-02-18 01:12:39.474739,10735,0
UChXOhG9bRDb3vSTg-qkPAZg,Gweilo-60,2019-02-18 01:11:39.002273,10735,0
UChXOhG9bRDb3vSTg-qkPAZg,Gweilo-60,2019-02-18 01:10:39.46269,10735,0
UChXOhG9bRDb3vSTg-qkPAZg,Gweilo-60,2019-02-18 01:09:39.581931,10735,0
UChXOhG9bRDb3vSTg-qkPAZg,Gweilo-60,2019-02-18 01:08:39.32478,10735,0
UChXOhG9bRDb3vSTg-qkPAZg,Gweilo-60,2019-02-18 01:07:39.209366,10735,0
UChXOhG9bRDb3vSTg-qkPAZg,Gweilo-60,2019-02-18 01:06:39.669069,10735,1
UChXOhG9bRDb3vSTg-qkPAZg,Gweilo-60,2019-02-18 01:05:39.489039,10734,0
UChXOhG9bRDb3vSTg-qkPAZg,Gweilo-60,2019-02-18 01:04:39.745714,10734,0
UChXOhG9bRDb3vSTg-qkPAZg,Gweilo-60,2019-02-18 01:03:39.652993,10734,0
UChXOhG9bRDb3vSTg-qkPAZg,Gweilo-60,2019-02-18 01:02:39.021478,10734,0
UChXOhG9bRDb3vSTg-qkPAZg,Gweilo-60,2019-02-18 01:01:39.116072,10734,0
UChXOhG9bRDb3vSTg-qkPAZg,Gweilo-60,2019-02-18 01:00:39.714516,10734,0
UChXOhG9bRDb3vSTg-qkPAZg,Gweilo-60,2019-02-18 00:59:39.748049,10734,0
UChXOhG9bRDb3vSTg-qkPAZg,Gweilo-60,2019-02-18 00:58:39.355777,10734,0
UChXOhG9bRDb3vSTg-qkPAZg,Gweilo-60,2019-02-18 00:57:39.521689,10734,0
UChXOhG9bRDb3vSTg-qkPAZg,Gweilo-60,2019-02-18 00:56:39.765896,10734,1
UChXOhG9bRDb3vSTg-qkPAZg,Gweilo-60,2019-02-18 00:55:39.586033,10733,0
UChXOhG9bRDb3vSTg-qkPAZg,Gweilo-60,2019-02-18 00:54:39.539297,10733,0
UChXOhG9bRDb3vSTg-qkPAZg,Gweilo-60,2019-02-18 00:53:39.279058,10733,0
UChXOhG9bRDb3vSTg-qkPAZg,Gweilo-60,2019-02-18 00:52:39.239769,10733,0
UChXOhG9bRDb3vSTg-qkPAZg,Gweilo-60,2019-02-18 00:51:39.387211,10733,0
UChXOhG9bRDb3vSTg-qkPAZg,Gweilo-60,2019-02-18 00:50:39.324838,10733,0
UChXOhG9bRDb3vSTg-qkPAZg,Gweilo-60,2019-02-18 00:49:39.895132,10733,0
UChXOhG9bRDb3vSTg-qkPAZg,Gweilo-60,2019-02-18 00:48:39.388887,10733,0
UChXOhG9bRDb3vSTg-qkPAZg,Gweilo-60,2019-02-18 00:47:39.442734,10733,0
UChXOhG9bRDb3vSTg-qkPAZg,Gweilo-60,2019-02-18 00:46:39.147868,10733,0
UChXOhG9bRDb3vSTg-qkPAZg,Gweilo-60,2019-02-18 00:45:39.335095,10733,0
UChXOhG9bRDb3vSTg-qkPAZg,Gweilo-60,2019-02-18 00:44:39.56965,10733,0
UChXOhG9bRDb3vSTg-qkPAZg,Gweilo-60,2019-02-18 00:43:39.87791,10733,0
UChXOhG9bRDb3vSTg-qkPAZg,Gweilo-60,2019-02-18 00:42:39.213184,10733,0
UChXOhG9bRDb3vSTg-qkPAZg,Gweilo-60,2019-02-18 00:41:39.144831,10733,0
UChXOhG9bRDb3vSTg-qkPAZg,Gweilo-60,2019-02-18 00:40:39.563133,10733,0
UChXOhG9bRDb3vSTg-qkPAZg,Gweilo-60,2019-02-18 00:39:39.511119,10733,0
UChXOhG9bRDb3vSTg-qkPAZg,Gweilo-60,2019-02-18 00:38:39.033822,10733,0
UChXOhG9bRDb3vSTg-qkPAZg,Gweilo-60,2019-02-18 00:37:39.851525,10733,0
UChXOhG9bRDb3vSTg-qkPAZg,Gweilo-60,2019-02-18 00:36:39.209735,10733,0
UChXOhG9bRDb3vSTg-qkPAZg,Gweilo-60,2019-02-18 00:35:39.339875,10733,0
UChXOhG9bRDb3vSTg-qkPAZg,Gweilo-60,2019-02-18 00:34:39.378545,10733,-1
UChXOhG9bRDb3vSTg-qkPAZg,Gweilo-60,2019-02-18 00:33:39.478769,10734,0
UChXOhG9bRDb3vSTg-qkPAZg,Gweilo-60,2019-02-18 00:32:39.972798,10734,0
UChXOhG9bRDb3vSTg-qkPAZg,Gweilo-60,2019-02-18 00:31:40.118697,10734,0
UChXOhG9bRDb3vSTg-qkPAZg,Gweilo-60,2019-02-18 00:30:39.47765,10734,0
UChXOhG9bRDb3vSTg-qkPAZg,Gweilo-60,2019-02-18 00:29:38.614005,10734,0
UChXOhG9bRDb3vSTg-qkPAZg,Gweilo-60,2019-02-18 00:28:39.366486,10734,0
UChXOhG9bRDb3vSTg-qkPAZg,Gweilo-60,2019-02-18 00:27:40.476672,10734,0
UChXOhG9bRDb3vSTg-qkPAZg,Gweilo-60,2019-02-18 00:26:39.237764,10734,0
UChXOhG9bRDb3vSTg-qkPAZg,Gweilo-60,2019-02-18 00:25:39.963818,10734,0
UChXOhG9bRDb3vSTg-qkPAZg,Gweilo-60,2019-02-18 00:24:39.894902,10734,0
UChXOhG9bRDb3vSTg-qkPAZg,Gweilo-60,2019-02-18 00:23:39.620795,10734,0
UChXOhG9bRDb3vSTg-qkPAZg,Gweilo-60,2019-02-18 00:22:38.785764,10734,0
UChXOhG9bRDb3vSTg-qkPAZg,Gweilo-60,2019-02-18 00:21:39.546802,10734,0
UChXOhG9bRDb3vSTg-qkPAZg,Gweilo-60,2019-02-18 00:20:39.124713,10734,0
UChXOhG9bRDb3vSTg-qkPAZg,Gweilo-60,2019-02-18 00:19:39.626701,10734,0
UChXOhG9bRDb3vSTg-qkPAZg,Gweilo-60,2019-02-18 00:18:39.521165,10734,0
UChXOhG9bRDb3vSTg-qkPAZg,Gweilo-60,2019-02-18 00:17:39.395103,10734,0
UChXOhG9bRDb3vSTg-qkPAZg,Gweilo-60,2019-02-18 00:16:40.104305,10734,0
UChXOhG9bRDb3vSTg-qkPAZg,Gweilo-60,2019-02-18 00:15:39.633598,10734,0
UChXOhG9bRDb3vSTg-qkPAZg,Gweilo-60,2019-02-18 00:14:39.479509,10734,0
UChXOhG9bRDb3vSTg-qkPAZg,Gweilo-60,2019-02-18 00:13:39.323561,10734,0
UChXOhG9bRDb3vSTg-qkPAZg,Gweilo-60,2019-02-18 00:12:39.298768,10734,0
UChXOhG9bRDb3vSTg-qkPAZg,Gweilo-60,2019-02-18 00:11:39.554874,10734,0
UChXOhG9bRDb3vSTg-qkPAZg,Gweilo-60,2019-02-18 00:10:40.283326,10734,0
UChXOhG9bRDb3vSTg-qkPAZg,Gweilo-60,2019-02-18 00:09:39.645689,10734,0
UChXOhG9bRDb3vSTg-qkPAZg,Gweilo-60,2019-02-18 00:08:39.771835,10734,0
UChXOhG9bRDb3vSTg-qkPAZg,Gweilo-60,2019-02-18 00:07:39.579434,10734,0
UChXOhG9bRDb3vSTg-qkPAZg,Gweilo-60,2019-02-18 00:06:40.131701,10734,0
UChXOhG9bRDb3vSTg-qkPAZg,Gweilo-60,2019-02-18 00:05:39.505946,10734,0
UChXOhG9bRDb3vSTg-qkPAZg,Gweilo-60,2019-02-18 00:04:39.828056,10734,0
UChXOhG9bRDb3vSTg-qkPAZg,Gweilo-60,2019-02-18 00:03:39.372739,10734,0
UChXOhG9bRDb3vSTg-qkPAZg,Gweilo-60,2019-02-18 00:02:39.535812,10734,0
UChXOhG9bRDb3vSTg-qkPAZg,Gweilo-60,2019-02-18 00:01:39.59867,10734,0
UChXOhG9bRDb3vSTg-qkPAZg,Gweilo-60,2019-02-18 00:00:39.406452,10734,0
UChXOhG9bRDb3vSTg-qkPAZg,Gweilo-60,2019-02-17 23:59:39.640321,10734,0
UChXOhG9bRDb3vSTg-qkPAZg,Gweilo-60,2019-02-17 23:58:40.073103,10734,0
UChXOhG9bRDb3vSTg-qkPAZg,Gweilo-60,2019-02-17 23:57:39.436029,10734,0
UChXOhG9bRDb3vSTg-qkPAZg,Gweilo-60,2019-02-17 23:56:39.167817,10734,0
UChXOhG9bRDb3vSTg-qkPAZg,Gweilo-60,2019-02-17 23:55:40.02781,10734,0
UChXOhG9bRDb3vSTg-qkPAZg,Gweilo-60,2019-02-17 23:54:39.457617,10734,0
UChXOhG9bRDb3vSTg-qkPAZg,Gweilo-60,2019-02-17 23:53:39.505232,10734,0
UChXOhG9bRDb3vSTg-qkPAZg,Gweilo-60,2019-02-17 23:52:39.150066,10734,0
UChXOhG9bRDb3vSTg-qkPAZg,Gweilo-60,2019-02-17 23:51:39.785421,10734,1
UChXOhG9bRDb3vSTg-qkPAZg,Gweilo-60,2019-02-17 23:50:39.261272,10733,0
UChXOhG9bRDb3vSTg-qkPAZg,Gweilo-60,2019-02-17 23:49:39.526081,10733,1
UChXOhG9bRDb3vSTg-qkPAZg,Gweilo-60,2019-02-17 23:48:40.235314,10732,0
UChXOhG9bRDb3vSTg-qkPAZg,Gweilo-60,2019-02-17 23:47:39.462325,10732,0
UChXOhG9bRDb3vSTg-qkPAZg,Gweilo-60,2019-02-17 23:46:39.731571,10732,0
UChXOhG9bRDb3vSTg-qkPAZg,Gweilo-60,2019-02-17 23:45:39.71517,10732,0
UChXOhG9bRDb3vSTg-qkPAZg,Gweilo-60,2019-02-17 23:44:39.781524,10732,0
UChXOhG9bRDb3vSTg-qkPAZg,Gweilo-60,2019-02-17 23:43:39.425131,10732,0
UChXOhG9bRDb3vSTg-qkPAZg,Gweilo-60,2019-02-17 23:42:39.25428,10732,0
UChXOhG9bRDb3vSTg-qkPAZg,Gweilo-60,2019-02-17 23:41:40.353477,10732,0
UChXOhG9bRDb3vSTg-qkPAZg,Gweilo-60,2019-02-17 23:40:39.775461,10732,0
UChXOhG9bRDb3vSTg-qkPAZg,Gweilo-60,2019-02-17 23:39:39.746873,10732,0
UChXOhG9bRDb3vSTg-qkPAZg,Gweilo-60,2019-02-17 23:38:39.882625,10732,0
UChXOhG9bRDb3vSTg-qkPAZg,Gweilo-60,2019-02-17 23:37:39.810873,10732,0
UChXOhG9bRDb3vSTg-qkPAZg,Gweilo-60,2019-02-17 23:36:39.259946,10732,0
UChXOhG9bRDb3vSTg-qkPAZg,Gweilo-60,2019-02-17 23:35:39.753613,10732,0
UChXOhG9bRDb3vSTg-qkPAZg,Gweilo-60,2019-02-17 23:34:39.417595,10732,0
UChXOhG9bRDb3vSTg-qkPAZg,Gweilo-60,2019-02-17 23:33:39.67773,10732,0
UChXOhG9bRDb3vSTg-qkPAZg,Gweilo-60,2019-02-17 23:32:40.003248,10732,0
UChXOhG9bRDb3vSTg-qkPAZg,Gweilo-60,2019-02-17 23:31:40.124766,10732,0
UChXOhG9bRDb3vSTg-qkPAZg,Gweilo-60,2019-02-17 23:30:39.671112,10732,0
UChXOhG9bRDb3vSTg-qkPAZg,Gweilo-60,2019-02-17 23:29:39.812447,10732,0
UChXOhG9bRDb3vSTg-qkPAZg,Gweilo-60,2019-02-17 23:28:39.405121,10732,0
UChXOhG9bRDb3vSTg-qkPAZg,Gweilo-60,2019-02-17 23:27:40.519012,10732,0
UChXOhG9bRDb3vSTg-qkPAZg,Gweilo-60,2019-02-17 23:26:39.413948,10732,0
UChXOhG9bRDb3vSTg-qkPAZg,Gweilo-60,2019-02-17 23:25:39.561857,10732,0
UChXOhG9bRDb3vSTg-qkPAZg,Gweilo-60,2019-02-17 23:24:40.174703,10732,0
UChXOhG9bRDb3vSTg-qkPAZg,Gweilo-60,2019-02-17 23:23:40.497026,10732,0
UChXOhG9bRDb3vSTg-qkPAZg,Gweilo-60,2019-02-17 23:22:39.500274,10732,0
UChXOhG9bRDb3vSTg-qkPAZg,Gweilo-60,2019-02-17 23:21:39.833107,10732,0
UChXOhG9bRDb3vSTg-qkPAZg,Gweilo-60,2019-02-17 23:20:39.636148,10732,0
UChXOhG9bRDb3vSTg-qkPAZg,Gweilo-60,2019-02-17 23:19:40.217961,10732,0
UChXOhG9bRDb3vSTg-qkPAZg,Gweilo-60,2019-02-17 23:18:39.544966,10732,0
UChXOhG9bRDb3vSTg-qkPAZg,Gweilo-60,2019-02-17 23:17:39.834377,10732,0
UChXOhG9bRDb3vSTg-qkPAZg,Gweilo-60,2019-02-17 23:16:39.766428,10732,0
UChXOhG9bRDb3vSTg-qkPAZg,Gweilo-60,2019-02-17 23:15:40.490306,10732,0
UChXOhG9bRDb3vSTg-qkPAZg,Gweilo-60,2019-02-17 23:14:40.033576,10732,0
UChXOhG9bRDb3vSTg-qkPAZg,Gweilo-60,2019-02-17 23:13:39.961834,10732,0
UChXOhG9bRDb3vSTg-qkPAZg,Gweilo-60,2019-02-17 23:12:39.914209,10732,0
UChXOhG9bRDb3vSTg-qkPAZg,Gweilo-60,2019-02-17 23:11:39.987017,10732,0
UChXOhG9bRDb3vSTg-qkPAZg,Gweilo-60,2019-02-17 23:10:40.510172,10732,0
UChXOhG9bRDb3vSTg-qkPAZg,Gweilo-60,2019-02-17 23:09:40.034248,10732,0
UChXOhG9bRDb3vSTg-qkPAZg,Gweilo-60,2019-02-17 23:08:39.696821,10732,0
UChXOhG9bRDb3vSTg-qkPAZg,Gweilo-60,2019-02-17 23:07:39.774317,10732,0
UChXOhG9bRDb3vSTg-qkPAZg,Gweilo-60,2019-02-17 23:06:39.663868,10732,1
UChXOhG9bRDb3vSTg-qkPAZg,Gweilo-60,2019-02-17 23:05:40.067594,10731,0
UChXOhG9bRDb3vSTg-qkPAZg,Gweilo-60,2019-02-17 23:04:39.873694,10731,0
UChXOhG9bRDb3vSTg-qkPAZg,Gweilo-60,2019-02-17 23:03:39.568355,10731,0
UChXOhG9bRDb3vSTg-qkPAZg,Gweilo-60,2019-02-17 23:02:39.939314,10731,0
UChXOhG9bRDb3vSTg-qkPAZg,Gweilo-60,2019-02-17 23:01:39.448728,10731,0
UChXOhG9bRDb3vSTg-qkPAZg,Gweilo-60,2019-02-17 23:00:40.176418,10731,0
UChXOhG9bRDb3vSTg-qkPAZg,Gweilo-60,2019-02-17 22:59:39.899391,10731,0
UChXOhG9bRDb3vSTg-qkPAZg,Gweilo-60,2019-02-17 22:58:40.168596,10731,0
UChXOhG9bRDb3vSTg-qkPAZg,Gweilo-60,2019-02-17 22:57:39.734047,10731,0
UChXOhG9bRDb3vSTg-qkPAZg,Gweilo-60,2019-02-17 22:56:39.673634,10731,0
UChXOhG9bRDb3vSTg-qkPAZg,Gweilo-60,2019-02-17 22:55:39.958624,10731,1
UChXOhG9bRDb3vSTg-qkPAZg,Gweilo-60,2019-02-17 22:54:39.621426,10730,0
UChXOhG9bRDb3vSTg-qkPAZg,Gweilo-60,2019-02-17 22:53:39.868143,10730,0
UChXOhG9bRDb3vSTg-qkPAZg,Gweilo-60,2019-02-17 22:52:40.701745,10730,0
UChXOhG9bRDb3vSTg-qkPAZg,Gweilo-60,2019-02-17 22:51:40.73622,10730,0
UChXOhG9bRDb3vSTg-qkPAZg,Gweilo-60,2019-02-17 22:50:39.95776,10730,0
UChXOhG9bRDb3vSTg-qkPAZg,Gweilo-60,2019-02-17 22:49:39.899267,10730,0
UChXOhG9bRDb3vSTg-qkPAZg,Gweilo-60,2019-02-17 22:48:40.052461,10730,0
UChXOhG9bRDb3vSTg-qkPAZg,Gweilo-60,2019-02-17 22:47:39.568812,10730,0
UChXOhG9bRDb3vSTg-qkPAZg,Gweilo-60,2019-02-17 22:46:39.724349,10730,0
UChXOhG9bRDb3vSTg-qkPAZg,Gweilo-60,2019-02-17 22:45:40.292271,10730,0
UChXOhG9bRDb3vSTg-qkPAZg,Gweilo-60,2019-02-17 22:44:39.742572,10730,0
UChXOhG9bRDb3vSTg-qkPAZg,Gweilo-60,2019-02-17 22:43:40.504686,10730,0
UChXOhG9bRDb3vSTg-qkPAZg,Gweilo-60,2019-02-17 22:42:40.191849,10730,0
UChXOhG9bRDb3vSTg-qkPAZg,Gweilo-60,2019-02-17 22:41:39.879819,10730,0
UChXOhG9bRDb3vSTg-qkPAZg,Gweilo-60,2019-02-17 22:40:39.77165,10730,0
UChXOhG9bRDb3vSTg-qkPAZg,Gweilo-60,2019-02-17 22:39:39.904112,10730,0
UChXOhG9bRDb3vSTg-qkPAZg,Gweilo-60,2019-02-17 22:38:39.858959,10730,0
UChXOhG9bRDb3vSTg-qkPAZg,Gweilo-60,2019-02-17 22:37:40.181785,10730,0
UChXOhG9bRDb3vSTg-qkPAZg,Gweilo-60,2019-02-17 22:36:40.5112,10730,0
UChXOhG9bRDb3vSTg-qkPAZg,Gweilo-60,2019-02-17 22:35:39.92998,10730,0
UChXOhG9bRDb3vSTg-qkPAZg,Gweilo-60,2019-02-17 22:34:40.025261,10730,0
UChXOhG9bRDb3vSTg-qkPAZg,Gweilo-60,2019-02-17 22:33:39.455516,10730,0
UChXOhG9bRDb3vSTg-qkPAZg,Gweilo-60,2019-02-17 22:32:40.698395,10730,1
UChXOhG9bRDb3vSTg-qkPAZg,Gweilo-60,2019-02-17 22:31:40.273154,10729,0
UChXOhG9bRDb3vSTg-qkPAZg,Gweilo-60,2019-02-17 22:30:40.559117,10729,0
UChXOhG9bRDb3vSTg-qkPAZg,Gweilo-60,2019-02-17 22:29:39.976066,10729,0
UChXOhG9bRDb3vSTg-qkPAZg,Gweilo-60,2019-02-17 22:28:39.985058,10729,0
UChXOhG9bRDb3vSTg-qkPAZg,Gweilo-60,2019-02-17 22:27:39.936906,10729,0
UChXOhG9bRDb3vSTg-qkPAZg,Gweilo-60,2019-02-17 22:26:40.218525,10729,0
UChXOhG9bRDb3vSTg-qkPAZg,Gweilo-60,2019-02-17 22:25:39.831591,10729,0
UChXOhG9bRDb3vSTg-qkPAZg,Gweilo-60,2019-02-17 22:24:40.114136,10729,0
UChXOhG9bRDb3vSTg-qkPAZg,Gweilo-60,2019-02-17 22:23:40.011024,10729,0
UChXOhG9bRDb3vSTg-qkPAZg,Gweilo-60,2019-02-17 22:22:40.487421,10729,0
UChXOhG9bRDb3vSTg-qkPAZg,Gweilo-60,2019-02-17 22:21:39.95977,10729,0
UChXOhG9bRDb3vSTg-qkPAZg,Gweilo-60,2019-02-17 22:20:40.171438,10729,0
UChXOhG9bRDb3vSTg-qkPAZg,Gweilo-60,2019-02-17 22:19:40.00429,10729,0
UChXOhG9bRDb3vSTg-qkPAZg,Gweilo-60,2019-02-17 22:18:40.004691,10729,0
UChXOhG9bRDb3vSTg-qkPAZg,Gweilo-60,2019-02-17 22:17:40.411326,10729,0
UChXOhG9bRDb3vSTg-qkPAZg,Gweilo-60,2019-02-17 22:16:40.169002,10729,0
UChXOhG9bRDb3vSTg-qkPAZg,Gweilo-60,2019-02-17 22:15:40.430983,10729,0
UChXOhG9bRDb3vSTg-qkPAZg,Gweilo-60,2019-02-17 22:14:39.495187,10729,0
UChXOhG9bRDb3vSTg-qkPAZg,Gweilo-60,2019-02-17 22:13:39.888949,10729,0
UChXOhG9bRDb3vSTg-qkPAZg,Gweilo-60,2019-02-17 22:12:39.478082,10729,0
UChXOhG9bRDb3vSTg-qkPAZg,Gweilo-60,2019-02-17 22:11:40.436585,10729,0
UChXOhG9bRDb3vSTg-qkPAZg,Gweilo-60,2019-02-17 22:10:40.255222,10729,1
UChXOhG9bRDb3vSTg-qkPAZg,Gweilo-60,2019-02-17 22:09:40.630044,10728,0
UChXOhG9bRDb3vSTg-qkPAZg,Gweilo-60,2019-02-17 22:08:40.221979,10728,0
UChXOhG9bRDb3vSTg-qkPAZg,Gweilo-60,2019-02-17 22:07:40.31373,10728,0
UChXOhG9bRDb3vSTg-qkPAZg,Gweilo-60,2019-02-17 22:06:40.092444,10728,0
UChXOhG9bRDb3vSTg-qkPAZg,Gweilo-60,2019-02-17 22:05:40.15509,10728,0
UChXOhG9bRDb3vSTg-qkPAZg,Gweilo-60,2019-02-17 22:04:40.52879,10728,0
UChXOhG9bRDb3vSTg-qkPAZg,Gweilo-60,2019-02-17 22:03:40.302894,10728,0
UChXOhG9bRDb3vSTg-qkPAZg,Gweilo-60,2019-02-17 22:02:40.427725,10728,0
UChXOhG9bRDb3vSTg-qkPAZg,Gweilo-60,2019-02-17 22:01:39.785446,10728,0
UChXOhG9bRDb3vSTg-qkPAZg,Gweilo-60,2019-02-17 22:00:39.844763,10728,0
UChXOhG9bRDb3vSTg-qkPAZg,Gweilo-60,2019-02-17 21:59:40.675487,10728,0
UChXOhG9bRDb3vSTg-qkPAZg,Gweilo-60,2019-02-17 21:58:40.775913,10728,0
UChXOhG9bRDb3vSTg-qkPAZg,Gweilo-60,2019-02-17 21:57:40.121917,10728,0
UChXOhG9bRDb3vSTg-qkPAZg,Gweilo-60,2019-02-17 21:56:40.801591,10728,0
UChXOhG9bRDb3vSTg-qkPAZg,Gweilo-60,2019-02-17 21:55:40.178095,10728,0
UChXOhG9bRDb3vSTg-qkPAZg,Gweilo-60,2019-02-17 21:54:40.100787,10728,0
UChXOhG9bRDb3vSTg-qkPAZg,Gweilo-60,2019-02-17 21:53:40.940299,10728,0
UChXOhG9bRDb3vSTg-qkPAZg,Gweilo-60,2019-02-17 21:52:40.181473,10728,0
UChXOhG9bRDb3vSTg-qkPAZg,Gweilo-60,2019-02-17 21:51:40.406026,10728,0
UChXOhG9bRDb3vSTg-qkPAZg,Gweilo-60,2019-02-17 21:50:40.132246,10728,0
UChXOhG9bRDb3vSTg-qkPAZg,Gweilo-60,2019-02-17 21:49:40.079978,10728,0
UChXOhG9bRDb3vSTg-qkPAZg,Gweilo-60,2019-02-17 21:48:40.208066,10728,0
UChXOhG9bRDb3vSTg-qkPAZg,Gweilo-60,2019-02-17 21:47:40.704943,10728,0
UChXOhG9bRDb3vSTg-qkPAZg,Gweilo-60,2019-02-17 21:46:40.161605,10728,0
UChXOhG9bRDb3vSTg-qkPAZg,Gweilo-60,2019-02-17 21:45:40.183529,10728,0
UChXOhG9bRDb3vSTg-qkPAZg,Gweilo-60,2019-02-17 21:44:39.94142,10728,0
UChXOhG9bRDb3vSTg-qkPAZg,Gweilo-60,2019-02-17 21:43:40.413291,10728,0
UChXOhG9bRDb3vSTg-qkPAZg,Gweilo-60,2019-02-17 21:42:39.798,10728,0
UChXOhG9bRDb3vSTg-qkPAZg,Gweilo-60,2019-02-17 21:41:40.029172,10728,0
UChXOhG9bRDb3vSTg-qkPAZg,Gweilo-60,2019-02-17 21:40:40.563282,10728,0
UChXOhG9bRDb3vSTg-qkPAZg,Gweilo-60,2019-02-17 21:39:40.116184,10728,0
UChXOhG9bRDb3vSTg-qkPAZg,Gweilo-60,2019-02-17 21:38:40.000412,10728,0
UChXOhG9bRDb3vSTg-qkPAZg,Gweilo-60,2019-02-17 21:37:39.984943,10728,0
UChXOhG9bRDb3vSTg-qkPAZg,Gweilo-60,2019-02-17 21:36:40.156709,10728,0
UChXOhG9bRDb3vSTg-qkPAZg,Gweilo-60,2019-02-17 21:35:40.201578,10728,0
UChXOhG9bRDb3vSTg-qkPAZg,Gweilo-60,2019-02-17 21:34:40.12376,10728,0
UChXOhG9bRDb3vSTg-qkPAZg,Gweilo-60,2019-02-17 21:33:40.878809,10728,0
UChXOhG9bRDb3vSTg-qkPAZg,Gweilo-60,2019-02-17 21:32:40.35011,10728,0
UChXOhG9bRDb3vSTg-qkPAZg,Gweilo-60,2019-02-17 21:31:39.775999,10728,0
UChXOhG9bRDb3vSTg-qkPAZg,Gweilo-60,2019-02-17 21:30:40.157014,10728,0
UChXOhG9bRDb3vSTg-qkPAZg,Gweilo-60,2019-02-17 21:29:40.515646,10728,0
UChXOhG9bRDb3vSTg-qkPAZg,Gweilo-60,2019-02-17 21:28:39.737988,10728,0
UChXOhG9bRDb3vSTg-qkPAZg,Gweilo-60,2019-02-17 21:27:39.705275,10728,0
UChXOhG9bRDb3vSTg-qkPAZg,Gweilo-60,2019-02-17 21:26:39.992569,10728,0
UChXOhG9bRDb3vSTg-qkPAZg,Gweilo-60,2019-02-17 21:25:40.148116,10728,0
UChXOhG9bRDb3vSTg-qkPAZg,Gweilo-60,2019-02-17 21:24:40.379791,10728,0
UChXOhG9bRDb3vSTg-qkPAZg,Gweilo-60,2019-02-17 21:23:40.547293,10728,0
UChXOhG9bRDb3vSTg-qkPAZg,Gweilo-60,2019-02-17 21:22:40.002482,10728,0
UChXOhG9bRDb3vSTg-qkPAZg,Gweilo-60,2019-02-17 21:21:39.99165,10728,0
UChXOhG9bRDb3vSTg-qkPAZg,Gweilo-60,2019-02-17 21:20:39.735812,10728,0
UChXOhG9bRDb3vSTg-qkPAZg,Gweilo-60,2019-02-17 21:19:39.78357,10728,0
UChXOhG9bRDb3vSTg-qkPAZg,Gweilo-60,2019-02-17 21:18:40.026027,10728,0
UChXOhG9bRDb3vSTg-qkPAZg,Gweilo-60,2019-02-17 21:17:40.109922,10728,0
UChXOhG9bRDb3vSTg-qkPAZg,Gweilo-60,2019-02-17 21:16:40.36441,10728,0
UChXOhG9bRDb3vSTg-qkPAZg,Gweilo-60,2019-02-17 21:15:40.104259,10728,0
UChXOhG9bRDb3vSTg-qkPAZg,Gweilo-60,2019-02-17 21:14:40.534303,10728,0
UChXOhG9bRDb3vSTg-qkPAZg,Gweilo-60,2019-02-17 21:13:40.618245,10728,0
UChXOhG9bRDb3vSTg-qkPAZg,Gweilo-60,2019-02-17 21:12:39.740933,10728,0
UChXOhG9bRDb3vSTg-qkPAZg,Gweilo-60,2019-02-17 21:11:39.778713,10728,0
UChXOhG9bRDb3vSTg-qkPAZg,Gweilo-60,2019-02-17 21:10:39.660324,10728,0
UChXOhG9bRDb3vSTg-qkPAZg,Gweilo-60,2019-02-17 21:09:40.262625,10728,0
UChXOhG9bRDb3vSTg-qkPAZg,Gweilo-60,2019-02-17 21:08:39.804658,10728,0
UChXOhG9bRDb3vSTg-qkPAZg,Gweilo-60,2019-02-17 21:07:40.263015,10728,0
UChXOhG9bRDb3vSTg-qkPAZg,Gweilo-60,2019-02-17 21:06:40.461004,10728,0
UChXOhG9bRDb3vSTg-qkPAZg,Gweilo-60,2019-02-17 21:05:40.050275,10728,0
UChXOhG9bRDb3vSTg-qkPAZg,Gweilo-60,2019-02-17 21:04:40.00529,10728,0
UChXOhG9bRDb3vSTg-qkPAZg,Gweilo-60,2019-02-17 21:03:40.396738,10728,0
UChXOhG9bRDb3vSTg-qkPAZg,Gweilo-60,2019-02-17 21:02:40.302221,10728,0
UChXOhG9bRDb3vSTg-qkPAZg,Gweilo-60,2019-02-17 21:01:40.266383,10728,0
UChXOhG9bRDb3vSTg-qkPAZg,Gweilo-60,2019-02-17 21:00:39.891527,10728,0
UChXOhG9bRDb3vSTg-qkPAZg,Gweilo-60,2019-02-17 20:59:40.164057,10728,0
UChXOhG9bRDb3vSTg-qkPAZg,Gweilo-60,2019-02-17 20:58:40.211845,10728,0
UChXOhG9bRDb3vSTg-qkPAZg,Gweilo-60,2019-02-17 20:57:39.665019,10728,0
UChXOhG9bRDb3vSTg-qkPAZg,Gweilo-60,2019-02-17 20:56:39.727356,10728,0
UChXOhG9bRDb3vSTg-qkPAZg,Gweilo-60,2019-02-17 20:55:39.936536,10728,0
UChXOhG9bRDb3vSTg-qkPAZg,Gweilo-60,2019-02-17 20:54:39.860476,10728,0
UChXOhG9bRDb3vSTg-qkPAZg,Gweilo-60,2019-02-17 20:53:40.252068,10728,0
UChXOhG9bRDb3vSTg-qkPAZg,Gweilo-60,2019-02-17 20:52:39.957467,10728,0
UChXOhG9bRDb3vSTg-qkPAZg,Gweilo-60,2019-02-17 20:51:40.437987,10728,0
UChXOhG9bRDb3vSTg-qkPAZg,Gweilo-60,2019-02-17 20:50:39.918218,10728,0
UChXOhG9bRDb3vSTg-qkPAZg,Gweilo-60,2019-02-17 20:49:40.232738,10728,0
UChXOhG9bRDb3vSTg-qkPAZg,Gweilo-60,2019-02-17 20:48:40.039104,10728,0
UChXOhG9bRDb3vSTg-qkPAZg,Gweilo-60,2019-02-17 20:47:40.028658,10728,0
UChXOhG9bRDb3vSTg-qkPAZg,Gweilo-60,2019-02-17 20:46:39.550523,10728,0
UChXOhG9bRDb3vSTg-qkPAZg,Gweilo-60,2019-02-17 20:45:39.952807,10728,0
UChXOhG9bRDb3vSTg-qkPAZg,Gweilo-60,2019-02-17 20:44:40.162823,10728,0
UChXOhG9bRDb3vSTg-qkPAZg,Gweilo-60,2019-02-17 20:43:39.942449,10728,0
UChXOhG9bRDb3vSTg-qkPAZg,Gweilo-60,2019-02-17 20:42:39.78141,10728,0
UChXOhG9bRDb3vSTg-qkPAZg,Gweilo-60,2019-02-17 20:41:40.098943,10728,0
UChXOhG9bRDb3vSTg-qkPAZg,Gweilo-60,2019-02-17 20:40:39.928997,10728,0
UChXOhG9bRDb3vSTg-qkPAZg,Gweilo-60,2019-02-17 20:39:40.157427,10728,1
UChXOhG9bRDb3vSTg-qkPAZg,Gweilo-60,2019-02-17 20:38:40.264113,10727,0
UChXOhG9bRDb3vSTg-qkPAZg,Gweilo-60,2019-02-17 20:37:40.212698,10727,0
UChXOhG9bRDb3vSTg-qkPAZg,Gweilo-60,2019-02-17 20:36:40.390191,10727,0
UChXOhG9bRDb3vSTg-qkPAZg,Gweilo-60,2019-02-17 20:35:40.195158,10727,0
UChXOhG9bRDb3vSTg-qkPAZg,Gweilo-60,2019-02-17 20:34:40.441784,10727,0
UChXOhG9bRDb3vSTg-qkPAZg,Gweilo-60,2019-02-17 20:33:40.182298,10727,0
UChXOhG9bRDb3vSTg-qkPAZg,Gweilo-60,2019-02-17 20:32:39.887979,10727,0
UChXOhG9bRDb3vSTg-qkPAZg,Gweilo-60,2019-02-17 20:31:39.998343,10727,0
UChXOhG9bRDb3vSTg-qkPAZg,Gweilo-60,2019-02-17 20:30:40.160269,10727,0
UChXOhG9bRDb3vSTg-qkPAZg,Gweilo-60,2019-02-17 20:29:40.433567,10727,0
UChXOhG9bRDb3vSTg-qkPAZg,Gweilo-60,2019-02-17 20:28:40.089405,10727,1
UChXOhG9bRDb3vSTg-qkPAZg,Gweilo-60,2019-02-17 20:27:39.723712,10726,0
UChXOhG9bRDb3vSTg-qkPAZg,Gweilo-60,2019-02-17 20:26:40.471777,10726,0
UChXOhG9bRDb3vSTg-qkPAZg,Gweilo-60,2019-02-17 20:25:39.848552,10726,0
UChXOhG9bRDb3vSTg-qkPAZg,Gweilo-60,2019-02-17 20:24:40.289164,10726,0
UChXOhG9bRDb3vSTg-qkPAZg,Gweilo-60,2019-02-17 20:23:39.888319,10726,0
UChXOhG9bRDb3vSTg-qkPAZg,Gweilo-60,2019-02-17 20:22:39.769474,10726,0
UChXOhG9bRDb3vSTg-qkPAZg,Gweilo-60,2019-02-17 20:21:39.929302,10726,0
UChXOhG9bRDb3vSTg-qkPAZg,Gweilo-60,2019-02-17 20:20:40.115988,10726,0
UChXOhG9bRDb3vSTg-qkPAZg,Gweilo-60,2019-02-17 20:19:39.599819,10726,0
UChXOhG9bRDb3vSTg-qkPAZg,Gweilo-60,2019-02-17 20:18:40.321856,10726,1
UChXOhG9bRDb3vSTg-qkPAZg,Gweilo-60,2019-02-17 20:17:40.567916,10725,0
UChXOhG9bRDb3vSTg-qkPAZg,Gweilo-60,2019-02-17 20:16:39.966118,10725,0
UChXOhG9bRDb3vSTg-qkPAZg,Gweilo-60,2019-02-17 20:15:40.16242,10725,0
UChXOhG9bRDb3vSTg-qkPAZg,Gweilo-60,2019-02-17 20:14:39.812885,10725,0
UChXOhG9bRDb3vSTg-qkPAZg,Gweilo-60,2019-02-17 20:13:39.926449,10725,0
UChXOhG9bRDb3vSTg-qkPAZg,Gweilo-60,2019-02-17 20:12:39.610891,10725,0
UChXOhG9bRDb3vSTg-qkPAZg,Gweilo-60,2019-02-17 20:11:39.994645,10725,0
UChXOhG9bRDb3vSTg-qkPAZg,Gweilo-60,2019-02-17 20:10:39.955367,10725,0
UChXOhG9bRDb3vSTg-qkPAZg,Gweilo-60,2019-02-17 20:09:40.105171,10725,0
UChXOhG9bRDb3vSTg-qkPAZg,Gweilo-60,2019-02-17 20:08:40.05411,10725,0
UChXOhG9bRDb3vSTg-qkPAZg,Gweilo-60,2019-02-17 20:07:39.945212,10725,0
UChXOhG9bRDb3vSTg-qkPAZg,Gweilo-60,2019-02-17 20:06:40.046044,10725,0
UChXOhG9bRDb3vSTg-qkPAZg,Gweilo-60,2019-02-17 20:05:39.709215,10725,0
UChXOhG9bRDb3vSTg-qkPAZg,Gweilo-60,2019-02-17 20:04:39.952446,10725,0
UChXOhG9bRDb3vSTg-qkPAZg,Gweilo-60,2019-02-17 20:03:39.813294,10725,0
UChXOhG9bRDb3vSTg-qkPAZg,Gweilo-60,2019-02-17 20:02:39.917685,10725,0
UChXOhG9bRDb3vSTg-qkPAZg,Gweilo-60,2019-02-17 20:01:40.3585,10725,1
UChXOhG9bRDb3vSTg-qkPAZg,Gweilo-60,2019-02-17 20:00:40.393133,10724,0
UChXOhG9bRDb3vSTg-qkPAZg,Gweilo-60,2019-02-17 19:59:40.204181,10724,0
UChXOhG9bRDb3vSTg-qkPAZg,Gweilo-60,2019-02-17 19:58:40.348472,10724,0
UChXOhG9bRDb3vSTg-qkPAZg,Gweilo-60,2019-02-17 19:57:40.378543,10724,0
UChXOhG9bRDb3vSTg-qkPAZg,Gweilo-60,2019-02-17 19:56:40.57541,10724,0
UChXOhG9bRDb3vSTg-qkPAZg,Gweilo-60,2019-02-17 19:55:40.395068,10724,0
UChXOhG9bRDb3vSTg-qkPAZg,Gweilo-60,2019-02-17 19:54:40.009185,10724,0
UChXOhG9bRDb3vSTg-qkPAZg,Gweilo-60,2019-02-17 19:53:39.800379,10724,0
UChXOhG9bRDb3vSTg-qkPAZg,Gweilo-60,2019-02-17 19:52:39.019812,10724,0
UChXOhG9bRDb3vSTg-qkPAZg,Gweilo-60,2019-02-17 19:51:39.911431,10724,0
UChXOhG9bRDb3vSTg-qkPAZg,Gweilo-60,2019-02-17 19:50:39.981406,10724,0
UChXOhG9bRDb3vSTg-qkPAZg,Gweilo-60,2019-02-17 19:49:40.17634,10724,0
UChXOhG9bRDb3vSTg-qkPAZg,Gweilo-60,2019-02-17 19:48:39.407838,10724,0
UChXOhG9bRDb3vSTg-qkPAZg,Gweilo-60,2019-02-17 19:47:40.195514,10724,0
UChXOhG9bRDb3vSTg-qkPAZg,Gweilo-60,2019-02-17 19:46:40.013052,10724,0
UChXOhG9bRDb3vSTg-qkPAZg,Gweilo-60,2019-02-17 19:45:39.401322,10724,0
UChXOhG9bRDb3vSTg-qkPAZg,Gweilo-60,2019-02-17 19:44:39.955661,10724,0
UChXOhG9bRDb3vSTg-qkPAZg,Gweilo-60,2019-02-17 19:43:40.094626,10724,0
UChXOhG9bRDb3vSTg-qkPAZg,Gweilo-60,2019-02-17 19:42:39.879888,10724,0
UChXOhG9bRDb3vSTg-qkPAZg,Gweilo-60,2019-02-17 19:41:39.791432,10724,0
UChXOhG9bRDb3vSTg-qkPAZg,Gweilo-60,2019-02-17 19:40:39.892834,10724,0
UChXOhG9bRDb3vSTg-qkPAZg,Gweilo-60,2019-02-17 19:39:39.688074,10724,0
UChXOhG9bRDb3vSTg-qkPAZg,Gweilo-60,2019-02-17 19:38:39.648173,10724,0
UChXOhG9bRDb3vSTg-qkPAZg,Gweilo-60,2019-02-17 19:37:40.612709,10724,0
UChXOhG9bRDb3vSTg-qkPAZg,Gweilo-60,2019-02-17 19:36:40.244827,10724,0
UChXOhG9bRDb3vSTg-qkPAZg,Gweilo-60,2019-02-17 19:35:39.945766,10724,0
UChXOhG9bRDb3vSTg-qkPAZg,Gweilo-60,2019-02-17 19:34:39.903449,10724,0
UChXOhG9bRDb3vSTg-qkPAZg,Gweilo-60,2019-02-17 19:33:39.62477,10724,0
UChXOhG9bRDb3vSTg-qkPAZg,Gweilo-60,2019-02-17 19:32:40.298722,10724,0
UChXOhG9bRDb3vSTg-qkPAZg,Gweilo-60,2019-02-17 19:31:39.418901,10724,0
UChXOhG9bRDb3vSTg-qkPAZg,Gweilo-60,2019-02-17 19:30:40.278943,10724,0
UChXOhG9bRDb3vSTg-qkPAZg,Gweilo-60,2019-02-17 19:29:40.146131,10724,0
UChXOhG9bRDb3vSTg-qkPAZg,Gweilo-60,2019-02-17 19:28:40.05681,10724,0
UChXOhG9bRDb3vSTg-qkPAZg,Gweilo-60,2019-02-17 19:27:39.578485,10724,0
UChXOhG9bRDb3vSTg-qkPAZg,Gweilo-60,2019-02-17 19:26:39.293643,10724,0
UChXOhG9bRDb3vSTg-qkPAZg,Gweilo-60,2019-02-17 19:25:40.660005,10724,0
UChXOhG9bRDb3vSTg-qkPAZg,Gweilo-60,2019-02-17 19:24:39.762848,10724,0
UChXOhG9bRDb3vSTg-qkPAZg,Gweilo-60,2019-02-17 19:23:39.537105,10724,0
UChXOhG9bRDb3vSTg-qkPAZg,Gweilo-60,2019-02-17 19:22:40.023461,10724,0
UChXOhG9bRDb3vSTg-qkPAZg,Gweilo-60,2019-02-17 19:21:39.771112,10724,0
UChXOhG9bRDb3vSTg-qkPAZg,Gweilo-60,2019-02-17 19:20:39.873295,10724,0
UChXOhG9bRDb3vSTg-qkPAZg,Gweilo-60,2019-02-17 19:19:39.953274,10724,0
UChXOhG9bRDb3vSTg-qkPAZg,Gweilo-60,2019-02-17 19:18:40.111294,10724,0
UChXOhG9bRDb3vSTg-qkPAZg,Gweilo-60,2019-02-17 19:17:39.975499,10724,0
UChXOhG9bRDb3vSTg-qkPAZg,Gweilo-60,2019-02-17 19:16:40.085695,10724,0
UChXOhG9bRDb3vSTg-qkPAZg,Gweilo-60,2019-02-17 19:15:39.758349,10724,0
UChXOhG9bRDb3vSTg-qkPAZg,Gweilo-60,2019-02-17 19:14:39.94972,10724,0
UChXOhG9bRDb3vSTg-qkPAZg,Gweilo-60,2019-02-17 19:13:40.353084,10724,1
UChXOhG9bRDb3vSTg-qkPAZg,Gweilo-60,2019-02-17 19:12:39.834026,10723,0
UChXOhG9bRDb3vSTg-qkPAZg,Gweilo-60,2019-02-17 19:11:40.32792,10723,0
UChXOhG9bRDb3vSTg-qkPAZg,Gweilo-60,2019-02-17 19:10:39.301601,10723,0
UChXOhG9bRDb3vSTg-qkPAZg,Gweilo-60,2019-02-17 19:09:40.327712,10723,0
UChXOhG9bRDb3vSTg-qkPAZg,Gweilo-60,2019-02-17 19:08:40.186582,10723,0
UChXOhG9bRDb3vSTg-qkPAZg,Gweilo-60,2019-02-17 19:07:39.241279,10723,0
UChXOhG9bRDb3vSTg-qkPAZg,Gweilo-60,2019-02-17 19:06:40.013177,10723,0
UChXOhG9bRDb3vSTg-qkPAZg,Gweilo-60,2019-02-17 19:05:40.208553,10723,0
UChXOhG9bRDb3vSTg-qkPAZg,Gweilo-60,2019-02-17 19:04:39.831335,10723,0
UChXOhG9bRDb3vSTg-qkPAZg,Gweilo-60,2019-02-17 19:03:40.296956,10723,0
UChXOhG9bRDb3vSTg-qkPAZg,Gweilo-60,2019-02-17 19:02:39.421634,10723,0
UChXOhG9bRDb3vSTg-qkPAZg,Gweilo-60,2019-02-17 19:01:39.755726,10723,1
UChXOhG9bRDb3vSTg-qkPAZg,Gweilo-60,2019-02-17 19:00:40.478221,10722,0
UChXOhG9bRDb3vSTg-qkPAZg,Gweilo-60,2019-02-17 18:59:40.003513,10722,0
UChXOhG9bRDb3vSTg-qkPAZg,Gweilo-60,2019-02-17 18:58:40.595738,10722,0
UChXOhG9bRDb3vSTg-qkPAZg,Gweilo-60,2019-02-17 18:57:40.354161,10722,0
UChXOhG9bRDb3vSTg-qkPAZg,Gweilo-60,2019-02-17 18:56:39.952254,10722,0
UChXOhG9bRDb3vSTg-qkPAZg,Gweilo-60,2019-02-17 18:55:40.004812,10722,0
UChXOhG9bRDb3vSTg-qkPAZg,Gweilo-60,2019-02-17 18:54:40.465751,10722,0
UChXOhG9bRDb3vSTg-qkPAZg,Gweilo-60,2019-02-17 18:53:40.628715,10722,0
UChXOhG9bRDb3vSTg-qkPAZg,Gweilo-60,2019-02-17 18:52:39.675514,10722,0
UChXOhG9bRDb3vSTg-qkPAZg,Gweilo-60,2019-02-17 18:51:39.835089,10722,0
UChXOhG9bRDb3vSTg-qkPAZg,Gweilo-60,2019-02-17 18:50:40.056478,10722,0
UChXOhG9bRDb3vSTg-qkPAZg,Gweilo-60,2019-02-17 18:49:40.160898,10722,0
UChXOhG9bRDb3vSTg-qkPAZg,Gweilo-60,2019-02-17 18:48:39.481964,10722,0
UChXOhG9bRDb3vSTg-qkPAZg,Gweilo-60,2019-02-17 18:47:39.672077,10722,0
UChXOhG9bRDb3vSTg-qkPAZg,Gweilo-60,2019-02-17 18:46:40.159714,10722,0
UChXOhG9bRDb3vSTg-qkPAZg,Gweilo-60,2019-02-17 18:45:41.090853,10722,0
UChXOhG9bRDb3vSTg-qkPAZg,Gweilo-60,2019-02-17 18:44:39.6864,10722,0
UChXOhG9bRDb3vSTg-qkPAZg,Gweilo-60,2019-02-17 18:43:39.651794,10722,0
UChXOhG9bRDb3vSTg-qkPAZg,Gweilo-60,2019-02-17 18:42:40.033232,10722,0
UChXOhG9bRDb3vSTg-qkPAZg,Gweilo-60,2019-02-17 18:41:40.401811,10722,0
UChXOhG9bRDb3vSTg-qkPAZg,Gweilo-60,2019-02-17 18:40:39.793828,10722,0
UChXOhG9bRDb3vSTg-qkPAZg,Gweilo-60,2019-02-17 18:39:39.152411,10722,0
UChXOhG9bRDb3vSTg-qkPAZg,Gweilo-60,2019-02-17 18:38:39.853115,10722,0
UChXOhG9bRDb3vSTg-qkPAZg,Gweilo-60,2019-02-17 18:37:39.982363,10722,0
UChXOhG9bRDb3vSTg-qkPAZg,Gweilo-60,2019-02-17 18:36:39.717037,10722,0
UChXOhG9bRDb3vSTg-qkPAZg,Gweilo-60,2019-02-17 18:35:39.816683,10722,0
UChXOhG9bRDb3vSTg-qkPAZg,Gweilo-60,2019-02-17 18:34:39.891933,10722,0
UChXOhG9bRDb3vSTg-qkPAZg,Gweilo-60,2019-02-17 18:33:40.095572,10722,0
UChXOhG9bRDb3vSTg-qkPAZg,Gweilo-60,2019-02-17 18:32:40.413305,10722,0
UChXOhG9bRDb3vSTg-qkPAZg,Gweilo-60,2019-02-17 18:31:39.823794,10722,0
UChXOhG9bRDb3vSTg-qkPAZg,Gweilo-60,2019-02-17 18:30:40.116182,10722,0
UChXOhG9bRDb3vSTg-qkPAZg,Gweilo-60,2019-02-17 18:29:40.045128,10722,0
UChXOhG9bRDb3vSTg-qkPAZg,Gweilo-60,2019-02-17 18:28:39.974488,10722,0
UChXOhG9bRDb3vSTg-qkPAZg,Gweilo-60,2019-02-17 18:27:39.455067,10722,0
UChXOhG9bRDb3vSTg-qkPAZg,Gweilo-60,2019-02-17 18:26:39.957727,10722,0
UChXOhG9bRDb3vSTg-qkPAZg,Gweilo-60,2019-02-17 18:25:39.4201,10722,1
UChXOhG9bRDb3vSTg-qkPAZg,Gweilo-60,2019-02-17 18:24:39.801206,10721,2
UChXOhG9bRDb3vSTg-qkPAZg,Gweilo-60,2019-02-17 18:23:39.883761,10719,0
UChXOhG9bRDb3vSTg-qkPAZg,Gweilo-60,2019-02-17 18:22:39.696933,10719,0
UChXOhG9bRDb3vSTg-qkPAZg,Gweilo-60,2019-02-17 18:21:39.890151,10719,0
UChXOhG9bRDb3vSTg-qkPAZg,Gweilo-60,2019-02-17 18:20:39.580957,10719,0
UChXOhG9bRDb3vSTg-qkPAZg,Gweilo-60,2019-02-17 18:19:39.424114,10719,0
UChXOhG9bRDb3vSTg-qkPAZg,Gweilo-60,2019-02-17 18:18:39.648678,10719,1
UChXOhG9bRDb3vSTg-qkPAZg,Gweilo-60,2019-02-17 18:17:40.028606,10718,2
UChXOhG9bRDb3vSTg-qkPAZg,Gweilo-60,2019-02-17 18:16:39.813157,10716,0
UChXOhG9bRDb3vSTg-qkPAZg,Gweilo-60,2019-02-17 18:15:39.809141,10716,0
UChXOhG9bRDb3vSTg-qkPAZg,Gweilo-60,2019-02-17 18:14:39.999763,10716,0
UChXOhG9bRDb3vSTg-qkPAZg,Gweilo-60,2019-02-17 18:13:40.03491,10716,0
UChXOhG9bRDb3vSTg-qkPAZg,Gweilo-60,2019-02-17 18:12:39.925917,10716,0
UChXOhG9bRDb3vSTg-qkPAZg,Gweilo-60,2019-02-17 18:11:39.45479,10716,0
UChXOhG9bRDb3vSTg-qkPAZg,Gweilo-60,2019-02-17 18:10:40.122454,10716,0
UChXOhG9bRDb3vSTg-qkPAZg,Gweilo-60,2019-02-17 18:09:39.406402,10716,0
UChXOhG9bRDb3vSTg-qkPAZg,Gweilo-60,2019-02-17 18:08:39.174055,10716,0
UChXOhG9bRDb3vSTg-qkPAZg,Gweilo-60,2019-02-17 18:07:40.205818,10716,1
UChXOhG9bRDb3vSTg-qkPAZg,Gweilo-60,2019-02-17 18:06:39.811778,10715,0
UChXOhG9bRDb3vSTg-qkPAZg,Gweilo-60,2019-02-17 18:05:39.705494,10715,0
UChXOhG9bRDb3vSTg-qkPAZg,Gweilo-60,2019-02-17 18:04:39.780528,10715,0
UChXOhG9bRDb3vSTg-qkPAZg,Gweilo-60,2019-02-17 18:03:40.009962,10715,0
UChXOhG9bRDb3vSTg-qkPAZg,Gweilo-60,2019-02-17 18:02:40.566517,10715,0
UChXOhG9bRDb3vSTg-qkPAZg,Gweilo-60,2019-02-17 18:01:39.73949,10715,0
UChXOhG9bRDb3vSTg-qkPAZg,Gweilo-60,2019-02-17 18:00:39.414974,10715,1
UChXOhG9bRDb3vSTg-qkPAZg,Gweilo-60,2019-02-17 17:59:40.333111,10714,0
UChXOhG9bRDb3vSTg-qkPAZg,Gweilo-60,2019-02-17 17:58:39.874941,10714,0
UChXOhG9bRDb3vSTg-qkPAZg,Gweilo-60,2019-02-17 17:57:40.626801,10714,0
UChXOhG9bRDb3vSTg-qkPAZg,Gweilo-60,2019-02-17 17:56:39.323922,10714,0
UChXOhG9bRDb3vSTg-qkPAZg,Gweilo-60,2019-02-17 17:55:40.008999,10714,0
UChXOhG9bRDb3vSTg-qkPAZg,Gweilo-60,2019-02-17 17:54:39.667585,10714,0
UChXOhG9bRDb3vSTg-qkPAZg,Gweilo-60,2019-02-17 17:53:39.586471,10714,0
UChXOhG9bRDb3vSTg-qkPAZg,Gweilo-60,2019-02-17 17:52:39.93777,10714,0
UChXOhG9bRDb3vSTg-qkPAZg,Gweilo-60,2019-02-17 17:51:40.105005,10714,0
UChXOhG9bRDb3vSTg-qkPAZg,Gweilo-60,2019-02-17 17:50:40.160387,10714,-1
UChXOhG9bRDb3vSTg-qkPAZg,Gweilo-60,2019-02-17 17:49:39.511726,10715,0
UChXOhG9bRDb3vSTg-qkPAZg,Gweilo-60,2019-02-17 17:48:39.622468,10715,0
UChXOhG9bRDb3vSTg-qkPAZg,Gweilo-60,2019-02-17 17:47:40.085515,10715,0
UChXOhG9bRDb3vSTg-qkPAZg,Gweilo-60,2019-02-17 17:46:39.869777,10715,0
UChXOhG9bRDb3vSTg-qkPAZg,Gweilo-60,2019-02-17 17:45:39.981226,10715,0
UChXOhG9bRDb3vSTg-qkPAZg,Gweilo-60,2019-02-17 17:44:40.086928,10715,0
UChXOhG9bRDb3vSTg-qkPAZg,Gweilo-60,2019-02-17 17:43:40.101922,10715,1
UChXOhG9bRDb3vSTg-qkPAZg,Gweilo-60,2019-02-17 17:42:40.133375,10714,0
UChXOhG9bRDb3vSTg-qkPAZg,Gweilo-60,2019-02-17 17:41:39.697006,10714,0
UChXOhG9bRDb3vSTg-qkPAZg,Gweilo-60,2019-02-17 17:40:39.300128,10714,0
UChXOhG9bRDb3vSTg-qkPAZg,Gweilo-60,2019-02-17 17:39:40.078417,10714,1
UChXOhG9bRDb3vSTg-qkPAZg,Gweilo-60,2019-02-17 17:38:39.507665,10713,0
UChXOhG9bRDb3vSTg-qkPAZg,Gweilo-60,2019-02-17 17:37:39.848757,10713,0
UChXOhG9bRDb3vSTg-qkPAZg,Gweilo-60,2019-02-17 17:36:40.332814,10713,0
UChXOhG9bRDb3vSTg-qkPAZg,Gweilo-60,2019-02-17 17:35:40.537286,10713,0
UChXOhG9bRDb3vSTg-qkPAZg,Gweilo-60,2019-02-17 17:34:39.834518,10713,0
UChXOhG9bRDb3vSTg-qkPAZg,Gweilo-60,2019-02-17 17:33:39.876064,10713,0
UChXOhG9bRDb3vSTg-qkPAZg,Gweilo-60,2019-02-17 17:32:39.884534,10713,0
UChXOhG9bRDb3vSTg-qkPAZg,Gweilo-60,2019-02-17 17:31:39.889877,10713,0
UChXOhG9bRDb3vSTg-qkPAZg,Gweilo-60,2019-02-17 17:30:40.257013,10713,0
UChXOhG9bRDb3vSTg-qkPAZg,Gweilo-60,2019-02-17 17:29:39.669169,10713,0
UChXOhG9bRDb3vSTg-qkPAZg,Gweilo-60,2019-02-17 17:28:39.590053,10713,0
UChXOhG9bRDb3vSTg-qkPAZg,Gweilo-60,2019-02-17 17:27:40.101425,10713,0
UChXOhG9bRDb3vSTg-qkPAZg,Gweilo-60,2019-02-17 17:26:40.52902,10713,0
UChXOhG9bRDb3vSTg-qkPAZg,Gweilo-60,2019-02-17 17:25:39.743012,10713,0
UChXOhG9bRDb3vSTg-qkPAZg,Gweilo-60,2019-02-17 17:24:39.975493,10713,0
UChXOhG9bRDb3vSTg-qkPAZg,Gweilo-60,2019-02-17 17:23:39.575801,10713,0
UChXOhG9bRDb3vSTg-qkPAZg,Gweilo-60,2019-02-17 17:22:39.644218,10713,0
UChXOhG9bRDb3vSTg-qkPAZg,Gweilo-60,2019-02-17 17:21:40.025302,10713,0
UChXOhG9bRDb3vSTg-qkPAZg,Gweilo-60,2019-02-17 17:20:40.098283,10713,0
UChXOhG9bRDb3vSTg-qkPAZg,Gweilo-60,2019-02-17 17:19:39.782394,10713,0
UChXOhG9bRDb3vSTg-qkPAZg,Gweilo-60,2019-02-17 17:18:39.696779,10713,0
UChXOhG9bRDb3vSTg-qkPAZg,Gweilo-60,2019-02-17 17:17:40.467504,10713,0
UChXOhG9bRDb3vSTg-qkPAZg,Gweilo-60,2019-02-17 17:16:40.586006,10713,0
UChXOhG9bRDb3vSTg-qkPAZg,Gweilo-60,2019-02-17 17:15:39.609844,10713,1
UChXOhG9bRDb3vSTg-qkPAZg,Gweilo-60,2019-02-17 17:14:39.816739,10712,0
UChXOhG9bRDb3vSTg-qkPAZg,Gweilo-60,2019-02-17 17:13:39.545097,10712,0
UChXOhG9bRDb3vSTg-qkPAZg,Gweilo-60,2019-02-17 17:12:39.952274,10712,0
UChXOhG9bRDb3vSTg-qkPAZg,Gweilo-60,2019-02-17 17:11:39.713971,10712,0
UChXOhG9bRDb3vSTg-qkPAZg,Gweilo-60,2019-02-17 17:10:39.860905,10712,0
UChXOhG9bRDb3vSTg-qkPAZg,Gweilo-60,2019-02-17 17:09:39.370831,10712,0
UChXOhG9bRDb3vSTg-qkPAZg,Gweilo-60,2019-02-17 17:08:39.914658,10712,0
UChXOhG9bRDb3vSTg-qkPAZg,Gweilo-60,2019-02-17 17:07:39.681267,10712,0
UChXOhG9bRDb3vSTg-qkPAZg,Gweilo-60,2019-02-17 17:06:40.359196,10712,0
UChXOhG9bRDb3vSTg-qkPAZg,Gweilo-60,2019-02-17 17:05:39.271583,10712,0
UChXOhG9bRDb3vSTg-qkPAZg,Gweilo-60,2019-02-17 17:04:39.546629,10712,0
UChXOhG9bRDb3vSTg-qkPAZg,Gweilo-60,2019-02-17 17:03:39.374595,10712,0
UChXOhG9bRDb3vSTg-qkPAZg,Gweilo-60,2019-02-17 17:02:39.936978,10712,0
UChXOhG9bRDb3vSTg-qkPAZg,Gweilo-60,2019-02-17 17:01:39.905379,10712,0
UChXOhG9bRDb3vSTg-qkPAZg,Gweilo-60,2019-02-17 17:00:40.496608,10712,0
UChXOhG9bRDb3vSTg-qkPAZg,Gweilo-60,2019-02-17 16:59:39.999501,10712,0
UChXOhG9bRDb3vSTg-qkPAZg,Gweilo-60,2019-02-17 16:58:40.101309,10712,0
UChXOhG9bRDb3vSTg-qkPAZg,Gweilo-60,2019-02-17 16:57:40.007178,10712,0
UChXOhG9bRDb3vSTg-qkPAZg,Gweilo-60,2019-02-17 16:56:40.136747,10712,0
UChXOhG9bRDb3vSTg-qkPAZg,Gweilo-60,2019-02-17 16:55:39.99334,10712,0
UChXOhG9bRDb3vSTg-qkPAZg,Gweilo-60,2019-02-17 16:54:39.565824,10712,0
UChXOhG9bRDb3vSTg-qkPAZg,Gweilo-60,2019-02-17 16:53:39.960749,10712,0
UChXOhG9bRDb3vSTg-qkPAZg,Gweilo-60,2019-02-17 16:52:40.037189,10712,0
UChXOhG9bRDb3vSTg-qkPAZg,Gweilo-60,2019-02-17 16:51:39.361641,10712,0
UChXOhG9bRDb3vSTg-qkPAZg,Gweilo-60,2019-02-17 16:50:40.214395,10712,1
UChXOhG9bRDb3vSTg-qkPAZg,Gweilo-60,2019-02-17 16:49:39.594178,10711,0
UChXOhG9bRDb3vSTg-qkPAZg,Gweilo-60,2019-02-17 16:48:39.817757,10711,0
UChXOhG9bRDb3vSTg-qkPAZg,Gweilo-60,2019-02-17 16:47:39.933587,10711,0
UChXOhG9bRDb3vSTg-qkPAZg,Gweilo-60,2019-02-17 16:46:40.283241,10711,1
UChXOhG9bRDb3vSTg-qkPAZg,Gweilo-60,2019-02-17 16:45:40.174511,10710,0
UChXOhG9bRDb3vSTg-qkPAZg,Gweilo-60,2019-02-17 16:44:39.379562,10710,0
UChXOhG9bRDb3vSTg-qkPAZg,Gweilo-60,2019-02-17 16:43:40.911386,10710,0
UChXOhG9bRDb3vSTg-qkPAZg,Gweilo-60,2019-02-17 16:42:39.425446,10710,0
UChXOhG9bRDb3vSTg-qkPAZg,Gweilo-60,2019-02-17 16:41:39.767152,10710,0
UChXOhG9bRDb3vSTg-qkPAZg,Gweilo-60,2019-02-17 16:40:39.983054,10710,1
UChXOhG9bRDb3vSTg-qkPAZg,Gweilo-60,2019-02-17 16:39:40.181145,10709,0
UChXOhG9bRDb3vSTg-qkPAZg,Gweilo-60,2019-02-17 16:38:39.917955,10709,0
UChXOhG9bRDb3vSTg-qkPAZg,Gweilo-60,2019-02-17 16:37:39.746343,10709,0
UChXOhG9bRDb3vSTg-qkPAZg,Gweilo-60,2019-02-17 16:36:39.688766,10709,0
UChXOhG9bRDb3vSTg-qkPAZg,Gweilo-60,2019-02-17 16:35:39.421836,10709,0
UChXOhG9bRDb3vSTg-qkPAZg,Gweilo-60,2019-02-17 16:34:39.867474,10709,0
UChXOhG9bRDb3vSTg-qkPAZg,Gweilo-60,2019-02-17 16:33:39.857698,10709,0
UChXOhG9bRDb3vSTg-qkPAZg,Gweilo-60,2019-02-17 16:32:40.146342,10709,0
UChXOhG9bRDb3vSTg-qkPAZg,Gweilo-60,2019-02-17 16:31:39.584498,10709,1
UChXOhG9bRDb3vSTg-qkPAZg,Gweilo-60,2019-02-17 16:30:39.846532,10708,1
UChXOhG9bRDb3vSTg-qkPAZg,Gweilo-60,2019-02-17 16:29:40.156747,10707,0
UChXOhG9bRDb3vSTg-qkPAZg,Gweilo-60,2019-02-17 16:28:40.160569,10707,0
UChXOhG9bRDb3vSTg-qkPAZg,Gweilo-60,2019-02-17 16:27:39.452422,10707,0
UChXOhG9bRDb3vSTg-qkPAZg,Gweilo-60,2019-02-17 16:26:39.604224,10707,0
UChXOhG9bRDb3vSTg-qkPAZg,Gweilo-60,2019-02-17 16:25:40.66119,10707,0
UChXOhG9bRDb3vSTg-qkPAZg,Gweilo-60,2019-02-17 16:24:39.904569,10707,0
UChXOhG9bRDb3vSTg-qkPAZg,Gweilo-60,2019-02-17 16:23:39.780658,10707,0
UChXOhG9bRDb3vSTg-qkPAZg,Gweilo-60,2019-02-17 16:22:40.290849,10707,0
UChXOhG9bRDb3vSTg-qkPAZg,Gweilo-60,2019-02-17 16:21:39.762031,10707,0
UChXOhG9bRDb3vSTg-qkPAZg,Gweilo-60,2019-02-17 16:20:40.753284,10707,0
UChXOhG9bRDb3vSTg-qkPAZg,Gweilo-60,2019-02-17 16:19:39.806962,10707,0
UChXOhG9bRDb3vSTg-qkPAZg,Gweilo-60,2019-02-17 16:18:39.624912,10707,0
UChXOhG9bRDb3vSTg-qkPAZg,Gweilo-60,2019-02-17 16:17:40.629335,10707,0
UChXOhG9bRDb3vSTg-qkPAZg,Gweilo-60,2019-02-17 16:16:39.143715,10707,0
UChXOhG9bRDb3vSTg-qkPAZg,Gweilo-60,2019-02-17 16:15:40.138515,10707,0
UChXOhG9bRDb3vSTg-qkPAZg,Gweilo-60,2019-02-17 16:14:40.697101,10707,0
UChXOhG9bRDb3vSTg-qkPAZg,Gweilo-60,2019-02-17 16:13:40.483107,10707,0
UChXOhG9bRDb3vSTg-qkPAZg,Gweilo-60,2019-02-17 16:12:39.800279,10707,1
UChXOhG9bRDb3vSTg-qkPAZg,Gweilo-60,2019-02-17 16:11:39.988475,10706,0
UChXOhG9bRDb3vSTg-qkPAZg,Gweilo-60,2019-02-17 16:10:39.672574,10706,0
UChXOhG9bRDb3vSTg-qkPAZg,Gweilo-60,2019-02-17 16:09:40.209213,10706,0
UChXOhG9bRDb3vSTg-qkPAZg,Gweilo-60,2019-02-17 16:08:40.020726,10706,0
UChXOhG9bRDb3vSTg-qkPAZg,Gweilo-60,2019-02-17 16:07:40.015563,10706,0
UChXOhG9bRDb3vSTg-qkPAZg,Gweilo-60,2019-02-17 16:06:39.740578,10706,0
UChXOhG9bRDb3vSTg-qkPAZg,Gweilo-60,2019-02-17 16:05:39.948738,10706,0
UChXOhG9bRDb3vSTg-qkPAZg,Gweilo-60,2019-02-17 16:04:40.064745,10706,0
UChXOhG9bRDb3vSTg-qkPAZg,Gweilo-60,2019-02-17 16:03:40.125658,10706,0
UChXOhG9bRDb3vSTg-qkPAZg,Gweilo-60,2019-02-17 16:02:39.594505,10706,0
UChXOhG9bRDb3vSTg-qkPAZg,Gweilo-60,2019-02-17 16:01:39.677805,10706,0
UChXOhG9bRDb3vSTg-qkPAZg,Gweilo-60,2019-02-17 16:00:39.514478,10706,0
UChXOhG9bRDb3vSTg-qkPAZg,Gweilo-60,2019-02-17 15:59:40.256968,10706,0
UChXOhG9bRDb3vSTg-qkPAZg,Gweilo-60,2019-02-17 15:58:39.798955,10706,0
UChXOhG9bRDb3vSTg-qkPAZg,Gweilo-60,2019-02-17 15:57:40.431261,10706,0
UChXOhG9bRDb3vSTg-qkPAZg,Gweilo-60,2019-02-17 15:56:39.837501,10706,0
UChXOhG9bRDb3vSTg-qkPAZg,Gweilo-60,2019-02-17 15:55:39.703377,10706,0
UChXOhG9bRDb3vSTg-qkPAZg,Gweilo-60,2019-02-17 15:54:39.652592,10706,0
UChXOhG9bRDb3vSTg-qkPAZg,Gweilo-60,2019-02-17 15:53:39.764107,10706,0
UChXOhG9bRDb3vSTg-qkPAZg,Gweilo-60,2019-02-17 15:52:40.321963,10706,0
UChXOhG9bRDb3vSTg-qkPAZg,Gweilo-60,2019-02-17 15:51:39.347453,10706,0
UChXOhG9bRDb3vSTg-qkPAZg,Gweilo-60,2019-02-17 15:50:39.324237,10706,0
UChXOhG9bRDb3vSTg-qkPAZg,Gweilo-60,2019-02-17 15:49:39.653293,10706,0
UChXOhG9bRDb3vSTg-qkPAZg,Gweilo-60,2019-02-17 15:48:40.057341,10706,0
UChXOhG9bRDb3vSTg-qkPAZg,Gweilo-60,2019-02-17 15:47:40.494498,10706,0
UChXOhG9bRDb3vSTg-qkPAZg,Gweilo-60,2019-02-17 15:46:39.689911,10706,0
UChXOhG9bRDb3vSTg-qkPAZg,Gweilo-60,2019-02-17 15:45:40.066626,10706,0
UChXOhG9bRDb3vSTg-qkPAZg,Gweilo-60,2019-02-17 15:44:40.062589,10706,0
UChXOhG9bRDb3vSTg-qkPAZg,Gweilo-60,2019-02-17 15:43:40.130567,10706,0
UChXOhG9bRDb3vSTg-qkPAZg,Gweilo-60,2019-02-17 15:42:40.293308,10706,1
UChXOhG9bRDb3vSTg-qkPAZg,Gweilo-60,2019-02-17 15:41:39.765294,10705,0
UChXOhG9bRDb3vSTg-qkPAZg,Gweilo-60,2019-02-17 15:40:39.527504,10705,0
UChXOhG9bRDb3vSTg-qkPAZg,Gweilo-60,2019-02-17 15:39:39.712043,10705,0
UChXOhG9bRDb3vSTg-qkPAZg,Gweilo-60,2019-02-17 15:38:39.407883,10705,0
UChXOhG9bRDb3vSTg-qkPAZg,Gweilo-60,2019-02-17 15:37:40.368817,10705,0
UChXOhG9bRDb3vSTg-qkPAZg,Gweilo-60,2019-02-17 15:36:40.038485,10705,0
UChXOhG9bRDb3vSTg-qkPAZg,Gweilo-60,2019-02-17 15:35:39.79456,10705,0
UChXOhG9bRDb3vSTg-qkPAZg,Gweilo-60,2019-02-17 15:34:39.642855,10705,0
UChXOhG9bRDb3vSTg-qkPAZg,Gweilo-60,2019-02-17 15:33:39.663242,10705,-1
UChXOhG9bRDb3vSTg-qkPAZg,Gweilo-60,2019-02-17 15:32:39.726429,10706,0
UChXOhG9bRDb3vSTg-qkPAZg,Gweilo-60,2019-02-17 15:31:39.661275,10706,-1
UChXOhG9bRDb3vSTg-qkPAZg,Gweilo-60,2019-02-17 15:30:39.274307,10707,-1
UChXOhG9bRDb3vSTg-qkPAZg,Gweilo-60,2019-02-17 15:29:40.306391,10708,0
UChXOhG9bRDb3vSTg-qkPAZg,Gweilo-60,2019-02-17 15:28:39.607095,10708,0
UChXOhG9bRDb3vSTg-qkPAZg,Gweilo-60,2019-02-17 15:27:39.680598,10708,0
UChXOhG9bRDb3vSTg-qkPAZg,Gweilo-60,2019-02-17 15:26:39.738603,10708,-2
UChXOhG9bRDb3vSTg-qkPAZg,Gweilo-60,2019-02-17 15:25:39.943018,10710,-1
UChXOhG9bRDb3vSTg-qkPAZg,Gweilo-60,2019-02-17 15:24:39.668957,10711,-2
UChXOhG9bRDb3vSTg-qkPAZg,Gweilo-60,2019-02-17 15:23:39.544069,10713,0
UChXOhG9bRDb3vSTg-qkPAZg,Gweilo-60,2019-02-17 15:22:40.010931,10713,0
UChXOhG9bRDb3vSTg-qkPAZg,Gweilo-60,2019-02-17 15:21:39.881441,10713,0
UChXOhG9bRDb3vSTg-qkPAZg,Gweilo-60,2019-02-17 15:20:39.904421,10713,0
UChXOhG9bRDb3vSTg-qkPAZg,Gweilo-60,2019-02-17 15:19:39.765611,10713,0
UChXOhG9bRDb3vSTg-qkPAZg,Gweilo-60,2019-02-17 15:18:39.786396,10713,-1
UChXOhG9bRDb3vSTg-qkPAZg,Gweilo-60,2019-02-17 15:17:39.626875,10714,-1
UChXOhG9bRDb3vSTg-qkPAZg,Gweilo-60,2019-02-17 15:16:39.953916,10715,-2
UChXOhG9bRDb3vSTg-qkPAZg,Gweilo-60,2019-02-17 15:15:40.387549,10717,0
UChXOhG9bRDb3vSTg-qkPAZg,Gweilo-60,2019-02-17 15:14:39.428661,10717,-1
UChXOhG9bRDb3vSTg-qkPAZg,Gweilo-60,2019-02-17 15:13:40.007822,10718,0
UChXOhG9bRDb3vSTg-qkPAZg,Gweilo-60,2019-02-17 15:12:40.338152,10718,0
UChXOhG9bRDb3vSTg-qkPAZg,Gweilo-60,2019-02-17 15:11:39.61055,10718,0
UChXOhG9bRDb3vSTg-qkPAZg,Gweilo-60,2019-02-17 15:10:39.701167,10718,-1
UChXOhG9bRDb3vSTg-qkPAZg,Gweilo-60,2019-02-17 15:09:39.953706,10719,0
UChXOhG9bRDb3vSTg-qkPAZg,Gweilo-60,2019-02-17 15:08:39.909808,10719,0
UChXOhG9bRDb3vSTg-qkPAZg,Gweilo-60,2019-02-17 15:07:40.060484,10719,0
UChXOhG9bRDb3vSTg-qkPAZg,Gweilo-60,2019-02-17 15:06:39.791528,10719,0
UChXOhG9bRDb3vSTg-qkPAZg,Gweilo-60,2019-02-17 15:05:39.806753,10719,0
UChXOhG9bRDb3vSTg-qkPAZg,Gweilo-60,2019-02-17 15:04:39.533161,10719,0
UChXOhG9bRDb3vSTg-qkPAZg,Gweilo-60,2019-02-17 15:03:39.584332,10719,0
UChXOhG9bRDb3vSTg-qkPAZg,Gweilo-60,2019-02-17 15:02:40.149961,10719,0
UChXOhG9bRDb3vSTg-qkPAZg,Gweilo-60,2019-02-17 15:01:39.517631,10719,0
UChXOhG9bRDb3vSTg-qkPAZg,Gweilo-60,2019-02-17 15:00:39.958104,10719,0
UChXOhG9bRDb3vSTg-qkPAZg,Gweilo-60,2019-02-17 14:59:40.107246,10719,0
UChXOhG9bRDb3vSTg-qkPAZg,Gweilo-60,2019-02-17 14:58:39.660899,10719,0
UChXOhG9bRDb3vSTg-qkPAZg,Gweilo-60,2019-02-17 14:57:39.447578,10719,0
UChXOhG9bRDb3vSTg-qkPAZg,Gweilo-60,2019-02-17 14:56:40.031225,10719,0
UChXOhG9bRDb3vSTg-qkPAZg,Gweilo-60,2019-02-17 14:55:40.290386,10719,0
UChXOhG9bRDb3vSTg-qkPAZg,Gweilo-60,2019-02-17 14:54:39.46181,10719,1
UChXOhG9bRDb3vSTg-qkPAZg,Gweilo-60,2019-02-17 14:53:39.827156,10718,1
UChXOhG9bRDb3vSTg-qkPAZg,Gweilo-60,2019-02-17 14:52:39.681728,10717,0
UChXOhG9bRDb3vSTg-qkPAZg,Gweilo-60,2019-02-17 14:51:39.648941,10717,0
UChXOhG9bRDb3vSTg-qkPAZg,Gweilo-60,2019-02-17 14:50:40.046993,10717,0
UChXOhG9bRDb3vSTg-qkPAZg,Gweilo-60,2019-02-17 14:49:39.680362,10717,0
UChXOhG9bRDb3vSTg-qkPAZg,Gweilo-60,2019-02-17 14:48:39.485962,10717,2
UChXOhG9bRDb3vSTg-qkPAZg,Gweilo-60,2019-02-17 14:47:39.729599,10715,0
UChXOhG9bRDb3vSTg-qkPAZg,Gweilo-60,2019-02-17 14:46:39.624899,10715,0
UChXOhG9bRDb3vSTg-qkPAZg,Gweilo-60,2019-02-17 14:45:39.585829,10715,0
UChXOhG9bRDb3vSTg-qkPAZg,Gweilo-60,2019-02-17 14:44:39.734163,10715,0
UChXOhG9bRDb3vSTg-qkPAZg,Gweilo-60,2019-02-17 14:43:39.601029,10715,0
UChXOhG9bRDb3vSTg-qkPAZg,Gweilo-60,2019-02-17 14:42:39.875077,10715,0
UChXOhG9bRDb3vSTg-qkPAZg,Gweilo-60,2019-02-17 14:41:39.858675,10715,0
UChXOhG9bRDb3vSTg-qkPAZg,Gweilo-60,2019-02-17 14:40:39.665145,10715,0
UChXOhG9bRDb3vSTg-qkPAZg,Gweilo-60,2019-02-17 14:39:39.349046,10715,0
UChXOhG9bRDb3vSTg-qkPAZg,Gweilo-60,2019-02-17 14:38:40.126406,10715,2
UChXOhG9bRDb3vSTg-qkPAZg,Gweilo-60,2019-02-17 14:37:39.769675,10713,0
UChXOhG9bRDb3vSTg-qkPAZg,Gweilo-60,2019-02-17 14:36:39.703964,10713,0
UChXOhG9bRDb3vSTg-qkPAZg,Gweilo-60,2019-02-17 14:35:39.388445,10713,0
UChXOhG9bRDb3vSTg-qkPAZg,Gweilo-60,2019-02-17 14:34:40.373382,10713,0
UChXOhG9bRDb3vSTg-qkPAZg,Gweilo-60,2019-02-17 14:33:39.513195,10713,0
UChXOhG9bRDb3vSTg-qkPAZg,Gweilo-60,2019-02-17 14:32:39.845209,10713,0
UChXOhG9bRDb3vSTg-qkPAZg,Gweilo-60,2019-02-17 14:31:39.780861,10713,0
UChXOhG9bRDb3vSTg-qkPAZg,Gweilo-60,2019-02-17 14:30:39.572128,10713,0
UChXOhG9bRDb3vSTg-qkPAZg,Gweilo-60,2019-02-17 14:29:39.797765,10713,0
UChXOhG9bRDb3vSTg-qkPAZg,Gweilo-60,2019-02-17 14:28:39.605282,10713,0
UChXOhG9bRDb3vSTg-qkPAZg,Gweilo-60,2019-02-17 14:27:39.248321,10713,1
UChXOhG9bRDb3vSTg-qkPAZg,Gweilo-60,2019-02-17 14:26:39.68526,10712,0
UChXOhG9bRDb3vSTg-qkPAZg,Gweilo-60,2019-02-17 14:25:39.827224,10712,0
UChXOhG9bRDb3vSTg-qkPAZg,Gweilo-60,2019-02-17 14:24:40.038132,10712,1
UChXOhG9bRDb3vSTg-qkPAZg,Gweilo-60,2019-02-17 14:23:39.937072,10711,0
UChXOhG9bRDb3vSTg-qkPAZg,Gweilo-60,2019-02-17 14:22:39.734725,10711,1
UChXOhG9bRDb3vSTg-qkPAZg,Gweilo-60,2019-02-17 14:21:39.803423,10710,1
UChXOhG9bRDb3vSTg-qkPAZg,Gweilo-60,2019-02-17 14:20:39.591477,10709,0
UChXOhG9bRDb3vSTg-qkPAZg,Gweilo-60,2019-02-17 14:19:39.900782,10709,0
UChXOhG9bRDb3vSTg-qkPAZg,Gweilo-60,2019-02-17 14:18:40.015863,10709,0
UChXOhG9bRDb3vSTg-qkPAZg,Gweilo-60,2019-02-17 14:17:39.831259,10709,0
UChXOhG9bRDb3vSTg-qkPAZg,Gweilo-60,2019-02-17 14:16:39.796655,10709,0
UChXOhG9bRDb3vSTg-qkPAZg,Gweilo-60,2019-02-17 14:15:39.923039,10709,0
UChXOhG9bRDb3vSTg-qkPAZg,Gweilo-60,2019-02-17 14:14:39.138349,10709,0
UChXOhG9bRDb3vSTg-qkPAZg,Gweilo-60,2019-02-17 14:13:39.478915,10709,0
UChXOhG9bRDb3vSTg-qkPAZg,Gweilo-60,2019-02-17 14:12:40.103196,10709,0
UChXOhG9bRDb3vSTg-qkPAZg,Gweilo-60,2019-02-17 14:11:39.665017,10709,0
UChXOhG9bRDb3vSTg-qkPAZg,Gweilo-60,2019-02-17 14:10:39.535343,10709,0
UChXOhG9bRDb3vSTg-qkPAZg,Gweilo-60,2019-02-17 14:09:39.949017,10709,1
UChXOhG9bRDb3vSTg-qkPAZg,Gweilo-60,2019-02-17 14:08:39.156653,10708,0
UChXOhG9bRDb3vSTg-qkPAZg,Gweilo-60,2019-02-17 14:07:40.056235,10708,0
UChXOhG9bRDb3vSTg-qkPAZg,Gweilo-60,2019-02-17 14:06:40.190473,10708,0
UChXOhG9bRDb3vSTg-qkPAZg,Gweilo-60,2019-02-17 14:05:39.922104,10708,0
UChXOhG9bRDb3vSTg-qkPAZg,Gweilo-60,2019-02-17 14:04:39.906797,10708,0
UChXOhG9bRDb3vSTg-qkPAZg,Gweilo-60,2019-02-17 14:03:39.529203,10708,0
UChXOhG9bRDb3vSTg-qkPAZg,Gweilo-60,2019-02-17 14:02:39.977832,10708,0
UChXOhG9bRDb3vSTg-qkPAZg,Gweilo-60,2019-02-17 14:01:39.804122,10708,1
UChXOhG9bRDb3vSTg-qkPAZg,Gweilo-60,2019-02-17 14:00:39.792473,10707,0
UChXOhG9bRDb3vSTg-qkPAZg,Gweilo-60,2019-02-17 13:59:39.896716,10707,0
UChXOhG9bRDb3vSTg-qkPAZg,Gweilo-60,2019-02-17 13:58:40.225266,10707,1
UChXOhG9bRDb3vSTg-qkPAZg,Gweilo-60,2019-02-17 13:57:40.050025,10706,0
UChXOhG9bRDb3vSTg-qkPAZg,Gweilo-60,2019-02-17 13:56:39.854551,10706,0
UChXOhG9bRDb3vSTg-qkPAZg,Gweilo-60,2019-02-17 13:55:40.074481,10706,0
UChXOhG9bRDb3vSTg-qkPAZg,Gweilo-60,2019-02-17 13:54:39.434846,10706,0
UChXOhG9bRDb3vSTg-qkPAZg,Gweilo-60,2019-02-17 13:53:40.031802,10706,0
UChXOhG9bRDb3vSTg-qkPAZg,Gweilo-60,2019-02-17 13:52:40.025285,10706,0
UChXOhG9bRDb3vSTg-qkPAZg,Gweilo-60,2019-02-17 13:51:40.048449,10706,0
UChXOhG9bRDb3vSTg-qkPAZg,Gweilo-60,2019-02-17 13:50:39.488161,10706,0
UChXOhG9bRDb3vSTg-qkPAZg,Gweilo-60,2019-02-17 13:49:39.651035,10706,0
UChXOhG9bRDb3vSTg-qkPAZg,Gweilo-60,2019-02-17 13:48:39.283991,10706,0
UChXOhG9bRDb3vSTg-qkPAZg,Gweilo-60,2019-02-17 13:47:39.603829,10706,0
UChXOhG9bRDb3vSTg-qkPAZg,Gweilo-60,2019-02-17 13:46:39.44965,10706,1
UChXOhG9bRDb3vSTg-qkPAZg,Gweilo-60,2019-02-17 13:45:39.153678,10705,-1
UChXOhG9bRDb3vSTg-qkPAZg,Gweilo-60,2019-02-17 13:44:39.788286,10706,0
UChXOhG9bRDb3vSTg-qkPAZg,Gweilo-60,2019-02-17 13:43:39.653099,10706,0
UChXOhG9bRDb3vSTg-qkPAZg,Gweilo-60,2019-02-17 13:42:39.938154,10706,-1
UChXOhG9bRDb3vSTg-qkPAZg,Gweilo-60,2019-02-17 13:41:39.836738,10707,-1
UChXOhG9bRDb3vSTg-qkPAZg,Gweilo-60,2019-02-17 13:40:39.627488,10708,1
UChXOhG9bRDb3vSTg-qkPAZg,Gweilo-60,2019-02-17 13:39:39.450681,10707,0
UChXOhG9bRDb3vSTg-qkPAZg,Gweilo-60,2019-02-17 13:38:40.590226,10707,0
UChXOhG9bRDb3vSTg-qkPAZg,Gweilo-60,2019-02-17 13:37:39.407697,10707,0
UChXOhG9bRDb3vSTg-qkPAZg,Gweilo-60,2019-02-17 13:36:40.339576,10707,0
UChXOhG9bRDb3vSTg-qkPAZg,Gweilo-60,2019-02-17 13:35:39.706652,10707,0
UChXOhG9bRDb3vSTg-qkPAZg,Gweilo-60,2019-02-17 13:34:39.52663,10707,0
UChXOhG9bRDb3vSTg-qkPAZg,Gweilo-60,2019-02-17 13:33:40.00417,10707,0
UChXOhG9bRDb3vSTg-qkPAZg,Gweilo-60,2019-02-17 13:32:39.779667,10707,-1
UChXOhG9bRDb3vSTg-qkPAZg,Gweilo-60,2019-02-17 13:31:39.86303,10708,0
UChXOhG9bRDb3vSTg-qkPAZg,Gweilo-60,2019-02-17 13:30:39.991944,10708,1
UChXOhG9bRDb3vSTg-qkPAZg,Gweilo-60,2019-02-17 13:29:39.731413,10707,-1
UChXOhG9bRDb3vSTg-qkPAZg,Gweilo-60,2019-02-17 13:28:39.634214,10708,0
UChXOhG9bRDb3vSTg-qkPAZg,Gweilo-60,2019-02-17 13:27:39.61584,10708,0
UChXOhG9bRDb3vSTg-qkPAZg,Gweilo-60,2019-02-17 13:26:40.317999,10708,-1
UChXOhG9bRDb3vSTg-qkPAZg,Gweilo-60,2019-02-17 13:25:40.016641,10709,-1
UChXOhG9bRDb3vSTg-qkPAZg,Gweilo-60,2019-02-17 13:24:39.509206,10710,0
UChXOhG9bRDb3vSTg-qkPAZg,Gweilo-60,2019-02-17 13:23:39.279634,10710,-2
UChXOhG9bRDb3vSTg-qkPAZg,Gweilo-60,2019-02-17 13:22:40.247345,10712,0
UChXOhG9bRDb3vSTg-qkPAZg,Gweilo-60,2019-02-17 13:21:40.089006,10712,-2
UChXOhG9bRDb3vSTg-qkPAZg,Gweilo-60,2019-02-17 13:20:39.305908,10714,0
UChXOhG9bRDb3vSTg-qkPAZg,Gweilo-60,2019-02-17 13:19:40.298278,10714,-1
UChXOhG9bRDb3vSTg-qkPAZg,Gweilo-60,2019-02-17 13:18:39.649823,10715,1
UChXOhG9bRDb3vSTg-qkPAZg,Gweilo-60,2019-02-17 13:17:39.389982,10714,0
UChXOhG9bRDb3vSTg-qkPAZg,Gweilo-60,2019-02-17 13:16:40.027672,10714,-3
UChXOhG9bRDb3vSTg-qkPAZg,Gweilo-60,2019-02-17 13:15:39.557239,10717,0
UChXOhG9bRDb3vSTg-qkPAZg,Gweilo-60,2019-02-17 13:14:39.591493,10717,0
UChXOhG9bRDb3vSTg-qkPAZg,Gweilo-60,2019-02-17 13:13:40.041162,10717,0
UChXOhG9bRDb3vSTg-qkPAZg,Gweilo-60,2019-02-17 13:12:39.648702,10717,-2
UChXOhG9bRDb3vSTg-qkPAZg,Gweilo-60,2019-02-17 13:11:39.369997,10719,1
UChXOhG9bRDb3vSTg-qkPAZg,Gweilo-60,2019-02-17 13:10:40.420418,10718,-1
UChXOhG9bRDb3vSTg-qkPAZg,Gweilo-60,2019-02-17 13:09:39.827358,10719,0
UChXOhG9bRDb3vSTg-qkPAZg,Gweilo-60,2019-02-17 13:08:39.7192,10719,-1
UChXOhG9bRDb3vSTg-qkPAZg,Gweilo-60,2019-02-17 13:07:39.847541,10720,-1
UChXOhG9bRDb3vSTg-qkPAZg,Gweilo-60,2019-02-17 13:06:39.848521,10721,-2
UChXOhG9bRDb3vSTg-qkPAZg,Gweilo-60,2019-02-17 13:05:39.809825,10723,0
UChXOhG9bRDb3vSTg-qkPAZg,Gweilo-60,2019-02-17 13:04:39.560679,10723,-1
UChXOhG9bRDb3vSTg-qkPAZg,Gweilo-60,2019-02-17 13:03:40.118558,10724,0
UChXOhG9bRDb3vSTg-qkPAZg,Gweilo-60,2019-02-17 13:02:39.533586,10724,1
UChXOhG9bRDb3vSTg-qkPAZg,Gweilo-60,2019-02-17 13:01:39.589878,10723,2
UChXOhG9bRDb3vSTg-qkPAZg,Gweilo-60,2019-02-17 13:00:40.134445,10721,0
UChXOhG9bRDb3vSTg-qkPAZg,Gweilo-60,2019-02-17 12:59:39.813691,10721,0
UChXOhG9bRDb3vSTg-qkPAZg,Gweilo-60,2019-02-17 12:58:39.360516,10721,0
UChXOhG9bRDb3vSTg-qkPAZg,Gweilo-60,2019-02-17 12:57:40.239063,10721,0
UChXOhG9bRDb3vSTg-qkPAZg,Gweilo-60,2019-02-17 12:56:40.015473,10721,0
UChXOhG9bRDb3vSTg-qkPAZg,Gweilo-60,2019-02-17 12:55:39.906607,10721,0
UChXOhG9bRDb3vSTg-qkPAZg,Gweilo-60,2019-02-17 12:54:39.717299,10721,0
UChXOhG9bRDb3vSTg-qkPAZg,Gweilo-60,2019-02-17 12:53:39.54835,10721,0
UChXOhG9bRDb3vSTg-qkPAZg,Gweilo-60,2019-02-17 12:52:39.42501,10721,0
UChXOhG9bRDb3vSTg-qkPAZg,Gweilo-60,2019-02-17 12:51:39.461591,10721,0
UChXOhG9bRDb3vSTg-qkPAZg,Gweilo-60,2019-02-17 12:50:40.337144,10721,0
UChXOhG9bRDb3vSTg-qkPAZg,Gweilo-60,2019-02-17 12:49:40.176854,10721,0
UChXOhG9bRDb3vSTg-qkPAZg,Gweilo-60,2019-02-17 12:48:39.883008,10721,0
UChXOhG9bRDb3vSTg-qkPAZg,Gweilo-60,2019-02-17 12:47:39.702322,10721,0
UChXOhG9bRDb3vSTg-qkPAZg,Gweilo-60,2019-02-17 12:46:39.529205,10721,2
UChXOhG9bRDb3vSTg-qkPAZg,Gweilo-60,2019-02-17 12:45:39.82834,10719,0
UChXOhG9bRDb3vSTg-qkPAZg,Gweilo-60,2019-02-17 12:44:39.479323,10719,0
UChXOhG9bRDb3vSTg-qkPAZg,Gweilo-60,2019-02-17 12:43:39.55426,10719,0
UChXOhG9bRDb3vSTg-qkPAZg,Gweilo-60,2019-02-17 12:42:39.692651,10719,0
UChXOhG9bRDb3vSTg-qkPAZg,Gweilo-60,2019-02-17 12:41:39.860807,10719,0
UChXOhG9bRDb3vSTg-qkPAZg,Gweilo-60,2019-02-17 12:40:39.393198,10719,0
UChXOhG9bRDb3vSTg-qkPAZg,Gweilo-60,2019-02-17 12:39:39.098906,10719,0
UChXOhG9bRDb3vSTg-qkPAZg,Gweilo-60,2019-02-17 12:38:39.538372,10719,0
UChXOhG9bRDb3vSTg-qkPAZg,Gweilo-60,2019-02-17 12:37:39.858385,10719,0
UChXOhG9bRDb3vSTg-qkPAZg,Gweilo-60,2019-02-17 12:36:39.655138,10719,0
UChXOhG9bRDb3vSTg-qkPAZg,Gweilo-60,2019-02-17 12:35:39.586452,10719,0
UChXOhG9bRDb3vSTg-qkPAZg,Gweilo-60,2019-02-17 12:34:40.030094,10719,0
UChXOhG9bRDb3vSTg-qkPAZg,Gweilo-60,2019-02-17 12:33:40.13695,10719,0
UChXOhG9bRDb3vSTg-qkPAZg,Gweilo-60,2019-02-17 12:32:39.728688,10719,0
UChXOhG9bRDb3vSTg-qkPAZg,Gweilo-60,2019-02-17 12:31:39.578146,10719,0
UChXOhG9bRDb3vSTg-qkPAZg,Gweilo-60,2019-02-17 12:30:39.756288,10719,0
UChXOhG9bRDb3vSTg-qkPAZg,Gweilo-60,2019-02-17 12:29:39.674883,10719,0
UChXOhG9bRDb3vSTg-qkPAZg,Gweilo-60,2019-02-17 12:28:39.360464,10719,0
UChXOhG9bRDb3vSTg-qkPAZg,Gweilo-60,2019-02-17 12:27:39.639282,10719,0
UChXOhG9bRDb3vSTg-qkPAZg,Gweilo-60,2019-02-17 12:26:39.886809,10719,0
UChXOhG9bRDb3vSTg-qkPAZg,Gweilo-60,2019-02-17 12:25:39.720101,10719,0
UChXOhG9bRDb3vSTg-qkPAZg,Gweilo-60,2019-02-17 12:24:39.558118,10719,0
UChXOhG9bRDb3vSTg-qkPAZg,Gweilo-60,2019-02-17 12:23:39.742312,10719,0
UChXOhG9bRDb3vSTg-qkPAZg,Gweilo-60,2019-02-17 12:22:39.580575,10719,0
UChXOhG9bRDb3vSTg-qkPAZg,Gweilo-60,2019-02-17 12:21:39.69384,10719,0
UChXOhG9bRDb3vSTg-qkPAZg,Gweilo-60,2019-02-17 12:20:40.23859,10719,1
UChXOhG9bRDb3vSTg-qkPAZg,Gweilo-60,2019-02-17 12:19:39.604172,10718,0
UChXOhG9bRDb3vSTg-qkPAZg,Gweilo-60,2019-02-17 12:18:39.554677,10718,0
UChXOhG9bRDb3vSTg-qkPAZg,Gweilo-60,2019-02-17 12:17:39.348363,10718,0
UChXOhG9bRDb3vSTg-qkPAZg,Gweilo-60,2019-02-17 12:16:39.917104,10718,0
UChXOhG9bRDb3vSTg-qkPAZg,Gweilo-60,2019-02-17 12:15:39.529155,10718,0
UChXOhG9bRDb3vSTg-qkPAZg,Gweilo-60,2019-02-17 12:14:39.339696,10718,0
UChXOhG9bRDb3vSTg-qkPAZg,Gweilo-60,2019-02-17 12:13:39.799334,10718,0
UChXOhG9bRDb3vSTg-qkPAZg,Gweilo-60,2019-02-17 12:12:39.466914,10718,1
UChXOhG9bRDb3vSTg-qkPAZg,Gweilo-60,2019-02-17 12:11:39.708748,10717,0
UChXOhG9bRDb3vSTg-qkPAZg,Gweilo-60,2019-02-17 12:10:39.854696,10717,0
UChXOhG9bRDb3vSTg-qkPAZg,Gweilo-60,2019-02-17 12:09:39.72026,10717,0
UChXOhG9bRDb3vSTg-qkPAZg,Gweilo-60,2019-02-17 12:08:39.566073,10717,0
UChXOhG9bRDb3vSTg-qkPAZg,Gweilo-60,2019-02-17 12:07:39.818989,10717,0
UChXOhG9bRDb3vSTg-qkPAZg,Gweilo-60,2019-02-17 12:06:39.770395,10717,0
UChXOhG9bRDb3vSTg-qkPAZg,Gweilo-60,2019-02-17 12:05:39.990226,10717,0
UChXOhG9bRDb3vSTg-qkPAZg,Gweilo-60,2019-02-17 12:04:40.018769,10717,0
UChXOhG9bRDb3vSTg-qkPAZg,Gweilo-60,2019-02-17 12:03:40.541366,10717,0
UChXOhG9bRDb3vSTg-qkPAZg,Gweilo-60,2019-02-17 12:02:39.174862,10717,0
UChXOhG9bRDb3vSTg-qkPAZg,Gweilo-60,2019-02-17 12:01:39.845462,10717,0
UChXOhG9bRDb3vSTg-qkPAZg,Gweilo-60,2019-02-17 12:00:39.774729,10717,0
UChXOhG9bRDb3vSTg-qkPAZg,Gweilo-60,2019-02-17 11:59:39.962183,10717,0
UChXOhG9bRDb3vSTg-qkPAZg,Gweilo-60,2019-02-17 11:58:39.694309,10717,0
UChXOhG9bRDb3vSTg-qkPAZg,Gweilo-60,2019-02-17 11:57:39.756469,10717,0
UChXOhG9bRDb3vSTg-qkPAZg,Gweilo-60,2019-02-17 11:56:39.584397,10717,0
UChXOhG9bRDb3vSTg-qkPAZg,Gweilo-60,2019-02-17 11:55:39.677988,10717,0
UChXOhG9bRDb3vSTg-qkPAZg,Gweilo-60,2019-02-17 11:54:39.708907,10717,0
UChXOhG9bRDb3vSTg-qkPAZg,Gweilo-60,2019-02-17 11:53:39.367804,10717,0
UChXOhG9bRDb3vSTg-qkPAZg,Gweilo-60,2019-02-17 11:52:39.314353,10717,0
UChXOhG9bRDb3vSTg-qkPAZg,Gweilo-60,2019-02-17 11:51:39.766166,10717,1
UChXOhG9bRDb3vSTg-qkPAZg,Gweilo-60,2019-02-17 11:50:39.3549,10716,0
UChXOhG9bRDb3vSTg-qkPAZg,Gweilo-60,2019-02-17 11:49:39.208327,10716,0
UChXOhG9bRDb3vSTg-qkPAZg,Gweilo-60,2019-02-17 11:48:39.666454,10716,0
UChXOhG9bRDb3vSTg-qkPAZg,Gweilo-60,2019-02-17 11:47:39.7997,10716,0
UChXOhG9bRDb3vSTg-qkPAZg,Gweilo-60,2019-02-17 11:46:39.81004,10716,0
UChXOhG9bRDb3vSTg-qkPAZg,Gweilo-60,2019-02-17 11:45:39.490731,10716,0
UChXOhG9bRDb3vSTg-qkPAZg,Gweilo-60,2019-02-17 11:44:39.455337,10716,0
UChXOhG9bRDb3vSTg-qkPAZg,Gweilo-60,2019-02-17 11:43:39.596325,10716,0
UChXOhG9bRDb3vSTg-qkPAZg,Gweilo-60,2019-02-17 11:42:39.956357,10716,1
UChXOhG9bRDb3vSTg-qkPAZg,Gweilo-60,2019-02-17 11:41:39.831895,10715,0
UChXOhG9bRDb3vSTg-qkPAZg,Gweilo-60,2019-02-17 11:40:39.45707,10715,0
UChXOhG9bRDb3vSTg-qkPAZg,Gweilo-60,2019-02-17 11:39:39.468313,10715,0
UChXOhG9bRDb3vSTg-qkPAZg,Gweilo-60,2019-02-17 11:38:39.58426,10715,0
UChXOhG9bRDb3vSTg-qkPAZg,Gweilo-60,2019-02-17 11:37:39.219655,10715,0
UChXOhG9bRDb3vSTg-qkPAZg,Gweilo-60,2019-02-17 11:36:39.198061,10715,0
UChXOhG9bRDb3vSTg-qkPAZg,Gweilo-60,2019-02-17 11:35:39.321262,10715,0
UChXOhG9bRDb3vSTg-qkPAZg,Gweilo-60,2019-02-17 11:34:39.779383,10715,2
UChXOhG9bRDb3vSTg-qkPAZg,Gweilo-60,2019-02-17 11:33:39.574176,10713,0
UChXOhG9bRDb3vSTg-qkPAZg,Gweilo-60,2019-02-17 11:32:39.890308,10713,0
UChXOhG9bRDb3vSTg-qkPAZg,Gweilo-60,2019-02-17 11:31:39.481674,10713,0
UChXOhG9bRDb3vSTg-qkPAZg,Gweilo-60,2019-02-17 11:30:39.812922,10713,-1
UChXOhG9bRDb3vSTg-qkPAZg,Gweilo-60,2019-02-17 11:29:40.135886,10714,2
UChXOhG9bRDb3vSTg-qkPAZg,Gweilo-60,2019-02-17 11:28:39.75083,10712,0
UChXOhG9bRDb3vSTg-qkPAZg,Gweilo-60,2019-02-17 11:27:39.307067,10712,-1
UChXOhG9bRDb3vSTg-qkPAZg,Gweilo-60,2019-02-17 11:26:39.41063,10713,0
UChXOhG9bRDb3vSTg-qkPAZg,Gweilo-60,2019-02-17 11:25:40.305976,10713,0
UChXOhG9bRDb3vSTg-qkPAZg,Gweilo-60,2019-02-17 11:24:39.76358,10713,-1
UChXOhG9bRDb3vSTg-qkPAZg,Gweilo-60,2019-02-17 11:23:39.525865,10714,-1
UChXOhG9bRDb3vSTg-qkPAZg,Gweilo-60,2019-02-17 11:22:39.135989,10715,0
UChXOhG9bRDb3vSTg-qkPAZg,Gweilo-60,2019-02-17 11:21:39.706679,10715,0
UChXOhG9bRDb3vSTg-qkPAZg,Gweilo-60,2019-02-17 11:20:39.988258,10715,-1
UChXOhG9bRDb3vSTg-qkPAZg,Gweilo-60,2019-02-17 11:19:39.340262,10716,0
UChXOhG9bRDb3vSTg-qkPAZg,Gweilo-60,2019-02-17 11:18:39.658726,10716,-3
UChXOhG9bRDb3vSTg-qkPAZg,Gweilo-60,2019-02-17 11:17:39.362862,10719,0
UChXOhG9bRDb3vSTg-qkPAZg,Gweilo-60,2019-02-17 11:16:39.846458,10719,-1
UChXOhG9bRDb3vSTg-qkPAZg,Gweilo-60,2019-02-17 11:15:39.45717,10720,-1
UChXOhG9bRDb3vSTg-qkPAZg,Gweilo-60,2019-02-17 11:14:39.723226,10721,0
UChXOhG9bRDb3vSTg-qkPAZg,Gweilo-60,2019-02-17 11:13:39.117679,10721,-1
UChXOhG9bRDb3vSTg-qkPAZg,Gweilo-60,2019-02-17 11:12:39.67234,10722,0
UChXOhG9bRDb3vSTg-qkPAZg,Gweilo-60,2019-02-17 11:11:39.343545,10722,1
UChXOhG9bRDb3vSTg-qkPAZg,Gweilo-60,2019-02-17 11:10:39.967347,10721,0
UChXOhG9bRDb3vSTg-qkPAZg,Gweilo-60,2019-02-17 11:09:39.399889,10721,0
UChXOhG9bRDb3vSTg-qkPAZg,Gweilo-60,2019-02-17 11:08:39.19744,10721,0
UChXOhG9bRDb3vSTg-qkPAZg,Gweilo-60,2019-02-17 11:07:39.711842,10721,0
UChXOhG9bRDb3vSTg-qkPAZg,Gweilo-60,2019-02-17 11:06:40.022061,10721,1
UChXOhG9bRDb3vSTg-qkPAZg,Gweilo-60,2019-02-17 11:05:39.764988,10720,0
UChXOhG9bRDb3vSTg-qkPAZg,Gweilo-60,2019-02-17 11:04:40.79963,10720,0
UChXOhG9bRDb3vSTg-qkPAZg,Gweilo-60,2019-02-17 11:03:39.146638,10720,0
UChXOhG9bRDb3vSTg-qkPAZg,Gweilo-60,2019-02-17 11:02:39.528108,10720,0
UChXOhG9bRDb3vSTg-qkPAZg,Gweilo-60,2019-02-17 11:01:40.123619,10720,0
UChXOhG9bRDb3vSTg-qkPAZg,Gweilo-60,2019-02-17 11:00:39.402398,10720,0
UChXOhG9bRDb3vSTg-qkPAZg,Gweilo-60,2019-02-17 10:59:39.732502,10720,1
UChXOhG9bRDb3vSTg-qkPAZg,Gweilo-60,2019-02-17 10:58:40.515249,10719,1
UChXOhG9bRDb3vSTg-qkPAZg,Gweilo-60,2019-02-17 10:57:39.451447,10718,0
UChXOhG9bRDb3vSTg-qkPAZg,Gweilo-60,2019-02-17 10:56:39.243729,10718,0
UChXOhG9bRDb3vSTg-qkPAZg,Gweilo-60,2019-02-17 10:55:39.417704,10718,0
UChXOhG9bRDb3vSTg-qkPAZg,Gweilo-60,2019-02-17 10:54:39.93576,10718,0
UChXOhG9bRDb3vSTg-qkPAZg,Gweilo-60,2019-02-17 10:53:39.077744,10718,0
UChXOhG9bRDb3vSTg-qkPAZg,Gweilo-60,2019-02-17 10:52:40.321436,10718,0
UChXOhG9bRDb3vSTg-qkPAZg,Gweilo-60,2019-02-17 10:51:38.963072,10718,0
UChXOhG9bRDb3vSTg-qkPAZg,Gweilo-60,2019-02-17 10:50:39.955078,10718,1
UChXOhG9bRDb3vSTg-qkPAZg,Gweilo-60,2019-02-17 10:49:39.860229,10717,0
UChXOhG9bRDb3vSTg-qkPAZg,Gweilo-60,2019-02-17 10:48:40.637176,10717,0
UChXOhG9bRDb3vSTg-qkPAZg,Gweilo-60,2019-02-17 10:47:39.658794,10717,1
UChXOhG9bRDb3vSTg-qkPAZg,Gweilo-60,2019-02-17 10:46:39.297613,10716,1
UChXOhG9bRDb3vSTg-qkPAZg,Gweilo-60,2019-02-17 10:45:40.140028,10715,0
UChXOhG9bRDb3vSTg-qkPAZg,Gweilo-60,2019-02-17 10:44:39.568809,10715,0
UChXOhG9bRDb3vSTg-qkPAZg,Gweilo-60,2019-02-17 10:43:39.952731,10715,0
UChXOhG9bRDb3vSTg-qkPAZg,Gweilo-60,2019-02-17 10:42:39.616541,10715,0
UChXOhG9bRDb3vSTg-qkPAZg,Gweilo-60,2019-02-17 10:41:39.02283,10715,0
UChXOhG9bRDb3vSTg-qkPAZg,Gweilo-60,2019-02-17 10:40:39.991008,10715,0
UChXOhG9bRDb3vSTg-qkPAZg,Gweilo-60,2019-02-17 10:39:39.315525,10715,0
UChXOhG9bRDb3vSTg-qkPAZg,Gweilo-60,2019-02-17 10:38:39.875546,10715,1
UChXOhG9bRDb3vSTg-qkPAZg,Gweilo-60,2019-02-17 10:37:39.572468,10714,0
UChXOhG9bRDb3vSTg-qkPAZg,Gweilo-60,2019-02-17 10:36:39.435669,10714,0
UChXOhG9bRDb3vSTg-qkPAZg,Gweilo-60,2019-02-17 10:35:39.625322,10714,0
UChXOhG9bRDb3vSTg-qkPAZg,Gweilo-60,2019-02-17 10:34:39.465091,10714,0
UChXOhG9bRDb3vSTg-qkPAZg,Gweilo-60,2019-02-17 10:33:40.315459,10714,0
UChXOhG9bRDb3vSTg-qkPAZg,Gweilo-60,2019-02-17 10:32:39.697006,10714,0
UChXOhG9bRDb3vSTg-qkPAZg,Gweilo-60,2019-02-17 10:31:38.972459,10714,0
UChXOhG9bRDb3vSTg-qkPAZg,Gweilo-60,2019-02-17 10:30:40.048446,10714,0
UChXOhG9bRDb3vSTg-qkPAZg,Gweilo-60,2019-02-17 10:29:39.496535,10714,0
UChXOhG9bRDb3vSTg-qkPAZg,Gweilo-60,2019-02-17 10:28:39.389292,10714,0
UChXOhG9bRDb3vSTg-qkPAZg,Gweilo-60,2019-02-17 10:27:40.018702,10714,0
UChXOhG9bRDb3vSTg-qkPAZg,Gweilo-60,2019-02-17 10:26:39.523422,10714,0
UChXOhG9bRDb3vSTg-qkPAZg,Gweilo-60,2019-02-17 10:25:40.728786,10714,0
UChXOhG9bRDb3vSTg-qkPAZg,Gweilo-60,2019-02-17 10:24:39.445985,10714,0
UChXOhG9bRDb3vSTg-qkPAZg,Gweilo-60,2019-02-17 10:23:39.45493,10714,1
UChXOhG9bRDb3vSTg-qkPAZg,Gweilo-60,2019-02-17 10:22:39.643386,10713,0
UChXOhG9bRDb3vSTg-qkPAZg,Gweilo-60,2019-02-17 10:21:39.678065,10713,0
UChXOhG9bRDb3vSTg-qkPAZg,Gweilo-60,2019-02-17 10:20:40.448656,10713,1
UChXOhG9bRDb3vSTg-qkPAZg,Gweilo-60,2019-02-17 10:19:39.479936,10712,0
UChXOhG9bRDb3vSTg-qkPAZg,Gweilo-60,2019-02-17 10:18:40.022265,10712,0
UChXOhG9bRDb3vSTg-qkPAZg,Gweilo-60,2019-02-17 10:17:39.643859,10712,0
UChXOhG9bRDb3vSTg-qkPAZg,Gweilo-60,2019-02-17 10:16:39.663251,10712,0
UChXOhG9bRDb3vSTg-qkPAZg,Gweilo-60,2019-02-17 10:15:39.806245,10712,0
UChXOhG9bRDb3vSTg-qkPAZg,Gweilo-60,2019-02-17 10:14:39.461818,10712,2
UChXOhG9bRDb3vSTg-qkPAZg,Gweilo-60,2019-02-17 10:13:39.938389,10710,0
UChXOhG9bRDb3vSTg-qkPAZg,Gweilo-60,2019-02-17 10:12:39.688163,10710,0
UChXOhG9bRDb3vSTg-qkPAZg,Gweilo-60,2019-02-17 10:11:40.325867,10710,0
UChXOhG9bRDb3vSTg-qkPAZg,Gweilo-60,2019-02-17 10:10:39.906097,10710,0
UChXOhG9bRDb3vSTg-qkPAZg,Gweilo-60,2019-02-17 10:09:40.417291,10710,0
UChXOhG9bRDb3vSTg-qkPAZg,Gweilo-60,2019-02-17 10:08:39.586138,10710,0
UChXOhG9bRDb3vSTg-qkPAZg,Gweilo-60,2019-02-17 10:07:38.754864,10710,1
UChXOhG9bRDb3vSTg-qkPAZg,Gweilo-60,2019-02-17 10:06:39.413792,10709,0
UChXOhG9bRDb3vSTg-qkPAZg,Gweilo-60,2019-02-17 10:05:39.332779,10709,1
UChXOhG9bRDb3vSTg-qkPAZg,Gweilo-60,2019-02-17 10:04:39.374276,10708,0
UChXOhG9bRDb3vSTg-qkPAZg,Gweilo-60,2019-02-17 10:03:40.422967,10708,0
UChXOhG9bRDb3vSTg-qkPAZg,Gweilo-60,2019-02-17 10:02:39.579907,10708,1
UChXOhG9bRDb3vSTg-qkPAZg,Gweilo-60,2019-02-17 10:01:38.964681,10707,0
UChXOhG9bRDb3vSTg-qkPAZg,Gweilo-60,2019-02-17 10:00:39.953641,10707,0
UChXOhG9bRDb3vSTg-qkPAZg,Gweilo-60,2019-02-17 09:59:39.882551,10707,0
UChXOhG9bRDb3vSTg-qkPAZg,Gweilo-60,2019-02-17 09:58:38.965283,10707,1
UChXOhG9bRDb3vSTg-qkPAZg,Gweilo-60,2019-02-17 09:57:39.888306,10706,1
UChXOhG9bRDb3vSTg-qkPAZg,Gweilo-60,2019-02-17 09:56:40.298923,10705,0
UChXOhG9bRDb3vSTg-qkPAZg,Gweilo-60,2019-02-17 09:55:39.839036,10705,0
UChXOhG9bRDb3vSTg-qkPAZg,Gweilo-60,2019-02-17 09:54:39.291755,10705,0
UChXOhG9bRDb3vSTg-qkPAZg,Gweilo-60,2019-02-17 09:53:39.754905,10705,0
UChXOhG9bRDb3vSTg-qkPAZg,Gweilo-60,2019-02-17 09:52:39.557089,10705,0
UChXOhG9bRDb3vSTg-qkPAZg,Gweilo-60,2019-02-17 09:51:39.65449,10705,1
UChXOhG9bRDb3vSTg-qkPAZg,Gweilo-60,2019-02-17 09:50:39.789884,10704,0
UChXOhG9bRDb3vSTg-qkPAZg,Gweilo-60,2019-02-17 09:49:39.424514,10704,0
UChXOhG9bRDb3vSTg-qkPAZg,Gweilo-60,2019-02-17 09:48:39.715406,10704,0
UChXOhG9bRDb3vSTg-qkPAZg,Gweilo-60,2019-02-17 09:47:39.57896,10704,1
UChXOhG9bRDb3vSTg-qkPAZg,Gweilo-60,2019-02-17 09:46:39.345822,10703,0
UChXOhG9bRDb3vSTg-qkPAZg,Gweilo-60,2019-02-17 09:45:40.052586,10703,2
UChXOhG9bRDb3vSTg-qkPAZg,Gweilo-60,2019-02-17 09:44:39.455841,10701,0
UChXOhG9bRDb3vSTg-qkPAZg,Gweilo-60,2019-02-17 09:43:38.977254,10701,0
UChXOhG9bRDb3vSTg-qkPAZg,Gweilo-60,2019-02-17 09:42:39.175308,10701,0
UChXOhG9bRDb3vSTg-qkPAZg,Gweilo-60,2019-02-17 09:41:39.628271,10701,0
UChXOhG9bRDb3vSTg-qkPAZg,Gweilo-60,2019-02-17 09:40:38.9413,10701,0
UChXOhG9bRDb3vSTg-qkPAZg,Gweilo-60,2019-02-17 09:39:39.715742,10701,2
UChXOhG9bRDb3vSTg-qkPAZg,Gweilo-60,2019-02-17 09:38:40.085041,10699,0
UChXOhG9bRDb3vSTg-qkPAZg,Gweilo-60,2019-02-17 09:37:39.666755,10699,1
UChXOhG9bRDb3vSTg-qkPAZg,Gweilo-60,2019-02-17 09:36:39.332758,10698,0
UChXOhG9bRDb3vSTg-qkPAZg,Gweilo-60,2019-02-17 09:35:39.237748,10698,0
UChXOhG9bRDb3vSTg-qkPAZg,Gweilo-60,2019-02-17 09:34:39.300387,10698,0
UChXOhG9bRDb3vSTg-qkPAZg,Gweilo-60,2019-02-17 09:33:39.519052,10698,1
UChXOhG9bRDb3vSTg-qkPAZg,Gweilo-60,2019-02-17 09:32:39.579375,10697,0
UChXOhG9bRDb3vSTg-qkPAZg,Gweilo-60,2019-02-17 09:31:39.579409,10697,0
UChXOhG9bRDb3vSTg-qkPAZg,Gweilo-60,2019-02-17 09:30:39.652906,10697,0
UChXOhG9bRDb3vSTg-qkPAZg,Gweilo-60,2019-02-17 09:29:39.510397,10697,0
UChXOhG9bRDb3vSTg-qkPAZg,Gweilo-60,2019-02-17 09:28:39.661312,10697,0
UChXOhG9bRDb3vSTg-qkPAZg,Gweilo-60,2019-02-17 09:27:39.838528,10697,0
UChXOhG9bRDb3vSTg-qkPAZg,Gweilo-60,2019-02-17 09:26:38.935621,10697,0
UChXOhG9bRDb3vSTg-qkPAZg,Gweilo-60,2019-02-17 09:25:39.051233,10697,0
UChXOhG9bRDb3vSTg-qkPAZg,Gweilo-60,2019-02-17 09:24:39.945152,10697,0
UChXOhG9bRDb3vSTg-qkPAZg,Gweilo-60,2019-02-17 09:23:39.200557,10697,0
UChXOhG9bRDb3vSTg-qkPAZg,Gweilo-60,2019-02-17 09:22:39.511698,10697,0
UChXOhG9bRDb3vSTg-qkPAZg,Gweilo-60,2019-02-17 09:21:40.313894,10697,0
UChXOhG9bRDb3vSTg-qkPAZg,Gweilo-60,2019-02-17 09:20:39.101858,10697,0
UChXOhG9bRDb3vSTg-qkPAZg,Gweilo-60,2019-02-17 09:19:39.609178,10697,0
UChXOhG9bRDb3vSTg-qkPAZg,Gweilo-60,2019-02-17 09:18:40.065179,10697,0
UChXOhG9bRDb3vSTg-qkPAZg,Gweilo-60,2019-02-17 09:17:39.778643,10697,0
UChXOhG9bRDb3vSTg-qkPAZg,Gweilo-60,2019-02-17 09:16:39.562947,10697,0
UChXOhG9bRDb3vSTg-qkPAZg,Gweilo-60,2019-02-17 09:15:39.478634,10697,0
UChXOhG9bRDb3vSTg-qkPAZg,Gweilo-60,2019-02-17 09:14:39.618731,10697,0
UChXOhG9bRDb3vSTg-qkPAZg,Gweilo-60,2019-02-17 09:13:39.58877,10697,0
UChXOhG9bRDb3vSTg-qkPAZg,Gweilo-60,2019-02-17 09:12:39.068642,10697,0
UChXOhG9bRDb3vSTg-qkPAZg,Gweilo-60,2019-02-17 09:11:39.730614,10697,0
UChXOhG9bRDb3vSTg-qkPAZg,Gweilo-60,2019-02-17 09:10:39.168319,10697,0
UChXOhG9bRDb3vSTg-qkPAZg,Gweilo-60,2019-02-17 09:09:39.132059,10697,0
UChXOhG9bRDb3vSTg-qkPAZg,Gweilo-60,2019-02-17 09:08:39.117328,10697,0
UChXOhG9bRDb3vSTg-qkPAZg,Gweilo-60,2019-02-17 09:07:39.250819,10697,0
UChXOhG9bRDb3vSTg-qkPAZg,Gweilo-60,2019-02-17 09:06:39.289091,10697,0
UChXOhG9bRDb3vSTg-qkPAZg,Gweilo-60,2019-02-17 09:05:39.39667,10697,1
UChXOhG9bRDb3vSTg-qkPAZg,Gweilo-60,2019-02-17 09:04:39.507957,10696,1
UChXOhG9bRDb3vSTg-qkPAZg,Gweilo-60,2019-02-17 09:03:39.687808,10695,0
UChXOhG9bRDb3vSTg-qkPAZg,Gweilo-60,2019-02-17 09:02:39.211485,10695,0
UChXOhG9bRDb3vSTg-qkPAZg,Gweilo-60,2019-02-17 09:01:39.459103,10695,0
UChXOhG9bRDb3vSTg-qkPAZg,Gweilo-60,2019-02-17 09:00:39.257328,10695,0
UChXOhG9bRDb3vSTg-qkPAZg,Gweilo-60,2019-02-17 08:59:38.999876,10695,0
UChXOhG9bRDb3vSTg-qkPAZg,Gweilo-60,2019-02-17 08:58:39.739645,10695,0
UChXOhG9bRDb3vSTg-qkPAZg,Gweilo-60,2019-02-17 08:57:39.07529,10695,0
UChXOhG9bRDb3vSTg-qkPAZg,Gweilo-60,2019-02-17 08:56:39.566046,10695,0
UChXOhG9bRDb3vSTg-qkPAZg,Gweilo-60,2019-02-17 08:55:39.522662,10695,0
UChXOhG9bRDb3vSTg-qkPAZg,Gweilo-60,2019-02-17 08:54:39.566775,10695,0
UChXOhG9bRDb3vSTg-qkPAZg,Gweilo-60,2019-02-17 08:53:39.946092,10695,0
UChXOhG9bRDb3vSTg-qkPAZg,Gweilo-60,2019-02-17 08:52:39.890805,10695,0
UChXOhG9bRDb3vSTg-qkPAZg,Gweilo-60,2019-02-17 08:51:39.622793,10695,0
UChXOhG9bRDb3vSTg-qkPAZg,Gweilo-60,2019-02-17 08:50:39.530519,10695,0
UChXOhG9bRDb3vSTg-qkPAZg,Gweilo-60,2019-02-17 08:49:39.335523,10695,0
UChXOhG9bRDb3vSTg-qkPAZg,Gweilo-60,2019-02-17 08:48:38.845306,10695,0
UChXOhG9bRDb3vSTg-qkPAZg,Gweilo-60,2019-02-17 08:47:39.800305,10695,0
UChXOhG9bRDb3vSTg-qkPAZg,Gweilo-60,2019-02-17 08:46:39.274561,10695,0
UChXOhG9bRDb3vSTg-qkPAZg,Gweilo-60,2019-02-17 08:45:38.931185,10695,0
UChXOhG9bRDb3vSTg-qkPAZg,Gweilo-60,2019-02-17 08:44:39.308691,10695,0
UChXOhG9bRDb3vSTg-qkPAZg,Gweilo-60,2019-02-17 08:43:39.327465,10695,0
UChXOhG9bRDb3vSTg-qkPAZg,Gweilo-60,2019-02-17 08:42:39.284081,10695,0
UChXOhG9bRDb3vSTg-qkPAZg,Gweilo-60,2019-02-17 08:41:39.64085,10695,0
UChXOhG9bRDb3vSTg-qkPAZg,Gweilo-60,2019-02-17 08:40:39.583635,10695,0
UChXOhG9bRDb3vSTg-qkPAZg,Gweilo-60,2019-02-17 08:39:39.563593,10695,0
UChXOhG9bRDb3vSTg-qkPAZg,Gweilo-60,2019-02-17 08:38:39.626589,10695,0
UChXOhG9bRDb3vSTg-qkPAZg,Gweilo-60,2019-02-17 08:37:39.252421,10695,0
UChXOhG9bRDb3vSTg-qkPAZg,Gweilo-60,2019-02-17 08:36:38.784791,10695,0
UChXOhG9bRDb3vSTg-qkPAZg,Gweilo-60,2019-02-17 08:35:39.417765,10695,0
UChXOhG9bRDb3vSTg-qkPAZg,Gweilo-60,2019-02-17 08:34:39.497846,10695,0
UChXOhG9bRDb3vSTg-qkPAZg,Gweilo-60,2019-02-17 08:33:39.916432,10695,0
UChXOhG9bRDb3vSTg-qkPAZg,Gweilo-60,2019-02-17 08:32:39.194113,10695,0
UChXOhG9bRDb3vSTg-qkPAZg,Gweilo-60,2019-02-17 08:31:39.641763,10695,0
UChXOhG9bRDb3vSTg-qkPAZg,Gweilo-60,2019-02-17 08:30:39.415427,10695,0
UChXOhG9bRDb3vSTg-qkPAZg,Gweilo-60,2019-02-17 08:29:39.245627,10695,0
UChXOhG9bRDb3vSTg-qkPAZg,Gweilo-60,2019-02-17 08:28:39.432053,10695,0
UChXOhG9bRDb3vSTg-qkPAZg,Gweilo-60,2019-02-17 08:27:39.556638,10695,0
UChXOhG9bRDb3vSTg-qkPAZg,Gweilo-60,2019-02-17 08:26:39.324386,10695,0
UChXOhG9bRDb3vSTg-qkPAZg,Gweilo-60,2019-02-17 08:25:39.197821,10695,0
UChXOhG9bRDb3vSTg-qkPAZg,Gweilo-60,2019-02-17 08:24:39.698099,10695,0
UChXOhG9bRDb3vSTg-qkPAZg,Gweilo-60,2019-02-17 08:23:39.468624,10695,0
UChXOhG9bRDb3vSTg-qkPAZg,Gweilo-60,2019-02-17 08:22:39.673743,10695,0
UChXOhG9bRDb3vSTg-qkPAZg,Gweilo-60,2019-02-17 08:21:39.726073,10695,0
UChXOhG9bRDb3vSTg-qkPAZg,Gweilo-60,2019-02-17 08:20:39.243644,10695,0
UChXOhG9bRDb3vSTg-qkPAZg,Gweilo-60,2019-02-17 08:19:39.149437,10695,0
UChXOhG9bRDb3vSTg-qkPAZg,Gweilo-60,2019-02-17 08:18:39.517344,10695,0
UChXOhG9bRDb3vSTg-qkPAZg,Gweilo-60,2019-02-17 08:17:39.055028,10695,0
UChXOhG9bRDb3vSTg-qkPAZg,Gweilo-60,2019-02-17 08:16:39.548481,10695,0
UChXOhG9bRDb3vSTg-qkPAZg,Gweilo-60,2019-02-17 08:15:38.835061,10695,0
UChXOhG9bRDb3vSTg-qkPAZg,Gweilo-60,2019-02-17 08:14:39.325384,10695,0
UChXOhG9bRDb3vSTg-qkPAZg,Gweilo-60,2019-02-17 08:13:39.159659,10695,0
UChXOhG9bRDb3vSTg-qkPAZg,Gweilo-60,2019-02-17 08:12:39.15694,10695,0
UChXOhG9bRDb3vSTg-qkPAZg,Gweilo-60,2019-02-17 08:11:39.81654,10695,0
UChXOhG9bRDb3vSTg-qkPAZg,Gweilo-60,2019-02-17 08:10:38.874055,10695,0
UChXOhG9bRDb3vSTg-qkPAZg,Gweilo-60,2019-02-17 08:09:39.77489,10695,0
UChXOhG9bRDb3vSTg-qkPAZg,Gweilo-60,2019-02-17 08:08:39.306632,10695,0
UChXOhG9bRDb3vSTg-qkPAZg,Gweilo-60,2019-02-17 08:07:39.274491,10695,0
UChXOhG9bRDb3vSTg-qkPAZg,Gweilo-60,2019-02-17 08:06:39.359005,10695,0
UChXOhG9bRDb3vSTg-qkPAZg,Gweilo-60,2019-02-17 08:05:39.233797,10695,0
UChXOhG9bRDb3vSTg-qkPAZg,Gweilo-60,2019-02-17 08:04:39.782047,10695,0
UChXOhG9bRDb3vSTg-qkPAZg,Gweilo-60,2019-02-17 08:03:39.353346,10695,0
UChXOhG9bRDb3vSTg-qkPAZg,Gweilo-60,2019-02-17 08:02:39.631349,10695,0
UChXOhG9bRDb3vSTg-qkPAZg,Gweilo-60,2019-02-17 08:01:39.36895,10695,0
UChXOhG9bRDb3vSTg-qkPAZg,Gweilo-60,2019-02-17 08:00:39.574113,10695,0
UChXOhG9bRDb3vSTg-qkPAZg,Gweilo-60,2019-02-17 07:59:39.190162,10695,0
UChXOhG9bRDb3vSTg-qkPAZg,Gweilo-60,2019-02-17 07:58:39.405287,10695,0
UChXOhG9bRDb3vSTg-qkPAZg,Gweilo-60,2019-02-17 07:57:39.323347,10695,0
UChXOhG9bRDb3vSTg-qkPAZg,Gweilo-60,2019-02-17 07:56:39.250319,10695,0
UChXOhG9bRDb3vSTg-qkPAZg,Gweilo-60,2019-02-17 07:55:39.410912,10695,0
UChXOhG9bRDb3vSTg-qkPAZg,Gweilo-60,2019-02-17 07:54:39.552448,10695,0
UChXOhG9bRDb3vSTg-qkPAZg,Gweilo-60,2019-02-17 07:53:39.813241,10695,0
UChXOhG9bRDb3vSTg-qkPAZg,Gweilo-60,2019-02-17 07:52:39.417125,10695,0
UChXOhG9bRDb3vSTg-qkPAZg,Gweilo-60,2019-02-17 07:51:39.190257,10695,0
UChXOhG9bRDb3vSTg-qkPAZg,Gweilo-60,2019-02-17 07:50:38.76691,10695,0
UChXOhG9bRDb3vSTg-qkPAZg,Gweilo-60,2019-02-17 07:49:39.587757,10695,0
UChXOhG9bRDb3vSTg-qkPAZg,Gweilo-60,2019-02-17 07:48:39.540681,10695,0
UChXOhG9bRDb3vSTg-qkPAZg,Gweilo-60,2019-02-17 07:47:39.553883,10695,1
UChXOhG9bRDb3vSTg-qkPAZg,Gweilo-60,2019-02-17 07:46:39.822377,10694,0
UChXOhG9bRDb3vSTg-qkPAZg,Gweilo-60,2019-02-17 07:45:39.429974,10694,0
UChXOhG9bRDb3vSTg-qkPAZg,Gweilo-60,2019-02-17 07:44:39.182338,10694,0
UChXOhG9bRDb3vSTg-qkPAZg,Gweilo-60,2019-02-17 07:43:39.48922,10694,0
UChXOhG9bRDb3vSTg-qkPAZg,Gweilo-60,2019-02-17 07:42:39.508213,10694,0
UChXOhG9bRDb3vSTg-qkPAZg,Gweilo-60,2019-02-17 07:41:39.342071,10694,0
UChXOhG9bRDb3vSTg-qkPAZg,Gweilo-60,2019-02-17 07:40:39.402759,10694,0
UChXOhG9bRDb3vSTg-qkPAZg,Gweilo-60,2019-02-17 07:39:39.509259,10694,0
UChXOhG9bRDb3vSTg-qkPAZg,Gweilo-60,2019-02-17 07:38:39.392788,10694,0
UChXOhG9bRDb3vSTg-qkPAZg,Gweilo-60,2019-02-17 07:37:39.590839,10694,0
UChXOhG9bRDb3vSTg-qkPAZg,Gweilo-60,2019-02-17 07:36:39.275814,10694,0
UChXOhG9bRDb3vSTg-qkPAZg,Gweilo-60,2019-02-17 07:35:39.695072,10694,0
UChXOhG9bRDb3vSTg-qkPAZg,Gweilo-60,2019-02-17 07:34:38.879598,10694,0
UChXOhG9bRDb3vSTg-qkPAZg,Gweilo-60,2019-02-17 07:33:39.501251,10694,0
UChXOhG9bRDb3vSTg-qkPAZg,Gweilo-60,2019-02-17 07:32:38.949138,10694,0
UChXOhG9bRDb3vSTg-qkPAZg,Gweilo-60,2019-02-17 07:31:39.053587,10694,0
UChXOhG9bRDb3vSTg-qkPAZg,Gweilo-60,2019-02-17 07:30:39.919977,10694,0
UChXOhG9bRDb3vSTg-qkPAZg,Gweilo-60,2019-02-17 07:29:39.533246,10694,0
UChXOhG9bRDb3vSTg-qkPAZg,Gweilo-60,2019-02-17 07:28:39.434614,10694,0
UChXOhG9bRDb3vSTg-qkPAZg,Gweilo-60,2019-02-17 07:27:39.542384,10694,0
UChXOhG9bRDb3vSTg-qkPAZg,Gweilo-60,2019-02-17 07:26:40.021471,10694,0
UChXOhG9bRDb3vSTg-qkPAZg,Gweilo-60,2019-02-17 07:25:39.236886,10694,0
UChXOhG9bRDb3vSTg-qkPAZg,Gweilo-60,2019-02-17 07:24:39.314762,10694,0
UChXOhG9bRDb3vSTg-qkPAZg,Gweilo-60,2019-02-17 07:23:39.543886,10694,0
UChXOhG9bRDb3vSTg-qkPAZg,Gweilo-60,2019-02-17 07:22:39.622712,10694,0
UChXOhG9bRDb3vSTg-qkPAZg,Gweilo-60,2019-02-17 07:21:39.258802,10694,0
UChXOhG9bRDb3vSTg-qkPAZg,Gweilo-60,2019-02-17 07:20:39.508757,10694,0
UChXOhG9bRDb3vSTg-qkPAZg,Gweilo-60,2019-02-17 07:19:39.003442,10694,0
UChXOhG9bRDb3vSTg-qkPAZg,Gweilo-60,2019-02-17 07:18:39.550861,10694,0
UChXOhG9bRDb3vSTg-qkPAZg,Gweilo-60,2019-02-17 07:17:39.494568,10694,0
UChXOhG9bRDb3vSTg-qkPAZg,Gweilo-60,2019-02-17 07:16:39.321913,10694,0
UChXOhG9bRDb3vSTg-qkPAZg,Gweilo-60,2019-02-17 07:15:38.783477,10694,0
UChXOhG9bRDb3vSTg-qkPAZg,Gweilo-60,2019-02-17 07:14:39.175816,10694,0
UChXOhG9bRDb3vSTg-qkPAZg,Gweilo-60,2019-02-17 07:13:39.768232,10694,0
UChXOhG9bRDb3vSTg-qkPAZg,Gweilo-60,2019-02-17 07:12:39.413562,10694,0
UChXOhG9bRDb3vSTg-qkPAZg,Gweilo-60,2019-02-17 07:11:39.542845,10694,0
UChXOhG9bRDb3vSTg-qkPAZg,Gweilo-60,2019-02-17 07:10:38.957372,10694,0
UChXOhG9bRDb3vSTg-qkPAZg,Gweilo-60,2019-02-17 07:09:39.148905,10694,0
UChXOhG9bRDb3vSTg-qkPAZg,Gweilo-60,2019-02-17 07:08:39.15863,10694,0
UChXOhG9bRDb3vSTg-qkPAZg,Gweilo-60,2019-02-17 07:07:39.219762,10694,0
UChXOhG9bRDb3vSTg-qkPAZg,Gweilo-60,2019-02-17 07:06:39.509197,10694,0
UChXOhG9bRDb3vSTg-qkPAZg,Gweilo-60,2019-02-17 07:05:38.974936,10694,0
UChXOhG9bRDb3vSTg-qkPAZg,Gweilo-60,2019-02-17 07:04:39.520382,10694,0
UChXOhG9bRDb3vSTg-qkPAZg,Gweilo-60,2019-02-17 07:03:39.511645,10694,0
UChXOhG9bRDb3vSTg-qkPAZg,Gweilo-60,2019-02-17 07:02:39.341003,10694,0
UChXOhG9bRDb3vSTg-qkPAZg,Gweilo-60,2019-02-17 07:01:39.9291,10694,0
UChXOhG9bRDb3vSTg-qkPAZg,Gweilo-60,2019-02-17 07:00:39.516948,10694,0
UChXOhG9bRDb3vSTg-qkPAZg,Gweilo-60,2019-02-17 06:59:39.248498,10694,0
UChXOhG9bRDb3vSTg-qkPAZg,Gweilo-60,2019-02-17 06:58:39.047065,10694,0
UChXOhG9bRDb3vSTg-qkPAZg,Gweilo-60,2019-02-17 06:57:39.381251,10694,0
UChXOhG9bRDb3vSTg-qkPAZg,Gweilo-60,2019-02-17 06:56:39.37549,10694,0
UChXOhG9bRDb3vSTg-qkPAZg,Gweilo-60,2019-02-17 06:55:40.06738,10694,0
UChXOhG9bRDb3vSTg-qkPAZg,Gweilo-60,2019-02-17 06:54:39.28878,10694,0
UChXOhG9bRDb3vSTg-qkPAZg,Gweilo-60,2019-02-17 06:53:39.11932,10694,0
UChXOhG9bRDb3vSTg-qkPAZg,Gweilo-60,2019-02-17 06:52:39.242436,10694,0
UChXOhG9bRDb3vSTg-qkPAZg,Gweilo-60,2019-02-17 06:51:39.994126,10694,0
UChXOhG9bRDb3vSTg-qkPAZg,Gweilo-60,2019-02-17 06:50:38.934129,10694,0
UChXOhG9bRDb3vSTg-qkPAZg,Gweilo-60,2019-02-17 06:49:39.524256,10694,0
UChXOhG9bRDb3vSTg-qkPAZg,Gweilo-60,2019-02-17 06:48:38.995507,10694,0
UChXOhG9bRDb3vSTg-qkPAZg,Gweilo-60,2019-02-17 06:47:39.217057,10694,0
UChXOhG9bRDb3vSTg-qkPAZg,Gweilo-60,2019-02-17 06:46:39.695998,10694,0
UChXOhG9bRDb3vSTg-qkPAZg,Gweilo-60,2019-02-17 06:45:39.298938,10694,0
UChXOhG9bRDb3vSTg-qkPAZg,Gweilo-60,2019-02-17 06:44:39.498641,10694,0
UChXOhG9bRDb3vSTg-qkPAZg,Gweilo-60,2019-02-17 06:43:39.116491,10694,0
UChXOhG9bRDb3vSTg-qkPAZg,Gweilo-60,2019-02-17 06:42:39.331961,10694,0
UChXOhG9bRDb3vSTg-qkPAZg,Gweilo-60,2019-02-17 06:41:39.109123,10694,0
UChXOhG9bRDb3vSTg-qkPAZg,Gweilo-60,2019-02-17 06:40:39.029873,10694,0
UChXOhG9bRDb3vSTg-qkPAZg,Gweilo-60,2019-02-17 06:39:39.058771,10694,0
UChXOhG9bRDb3vSTg-qkPAZg,Gweilo-60,2019-02-17 06:38:40.241275,10694,0
UChXOhG9bRDb3vSTg-qkPAZg,Gweilo-60,2019-02-17 06:37:39.205459,10694,0
UChXOhG9bRDb3vSTg-qkPAZg,Gweilo-60,2019-02-17 06:36:39.092786,10694,0
UChXOhG9bRDb3vSTg-qkPAZg,Gweilo-60,2019-02-17 06:35:39.700576,10694,0
UChXOhG9bRDb3vSTg-qkPAZg,Gweilo-60,2019-02-17 06:34:38.979775,10694,0
UChXOhG9bRDb3vSTg-qkPAZg,Gweilo-60,2019-02-17 06:33:39.322915,10694,0
UChXOhG9bRDb3vSTg-qkPAZg,Gweilo-60,2019-02-17 06:32:39.162097,10694,0
UChXOhG9bRDb3vSTg-qkPAZg,Gweilo-60,2019-02-17 06:31:40.078434,10694,0
UChXOhG9bRDb3vSTg-qkPAZg,Gweilo-60,2019-02-17 06:30:39.360791,10694,0
UChXOhG9bRDb3vSTg-qkPAZg,Gweilo-60,2019-02-17 06:29:39.568371,10694,0
UChXOhG9bRDb3vSTg-qkPAZg,Gweilo-60,2019-02-17 06:28:39.41292,10694,0
UChXOhG9bRDb3vSTg-qkPAZg,Gweilo-60,2019-02-17 06:27:39.58644,10694,0
UChXOhG9bRDb3vSTg-qkPAZg,Gweilo-60,2019-02-17 06:26:39.565638,10694,0
UChXOhG9bRDb3vSTg-qkPAZg,Gweilo-60,2019-02-17 06:25:40.166329,10694,0
UChXOhG9bRDb3vSTg-qkPAZg,Gweilo-60,2019-02-17 06:24:39.208425,10694,0
UChXOhG9bRDb3vSTg-qkPAZg,Gweilo-60,2019-02-17 06:23:39.904464,10694,0
UChXOhG9bRDb3vSTg-qkPAZg,Gweilo-60,2019-02-17 06:22:38.991552,10694,0
UChXOhG9bRDb3vSTg-qkPAZg,Gweilo-60,2019-02-17 06:21:39.328789,10694,0
UChXOhG9bRDb3vSTg-qkPAZg,Gweilo-60,2019-02-17 06:20:39.1832,10694,0
UChXOhG9bRDb3vSTg-qkPAZg,Gweilo-60,2019-02-17 06:19:39.384808,10694,0
UChXOhG9bRDb3vSTg-qkPAZg,Gweilo-60,2019-02-17 06:18:39.526824,10694,0
UChXOhG9bRDb3vSTg-qkPAZg,Gweilo-60,2019-02-17 06:17:39.501904,10694,0
UChXOhG9bRDb3vSTg-qkPAZg,Gweilo-60,2019-02-17 06:16:39.922621,10694,0
UChXOhG9bRDb3vSTg-qkPAZg,Gweilo-60,2019-02-17 06:15:39.527693,10694,0
UChXOhG9bRDb3vSTg-qkPAZg,Gweilo-60,2019-02-17 06:14:39.484535,10694,0
UChXOhG9bRDb3vSTg-qkPAZg,Gweilo-60,2019-02-17 06:13:39.796976,10694,0
UChXOhG9bRDb3vSTg-qkPAZg,Gweilo-60,2019-02-17 06:12:39.156841,10694,0
UChXOhG9bRDb3vSTg-qkPAZg,Gweilo-60,2019-02-17 06:11:40.289641,10694,0
UChXOhG9bRDb3vSTg-qkPAZg,Gweilo-60,2019-02-17 06:10:39.171123,10694,0
UChXOhG9bRDb3vSTg-qkPAZg,Gweilo-60,2019-02-17 06:09:39.605677,10694,0
UChXOhG9bRDb3vSTg-qkPAZg,Gweilo-60,2019-02-17 06:08:39.852025,10694,0
UChXOhG9bRDb3vSTg-qkPAZg,Gweilo-60,2019-02-17 06:07:39.78448,10694,0
UChXOhG9bRDb3vSTg-qkPAZg,Gweilo-60,2019-02-17 06:06:39.978742,10694,0
UChXOhG9bRDb3vSTg-qkPAZg,Gweilo-60,2019-02-17 06:05:38.841862,10694,0
UChXOhG9bRDb3vSTg-qkPAZg,Gweilo-60,2019-02-17 06:04:39.292277,10694,0
UChXOhG9bRDb3vSTg-qkPAZg,Gweilo-60,2019-02-17 06:03:39.540399,10694,0
UChXOhG9bRDb3vSTg-qkPAZg,Gweilo-60,2019-02-17 06:02:39.665949,10694,0
UChXOhG9bRDb3vSTg-qkPAZg,Gweilo-60,2019-02-17 06:01:39.693963,10694,0
UChXOhG9bRDb3vSTg-qkPAZg,Gweilo-60,2019-02-17 06:00:39.222001,10694,0
UChXOhG9bRDb3vSTg-qkPAZg,Gweilo-60,2019-02-17 05:59:38.98288,10694,0
UChXOhG9bRDb3vSTg-qkPAZg,Gweilo-60,2019-02-17 05:58:39.832524,10694,0
UChXOhG9bRDb3vSTg-qkPAZg,Gweilo-60,2019-02-17 05:57:39.229206,10694,0
UChXOhG9bRDb3vSTg-qkPAZg,Gweilo-60,2019-02-17 05:56:39.994994,10694,0
UChXOhG9bRDb3vSTg-qkPAZg,Gweilo-60,2019-02-17 05:55:39.363655,10694,0
UChXOhG9bRDb3vSTg-qkPAZg,Gweilo-60,2019-02-17 05:54:39.362767,10694,0
UChXOhG9bRDb3vSTg-qkPAZg,Gweilo-60,2019-02-17 05:53:39.228776,10694,0
UChXOhG9bRDb3vSTg-qkPAZg,Gweilo-60,2019-02-17 05:52:38.842371,10694,0
UChXOhG9bRDb3vSTg-qkPAZg,Gweilo-60,2019-02-17 05:51:39.200413,10694,0
UChXOhG9bRDb3vSTg-qkPAZg,Gweilo-60,2019-02-17 05:50:38.990098,10694,0
UChXOhG9bRDb3vSTg-qkPAZg,Gweilo-60,2019-02-17 05:49:39.386428,10694,0
UChXOhG9bRDb3vSTg-qkPAZg,Gweilo-60,2019-02-17 05:48:39.449592,10694,0
UChXOhG9bRDb3vSTg-qkPAZg,Gweilo-60,2019-02-17 05:47:39.773921,10694,0
UChXOhG9bRDb3vSTg-qkPAZg,Gweilo-60,2019-02-17 05:46:39.385768,10694,0
UChXOhG9bRDb3vSTg-qkPAZg,Gweilo-60,2019-02-17 05:45:39.467466,10694,0
UChXOhG9bRDb3vSTg-qkPAZg,Gweilo-60,2019-02-17 05:44:39.450848,10694,0
UChXOhG9bRDb3vSTg-qkPAZg,Gweilo-60,2019-02-17 05:43:39.389689,10694,0
UChXOhG9bRDb3vSTg-qkPAZg,Gweilo-60,2019-02-17 05:42:39.767882,10694,0
UChXOhG9bRDb3vSTg-qkPAZg,Gweilo-60,2019-02-17 05:41:39.947435,10694,0
UChXOhG9bRDb3vSTg-qkPAZg,Gweilo-60,2019-02-17 05:40:39.782247,10694,0
UChXOhG9bRDb3vSTg-qkPAZg,Gweilo-60,2019-02-17 05:39:39.634215,10694,0
UChXOhG9bRDb3vSTg-qkPAZg,Gweilo-60,2019-02-17 05:38:39.608514,10694,0
UChXOhG9bRDb3vSTg-qkPAZg,Gweilo-60,2019-02-17 05:37:39.562754,10694,0
UChXOhG9bRDb3vSTg-qkPAZg,Gweilo-60,2019-02-17 05:36:39.535532,10694,0
UChXOhG9bRDb3vSTg-qkPAZg,Gweilo-60,2019-02-17 05:35:38.739863,10694,0
UChXOhG9bRDb3vSTg-qkPAZg,Gweilo-60,2019-02-17 05:34:39.358971,10694,0
UChXOhG9bRDb3vSTg-qkPAZg,Gweilo-60,2019-02-17 05:33:39.478385,10694,0
UChXOhG9bRDb3vSTg-qkPAZg,Gweilo-60,2019-02-17 05:32:39.362931,10694,0
UChXOhG9bRDb3vSTg-qkPAZg,Gweilo-60,2019-02-17 05:31:39.529796,10694,0
UChXOhG9bRDb3vSTg-qkPAZg,Gweilo-60,2019-02-17 05:30:40.277652,10694,0
UChXOhG9bRDb3vSTg-qkPAZg,Gweilo-60,2019-02-17 05:29:39.853191,10694,0
UChXOhG9bRDb3vSTg-qkPAZg,Gweilo-60,2019-02-17 05:28:38.846417,10694,0
UChXOhG9bRDb3vSTg-qkPAZg,Gweilo-60,2019-02-17 05:27:39.584478,10694,0
UChXOhG9bRDb3vSTg-qkPAZg,Gweilo-60,2019-02-17 05:26:39.939998,10694,0
UChXOhG9bRDb3vSTg-qkPAZg,Gweilo-60,2019-02-17 05:25:39.928725,10694,1
UChXOhG9bRDb3vSTg-qkPAZg,Gweilo-60,2019-02-17 05:24:39.267343,10693,0
UChXOhG9bRDb3vSTg-qkPAZg,Gweilo-60,2019-02-17 05:23:39.642018,10693,0
UChXOhG9bRDb3vSTg-qkPAZg,Gweilo-60,2019-02-17 05:22:39.239802,10693,0
UChXOhG9bRDb3vSTg-qkPAZg,Gweilo-60,2019-02-17 05:21:39.518999,10693,0
UChXOhG9bRDb3vSTg-qkPAZg,Gweilo-60,2019-02-17 05:20:39.030445,10693,0
UChXOhG9bRDb3vSTg-qkPAZg,Gweilo-60,2019-02-17 05:19:38.858228,10693,0
UChXOhG9bRDb3vSTg-qkPAZg,Gweilo-60,2019-02-17 05:18:39.104047,10693,0
UChXOhG9bRDb3vSTg-qkPAZg,Gweilo-60,2019-02-17 05:17:39.460544,10693,0
UChXOhG9bRDb3vSTg-qkPAZg,Gweilo-60,2019-02-17 05:16:39.480466,10693,0
UChXOhG9bRDb3vSTg-qkPAZg,Gweilo-60,2019-02-17 05:15:39.673245,10693,0
UChXOhG9bRDb3vSTg-qkPAZg,Gweilo-60,2019-02-17 05:14:39.057446,10693,0
UChXOhG9bRDb3vSTg-qkPAZg,Gweilo-60,2019-02-17 05:13:39.491287,10693,0
UChXOhG9bRDb3vSTg-qkPAZg,Gweilo-60,2019-02-17 05:12:39.599267,10693,0
UChXOhG9bRDb3vSTg-qkPAZg,Gweilo-60,2019-02-17 05:11:39.594104,10693,0
UChXOhG9bRDb3vSTg-qkPAZg,Gweilo-60,2019-02-17 05:10:39.508936,10693,0
UChXOhG9bRDb3vSTg-qkPAZg,Gweilo-60,2019-02-17 05:09:39.25758,10693,0
UChXOhG9bRDb3vSTg-qkPAZg,Gweilo-60,2019-02-17 05:08:39.546076,10693,0
UChXOhG9bRDb3vSTg-qkPAZg,Gweilo-60,2019-02-17 05:07:39.268007,10693,0
UChXOhG9bRDb3vSTg-qkPAZg,Gweilo-60,2019-02-17 05:06:39.461484,10693,0
UChXOhG9bRDb3vSTg-qkPAZg,Gweilo-60,2019-02-17 05:05:39.415609,10693,0
UChXOhG9bRDb3vSTg-qkPAZg,Gweilo-60,2019-02-17 05:04:39.440645,10693,0
UChXOhG9bRDb3vSTg-qkPAZg,Gweilo-60,2019-02-17 05:03:39.224095,10693,0
UChXOhG9bRDb3vSTg-qkPAZg,Gweilo-60,2019-02-17 05:02:38.802726,10693,0
UChXOhG9bRDb3vSTg-qkPAZg,Gweilo-60,2019-02-17 05:01:39.267399,10693,0
UChXOhG9bRDb3vSTg-qkPAZg,Gweilo-60,2019-02-17 05:00:39.387939,10693,0
UChXOhG9bRDb3vSTg-qkPAZg,Gweilo-60,2019-02-17 04:59:39.230304,10693,0
UChXOhG9bRDb3vSTg-qkPAZg,Gweilo-60,2019-02-17 04:58:40.268848,10693,0
UChXOhG9bRDb3vSTg-qkPAZg,Gweilo-60,2019-02-17 04:57:40.351186,10693,0
UChXOhG9bRDb3vSTg-qkPAZg,Gweilo-60,2019-02-17 04:56:39.585132,10693,0
UChXOhG9bRDb3vSTg-qkPAZg,Gweilo-60,2019-02-17 04:55:39.61415,10693,0
UChXOhG9bRDb3vSTg-qkPAZg,Gweilo-60,2019-02-17 04:54:39.389006,10693,0
UChXOhG9bRDb3vSTg-qkPAZg,Gweilo-60,2019-02-17 04:53:38.926453,10693,0
UChXOhG9bRDb3vSTg-qkPAZg,Gweilo-60,2019-02-17 04:52:39.523278,10693,0
UChXOhG9bRDb3vSTg-qkPAZg,Gweilo-60,2019-02-17 04:51:39.364845,10693,0
UChXOhG9bRDb3vSTg-qkPAZg,Gweilo-60,2019-02-17 04:50:39.496682,10693,0
UChXOhG9bRDb3vSTg-qkPAZg,Gweilo-60,2019-02-17 04:49:39.288368,10693,0
UChXOhG9bRDb3vSTg-qkPAZg,Gweilo-60,2019-02-17 04:48:39.615819,10693,0
UChXOhG9bRDb3vSTg-qkPAZg,Gweilo-60,2019-02-17 04:47:39.122577,10693,0
UChXOhG9bRDb3vSTg-qkPAZg,Gweilo-60,2019-02-17 04:46:39.478565,10693,0
UChXOhG9bRDb3vSTg-qkPAZg,Gweilo-60,2019-02-17 04:45:39.090228,10693,0
UChXOhG9bRDb3vSTg-qkPAZg,Gweilo-60,2019-02-17 04:44:39.02615,10693,0
UChXOhG9bRDb3vSTg-qkPAZg,Gweilo-60,2019-02-17 04:43:39.628069,10693,0
UChXOhG9bRDb3vSTg-qkPAZg,Gweilo-60,2019-02-17 04:42:39.350079,10693,0
UChXOhG9bRDb3vSTg-qkPAZg,Gweilo-60,2019-02-17 04:41:39.804147,10693,0
UChXOhG9bRDb3vSTg-qkPAZg,Gweilo-60,2019-02-17 04:40:39.515731,10693,0
UChXOhG9bRDb3vSTg-qkPAZg,Gweilo-60,2019-02-17 04:39:39.016937,10693,0
UChXOhG9bRDb3vSTg-qkPAZg,Gweilo-60,2019-02-17 04:38:39.833825,10693,0
UChXOhG9bRDb3vSTg-qkPAZg,Gweilo-60,2019-02-17 04:37:39.255237,10693,0
UChXOhG9bRDb3vSTg-qkPAZg,Gweilo-60,2019-02-17 04:36:39.026675,10693,0
UChXOhG9bRDb3vSTg-qkPAZg,Gweilo-60,2019-02-17 04:35:39.549642,10693,0
UChXOhG9bRDb3vSTg-qkPAZg,Gweilo-60,2019-02-17 04:34:39.871583,10693,0
UChXOhG9bRDb3vSTg-qkPAZg,Gweilo-60,2019-02-17 04:33:39.713748,10693,0
UChXOhG9bRDb3vSTg-qkPAZg,Gweilo-60,2019-02-17 04:32:40.024229,10693,0
UChXOhG9bRDb3vSTg-qkPAZg,Gweilo-60,2019-02-17 04:31:39.128597,10693,0
UChXOhG9bRDb3vSTg-qkPAZg,Gweilo-60,2019-02-17 04:30:39.551013,10693,0
UChXOhG9bRDb3vSTg-qkPAZg,Gweilo-60,2019-02-17 04:29:39.264754,10693,0
UChXOhG9bRDb3vSTg-qkPAZg,Gweilo-60,2019-02-17 04:28:39.421996,10693,0
UChXOhG9bRDb3vSTg-qkPAZg,Gweilo-60,2019-02-17 04:27:39.26221,10693,0
UChXOhG9bRDb3vSTg-qkPAZg,Gweilo-60,2019-02-17 04:26:39.124453,10693,0
UChXOhG9bRDb3vSTg-qkPAZg,Gweilo-60,2019-02-17 04:25:39.785045,10693,0
UChXOhG9bRDb3vSTg-qkPAZg,Gweilo-60,2019-02-17 04:24:39.644672,10693,0
UChXOhG9bRDb3vSTg-qkPAZg,Gweilo-60,2019-02-17 04:23:39.002079,10693,0
UChXOhG9bRDb3vSTg-qkPAZg,Gweilo-60,2019-02-17 04:22:39.65709,10693,0
UChXOhG9bRDb3vSTg-qkPAZg,Gweilo-60,2019-02-17 04:21:39.573329,10693,0
UChXOhG9bRDb3vSTg-qkPAZg,Gweilo-60,2019-02-17 04:20:39.583621,10693,0
UChXOhG9bRDb3vSTg-qkPAZg,Gweilo-60,2019-02-17 04:19:39.850679,10693,0
UChXOhG9bRDb3vSTg-qkPAZg,Gweilo-60,2019-02-17 04:18:39.342818,10693,0
UChXOhG9bRDb3vSTg-qkPAZg,Gweilo-60,2019-02-17 04:17:39.265365,10693,0
UChXOhG9bRDb3vSTg-qkPAZg,Gweilo-60,2019-02-17 04:16:39.517957,10693,0
UChXOhG9bRDb3vSTg-qkPAZg,Gweilo-60,2019-02-17 04:15:39.231168,10693,0
UChXOhG9bRDb3vSTg-qkPAZg,Gweilo-60,2019-02-17 04:14:39.126009,10693,0
UChXOhG9bRDb3vSTg-qkPAZg,Gweilo-60,2019-02-17 04:13:39.456376,10693,1
UChXOhG9bRDb3vSTg-qkPAZg,Gweilo-60,2019-02-17 04:12:39.384961,10692,0
UChXOhG9bRDb3vSTg-qkPAZg,Gweilo-60,2019-02-17 04:11:38.702815,10692,0
UChXOhG9bRDb3vSTg-qkPAZg,Gweilo-60,2019-02-17 04:10:39.377329,10692,0
UChXOhG9bRDb3vSTg-qkPAZg,Gweilo-60,2019-02-17 04:09:39.2189,10692,0
UChXOhG9bRDb3vSTg-qkPAZg,Gweilo-60,2019-02-17 04:08:39.823619,10692,0
UChXOhG9bRDb3vSTg-qkPAZg,Gweilo-60,2019-02-17 04:07:39.549383,10692,0
UChXOhG9bRDb3vSTg-qkPAZg,Gweilo-60,2019-02-17 04:06:39.607492,10692,0
UChXOhG9bRDb3vSTg-qkPAZg,Gweilo-60,2019-02-17 04:05:39.016379,10692,0
UChXOhG9bRDb3vSTg-qkPAZg,Gweilo-60,2019-02-17 04:04:39.225731,10692,0
UChXOhG9bRDb3vSTg-qkPAZg,Gweilo-60,2019-02-17 04:03:39.643776,10692,0
UChXOhG9bRDb3vSTg-qkPAZg,Gweilo-60,2019-02-17 04:02:39.20829,10692,0
UChXOhG9bRDb3vSTg-qkPAZg,Gweilo-60,2019-02-17 04:01:39.23813,10692,0
UChXOhG9bRDb3vSTg-qkPAZg,Gweilo-60,2019-02-17 04:00:39.022313,10692,0
UChXOhG9bRDb3vSTg-qkPAZg,Gweilo-60,2019-02-17 03:59:39.648771,10692,0
UChXOhG9bRDb3vSTg-qkPAZg,Gweilo-60,2019-02-17 03:58:39.777219,10692,0
UChXOhG9bRDb3vSTg-qkPAZg,Gweilo-60,2019-02-17 03:57:39.622594,10692,0
UChXOhG9bRDb3vSTg-qkPAZg,Gweilo-60,2019-02-17 03:56:39.341873,10692,0
UChXOhG9bRDb3vSTg-qkPAZg,Gweilo-60,2019-02-17 03:55:39.029286,10692,0
UChXOhG9bRDb3vSTg-qkPAZg,Gweilo-60,2019-02-17 03:54:39.3789,10692,1
UChXOhG9bRDb3vSTg-qkPAZg,Gweilo-60,2019-02-17 03:53:39.340335,10691,0
UChXOhG9bRDb3vSTg-qkPAZg,Gweilo-60,2019-02-17 03:52:39.137757,10691,0
UChXOhG9bRDb3vSTg-qkPAZg,Gweilo-60,2019-02-17 03:51:39.537466,10691,0
UChXOhG9bRDb3vSTg-qkPAZg,Gweilo-60,2019-02-17 03:50:39.308781,10691,0
UChXOhG9bRDb3vSTg-qkPAZg,Gweilo-60,2019-02-17 03:49:39.240753,10691,0
UChXOhG9bRDb3vSTg-qkPAZg,Gweilo-60,2019-02-17 03:48:39.433313,10691,0
UChXOhG9bRDb3vSTg-qkPAZg,Gweilo-60,2019-02-17 03:47:39.943242,10691,0
UChXOhG9bRDb3vSTg-qkPAZg,Gweilo-60,2019-02-17 03:46:39.262891,10691,0
UChXOhG9bRDb3vSTg-qkPAZg,Gweilo-60,2019-02-17 03:45:40.092483,10691,0
UChXOhG9bRDb3vSTg-qkPAZg,Gweilo-60,2019-02-17 03:44:39.298992,10691,0
UChXOhG9bRDb3vSTg-qkPAZg,Gweilo-60,2019-02-17 03:43:39.399104,10691,0
UChXOhG9bRDb3vSTg-qkPAZg,Gweilo-60,2019-02-17 03:42:39.701957,10691,0
UChXOhG9bRDb3vSTg-qkPAZg,Gweilo-60,2019-02-17 03:41:39.206757,10691,0
UChXOhG9bRDb3vSTg-qkPAZg,Gweilo-60,2019-02-17 03:40:39.122004,10691,0
UChXOhG9bRDb3vSTg-qkPAZg,Gweilo-60,2019-02-17 03:39:39.123775,10691,0
UChXOhG9bRDb3vSTg-qkPAZg,Gweilo-60,2019-02-17 03:38:39.479573,10691,0
UChXOhG9bRDb3vSTg-qkPAZg,Gweilo-60,2019-02-17 03:37:39.252627,10691,0
UChXOhG9bRDb3vSTg-qkPAZg,Gweilo-60,2019-02-17 03:36:39.422717,10691,0
UChXOhG9bRDb3vSTg-qkPAZg,Gweilo-60,2019-02-17 03:35:39.21521,10691,0
UChXOhG9bRDb3vSTg-qkPAZg,Gweilo-60,2019-02-17 03:34:39.174695,10691,0
UChXOhG9bRDb3vSTg-qkPAZg,Gweilo-60,2019-02-17 03:33:39.471354,10691,0
UChXOhG9bRDb3vSTg-qkPAZg,Gweilo-60,2019-02-17 03:32:39.90767,10691,0
UChXOhG9bRDb3vSTg-qkPAZg,Gweilo-60,2019-02-17 03:31:39.387854,10691,0
UChXOhG9bRDb3vSTg-qkPAZg,Gweilo-60,2019-02-17 03:30:39.312624,10691,0
UChXOhG9bRDb3vSTg-qkPAZg,Gweilo-60,2019-02-17 03:29:39.475017,10691,0
UChXOhG9bRDb3vSTg-qkPAZg,Gweilo-60,2019-02-17 03:28:39.236386,10691,0
UChXOhG9bRDb3vSTg-qkPAZg,Gweilo-60,2019-02-17 03:27:39.10078,10691,0
UChXOhG9bRDb3vSTg-qkPAZg,Gweilo-60,2019-02-17 03:26:39.182752,10691,0
UChXOhG9bRDb3vSTg-qkPAZg,Gweilo-60,2019-02-17 03:25:39.458163,10691,0
UChXOhG9bRDb3vSTg-qkPAZg,Gweilo-60,2019-02-17 03:24:39.33221,10691,0
UChXOhG9bRDb3vSTg-qkPAZg,Gweilo-60,2019-02-17 03:23:39.841524,10691,0
UChXOhG9bRDb3vSTg-qkPAZg,Gweilo-60,2019-02-17 03:22:40.111705,10691,0
UChXOhG9bRDb3vSTg-qkPAZg,Gweilo-60,2019-02-17 03:21:39.548411,10691,0
UChXOhG9bRDb3vSTg-qkPAZg,Gweilo-60,2019-02-17 03:20:39.460583,10691,0
UChXOhG9bRDb3vSTg-qkPAZg,Gweilo-60,2019-02-17 03:19:39.074441,10691,0
UChXOhG9bRDb3vSTg-qkPAZg,Gweilo-60,2019-02-17 03:18:39.056372,10691,0
UChXOhG9bRDb3vSTg-qkPAZg,Gweilo-60,2019-02-17 03:17:39.433776,10691,0
UChXOhG9bRDb3vSTg-qkPAZg,Gweilo-60,2019-02-17 03:16:39.548937,10691,0
UChXOhG9bRDb3vSTg-qkPAZg,Gweilo-60,2019-02-17 03:15:39.387488,10691,0
UChXOhG9bRDb3vSTg-qkPAZg,Gweilo-60,2019-02-17 03:14:39.836399,10691,0
UChXOhG9bRDb3vSTg-qkPAZg,Gweilo-60,2019-02-17 03:13:40.294733,10691,0
UChXOhG9bRDb3vSTg-qkPAZg,Gweilo-60,2019-02-17 03:12:39.551853,10691,0
UChXOhG9bRDb3vSTg-qkPAZg,Gweilo-60,2019-02-17 03:11:39.190938,10691,0
UChXOhG9bRDb3vSTg-qkPAZg,Gweilo-60,2019-02-17 03:10:39.362729,10691,0
UChXOhG9bRDb3vSTg-qkPAZg,Gweilo-60,2019-02-17 03:09:39.48374,10691,0
UChXOhG9bRDb3vSTg-qkPAZg,Gweilo-60,2019-02-17 03:08:39.773874,10691,0
UChXOhG9bRDb3vSTg-qkPAZg,Gweilo-60,2019-02-17 03:07:39.051285,10691,0
UChXOhG9bRDb3vSTg-qkPAZg,Gweilo-60,2019-02-17 03:06:39.68233,10691,0
UChXOhG9bRDb3vSTg-qkPAZg,Gweilo-60,2019-02-17 03:05:39.211943,10691,0
UChXOhG9bRDb3vSTg-qkPAZg,Gweilo-60,2019-02-17 03:04:39.19334,10691,0
UChXOhG9bRDb3vSTg-qkPAZg,Gweilo-60,2019-02-17 03:03:39.822117,10691,0
UChXOhG9bRDb3vSTg-qkPAZg,Gweilo-60,2019-02-17 03:02:39.087647,10691,0
UChXOhG9bRDb3vSTg-qkPAZg,Gweilo-60,2019-02-17 03:01:39.506694,10691,0
UChXOhG9bRDb3vSTg-qkPAZg,Gweilo-60,2019-02-17 03:00:39.233872,10691,0
UChXOhG9bRDb3vSTg-qkPAZg,Gweilo-60,2019-02-17 02:59:40.122557,10691,0
UChXOhG9bRDb3vSTg-qkPAZg,Gweilo-60,2019-02-17 02:58:39.968509,10691,0
UChXOhG9bRDb3vSTg-qkPAZg,Gweilo-60,2019-02-17 02:57:39.545751,10691,0
UChXOhG9bRDb3vSTg-qkPAZg,Gweilo-60,2019-02-17 02:56:38.936723,10691,0
UChXOhG9bRDb3vSTg-qkPAZg,Gweilo-60,2019-02-17 02:55:39.303874,10691,0
UChXOhG9bRDb3vSTg-qkPAZg,Gweilo-60,2019-02-17 02:54:39.481016,10691,0
UChXOhG9bRDb3vSTg-qkPAZg,Gweilo-60,2019-02-17 02:53:38.873775,10691,0
UChXOhG9bRDb3vSTg-qkPAZg,Gweilo-60,2019-02-17 02:52:39.35075,10691,0
UChXOhG9bRDb3vSTg-qkPAZg,Gweilo-60,2019-02-17 02:51:38.734826,10691,0
UChXOhG9bRDb3vSTg-qkPAZg,Gweilo-60,2019-02-17 02:50:39.119234,10691,0
UChXOhG9bRDb3vSTg-qkPAZg,Gweilo-60,2019-02-17 02:49:39.717673,10691,0
UChXOhG9bRDb3vSTg-qkPAZg,Gweilo-60,2019-02-17 02:48:39.261002,10691,0
UChXOhG9bRDb3vSTg-qkPAZg,Gweilo-60,2019-02-17 02:47:39.354299,10691,0
UChXOhG9bRDb3vSTg-qkPAZg,Gweilo-60,2019-02-17 02:46:39.421173,10691,0
UChXOhG9bRDb3vSTg-qkPAZg,Gweilo-60,2019-02-17 02:45:39.307849,10691,0
UChXOhG9bRDb3vSTg-qkPAZg,Gweilo-60,2019-02-17 02:44:39.261292,10691,0
UChXOhG9bRDb3vSTg-qkPAZg,Gweilo-60,2019-02-17 02:43:39.341935,10691,0
UChXOhG9bRDb3vSTg-qkPAZg,Gweilo-60,2019-02-17 02:42:39.360297,10691,0
UChXOhG9bRDb3vSTg-qkPAZg,Gweilo-60,2019-02-17 02:41:39.224506,10691,0
UChXOhG9bRDb3vSTg-qkPAZg,Gweilo-60,2019-02-17 02:40:39.069382,10691,0
UChXOhG9bRDb3vSTg-qkPAZg,Gweilo-60,2019-02-17 02:39:39.662722,10691,0
UChXOhG9bRDb3vSTg-qkPAZg,Gweilo-60,2019-02-17 02:38:39.869158,10691,0
UChXOhG9bRDb3vSTg-qkPAZg,Gweilo-60,2019-02-17 02:37:39.58934,10691,0
UChXOhG9bRDb3vSTg-qkPAZg,Gweilo-60,2019-02-17 02:36:39.775796,10691,0
UChXOhG9bRDb3vSTg-qkPAZg,Gweilo-60,2019-02-17 02:35:39.293752,10691,0
UChXOhG9bRDb3vSTg-qkPAZg,Gweilo-60,2019-02-17 02:34:39.267919,10691,0
UChXOhG9bRDb3vSTg-qkPAZg,Gweilo-60,2019-02-17 02:33:39.757415,10691,0
UChXOhG9bRDb3vSTg-qkPAZg,Gweilo-60,2019-02-17 02:32:39.302534,10691,0
UChXOhG9bRDb3vSTg-qkPAZg,Gweilo-60,2019-02-17 02:31:38.882384,10691,0
UChXOhG9bRDb3vSTg-qkPAZg,Gweilo-60,2019-02-17 02:30:39.504011,10691,0
UChXOhG9bRDb3vSTg-qkPAZg,Gweilo-60,2019-02-17 02:29:39.508916,10691,0
UChXOhG9bRDb3vSTg-qkPAZg,Gweilo-60,2019-02-17 02:28:39.195922,10691,0
UChXOhG9bRDb3vSTg-qkPAZg,Gweilo-60,2019-02-17 02:27:39.86455,10691,0
UChXOhG9bRDb3vSTg-qkPAZg,Gweilo-60,2019-02-17 02:26:39.185973,10691,0
UChXOhG9bRDb3vSTg-qkPAZg,Gweilo-60,2019-02-17 02:25:39.083832,10691,0
UChXOhG9bRDb3vSTg-qkPAZg,Gweilo-60,2019-02-17 02:24:39.052199,10691,0
UChXOhG9bRDb3vSTg-qkPAZg,Gweilo-60,2019-02-17 02:23:39.717297,10691,0
UChXOhG9bRDb3vSTg-qkPAZg,Gweilo-60,2019-02-17 02:22:38.981478,10691,0
UChXOhG9bRDb3vSTg-qkPAZg,Gweilo-60,2019-02-17 02:21:39.210756,10691,0
UChXOhG9bRDb3vSTg-qkPAZg,Gweilo-60,2019-02-17 02:20:40.030947,10691,0
UChXOhG9bRDb3vSTg-qkPAZg,Gweilo-60,2019-02-17 02:19:38.895831,10691,0
UChXOhG9bRDb3vSTg-qkPAZg,Gweilo-60,2019-02-17 02:18:39.129645,10691,0
UChXOhG9bRDb3vSTg-qkPAZg,Gweilo-60,2019-02-17 02:17:39.316565,10691,0
UChXOhG9bRDb3vSTg-qkPAZg,Gweilo-60,2019-02-17 02:16:39.974169,10691,0
UChXOhG9bRDb3vSTg-qkPAZg,Gweilo-60,2019-02-17 02:15:39.091584,10691,0
UChXOhG9bRDb3vSTg-qkPAZg,Gweilo-60,2019-02-17 02:14:40.108771,10691,0
UChXOhG9bRDb3vSTg-qkPAZg,Gweilo-60,2019-02-17 02:13:39.609153,10691,0
UChXOhG9bRDb3vSTg-qkPAZg,Gweilo-60,2019-02-17 02:12:39.660857,10691,0
UChXOhG9bRDb3vSTg-qkPAZg,Gweilo-60,2019-02-17 02:11:39.233692,10691,0
UChXOhG9bRDb3vSTg-qkPAZg,Gweilo-60,2019-02-17 02:10:39.564103,10691,0
UChXOhG9bRDb3vSTg-qkPAZg,Gweilo-60,2019-02-17 02:09:39.875662,10691,0
UChXOhG9bRDb3vSTg-qkPAZg,Gweilo-60,2019-02-17 02:08:39.950673,10691,0
UChXOhG9bRDb3vSTg-qkPAZg,Gweilo-60,2019-02-17 02:07:39.303294,10691,0
UChXOhG9bRDb3vSTg-qkPAZg,Gweilo-60,2019-02-17 02:06:40.053039,10691,0
UChXOhG9bRDb3vSTg-qkPAZg,Gweilo-60,2019-02-17 02:05:39.98471,10691,0
UChXOhG9bRDb3vSTg-qkPAZg,Gweilo-60,2019-02-17 02:04:39.737815,10691,0
UChXOhG9bRDb3vSTg-qkPAZg,Gweilo-60,2019-02-17 02:03:39.591523,10691,0
UChXOhG9bRDb3vSTg-qkPAZg,Gweilo-60,2019-02-17 02:02:39.84717,10691,0
UChXOhG9bRDb3vSTg-qkPAZg,Gweilo-60,2019-02-17 02:01:39.727479,10691,0
UChXOhG9bRDb3vSTg-qkPAZg,Gweilo-60,2019-02-17 02:00:40.253696,10691,0
UChXOhG9bRDb3vSTg-qkPAZg,Gweilo-60,2019-02-17 01:59:39.845838,10691,0
UChXOhG9bRDb3vSTg-qkPAZg,Gweilo-60,2019-02-17 01:58:39.552286,10691,0
UChXOhG9bRDb3vSTg-qkPAZg,Gweilo-60,2019-02-17 01:57:38.71849,10691,0
UChXOhG9bRDb3vSTg-qkPAZg,Gweilo-60,2019-02-17 01:56:39.915565,10691,0
UChXOhG9bRDb3vSTg-qkPAZg,Gweilo-60,2019-02-17 01:55:39.844988,10691,0
UChXOhG9bRDb3vSTg-qkPAZg,Gweilo-60,2019-02-17 01:54:39.697033,10691,0
UChXOhG9bRDb3vSTg-qkPAZg,Gweilo-60,2019-02-17 01:53:39.516329,10691,0
UChXOhG9bRDb3vSTg-qkPAZg,Gweilo-60,2019-02-17 01:52:39.468134,10691,1
UChXOhG9bRDb3vSTg-qkPAZg,Gweilo-60,2019-02-17 01:51:39.313036,10690,0
UChXOhG9bRDb3vSTg-qkPAZg,Gweilo-60,2019-02-17 01:50:39.517862,10690,0
UChXOhG9bRDb3vSTg-qkPAZg,Gweilo-60,2019-02-17 01:49:39.254546,10690,0
UChXOhG9bRDb3vSTg-qkPAZg,Gweilo-60,2019-02-17 01:48:38.971543,10690,0
UChXOhG9bRDb3vSTg-qkPAZg,Gweilo-60,2019-02-17 01:47:39.539017,10690,0
UChXOhG9bRDb3vSTg-qkPAZg,Gweilo-60,2019-02-17 01:46:39.670233,10690,0
UChXOhG9bRDb3vSTg-qkPAZg,Gweilo-60,2019-02-17 01:45:39.489119,10690,0
UChXOhG9bRDb3vSTg-qkPAZg,Gweilo-60,2019-02-17 01:44:39.853898,10690,0
UChXOhG9bRDb3vSTg-qkPAZg,Gweilo-60,2019-02-17 01:43:39.263483,10690,0
UChXOhG9bRDb3vSTg-qkPAZg,Gweilo-60,2019-02-17 01:42:38.933246,10690,0
UChXOhG9bRDb3vSTg-qkPAZg,Gweilo-60,2019-02-17 01:41:39.134396,10690,0
UChXOhG9bRDb3vSTg-qkPAZg,Gweilo-60,2019-02-17 01:40:39.650517,10690,0
UChXOhG9bRDb3vSTg-qkPAZg,Gweilo-60,2019-02-17 01:39:39.728863,10690,0
UChXOhG9bRDb3vSTg-qkPAZg,Gweilo-60,2019-02-17 01:38:39.557655,10690,0
UChXOhG9bRDb3vSTg-qkPAZg,Gweilo-60,2019-02-17 01:37:40.12443,10690,0
UChXOhG9bRDb3vSTg-qkPAZg,Gweilo-60,2019-02-17 01:36:39.344893,10690,0
UChXOhG9bRDb3vSTg-qkPAZg,Gweilo-60,2019-02-17 01:35:39.557674,10690,0
UChXOhG9bRDb3vSTg-qkPAZg,Gweilo-60,2019-02-17 01:34:39.36523,10690,0
UChXOhG9bRDb3vSTg-qkPAZg,Gweilo-60,2019-02-17 01:33:39.70303,10690,0
UChXOhG9bRDb3vSTg-qkPAZg,Gweilo-60,2019-02-17 01:32:39.183261,10690,0
UChXOhG9bRDb3vSTg-qkPAZg,Gweilo-60,2019-02-17 01:31:39.519947,10690,1
UChXOhG9bRDb3vSTg-qkPAZg,Gweilo-60,2019-02-17 01:30:40.128155,10689,0
UChXOhG9bRDb3vSTg-qkPAZg,Gweilo-60,2019-02-17 01:29:39.174167,10689,0
UChXOhG9bRDb3vSTg-qkPAZg,Gweilo-60,2019-02-17 01:28:39.62067,10689,0
UChXOhG9bRDb3vSTg-qkPAZg,Gweilo-60,2019-02-17 01:27:40.134077,10689,0
UChXOhG9bRDb3vSTg-qkPAZg,Gweilo-60,2019-02-17 01:26:39.89279,10689,0
UChXOhG9bRDb3vSTg-qkPAZg,Gweilo-60,2019-02-17 01:25:39.793319,10689,0
UChXOhG9bRDb3vSTg-qkPAZg,Gweilo-60,2019-02-17 01:24:39.968764,10689,0
UChXOhG9bRDb3vSTg-qkPAZg,Gweilo-60,2019-02-17 01:23:39.458495,10689,0
UChXOhG9bRDb3vSTg-qkPAZg,Gweilo-60,2019-02-17 01:22:39.106594,10689,0
UChXOhG9bRDb3vSTg-qkPAZg,Gweilo-60,2019-02-17 01:21:39.237382,10689,0
UChXOhG9bRDb3vSTg-qkPAZg,Gweilo-60,2019-02-17 01:20:39.251742,10689,0
UChXOhG9bRDb3vSTg-qkPAZg,Gweilo-60,2019-02-17 01:19:40.116865,10689,0
UChXOhG9bRDb3vSTg-qkPAZg,Gweilo-60,2019-02-17 01:18:40.387048,10689,0
UChXOhG9bRDb3vSTg-qkPAZg,Gweilo-60,2019-02-17 01:17:39.652436,10689,0
UChXOhG9bRDb3vSTg-qkPAZg,Gweilo-60,2019-02-17 01:16:40.089227,10689,0
UChXOhG9bRDb3vSTg-qkPAZg,Gweilo-60,2019-02-17 01:15:39.654785,10689,0
UChXOhG9bRDb3vSTg-qkPAZg,Gweilo-60,2019-02-17 01:14:39.333113,10689,0
UChXOhG9bRDb3vSTg-qkPAZg,Gweilo-60,2019-02-17 01:13:39.955416,10689,0
UChXOhG9bRDb3vSTg-qkPAZg,Gweilo-60,2019-02-17 01:12:39.89318,10689,0
UChXOhG9bRDb3vSTg-qkPAZg,Gweilo-60,2019-02-17 01:11:39.877056,10689,0
UChXOhG9bRDb3vSTg-qkPAZg,Gweilo-60,2019-02-17 01:10:39.891131,10689,0
UChXOhG9bRDb3vSTg-qkPAZg,Gweilo-60,2019-02-17 01:09:39.484263,10689,0
UChXOhG9bRDb3vSTg-qkPAZg,Gweilo-60,2019-02-17 01:08:38.926886,10689,0
UChXOhG9bRDb3vSTg-qkPAZg,Gweilo-60,2019-02-17 01:07:40.07172,10689,0
UChXOhG9bRDb3vSTg-qkPAZg,Gweilo-60,2019-02-17 01:06:39.82475,10689,0
UChXOhG9bRDb3vSTg-qkPAZg,Gweilo-60,2019-02-17 01:05:39.378929,10689,0
UChXOhG9bRDb3vSTg-qkPAZg,Gweilo-60,2019-02-17 01:04:39.208308,10689,1
UChXOhG9bRDb3vSTg-qkPAZg,Gweilo-60,2019-02-17 01:03:39.875609,10688,0
UChXOhG9bRDb3vSTg-qkPAZg,Gweilo-60,2019-02-17 01:02:39.963079,10688,0
UChXOhG9bRDb3vSTg-qkPAZg,Gweilo-60,2019-02-17 01:01:39.669906,10688,0
UChXOhG9bRDb3vSTg-qkPAZg,Gweilo-60,2019-02-17 01:00:40.011758,10688,0
UChXOhG9bRDb3vSTg-qkPAZg,Gweilo-60,2019-02-17 00:59:40.439482,10688,0
UChXOhG9bRDb3vSTg-qkPAZg,Gweilo-60,2019-02-17 00:58:39.822943,10688,0
UChXOhG9bRDb3vSTg-qkPAZg,Gweilo-60,2019-02-17 00:57:39.820948,10688,0
UChXOhG9bRDb3vSTg-qkPAZg,Gweilo-60,2019-02-17 00:56:39.524602,10688,0
UChXOhG9bRDb3vSTg-qkPAZg,Gweilo-60,2019-02-17 00:55:40.503458,10688,0
UChXOhG9bRDb3vSTg-qkPAZg,Gweilo-60,2019-02-17 00:54:40.038023,10688,0
UChXOhG9bRDb3vSTg-qkPAZg,Gweilo-60,2019-02-17 00:53:39.924835,10688,0
UChXOhG9bRDb3vSTg-qkPAZg,Gweilo-60,2019-02-17 00:52:39.818975,10688,0
UChXOhG9bRDb3vSTg-qkPAZg,Gweilo-60,2019-02-17 00:51:40.224586,10688,0
UChXOhG9bRDb3vSTg-qkPAZg,Gweilo-60,2019-02-17 00:50:39.705387,10688,0
UChXOhG9bRDb3vSTg-qkPAZg,Gweilo-60,2019-02-17 00:49:39.64389,10688,0
UChXOhG9bRDb3vSTg-qkPAZg,Gweilo-60,2019-02-17 00:48:39.822435,10688,0
UChXOhG9bRDb3vSTg-qkPAZg,Gweilo-60,2019-02-17 00:47:39.526886,10688,0
UChXOhG9bRDb3vSTg-qkPAZg,Gweilo-60,2019-02-17 00:46:39.871435,10688,0
UChXOhG9bRDb3vSTg-qkPAZg,Gweilo-60,2019-02-17 00:45:40.131236,10688,0
UChXOhG9bRDb3vSTg-qkPAZg,Gweilo-60,2019-02-17 00:44:39.880656,10688,0
UChXOhG9bRDb3vSTg-qkPAZg,Gweilo-60,2019-02-17 00:43:39.550407,10688,0
UChXOhG9bRDb3vSTg-qkPAZg,Gweilo-60,2019-02-17 00:42:40.249736,10688,0
UChXOhG9bRDb3vSTg-qkPAZg,Gweilo-60,2019-02-17 00:41:40.195278,10688,0
UChXOhG9bRDb3vSTg-qkPAZg,Gweilo-60,2019-02-17 00:40:39.554969,10688,0
UChXOhG9bRDb3vSTg-qkPAZg,Gweilo-60,2019-02-17 00:39:39.743755,10688,0
UChXOhG9bRDb3vSTg-qkPAZg,Gweilo-60,2019-02-17 00:38:40.158472,10688,0
UChXOhG9bRDb3vSTg-qkPAZg,Gweilo-60,2019-02-17 00:37:39.478995,10688,0
UChXOhG9bRDb3vSTg-qkPAZg,Gweilo-60,2019-02-17 00:36:39.920556,10688,0
UChXOhG9bRDb3vSTg-qkPAZg,Gweilo-60,2019-02-17 00:35:39.9903,10688,0
UChXOhG9bRDb3vSTg-qkPAZg,Gweilo-60,2019-02-17 00:34:40.30244,10688,0
UChXOhG9bRDb3vSTg-qkPAZg,Gweilo-60,2019-02-17 00:33:39.792493,10688,0
UChXOhG9bRDb3vSTg-qkPAZg,Gweilo-60,2019-02-17 00:32:40.010924,10688,0
UChXOhG9bRDb3vSTg-qkPAZg,Gweilo-60,2019-02-17 00:31:40.180496,10688,0
UChXOhG9bRDb3vSTg-qkPAZg,Gweilo-60,2019-02-17 00:30:39.5965,10688,0
UChXOhG9bRDb3vSTg-qkPAZg,Gweilo-60,2019-02-17 00:29:39.477577,10688,0
UChXOhG9bRDb3vSTg-qkPAZg,Gweilo-60,2019-02-17 00:28:40.225319,10688,0
UChXOhG9bRDb3vSTg-qkPAZg,Gweilo-60,2019-02-17 00:27:40.038196,10688,0
UChXOhG9bRDb3vSTg-qkPAZg,Gweilo-60,2019-02-17 00:26:40.114855,10688,0
UChXOhG9bRDb3vSTg-qkPAZg,Gweilo-60,2019-02-17 00:25:39.993977,10688,0
UChXOhG9bRDb3vSTg-qkPAZg,Gweilo-60,2019-02-17 00:24:39.665086,10688,0
UChXOhG9bRDb3vSTg-qkPAZg,Gweilo-60,2019-02-17 00:23:39.431626,10688,0
UChXOhG9bRDb3vSTg-qkPAZg,Gweilo-60,2019-02-17 00:22:39.670055,10688,0
UChXOhG9bRDb3vSTg-qkPAZg,Gweilo-60,2019-02-17 00:21:40.216988,10688,0
UChXOhG9bRDb3vSTg-qkPAZg,Gweilo-60,2019-02-17 00:20:40.135108,10688,0
UChXOhG9bRDb3vSTg-qkPAZg,Gweilo-60,2019-02-17 00:19:39.650889,10688,0
UChXOhG9bRDb3vSTg-qkPAZg,Gweilo-60,2019-02-17 00:18:40.52158,10688,1
UChXOhG9bRDb3vSTg-qkPAZg,Gweilo-60,2019-02-17 00:17:39.630574,10687,0
UChXOhG9bRDb3vSTg-qkPAZg,Gweilo-60,2019-02-17 00:16:40.137088,10687,0
UChXOhG9bRDb3vSTg-qkPAZg,Gweilo-60,2019-02-17 00:15:39.944469,10687,0
UChXOhG9bRDb3vSTg-qkPAZg,Gweilo-60,2019-02-17 00:14:39.269518,10687,0
UChXOhG9bRDb3vSTg-qkPAZg,Gweilo-60,2019-02-17 00:13:40.094252,10687,0
UChXOhG9bRDb3vSTg-qkPAZg,Gweilo-60,2019-02-17 00:12:39.873956,10687,0
UChXOhG9bRDb3vSTg-qkPAZg,Gweilo-60,2019-02-17 00:11:40.372736,10687,0
UChXOhG9bRDb3vSTg-qkPAZg,Gweilo-60,2019-02-17 00:10:39.717468,10687,0
UChXOhG9bRDb3vSTg-qkPAZg,Gweilo-60,2019-02-17 00:09:40.613257,10687,0
UChXOhG9bRDb3vSTg-qkPAZg,Gweilo-60,2019-02-17 00:08:39.764082,10687,0
UChXOhG9bRDb3vSTg-qkPAZg,Gweilo-60,2019-02-17 00:07:39.976225,10687,0
UChXOhG9bRDb3vSTg-qkPAZg,Gweilo-60,2019-02-17 00:06:39.424341,10687,0
UChXOhG9bRDb3vSTg-qkPAZg,Gweilo-60,2019-02-17 00:05:39.698041,10687,0
UChXOhG9bRDb3vSTg-qkPAZg,Gweilo-60,2019-02-17 00:04:39.641777,10687,0
UChXOhG9bRDb3vSTg-qkPAZg,Gweilo-60,2019-02-17 00:03:39.617258,10687,0
UChXOhG9bRDb3vSTg-qkPAZg,Gweilo-60,2019-02-17 00:02:39.704616,10687,0
UChXOhG9bRDb3vSTg-qkPAZg,Gweilo-60,2019-02-17 00:01:39.512346,10687,0
UChXOhG9bRDb3vSTg-qkPAZg,Gweilo-60,2019-02-17 00:00:39.985848,10687,0
UChXOhG9bRDb3vSTg-qkPAZg,Gweilo-60,2019-02-16 23:59:39.90247,10687,0
UChXOhG9bRDb3vSTg-qkPAZg,Gweilo-60,2019-02-16 23:58:40.187278,10687,0
UChXOhG9bRDb3vSTg-qkPAZg,Gweilo-60,2019-02-16 23:57:39.602665,10687,0
UChXOhG9bRDb3vSTg-qkPAZg,Gweilo-60,2019-02-16 23:56:39.550271,10687,0
UChXOhG9bRDb3vSTg-qkPAZg,Gweilo-60,2019-02-16 23:55:39.630012,10687,0
UChXOhG9bRDb3vSTg-qkPAZg,Gweilo-60,2019-02-16 23:54:39.341843,10687,0
UChXOhG9bRDb3vSTg-qkPAZg,Gweilo-60,2019-02-16 23:53:40.558263,10687,0
UChXOhG9bRDb3vSTg-qkPAZg,Gweilo-60,2019-02-16 23:52:39.393701,10687,0
UChXOhG9bRDb3vSTg-qkPAZg,Gweilo-60,2019-02-16 23:51:39.730084,10687,0
UChXOhG9bRDb3vSTg-qkPAZg,Gweilo-60,2019-02-16 23:50:39.972976,10687,0
UChXOhG9bRDb3vSTg-qkPAZg,Gweilo-60,2019-02-16 23:49:40.112847,10687,0
UChXOhG9bRDb3vSTg-qkPAZg,Gweilo-60,2019-02-16 23:48:39.681996,10687,0
UChXOhG9bRDb3vSTg-qkPAZg,Gweilo-60,2019-02-16 23:47:40.134349,10687,0
UChXOhG9bRDb3vSTg-qkPAZg,Gweilo-60,2019-02-16 23:46:39.853846,10687,0
UChXOhG9bRDb3vSTg-qkPAZg,Gweilo-60,2019-02-16 23:45:39.458314,10687,0
UChXOhG9bRDb3vSTg-qkPAZg,Gweilo-60,2019-02-16 23:44:41.072732,10687,0
UChXOhG9bRDb3vSTg-qkPAZg,Gweilo-60,2019-02-16 23:43:39.608885,10687,0
UChXOhG9bRDb3vSTg-qkPAZg,Gweilo-60,2019-02-16 23:42:39.98927,10687,0
UChXOhG9bRDb3vSTg-qkPAZg,Gweilo-60,2019-02-16 23:41:39.677258,10687,0
UChXOhG9bRDb3vSTg-qkPAZg,Gweilo-60,2019-02-16 23:40:39.765462,10687,0
UChXOhG9bRDb3vSTg-qkPAZg,Gweilo-60,2019-02-16 23:39:39.09937,10687,0
UChXOhG9bRDb3vSTg-qkPAZg,Gweilo-60,2019-02-16 23:38:39.776505,10687,0
UChXOhG9bRDb3vSTg-qkPAZg,Gweilo-60,2019-02-16 23:37:39.931062,10687,0
UChXOhG9bRDb3vSTg-qkPAZg,Gweilo-60,2019-02-16 23:36:40.096408,10687,0
UChXOhG9bRDb3vSTg-qkPAZg,Gweilo-60,2019-02-16 23:35:40.369824,10687,0
UChXOhG9bRDb3vSTg-qkPAZg,Gweilo-60,2019-02-16 23:34:40.028153,10687,0
UChXOhG9bRDb3vSTg-qkPAZg,Gweilo-60,2019-02-16 23:33:40.305445,10687,0
UChXOhG9bRDb3vSTg-qkPAZg,Gweilo-60,2019-02-16 23:32:40.069997,10687,-1
UChXOhG9bRDb3vSTg-qkPAZg,Gweilo-60,2019-02-16 23:31:40.216601,10688,0
UChXOhG9bRDb3vSTg-qkPAZg,Gweilo-60,2019-02-16 23:30:39.964012,10688,0
UChXOhG9bRDb3vSTg-qkPAZg,Gweilo-60,2019-02-16 23:29:40.215307,10688,0
UChXOhG9bRDb3vSTg-qkPAZg,Gweilo-60,2019-02-16 23:28:39.886467,10688,0
UChXOhG9bRDb3vSTg-qkPAZg,Gweilo-60,2019-02-16 23:27:39.872185,10688,0
UChXOhG9bRDb3vSTg-qkPAZg,Gweilo-60,2019-02-16 23:26:40.419363,10688,0
UChXOhG9bRDb3vSTg-qkPAZg,Gweilo-60,2019-02-16 23:25:39.639578,10688,0
UChXOhG9bRDb3vSTg-qkPAZg,Gweilo-60,2019-02-16 23:24:40.058804,10688,0
UChXOhG9bRDb3vSTg-qkPAZg,Gweilo-60,2019-02-16 23:23:40.003969,10688,0
UChXOhG9bRDb3vSTg-qkPAZg,Gweilo-60,2019-02-16 23:22:40.055608,10688,0
UChXOhG9bRDb3vSTg-qkPAZg,Gweilo-60,2019-02-16 23:21:40.404578,10688,0
UChXOhG9bRDb3vSTg-qkPAZg,Gweilo-60,2019-02-16 23:20:40.290595,10688,0
UChXOhG9bRDb3vSTg-qkPAZg,Gweilo-60,2019-02-16 23:19:40.480945,10688,0
UChXOhG9bRDb3vSTg-qkPAZg,Gweilo-60,2019-02-16 23:18:39.693586,10688,0
UChXOhG9bRDb3vSTg-qkPAZg,Gweilo-60,2019-02-16 23:17:40.248243,10688,0
UChXOhG9bRDb3vSTg-qkPAZg,Gweilo-60,2019-02-16 23:16:40.173997,10688,0
UChXOhG9bRDb3vSTg-qkPAZg,Gweilo-60,2019-02-16 23:15:39.825828,10688,0
UChXOhG9bRDb3vSTg-qkPAZg,Gweilo-60,2019-02-16 23:14:40.288529,10688,0
UChXOhG9bRDb3vSTg-qkPAZg,Gweilo-60,2019-02-16 23:13:40.120805,10688,0
UChXOhG9bRDb3vSTg-qkPAZg,Gweilo-60,2019-02-16 23:12:39.9084,10688,0
UChXOhG9bRDb3vSTg-qkPAZg,Gweilo-60,2019-02-16 23:11:40.174939,10688,0
UChXOhG9bRDb3vSTg-qkPAZg,Gweilo-60,2019-02-16 23:10:39.807192,10688,0
UChXOhG9bRDb3vSTg-qkPAZg,Gweilo-60,2019-02-16 23:09:39.187652,10688,0
UChXOhG9bRDb3vSTg-qkPAZg,Gweilo-60,2019-02-16 23:08:39.626995,10688,0
UChXOhG9bRDb3vSTg-qkPAZg,Gweilo-60,2019-02-16 23:07:40.107962,10688,0
UChXOhG9bRDb3vSTg-qkPAZg,Gweilo-60,2019-02-16 23:06:39.83089,10688,0
UChXOhG9bRDb3vSTg-qkPAZg,Gweilo-60,2019-02-16 23:05:39.871176,10688,0
UChXOhG9bRDb3vSTg-qkPAZg,Gweilo-60,2019-02-16 23:04:40.378413,10688,0
UChXOhG9bRDb3vSTg-qkPAZg,Gweilo-60,2019-02-16 23:03:39.810643,10688,0
UChXOhG9bRDb3vSTg-qkPAZg,Gweilo-60,2019-02-16 23:02:40.064171,10688,0
UChXOhG9bRDb3vSTg-qkPAZg,Gweilo-60,2019-02-16 23:01:40.092508,10688,0
UChXOhG9bRDb3vSTg-qkPAZg,Gweilo-60,2019-02-16 23:00:40.020894,10688,0
UChXOhG9bRDb3vSTg-qkPAZg,Gweilo-60,2019-02-16 22:59:40.473763,10688,0
UChXOhG9bRDb3vSTg-qkPAZg,Gweilo-60,2019-02-16 22:58:40.257238,10688,1
UChXOhG9bRDb3vSTg-qkPAZg,Gweilo-60,2019-02-16 22:57:40.293347,10687,0
UChXOhG9bRDb3vSTg-qkPAZg,Gweilo-60,2019-02-16 22:56:40.164384,10687,0
UChXOhG9bRDb3vSTg-qkPAZg,Gweilo-60,2019-02-16 22:55:40.637369,10687,0
UChXOhG9bRDb3vSTg-qkPAZg,Gweilo-60,2019-02-16 22:54:39.783714,10687,0
UChXOhG9bRDb3vSTg-qkPAZg,Gweilo-60,2019-02-16 22:53:39.912003,10687,0
UChXOhG9bRDb3vSTg-qkPAZg,Gweilo-60,2019-02-16 22:52:40.188355,10687,0
UChXOhG9bRDb3vSTg-qkPAZg,Gweilo-60,2019-02-16 22:51:40.866233,10687,0
UChXOhG9bRDb3vSTg-qkPAZg,Gweilo-60,2019-02-16 22:50:40.052378,10687,0
UChXOhG9bRDb3vSTg-qkPAZg,Gweilo-60,2019-02-16 22:49:39.652981,10687,0
UChXOhG9bRDb3vSTg-qkPAZg,Gweilo-60,2019-02-16 22:48:40.305074,10687,0
UChXOhG9bRDb3vSTg-qkPAZg,Gweilo-60,2019-02-16 22:47:40.139417,10687,0
UChXOhG9bRDb3vSTg-qkPAZg,Gweilo-60,2019-02-16 22:46:40.185406,10687,0
UChXOhG9bRDb3vSTg-qkPAZg,Gweilo-60,2019-02-16 22:45:40.839974,10687,0
UChXOhG9bRDb3vSTg-qkPAZg,Gweilo-60,2019-02-16 22:44:40.276282,10687,0
UChXOhG9bRDb3vSTg-qkPAZg,Gweilo-60,2019-02-16 22:43:40.232882,10687,0
UChXOhG9bRDb3vSTg-qkPAZg,Gweilo-60,2019-02-16 22:42:40.636885,10687,0
UChXOhG9bRDb3vSTg-qkPAZg,Gweilo-60,2019-02-16 22:41:39.657147,10687,0
UChXOhG9bRDb3vSTg-qkPAZg,Gweilo-60,2019-02-16 22:40:40.038922,10687,0
UChXOhG9bRDb3vSTg-qkPAZg,Gweilo-60,2019-02-16 22:39:40.075221,10687,0
UChXOhG9bRDb3vSTg-qkPAZg,Gweilo-60,2019-02-16 22:38:40.101474,10687,0
UChXOhG9bRDb3vSTg-qkPAZg,Gweilo-60,2019-02-16 22:37:40.666222,10687,0
UChXOhG9bRDb3vSTg-qkPAZg,Gweilo-60,2019-02-16 22:36:39.512586,10687,0
UChXOhG9bRDb3vSTg-qkPAZg,Gweilo-60,2019-02-16 22:35:40.151853,10687,0
UChXOhG9bRDb3vSTg-qkPAZg,Gweilo-60,2019-02-16 22:34:41.090205,10687,1
UChXOhG9bRDb3vSTg-qkPAZg,Gweilo-60,2019-02-16 22:33:40.103487,10686,0
UChXOhG9bRDb3vSTg-qkPAZg,Gweilo-60,2019-02-16 22:32:40.245907,10686,0
UChXOhG9bRDb3vSTg-qkPAZg,Gweilo-60,2019-02-16 22:31:39.828494,10686,0
UChXOhG9bRDb3vSTg-qkPAZg,Gweilo-60,2019-02-16 22:30:40.116656,10686,0
UChXOhG9bRDb3vSTg-qkPAZg,Gweilo-60,2019-02-16 22:29:40.310642,10686,0
UChXOhG9bRDb3vSTg-qkPAZg,Gweilo-60,2019-02-16 22:28:40.213073,10686,0
UChXOhG9bRDb3vSTg-qkPAZg,Gweilo-60,2019-02-16 22:27:40.360246,10686,0
UChXOhG9bRDb3vSTg-qkPAZg,Gweilo-60,2019-02-16 22:26:40.480876,10686,0
UChXOhG9bRDb3vSTg-qkPAZg,Gweilo-60,2019-02-16 22:25:40.124084,10686,0
UChXOhG9bRDb3vSTg-qkPAZg,Gweilo-60,2019-02-16 22:24:41.099214,10686,1
UChXOhG9bRDb3vSTg-qkPAZg,Gweilo-60,2019-02-16 22:23:40.031848,10685,0
UChXOhG9bRDb3vSTg-qkPAZg,Gweilo-60,2019-02-16 22:22:39.827042,10685,0
UChXOhG9bRDb3vSTg-qkPAZg,Gweilo-60,2019-02-16 22:21:40.387856,10685,0
UChXOhG9bRDb3vSTg-qkPAZg,Gweilo-60,2019-02-16 22:20:39.832963,10685,0
UChXOhG9bRDb3vSTg-qkPAZg,Gweilo-60,2019-02-16 22:19:40.801283,10685,0
UChXOhG9bRDb3vSTg-qkPAZg,Gweilo-60,2019-02-16 22:18:40.393336,10685,0
UChXOhG9bRDb3vSTg-qkPAZg,Gweilo-60,2019-02-16 22:17:40.71699,10685,0
UChXOhG9bRDb3vSTg-qkPAZg,Gweilo-60,2019-02-16 22:16:39.900773,10685,0
UChXOhG9bRDb3vSTg-qkPAZg,Gweilo-60,2019-02-16 22:15:40.048999,10685,0
UChXOhG9bRDb3vSTg-qkPAZg,Gweilo-60,2019-02-16 22:14:39.902824,10685,0
UChXOhG9bRDb3vSTg-qkPAZg,Gweilo-60,2019-02-16 22:13:39.990561,10685,0
UChXOhG9bRDb3vSTg-qkPAZg,Gweilo-60,2019-02-16 22:12:39.961981,10685,0
UChXOhG9bRDb3vSTg-qkPAZg,Gweilo-60,2019-02-16 22:11:40.130836,10685,0
UChXOhG9bRDb3vSTg-qkPAZg,Gweilo-60,2019-02-16 22:10:40.530728,10685,0
UChXOhG9bRDb3vSTg-qkPAZg,Gweilo-60,2019-02-16 22:09:39.739271,10685,0
UChXOhG9bRDb3vSTg-qkPAZg,Gweilo-60,2019-02-16 22:08:40.758323,10685,0
UChXOhG9bRDb3vSTg-qkPAZg,Gweilo-60,2019-02-16 22:07:40.051381,10685,0
UChXOhG9bRDb3vSTg-qkPAZg,Gweilo-60,2019-02-16 22:06:39.749015,10685,0
UChXOhG9bRDb3vSTg-qkPAZg,Gweilo-60,2019-02-16 22:05:39.791224,10685,0
UChXOhG9bRDb3vSTg-qkPAZg,Gweilo-60,2019-02-16 22:04:40.609381,10685,0
UChXOhG9bRDb3vSTg-qkPAZg,Gweilo-60,2019-02-16 22:03:39.59116,10685,-1
UChXOhG9bRDb3vSTg-qkPAZg,Gweilo-60,2019-02-16 22:02:40.315872,10686,0
UChXOhG9bRDb3vSTg-qkPAZg,Gweilo-60,2019-02-16 22:01:39.828177,10686,0
UChXOhG9bRDb3vSTg-qkPAZg,Gweilo-60,2019-02-16 22:00:39.753499,10686,0
UChXOhG9bRDb3vSTg-qkPAZg,Gweilo-60,2019-02-16 21:59:40.491053,10686,0
UChXOhG9bRDb3vSTg-qkPAZg,Gweilo-60,2019-02-16 21:58:39.543872,10686,0
UChXOhG9bRDb3vSTg-qkPAZg,Gweilo-60,2019-02-16 21:57:40.354244,10686,0
UChXOhG9bRDb3vSTg-qkPAZg,Gweilo-60,2019-02-16 21:56:39.832405,10686,0
UChXOhG9bRDb3vSTg-qkPAZg,Gweilo-60,2019-02-16 21:55:40.232927,10686,0
UChXOhG9bRDb3vSTg-qkPAZg,Gweilo-60,2019-02-16 21:54:40.082229,10686,0
UChXOhG9bRDb3vSTg-qkPAZg,Gweilo-60,2019-02-16 21:53:40.027147,10686,0
UChXOhG9bRDb3vSTg-qkPAZg,Gweilo-60,2019-02-16 21:52:40.392653,10686,0
UChXOhG9bRDb3vSTg-qkPAZg,Gweilo-60,2019-02-16 21:51:40.800259,10686,0
UChXOhG9bRDb3vSTg-qkPAZg,Gweilo-60,2019-02-16 21:50:40.513891,10686,0
UChXOhG9bRDb3vSTg-qkPAZg,Gweilo-60,2019-02-16 21:49:39.992712,10686,0
UChXOhG9bRDb3vSTg-qkPAZg,Gweilo-60,2019-02-16 21:48:40.217434,10686,0
UChXOhG9bRDb3vSTg-qkPAZg,Gweilo-60,2019-02-16 21:47:40.117281,10686,0
UChXOhG9bRDb3vSTg-qkPAZg,Gweilo-60,2019-02-16 21:46:40.299635,10686,0
UChXOhG9bRDb3vSTg-qkPAZg,Gweilo-60,2019-02-16 21:45:40.009756,10686,0
UChXOhG9bRDb3vSTg-qkPAZg,Gweilo-60,2019-02-16 21:44:40.74598,10686,0
UChXOhG9bRDb3vSTg-qkPAZg,Gweilo-60,2019-02-16 21:43:40.540458,10686,0
UChXOhG9bRDb3vSTg-qkPAZg,Gweilo-60,2019-02-16 21:42:40.718773,10686,0
UChXOhG9bRDb3vSTg-qkPAZg,Gweilo-60,2019-02-16 21:41:40.14074,10686,0
UChXOhG9bRDb3vSTg-qkPAZg,Gweilo-60,2019-02-16 21:40:40.744054,10686,0
UChXOhG9bRDb3vSTg-qkPAZg,Gweilo-60,2019-02-16 21:39:40.389564,10686,0
UChXOhG9bRDb3vSTg-qkPAZg,Gweilo-60,2019-02-16 21:38:40.339584,10686,0
UChXOhG9bRDb3vSTg-qkPAZg,Gweilo-60,2019-02-16 21:37:40.638927,10686,0
UChXOhG9bRDb3vSTg-qkPAZg,Gweilo-60,2019-02-16 21:36:40.083859,10686,0
UChXOhG9bRDb3vSTg-qkPAZg,Gweilo-60,2019-02-16 21:35:40.72275,10686,0
UChXOhG9bRDb3vSTg-qkPAZg,Gweilo-60,2019-02-16 21:34:40.70502,10686,0
UChXOhG9bRDb3vSTg-qkPAZg,Gweilo-60,2019-02-16 21:33:40.496453,10686,0
UChXOhG9bRDb3vSTg-qkPAZg,Gweilo-60,2019-02-16 21:32:40.164762,10686,0
UChXOhG9bRDb3vSTg-qkPAZg,Gweilo-60,2019-02-16 21:31:40.243017,10686,0
UChXOhG9bRDb3vSTg-qkPAZg,Gweilo-60,2019-02-16 21:30:40.128347,10686,0
UChXOhG9bRDb3vSTg-qkPAZg,Gweilo-60,2019-02-16 21:29:40.657348,10686,0
UChXOhG9bRDb3vSTg-qkPAZg,Gweilo-60,2019-02-16 21:28:40.449271,10686,0
UChXOhG9bRDb3vSTg-qkPAZg,Gweilo-60,2019-02-16 21:27:40.59535,10686,0
UChXOhG9bRDb3vSTg-qkPAZg,Gweilo-60,2019-02-16 21:26:40.449446,10686,0
UChXOhG9bRDb3vSTg-qkPAZg,Gweilo-60,2019-02-16 21:25:40.575405,10686,0
UChXOhG9bRDb3vSTg-qkPAZg,Gweilo-60,2019-02-16 21:24:40.008799,10686,0
UChXOhG9bRDb3vSTg-qkPAZg,Gweilo-60,2019-02-16 21:23:40.517643,10686,0
UChXOhG9bRDb3vSTg-qkPAZg,Gweilo-60,2019-02-16 21:22:40.414446,10686,0
UChXOhG9bRDb3vSTg-qkPAZg,Gweilo-60,2019-02-16 21:21:40.433747,10686,0
UChXOhG9bRDb3vSTg-qkPAZg,Gweilo-60,2019-02-16 21:20:40.797761,10686,0
UChXOhG9bRDb3vSTg-qkPAZg,Gweilo-60,2019-02-16 21:19:39.981949,10686,0
UChXOhG9bRDb3vSTg-qkPAZg,Gweilo-60,2019-02-16 21:18:40.012971,10686,0
UChXOhG9bRDb3vSTg-qkPAZg,Gweilo-60,2019-02-16 21:17:40.230681,10686,0
UChXOhG9bRDb3vSTg-qkPAZg,Gweilo-60,2019-02-16 21:16:39.52745,10686,0
UChXOhG9bRDb3vSTg-qkPAZg,Gweilo-60,2019-02-16 21:15:40.697675,10686,0
UChXOhG9bRDb3vSTg-qkPAZg,Gweilo-60,2019-02-16 21:14:40.469505,10686,0
UChXOhG9bRDb3vSTg-qkPAZg,Gweilo-60,2019-02-16 21:13:40.192424,10686,0
UChXOhG9bRDb3vSTg-qkPAZg,Gweilo-60,2019-02-16 21:12:40.272759,10686,0
UChXOhG9bRDb3vSTg-qkPAZg,Gweilo-60,2019-02-16 21:11:40.989294,10686,0
UChXOhG9bRDb3vSTg-qkPAZg,Gweilo-60,2019-02-16 21:10:39.883182,10686,0
UChXOhG9bRDb3vSTg-qkPAZg,Gweilo-60,2019-02-16 21:09:40.196867,10686,0
UChXOhG9bRDb3vSTg-qkPAZg,Gweilo-60,2019-02-16 21:08:40.435367,10686,0
UChXOhG9bRDb3vSTg-qkPAZg,Gweilo-60,2019-02-16 21:07:40.401463,10686,0
UChXOhG9bRDb3vSTg-qkPAZg,Gweilo-60,2019-02-16 21:06:40.701373,10686,0
UChXOhG9bRDb3vSTg-qkPAZg,Gweilo-60,2019-02-16 21:05:40.740626,10686,0
UChXOhG9bRDb3vSTg-qkPAZg,Gweilo-60,2019-02-16 21:04:40.051522,10686,0
UChXOhG9bRDb3vSTg-qkPAZg,Gweilo-60,2019-02-16 21:03:39.977746,10686,0
UChXOhG9bRDb3vSTg-qkPAZg,Gweilo-60,2019-02-16 21:02:40.062418,10686,0
UChXOhG9bRDb3vSTg-qkPAZg,Gweilo-60,2019-02-16 21:01:40.018742,10686,0
UChXOhG9bRDb3vSTg-qkPAZg,Gweilo-60,2019-02-16 21:00:40.496393,10686,0
UChXOhG9bRDb3vSTg-qkPAZg,Gweilo-60,2019-02-16 20:59:40.209963,10686,0
UChXOhG9bRDb3vSTg-qkPAZg,Gweilo-60,2019-02-16 20:58:40.120376,10686,0
UChXOhG9bRDb3vSTg-qkPAZg,Gweilo-60,2019-02-16 20:57:40.40421,10686,0
UChXOhG9bRDb3vSTg-qkPAZg,Gweilo-60,2019-02-16 20:56:40.272196,10686,0
UChXOhG9bRDb3vSTg-qkPAZg,Gweilo-60,2019-02-16 20:55:40.434045,10686,0
UChXOhG9bRDb3vSTg-qkPAZg,Gweilo-60,2019-02-16 20:54:40.104914,10686,0
UChXOhG9bRDb3vSTg-qkPAZg,Gweilo-60,2019-02-16 20:53:40.096515,10686,0
UChXOhG9bRDb3vSTg-qkPAZg,Gweilo-60,2019-02-16 20:52:39.866289,10686,0
UChXOhG9bRDb3vSTg-qkPAZg,Gweilo-60,2019-02-16 20:51:40.374753,10686,0
UChXOhG9bRDb3vSTg-qkPAZg,Gweilo-60,2019-02-16 20:50:40.39028,10686,1
UChXOhG9bRDb3vSTg-qkPAZg,Gweilo-60,2019-02-16 20:49:40.184193,10685,0
UChXOhG9bRDb3vSTg-qkPAZg,Gweilo-60,2019-02-16 20:48:40.006665,10685,0
UChXOhG9bRDb3vSTg-qkPAZg,Gweilo-60,2019-02-16 20:47:40.570153,10685,0
UChXOhG9bRDb3vSTg-qkPAZg,Gweilo-60,2019-02-16 20:46:40.436361,10685,0
UChXOhG9bRDb3vSTg-qkPAZg,Gweilo-60,2019-02-16 20:45:40.110246,10685,0
UChXOhG9bRDb3vSTg-qkPAZg,Gweilo-60,2019-02-16 20:44:39.884595,10685,0
UChXOhG9bRDb3vSTg-qkPAZg,Gweilo-60,2019-02-16 20:43:40.741502,10685,0
UChXOhG9bRDb3vSTg-qkPAZg,Gweilo-60,2019-02-16 20:42:41.675311,10685,0
UChXOhG9bRDb3vSTg-qkPAZg,Gweilo-60,2019-02-16 20:41:39.896053,10685,0
UChXOhG9bRDb3vSTg-qkPAZg,Gweilo-60,2019-02-16 20:40:40.543354,10685,0
UChXOhG9bRDb3vSTg-qkPAZg,Gweilo-60,2019-02-16 20:39:39.982685,10685,0
UChXOhG9bRDb3vSTg-qkPAZg,Gweilo-60,2019-02-16 20:38:40.302743,10685,0
UChXOhG9bRDb3vSTg-qkPAZg,Gweilo-60,2019-02-16 20:37:40.261298,10685,0
UChXOhG9bRDb3vSTg-qkPAZg,Gweilo-60,2019-02-16 20:36:40.33003,10685,0
UChXOhG9bRDb3vSTg-qkPAZg,Gweilo-60,2019-02-16 20:35:39.446323,10685,0
UChXOhG9bRDb3vSTg-qkPAZg,Gweilo-60,2019-02-16 20:34:40.246856,10685,0
UChXOhG9bRDb3vSTg-qkPAZg,Gweilo-60,2019-02-16 20:33:40.014059,10685,0
UChXOhG9bRDb3vSTg-qkPAZg,Gweilo-60,2019-02-16 20:32:40.385269,10685,0
UChXOhG9bRDb3vSTg-qkPAZg,Gweilo-60,2019-02-16 20:31:40.472577,10685,0
UChXOhG9bRDb3vSTg-qkPAZg,Gweilo-60,2019-02-16 20:30:40.378802,10685,0
UChXOhG9bRDb3vSTg-qkPAZg,Gweilo-60,2019-02-16 20:29:40.353375,10685,0
UChXOhG9bRDb3vSTg-qkPAZg,Gweilo-60,2019-02-16 20:28:40.380402,10685,0
UChXOhG9bRDb3vSTg-qkPAZg,Gweilo-60,2019-02-16 20:27:40.700623,10685,0
UChXOhG9bRDb3vSTg-qkPAZg,Gweilo-60,2019-02-16 20:26:39.948207,10685,0
UChXOhG9bRDb3vSTg-qkPAZg,Gweilo-60,2019-02-16 20:25:39.847489,10685,0
UChXOhG9bRDb3vSTg-qkPAZg,Gweilo-60,2019-02-16 20:24:39.742775,10685,0
UChXOhG9bRDb3vSTg-qkPAZg,Gweilo-60,2019-02-16 20:23:39.385132,10685,0
UChXOhG9bRDb3vSTg-qkPAZg,Gweilo-60,2019-02-16 20:22:40.05564,10685,0
UChXOhG9bRDb3vSTg-qkPAZg,Gweilo-60,2019-02-16 20:21:39.963505,10685,0
UChXOhG9bRDb3vSTg-qkPAZg,Gweilo-60,2019-02-16 20:20:40.425159,10685,0
UChXOhG9bRDb3vSTg-qkPAZg,Gweilo-60,2019-02-16 20:19:39.854593,10685,0
UChXOhG9bRDb3vSTg-qkPAZg,Gweilo-60,2019-02-16 20:18:39.959879,10685,0
UChXOhG9bRDb3vSTg-qkPAZg,Gweilo-60,2019-02-16 20:17:39.959628,10685,0
UChXOhG9bRDb3vSTg-qkPAZg,Gweilo-60,2019-02-16 20:16:40.320144,10685,0
UChXOhG9bRDb3vSTg-qkPAZg,Gweilo-60,2019-02-16 20:15:40.578177,10685,0
UChXOhG9bRDb3vSTg-qkPAZg,Gweilo-60,2019-02-16 20:14:39.863664,10685,0
UChXOhG9bRDb3vSTg-qkPAZg,Gweilo-60,2019-02-16 20:13:39.940299,10685,0
UChXOhG9bRDb3vSTg-qkPAZg,Gweilo-60,2019-02-16 20:12:40.512669,10685,0
UChXOhG9bRDb3vSTg-qkPAZg,Gweilo-60,2019-02-16 20:11:39.931752,10685,0
UChXOhG9bRDb3vSTg-qkPAZg,Gweilo-60,2019-02-16 20:10:40.304249,10685,0
UChXOhG9bRDb3vSTg-qkPAZg,Gweilo-60,2019-02-16 20:09:39.842003,10685,0
UChXOhG9bRDb3vSTg-qkPAZg,Gweilo-60,2019-02-16 20:08:40.02231,10685,0
UChXOhG9bRDb3vSTg-qkPAZg,Gweilo-60,2019-02-16 20:07:39.977996,10685,0
UChXOhG9bRDb3vSTg-qkPAZg,Gweilo-60,2019-02-16 20:06:40.371912,10685,0
UChXOhG9bRDb3vSTg-qkPAZg,Gweilo-60,2019-02-16 20:05:40.062464,10685,0
UChXOhG9bRDb3vSTg-qkPAZg,Gweilo-60,2019-02-16 20:04:40.006534,10685,0
UChXOhG9bRDb3vSTg-qkPAZg,Gweilo-60,2019-02-16 20:03:40.362385,10685,0
UChXOhG9bRDb3vSTg-qkPAZg,Gweilo-60,2019-02-16 20:02:40.056634,10685,0
UChXOhG9bRDb3vSTg-qkPAZg,Gweilo-60,2019-02-16 20:01:41.117274,10685,0
UChXOhG9bRDb3vSTg-qkPAZg,Gweilo-60,2019-02-16 20:00:40.664074,10685,0
UChXOhG9bRDb3vSTg-qkPAZg,Gweilo-60,2019-02-16 19:59:40.552489,10685,0
UChXOhG9bRDb3vSTg-qkPAZg,Gweilo-60,2019-02-16 19:58:40.357098,10685,0
UChXOhG9bRDb3vSTg-qkPAZg,Gweilo-60,2019-02-16 19:57:40.275995,10685,0
UChXOhG9bRDb3vSTg-qkPAZg,Gweilo-60,2019-02-16 19:56:39.966688,10685,0
UChXOhG9bRDb3vSTg-qkPAZg,Gweilo-60,2019-02-16 19:55:40.150805,10685,0
UChXOhG9bRDb3vSTg-qkPAZg,Gweilo-60,2019-02-16 19:54:40.107755,10685,0
UChXOhG9bRDb3vSTg-qkPAZg,Gweilo-60,2019-02-16 19:53:40.219475,10685,0
UChXOhG9bRDb3vSTg-qkPAZg,Gweilo-60,2019-02-16 19:52:40.329223,10685,0
UChXOhG9bRDb3vSTg-qkPAZg,Gweilo-60,2019-02-16 19:51:39.772169,10685,0
UChXOhG9bRDb3vSTg-qkPAZg,Gweilo-60,2019-02-16 19:50:39.717811,10685,0
UChXOhG9bRDb3vSTg-qkPAZg,Gweilo-60,2019-02-16 19:49:39.533894,10685,0
UChXOhG9bRDb3vSTg-qkPAZg,Gweilo-60,2019-02-16 19:48:39.317926,10685,0
UChXOhG9bRDb3vSTg-qkPAZg,Gweilo-60,2019-02-16 19:47:40.156829,10685,0
UChXOhG9bRDb3vSTg-qkPAZg,Gweilo-60,2019-02-16 19:46:40.073163,10685,0
UChXOhG9bRDb3vSTg-qkPAZg,Gweilo-60,2019-02-16 19:45:40.154318,10685,0
UChXOhG9bRDb3vSTg-qkPAZg,Gweilo-60,2019-02-16 19:44:40.50304,10685,0
UChXOhG9bRDb3vSTg-qkPAZg,Gweilo-60,2019-02-16 19:43:39.769172,10685,0
UChXOhG9bRDb3vSTg-qkPAZg,Gweilo-60,2019-02-16 19:42:40.259638,10685,0
UChXOhG9bRDb3vSTg-qkPAZg,Gweilo-60,2019-02-16 19:41:40.502204,10685,0
UChXOhG9bRDb3vSTg-qkPAZg,Gweilo-60,2019-02-16 19:40:40.357849,10685,0
UChXOhG9bRDb3vSTg-qkPAZg,Gweilo-60,2019-02-16 19:39:40.469725,10685,0
UChXOhG9bRDb3vSTg-qkPAZg,Gweilo-60,2019-02-16 19:38:40.352711,10685,0
UChXOhG9bRDb3vSTg-qkPAZg,Gweilo-60,2019-02-16 19:37:40.259017,10685,0
UChXOhG9bRDb3vSTg-qkPAZg,Gweilo-60,2019-02-16 19:36:39.893853,10685,0
UChXOhG9bRDb3vSTg-qkPAZg,Gweilo-60,2019-02-16 19:35:39.229796,10685,0
UChXOhG9bRDb3vSTg-qkPAZg,Gweilo-60,2019-02-16 19:34:40.069598,10685,0
UChXOhG9bRDb3vSTg-qkPAZg,Gweilo-60,2019-02-16 19:33:39.712098,10685,0
UChXOhG9bRDb3vSTg-qkPAZg,Gweilo-60,2019-02-16 19:32:39.478223,10685,0
UChXOhG9bRDb3vSTg-qkPAZg,Gweilo-60,2019-02-16 19:31:39.643235,10685,0
UChXOhG9bRDb3vSTg-qkPAZg,Gweilo-60,2019-02-16 19:30:39.642167,10685,0
UChXOhG9bRDb3vSTg-qkPAZg,Gweilo-60,2019-02-16 19:29:40.182036,10685,0
UChXOhG9bRDb3vSTg-qkPAZg,Gweilo-60,2019-02-16 19:28:40.202863,10685,0
UChXOhG9bRDb3vSTg-qkPAZg,Gweilo-60,2019-02-16 19:27:40.733821,10685,0
UChXOhG9bRDb3vSTg-qkPAZg,Gweilo-60,2019-02-16 19:26:39.698729,10685,0
UChXOhG9bRDb3vSTg-qkPAZg,Gweilo-60,2019-02-16 19:25:40.328136,10685,0
UChXOhG9bRDb3vSTg-qkPAZg,Gweilo-60,2019-02-16 19:24:39.799636,10685,0
UChXOhG9bRDb3vSTg-qkPAZg,Gweilo-60,2019-02-16 19:23:39.924744,10685,0
UChXOhG9bRDb3vSTg-qkPAZg,Gweilo-60,2019-02-16 19:22:39.848635,10685,0
UChXOhG9bRDb3vSTg-qkPAZg,Gweilo-60,2019-02-16 19:21:40.37467,10685,0
UChXOhG9bRDb3vSTg-qkPAZg,Gweilo-60,2019-02-16 19:20:39.894149,10685,0
UChXOhG9bRDb3vSTg-qkPAZg,Gweilo-60,2019-02-16 19:19:39.977453,10685,0
UChXOhG9bRDb3vSTg-qkPAZg,Gweilo-60,2019-02-16 19:18:40.340816,10685,0
UChXOhG9bRDb3vSTg-qkPAZg,Gweilo-60,2019-02-16 19:17:40.022185,10685,0
UChXOhG9bRDb3vSTg-qkPAZg,Gweilo-60,2019-02-16 19:16:39.794187,10685,0
UChXOhG9bRDb3vSTg-qkPAZg,Gweilo-60,2019-02-16 19:15:39.776667,10685,0
UChXOhG9bRDb3vSTg-qkPAZg,Gweilo-60,2019-02-16 19:14:39.910546,10685,0
UChXOhG9bRDb3vSTg-qkPAZg,Gweilo-60,2019-02-16 19:13:40.581156,10685,0
UChXOhG9bRDb3vSTg-qkPAZg,Gweilo-60,2019-02-16 19:12:39.715603,10685,0
UChXOhG9bRDb3vSTg-qkPAZg,Gweilo-60,2019-02-16 19:11:40.073652,10685,0
UChXOhG9bRDb3vSTg-qkPAZg,Gweilo-60,2019-02-16 19:10:39.947351,10685,0
UChXOhG9bRDb3vSTg-qkPAZg,Gweilo-60,2019-02-16 19:09:40.144274,10685,0
UChXOhG9bRDb3vSTg-qkPAZg,Gweilo-60,2019-02-16 19:08:40.489843,10685,0
UChXOhG9bRDb3vSTg-qkPAZg,Gweilo-60,2019-02-16 19:07:39.699135,10685,0
UChXOhG9bRDb3vSTg-qkPAZg,Gweilo-60,2019-02-16 19:06:40.069515,10685,0
UChXOhG9bRDb3vSTg-qkPAZg,Gweilo-60,2019-02-16 19:05:40.49025,10685,0
UChXOhG9bRDb3vSTg-qkPAZg,Gweilo-60,2019-02-16 19:04:39.608302,10685,0
UChXOhG9bRDb3vSTg-qkPAZg,Gweilo-60,2019-02-16 19:03:40.133154,10685,0
UChXOhG9bRDb3vSTg-qkPAZg,Gweilo-60,2019-02-16 19:02:41.821226,10685,0
UChXOhG9bRDb3vSTg-qkPAZg,Gweilo-60,2019-02-16 19:01:40.005288,10685,0
UChXOhG9bRDb3vSTg-qkPAZg,Gweilo-60,2019-02-16 19:00:40.151821,10685,0
UChXOhG9bRDb3vSTg-qkPAZg,Gweilo-60,2019-02-16 18:59:40.227098,10685,0
UChXOhG9bRDb3vSTg-qkPAZg,Gweilo-60,2019-02-16 18:58:40.067519,10685,0
UChXOhG9bRDb3vSTg-qkPAZg,Gweilo-60,2019-02-16 18:57:39.996529,10685,-1
UChXOhG9bRDb3vSTg-qkPAZg,Gweilo-60,2019-02-16 18:56:39.725653,10686,0
UChXOhG9bRDb3vSTg-qkPAZg,Gweilo-60,2019-02-16 18:55:39.875538,10686,0
UChXOhG9bRDb3vSTg-qkPAZg,Gweilo-60,2019-02-16 18:54:39.744217,10686,0
UChXOhG9bRDb3vSTg-qkPAZg,Gweilo-60,2019-02-16 18:53:40.551606,10686,0
UChXOhG9bRDb3vSTg-qkPAZg,Gweilo-60,2019-02-16 18:52:40.270897,10686,0
UChXOhG9bRDb3vSTg-qkPAZg,Gweilo-60,2019-02-16 18:51:39.900838,10686,0
UChXOhG9bRDb3vSTg-qkPAZg,Gweilo-60,2019-02-16 18:50:40.149909,10686,0
UChXOhG9bRDb3vSTg-qkPAZg,Gweilo-60,2019-02-16 18:49:40.410976,10686,0
UChXOhG9bRDb3vSTg-qkPAZg,Gweilo-60,2019-02-16 18:48:39.701037,10686,0
UChXOhG9bRDb3vSTg-qkPAZg,Gweilo-60,2019-02-16 18:47:39.823103,10686,0
UChXOhG9bRDb3vSTg-qkPAZg,Gweilo-60,2019-02-16 18:46:39.818234,10686,0
UChXOhG9bRDb3vSTg-qkPAZg,Gweilo-60,2019-02-16 18:45:39.900737,10686,0
UChXOhG9bRDb3vSTg-qkPAZg,Gweilo-60,2019-02-16 18:44:39.540782,10686,0
UChXOhG9bRDb3vSTg-qkPAZg,Gweilo-60,2019-02-16 18:43:40.074201,10686,0
UChXOhG9bRDb3vSTg-qkPAZg,Gweilo-60,2019-02-16 18:42:39.965376,10686,0
UChXOhG9bRDb3vSTg-qkPAZg,Gweilo-60,2019-02-16 18:41:40.684347,10686,0
UChXOhG9bRDb3vSTg-qkPAZg,Gweilo-60,2019-02-16 18:40:40.749059,10686,0
UChXOhG9bRDb3vSTg-qkPAZg,Gweilo-60,2019-02-16 18:39:40.469639,10686,0
UChXOhG9bRDb3vSTg-qkPAZg,Gweilo-60,2019-02-16 18:38:39.552848,10686,0
UChXOhG9bRDb3vSTg-qkPAZg,Gweilo-60,2019-02-16 18:37:39.695649,10686,0
UChXOhG9bRDb3vSTg-qkPAZg,Gweilo-60,2019-02-16 18:36:39.78587,10686,0
UChXOhG9bRDb3vSTg-qkPAZg,Gweilo-60,2019-02-16 18:35:40.301258,10686,1
UChXOhG9bRDb3vSTg-qkPAZg,Gweilo-60,2019-02-16 18:34:39.641633,10685,0
UChXOhG9bRDb3vSTg-qkPAZg,Gweilo-60,2019-02-16 18:33:39.988976,10685,0
UChXOhG9bRDb3vSTg-qkPAZg,Gweilo-60,2019-02-16 18:32:40.480315,10685,0
UChXOhG9bRDb3vSTg-qkPAZg,Gweilo-60,2019-02-16 18:31:40.219522,10685,0
UChXOhG9bRDb3vSTg-qkPAZg,Gweilo-60,2019-02-16 18:30:39.330395,10685,0
UChXOhG9bRDb3vSTg-qkPAZg,Gweilo-60,2019-02-16 18:29:40.291069,10685,0
UChXOhG9bRDb3vSTg-qkPAZg,Gweilo-60,2019-02-16 18:28:39.876274,10685,0
UChXOhG9bRDb3vSTg-qkPAZg,Gweilo-60,2019-02-16 18:27:39.559723,10685,0
UChXOhG9bRDb3vSTg-qkPAZg,Gweilo-60,2019-02-16 18:26:39.970576,10685,0
UChXOhG9bRDb3vSTg-qkPAZg,Gweilo-60,2019-02-16 18:25:40.437086,10685,0
UChXOhG9bRDb3vSTg-qkPAZg,Gweilo-60,2019-02-16 18:24:40.415297,10685,0
UChXOhG9bRDb3vSTg-qkPAZg,Gweilo-60,2019-02-16 18:23:39.713963,10685,0
UChXOhG9bRDb3vSTg-qkPAZg,Gweilo-60,2019-02-16 18:22:39.956159,10685,0
UChXOhG9bRDb3vSTg-qkPAZg,Gweilo-60,2019-02-16 18:21:39.557436,10685,0
UChXOhG9bRDb3vSTg-qkPAZg,Gweilo-60,2019-02-16 18:20:40.50103,10685,0
UChXOhG9bRDb3vSTg-qkPAZg,Gweilo-60,2019-02-16 18:19:40.017059,10685,0
UChXOhG9bRDb3vSTg-qkPAZg,Gweilo-60,2019-02-16 18:18:39.605983,10685,0
UChXOhG9bRDb3vSTg-qkPAZg,Gweilo-60,2019-02-16 18:17:39.704728,10685,0
UChXOhG9bRDb3vSTg-qkPAZg,Gweilo-60,2019-02-16 18:16:39.771774,10685,0
UChXOhG9bRDb3vSTg-qkPAZg,Gweilo-60,2019-02-16 18:15:40.199853,10685,0
UChXOhG9bRDb3vSTg-qkPAZg,Gweilo-60,2019-02-16 18:14:39.92039,10685,0
UChXOhG9bRDb3vSTg-qkPAZg,Gweilo-60,2019-02-16 18:13:40.708553,10685,0
UChXOhG9bRDb3vSTg-qkPAZg,Gweilo-60,2019-02-16 18:12:39.571238,10685,0
UChXOhG9bRDb3vSTg-qkPAZg,Gweilo-60,2019-02-16 18:11:39.984406,10685,0
UChXOhG9bRDb3vSTg-qkPAZg,Gweilo-60,2019-02-16 18:10:39.481048,10685,0
UChXOhG9bRDb3vSTg-qkPAZg,Gweilo-60,2019-02-16 18:09:39.559439,10685,0
UChXOhG9bRDb3vSTg-qkPAZg,Gweilo-60,2019-02-16 18:08:39.972269,10685,0
UChXOhG9bRDb3vSTg-qkPAZg,Gweilo-60,2019-02-16 18:07:39.583386,10685,0
UChXOhG9bRDb3vSTg-qkPAZg,Gweilo-60,2019-02-16 18:06:39.719479,10685,0
UChXOhG9bRDb3vSTg-qkPAZg,Gweilo-60,2019-02-16 18:05:40.348249,10685,0
UChXOhG9bRDb3vSTg-qkPAZg,Gweilo-60,2019-02-16 18:04:39.889876,10685,0
UChXOhG9bRDb3vSTg-qkPAZg,Gweilo-60,2019-02-16 18:03:39.686676,10685,0
UChXOhG9bRDb3vSTg-qkPAZg,Gweilo-60,2019-02-16 18:02:40.068158,10685,0
UChXOhG9bRDb3vSTg-qkPAZg,Gweilo-60,2019-02-16 18:01:39.96692,10685,0
UChXOhG9bRDb3vSTg-qkPAZg,Gweilo-60,2019-02-16 18:00:40.346944,10685,0
UChXOhG9bRDb3vSTg-qkPAZg,Gweilo-60,2019-02-16 17:59:39.901856,10685,0
UChXOhG9bRDb3vSTg-qkPAZg,Gweilo-60,2019-02-16 17:58:40.024114,10685,0
UChXOhG9bRDb3vSTg-qkPAZg,Gweilo-60,2019-02-16 17:57:40.530954,10685,0
UChXOhG9bRDb3vSTg-qkPAZg,Gweilo-60,2019-02-16 17:56:40.050559,10685,0
UChXOhG9bRDb3vSTg-qkPAZg,Gweilo-60,2019-02-16 17:55:40.071966,10685,0
UChXOhG9bRDb3vSTg-qkPAZg,Gweilo-60,2019-02-16 17:54:39.894298,10685,0
UChXOhG9bRDb3vSTg-qkPAZg,Gweilo-60,2019-02-16 17:53:39.658967,10685,0
UChXOhG9bRDb3vSTg-qkPAZg,Gweilo-60,2019-02-16 17:52:39.647828,10685,0
UChXOhG9bRDb3vSTg-qkPAZg,Gweilo-60,2019-02-16 17:51:40.134404,10685,0
UChXOhG9bRDb3vSTg-qkPAZg,Gweilo-60,2019-02-16 17:50:39.806318,10685,0
UChXOhG9bRDb3vSTg-qkPAZg,Gweilo-60,2019-02-16 17:49:39.86115,10685,0
UChXOhG9bRDb3vSTg-qkPAZg,Gweilo-60,2019-02-16 17:48:40.075349,10685,0
UChXOhG9bRDb3vSTg-qkPAZg,Gweilo-60,2019-02-16 17:47:40.214023,10685,0
UChXOhG9bRDb3vSTg-qkPAZg,Gweilo-60,2019-02-16 17:46:40.141524,10685,0
UChXOhG9bRDb3vSTg-qkPAZg,Gweilo-60,2019-02-16 17:45:40.226279,10685,0
UChXOhG9bRDb3vSTg-qkPAZg,Gweilo-60,2019-02-16 17:44:39.274199,10685,0
UChXOhG9bRDb3vSTg-qkPAZg,Gweilo-60,2019-02-16 17:43:40.25521,10685,0
UChXOhG9bRDb3vSTg-qkPAZg,Gweilo-60,2019-02-16 17:42:40.06075,10685,0
UChXOhG9bRDb3vSTg-qkPAZg,Gweilo-60,2019-02-16 17:41:40.231056,10685,0
UChXOhG9bRDb3vSTg-qkPAZg,Gweilo-60,2019-02-16 17:40:40.158692,10685,0
UChXOhG9bRDb3vSTg-qkPAZg,Gweilo-60,2019-02-16 17:39:40.34354,10685,0
UChXOhG9bRDb3vSTg-qkPAZg,Gweilo-60,2019-02-16 17:38:39.989895,10685,0
UChXOhG9bRDb3vSTg-qkPAZg,Gweilo-60,2019-02-16 17:37:39.793905,10685,0
UChXOhG9bRDb3vSTg-qkPAZg,Gweilo-60,2019-02-16 17:36:40.606892,10685,0
UChXOhG9bRDb3vSTg-qkPAZg,Gweilo-60,2019-02-16 17:35:39.8627,10685,0
UChXOhG9bRDb3vSTg-qkPAZg,Gweilo-60,2019-02-16 17:34:40.008153,10685,0
UChXOhG9bRDb3vSTg-qkPAZg,Gweilo-60,2019-02-16 17:33:40.122516,10685,0
UChXOhG9bRDb3vSTg-qkPAZg,Gweilo-60,2019-02-16 17:32:39.567434,10685,0
UChXOhG9bRDb3vSTg-qkPAZg,Gweilo-60,2019-02-16 17:31:40.427147,10685,0
UChXOhG9bRDb3vSTg-qkPAZg,Gweilo-60,2019-02-16 17:30:39.509203,10685,0
UChXOhG9bRDb3vSTg-qkPAZg,Gweilo-60,2019-02-16 17:29:39.767538,10685,0
UChXOhG9bRDb3vSTg-qkPAZg,Gweilo-60,2019-02-16 17:28:39.606319,10685,0
UChXOhG9bRDb3vSTg-qkPAZg,Gweilo-60,2019-02-16 17:27:40.474374,10685,0
UChXOhG9bRDb3vSTg-qkPAZg,Gweilo-60,2019-02-16 17:26:40.046417,10685,0
UChXOhG9bRDb3vSTg-qkPAZg,Gweilo-60,2019-02-16 17:25:39.577121,10685,0
UChXOhG9bRDb3vSTg-qkPAZg,Gweilo-60,2019-02-16 17:24:40.091233,10685,0
UChXOhG9bRDb3vSTg-qkPAZg,Gweilo-60,2019-02-16 17:23:40.75544,10685,0
UChXOhG9bRDb3vSTg-qkPAZg,Gweilo-60,2019-02-16 17:22:40.733711,10685,0
UChXOhG9bRDb3vSTg-qkPAZg,Gweilo-60,2019-02-16 17:21:40.250578,10685,0
UChXOhG9bRDb3vSTg-qkPAZg,Gweilo-60,2019-02-16 17:20:40.250361,10685,0
UChXOhG9bRDb3vSTg-qkPAZg,Gweilo-60,2019-02-16 17:19:39.909838,10685,0
UChXOhG9bRDb3vSTg-qkPAZg,Gweilo-60,2019-02-16 17:18:40.081041,10685,0
UChXOhG9bRDb3vSTg-qkPAZg,Gweilo-60,2019-02-16 17:17:40.052761,10685,0
UChXOhG9bRDb3vSTg-qkPAZg,Gweilo-60,2019-02-16 17:16:40.134766,10685,0
UChXOhG9bRDb3vSTg-qkPAZg,Gweilo-60,2019-02-16 17:15:39.846323,10685,1
UChXOhG9bRDb3vSTg-qkPAZg,Gweilo-60,2019-02-16 17:14:39.96606,10684,0
UChXOhG9bRDb3vSTg-qkPAZg,Gweilo-60,2019-02-16 17:13:39.916807,10684,0
UChXOhG9bRDb3vSTg-qkPAZg,Gweilo-60,2019-02-16 17:12:40.091338,10684,0
UChXOhG9bRDb3vSTg-qkPAZg,Gweilo-60,2019-02-16 17:11:39.959964,10684,0
UChXOhG9bRDb3vSTg-qkPAZg,Gweilo-60,2019-02-16 17:10:40.037134,10684,-1
UChXOhG9bRDb3vSTg-qkPAZg,Gweilo-60,2019-02-16 17:09:39.765678,10685,0
UChXOhG9bRDb3vSTg-qkPAZg,Gweilo-60,2019-02-16 17:08:40.298167,10685,0
UChXOhG9bRDb3vSTg-qkPAZg,Gweilo-60,2019-02-16 17:07:39.481445,10685,0
UChXOhG9bRDb3vSTg-qkPAZg,Gweilo-60,2019-02-16 17:06:40.58853,10685,0
UChXOhG9bRDb3vSTg-qkPAZg,Gweilo-60,2019-02-16 17:05:40.303172,10685,0
UChXOhG9bRDb3vSTg-qkPAZg,Gweilo-60,2019-02-16 17:04:39.857798,10685,0
UChXOhG9bRDb3vSTg-qkPAZg,Gweilo-60,2019-02-16 17:03:39.268613,10685,0
UChXOhG9bRDb3vSTg-qkPAZg,Gweilo-60,2019-02-16 17:02:39.932614,10685,0
UChXOhG9bRDb3vSTg-qkPAZg,Gweilo-60,2019-02-16 17:01:40.349431,10685,0
UChXOhG9bRDb3vSTg-qkPAZg,Gweilo-60,2019-02-16 17:00:39.527319,10685,1
UChXOhG9bRDb3vSTg-qkPAZg,Gweilo-60,2019-02-16 16:59:40.607379,10684,0
UChXOhG9bRDb3vSTg-qkPAZg,Gweilo-60,2019-02-16 16:58:39.575081,10684,0
UChXOhG9bRDb3vSTg-qkPAZg,Gweilo-60,2019-02-16 16:57:40.213278,10684,0
UChXOhG9bRDb3vSTg-qkPAZg,Gweilo-60,2019-02-16 16:56:40.258033,10684,0
UChXOhG9bRDb3vSTg-qkPAZg,Gweilo-60,2019-02-16 16:55:39.959863,10684,0
UChXOhG9bRDb3vSTg-qkPAZg,Gweilo-60,2019-02-16 16:54:42.276159,10684,0
UChXOhG9bRDb3vSTg-qkPAZg,Gweilo-60,2019-02-16 16:53:39.966192,10684,0
UChXOhG9bRDb3vSTg-qkPAZg,Gweilo-60,2019-02-16 16:52:39.680411,10684,0
UChXOhG9bRDb3vSTg-qkPAZg,Gweilo-60,2019-02-16 16:51:40.153403,10684,0
UChXOhG9bRDb3vSTg-qkPAZg,Gweilo-60,2019-02-16 16:50:39.432556,10684,0
UChXOhG9bRDb3vSTg-qkPAZg,Gweilo-60,2019-02-16 16:49:40.066608,10684,0
UChXOhG9bRDb3vSTg-qkPAZg,Gweilo-60,2019-02-16 16:48:39.566901,10684,0
UChXOhG9bRDb3vSTg-qkPAZg,Gweilo-60,2019-02-16 16:47:39.48841,10684,0
UChXOhG9bRDb3vSTg-qkPAZg,Gweilo-60,2019-02-16 16:46:40.301038,10684,0
UChXOhG9bRDb3vSTg-qkPAZg,Gweilo-60,2019-02-16 16:45:39.685708,10684,0
UChXOhG9bRDb3vSTg-qkPAZg,Gweilo-60,2019-02-16 16:44:39.936638,10684,0
UChXOhG9bRDb3vSTg-qkPAZg,Gweilo-60,2019-02-16 16:43:41.403348,10684,0
UChXOhG9bRDb3vSTg-qkPAZg,Gweilo-60,2019-02-16 16:42:39.388128,10684,-1
UChXOhG9bRDb3vSTg-qkPAZg,Gweilo-60,2019-02-16 16:41:39.092046,10685,0
UChXOhG9bRDb3vSTg-qkPAZg,Gweilo-60,2019-02-16 16:40:39.586111,10685,0
UChXOhG9bRDb3vSTg-qkPAZg,Gweilo-60,2019-02-16 16:39:39.924411,10685,0
UChXOhG9bRDb3vSTg-qkPAZg,Gweilo-60,2019-02-16 16:38:40.217874,10685,0
UChXOhG9bRDb3vSTg-qkPAZg,Gweilo-60,2019-02-16 16:37:40.123283,10685,0
UChXOhG9bRDb3vSTg-qkPAZg,Gweilo-60,2019-02-16 16:36:39.321253,10685,0
UChXOhG9bRDb3vSTg-qkPAZg,Gweilo-60,2019-02-16 16:35:40.476639,10685,0
UChXOhG9bRDb3vSTg-qkPAZg,Gweilo-60,2019-02-16 16:34:39.613053,10685,0
UChXOhG9bRDb3vSTg-qkPAZg,Gweilo-60,2019-02-16 16:33:39.835661,10685,0
UChXOhG9bRDb3vSTg-qkPAZg,Gweilo-60,2019-02-16 16:32:40.08188,10685,0
UChXOhG9bRDb3vSTg-qkPAZg,Gweilo-60,2019-02-16 16:31:39.871819,10685,0
UChXOhG9bRDb3vSTg-qkPAZg,Gweilo-60,2019-02-16 16:30:39.53252,10685,0
UChXOhG9bRDb3vSTg-qkPAZg,Gweilo-60,2019-02-16 16:29:40.469825,10685,0
UChXOhG9bRDb3vSTg-qkPAZg,Gweilo-60,2019-02-16 16:28:40.1445,10685,0
UChXOhG9bRDb3vSTg-qkPAZg,Gweilo-60,2019-02-16 16:27:39.859124,10685,0
UChXOhG9bRDb3vSTg-qkPAZg,Gweilo-60,2019-02-16 16:26:39.761836,10685,0
UChXOhG9bRDb3vSTg-qkPAZg,Gweilo-60,2019-02-16 16:25:39.21832,10685,0
UChXOhG9bRDb3vSTg-qkPAZg,Gweilo-60,2019-02-16 16:24:39.885859,10685,0
UChXOhG9bRDb3vSTg-qkPAZg,Gweilo-60,2019-02-16 16:23:39.623535,10685,0
UChXOhG9bRDb3vSTg-qkPAZg,Gweilo-60,2019-02-16 16:22:39.876342,10685,0
UChXOhG9bRDb3vSTg-qkPAZg,Gweilo-60,2019-02-16 16:21:40.153447,10685,0
UChXOhG9bRDb3vSTg-qkPAZg,Gweilo-60,2019-02-16 16:20:39.842048,10685,0
UChXOhG9bRDb3vSTg-qkPAZg,Gweilo-60,2019-02-16 16:19:39.838559,10685,-1
UChXOhG9bRDb3vSTg-qkPAZg,Gweilo-60,2019-02-16 16:18:39.579147,10686,0
UChXOhG9bRDb3vSTg-qkPAZg,Gweilo-60,2019-02-16 16:17:39.720896,10686,0
UChXOhG9bRDb3vSTg-qkPAZg,Gweilo-60,2019-02-16 16:16:40.449044,10686,0
UChXOhG9bRDb3vSTg-qkPAZg,Gweilo-60,2019-02-16 16:15:39.206549,10686,0
UChXOhG9bRDb3vSTg-qkPAZg,Gweilo-60,2019-02-16 16:14:40.024481,10686,0
UChXOhG9bRDb3vSTg-qkPAZg,Gweilo-60,2019-02-16 16:13:40.364223,10686,0
UChXOhG9bRDb3vSTg-qkPAZg,Gweilo-60,2019-02-16 16:12:39.493994,10686,0
UChXOhG9bRDb3vSTg-qkPAZg,Gweilo-60,2019-02-16 16:11:39.690034,10686,0
UChXOhG9bRDb3vSTg-qkPAZg,Gweilo-60,2019-02-16 16:10:40.417162,10686,0
UChXOhG9bRDb3vSTg-qkPAZg,Gweilo-60,2019-02-16 16:09:40.410092,10686,0
UChXOhG9bRDb3vSTg-qkPAZg,Gweilo-60,2019-02-16 16:08:40.510486,10686,0
UChXOhG9bRDb3vSTg-qkPAZg,Gweilo-60,2019-02-16 16:07:40.138075,10686,0
UChXOhG9bRDb3vSTg-qkPAZg,Gweilo-60,2019-02-16 16:06:39.553969,10686,0
UChXOhG9bRDb3vSTg-qkPAZg,Gweilo-60,2019-02-16 16:05:40.603551,10686,0
UChXOhG9bRDb3vSTg-qkPAZg,Gweilo-60,2019-02-16 16:04:39.691034,10686,0
UChXOhG9bRDb3vSTg-qkPAZg,Gweilo-60,2019-02-16 16:03:39.954356,10686,0
UChXOhG9bRDb3vSTg-qkPAZg,Gweilo-60,2019-02-16 16:02:39.871582,10686,0
UChXOhG9bRDb3vSTg-qkPAZg,Gweilo-60,2019-02-16 16:01:39.692969,10686,0
UChXOhG9bRDb3vSTg-qkPAZg,Gweilo-60,2019-02-16 16:00:40.423611,10686,0
UChXOhG9bRDb3vSTg-qkPAZg,Gweilo-60,2019-02-16 15:59:39.61192,10686,0
UChXOhG9bRDb3vSTg-qkPAZg,Gweilo-60,2019-02-16 15:58:40.00542,10686,-1
UChXOhG9bRDb3vSTg-qkPAZg,Gweilo-60,2019-02-16 15:57:39.563405,10687,0
UChXOhG9bRDb3vSTg-qkPAZg,Gweilo-60,2019-02-16 15:56:40.045706,10687,0
UChXOhG9bRDb3vSTg-qkPAZg,Gweilo-60,2019-02-16 15:55:39.643854,10687,0
UChXOhG9bRDb3vSTg-qkPAZg,Gweilo-60,2019-02-16 15:54:39.701368,10687,0
UChXOhG9bRDb3vSTg-qkPAZg,Gweilo-60,2019-02-16 15:53:39.755374,10687,0
UChXOhG9bRDb3vSTg-qkPAZg,Gweilo-60,2019-02-16 15:52:40.024547,10687,0
UChXOhG9bRDb3vSTg-qkPAZg,Gweilo-60,2019-02-16 15:51:40.416943,10687,0
UChXOhG9bRDb3vSTg-qkPAZg,Gweilo-60,2019-02-16 15:50:39.692146,10687,0
UChXOhG9bRDb3vSTg-qkPAZg,Gweilo-60,2019-02-16 15:49:40.068341,10687,0
UChXOhG9bRDb3vSTg-qkPAZg,Gweilo-60,2019-02-16 15:48:40.144704,10687,0
UChXOhG9bRDb3vSTg-qkPAZg,Gweilo-60,2019-02-16 15:47:39.590811,10687,0
UChXOhG9bRDb3vSTg-qkPAZg,Gweilo-60,2019-02-16 15:46:40.01582,10687,0
UChXOhG9bRDb3vSTg-qkPAZg,Gweilo-60,2019-02-16 15:45:39.971293,10687,0
UChXOhG9bRDb3vSTg-qkPAZg,Gweilo-60,2019-02-16 15:44:39.431893,10687,0
UChXOhG9bRDb3vSTg-qkPAZg,Gweilo-60,2019-02-16 15:43:39.81758,10687,0
UChXOhG9bRDb3vSTg-qkPAZg,Gweilo-60,2019-02-16 15:42:40.503944,10687,0
UChXOhG9bRDb3vSTg-qkPAZg,Gweilo-60,2019-02-16 15:41:40.037636,10687,0
UChXOhG9bRDb3vSTg-qkPAZg,Gweilo-60,2019-02-16 15:40:39.871841,10687,0
UChXOhG9bRDb3vSTg-qkPAZg,Gweilo-60,2019-02-16 15:39:40.24115,10687,0
UChXOhG9bRDb3vSTg-qkPAZg,Gweilo-60,2019-02-16 15:38:40.169042,10687,0
UChXOhG9bRDb3vSTg-qkPAZg,Gweilo-60,2019-02-16 15:37:39.519405,10687,0
UChXOhG9bRDb3vSTg-qkPAZg,Gweilo-60,2019-02-16 15:36:40.842083,10687,0
UChXOhG9bRDb3vSTg-qkPAZg,Gweilo-60,2019-02-16 15:35:39.912252,10687,0
UChXOhG9bRDb3vSTg-qkPAZg,Gweilo-60,2019-02-16 15:34:39.454845,10687,0
UChXOhG9bRDb3vSTg-qkPAZg,Gweilo-60,2019-02-16 15:33:40.430551,10687,0
UChXOhG9bRDb3vSTg-qkPAZg,Gweilo-60,2019-02-16 15:32:40.068915,10687,0
UChXOhG9bRDb3vSTg-qkPAZg,Gweilo-60,2019-02-16 15:31:40.54917,10687,0
UChXOhG9bRDb3vSTg-qkPAZg,Gweilo-60,2019-02-16 15:30:39.932209,10687,0
UChXOhG9bRDb3vSTg-qkPAZg,Gweilo-60,2019-02-16 15:29:40.986437,10687,0
UChXOhG9bRDb3vSTg-qkPAZg,Gweilo-60,2019-02-16 15:28:40.290445,10687,0
UChXOhG9bRDb3vSTg-qkPAZg,Gweilo-60,2019-02-16 15:27:40.085835,10687,-1
UChXOhG9bRDb3vSTg-qkPAZg,Gweilo-60,2019-02-16 15:26:40.989511,10688,0
UChXOhG9bRDb3vSTg-qkPAZg,Gweilo-60,2019-02-16 15:25:40.418216,10688,0
UChXOhG9bRDb3vSTg-qkPAZg,Gweilo-60,2019-02-16 15:24:40.104312,10688,0
UChXOhG9bRDb3vSTg-qkPAZg,Gweilo-60,2019-02-16 15:23:39.920623,10688,0
UChXOhG9bRDb3vSTg-qkPAZg,Gweilo-60,2019-02-16 15:22:40.18213,10688,0
UChXOhG9bRDb3vSTg-qkPAZg,Gweilo-60,2019-02-16 15:21:40.317705,10688,0
UChXOhG9bRDb3vSTg-qkPAZg,Gweilo-60,2019-02-16 15:20:39.988775,10688,-2
UChXOhG9bRDb3vSTg-qkPAZg,Gweilo-60,2019-02-16 15:19:39.676927,10690,-1
UChXOhG9bRDb3vSTg-qkPAZg,Gweilo-60,2019-02-16 15:18:39.591578,10691,0
UChXOhG9bRDb3vSTg-qkPAZg,Gweilo-60,2019-02-16 15:17:39.737367,10691,0
UChXOhG9bRDb3vSTg-qkPAZg,Gweilo-60,2019-02-16 15:16:39.950228,10691,-1
UChXOhG9bRDb3vSTg-qkPAZg,Gweilo-60,2019-02-16 15:15:39.796131,10692,0
UChXOhG9bRDb3vSTg-qkPAZg,Gweilo-60,2019-02-16 15:14:40.689869,10692,0
UChXOhG9bRDb3vSTg-qkPAZg,Gweilo-60,2019-02-16 15:13:39.908223,10692,0
UChXOhG9bRDb3vSTg-qkPAZg,Gweilo-60,2019-02-16 15:12:39.679437,10692,0
UChXOhG9bRDb3vSTg-qkPAZg,Gweilo-60,2019-02-16 15:11:39.80989,10692,0
UChXOhG9bRDb3vSTg-qkPAZg,Gweilo-60,2019-02-16 15:10:39.837414,10692,0
UChXOhG9bRDb3vSTg-qkPAZg,Gweilo-60,2019-02-16 15:09:40.530953,10692,0
UChXOhG9bRDb3vSTg-qkPAZg,Gweilo-60,2019-02-16 15:08:40.093964,10692,0
UChXOhG9bRDb3vSTg-qkPAZg,Gweilo-60,2019-02-16 15:07:40.598684,10692,0
UChXOhG9bRDb3vSTg-qkPAZg,Gweilo-60,2019-02-16 15:06:40.120705,10692,0
UChXOhG9bRDb3vSTg-qkPAZg,Gweilo-60,2019-02-16 15:05:40.068847,10692,0
UChXOhG9bRDb3vSTg-qkPAZg,Gweilo-60,2019-02-16 15:04:40.151961,10692,0
UChXOhG9bRDb3vSTg-qkPAZg,Gweilo-60,2019-02-16 15:03:39.931309,10692,0
UChXOhG9bRDb3vSTg-qkPAZg,Gweilo-60,2019-02-16 15:02:39.566695,10692,0
UChXOhG9bRDb3vSTg-qkPAZg,Gweilo-60,2019-02-16 15:01:39.807262,10692,0
UChXOhG9bRDb3vSTg-qkPAZg,Gweilo-60,2019-02-16 15:00:40.034441,10692,0
UChXOhG9bRDb3vSTg-qkPAZg,Gweilo-60,2019-02-16 14:59:40.319361,10692,0
UChXOhG9bRDb3vSTg-qkPAZg,Gweilo-60,2019-02-16 14:58:39.730903,10692,0
UChXOhG9bRDb3vSTg-qkPAZg,Gweilo-60,2019-02-16 14:57:40.402936,10692,0
UChXOhG9bRDb3vSTg-qkPAZg,Gweilo-60,2019-02-16 14:56:39.848286,10692,0
UChXOhG9bRDb3vSTg-qkPAZg,Gweilo-60,2019-02-16 14:55:40.04124,10692,0
UChXOhG9bRDb3vSTg-qkPAZg,Gweilo-60,2019-02-16 14:54:40.278731,10692,0
UChXOhG9bRDb3vSTg-qkPAZg,Gweilo-60,2019-02-16 14:53:39.744752,10692,0
UChXOhG9bRDb3vSTg-qkPAZg,Gweilo-60,2019-02-16 14:52:39.805451,10692,0
UChXOhG9bRDb3vSTg-qkPAZg,Gweilo-60,2019-02-16 14:51:39.773319,10692,0
UChXOhG9bRDb3vSTg-qkPAZg,Gweilo-60,2019-02-16 14:50:40.016099,10692,0
UChXOhG9bRDb3vSTg-qkPAZg,Gweilo-60,2019-02-16 14:49:39.462062,10692,0
UChXOhG9bRDb3vSTg-qkPAZg,Gweilo-60,2019-02-16 14:48:39.191005,10692,0
UChXOhG9bRDb3vSTg-qkPAZg,Gweilo-60,2019-02-16 14:47:39.663308,10692,0
UChXOhG9bRDb3vSTg-qkPAZg,Gweilo-60,2019-02-16 14:46:40.598712,10692,0
UChXOhG9bRDb3vSTg-qkPAZg,Gweilo-60,2019-02-16 14:45:39.917436,10692,0
UChXOhG9bRDb3vSTg-qkPAZg,Gweilo-60,2019-02-16 14:44:41.126761,10692,-1
UChXOhG9bRDb3vSTg-qkPAZg,Gweilo-60,2019-02-16 14:43:39.993772,10693,0
UChXOhG9bRDb3vSTg-qkPAZg,Gweilo-60,2019-02-16 14:42:39.9105,10693,0
UChXOhG9bRDb3vSTg-qkPAZg,Gweilo-60,2019-02-16 14:41:39.793441,10693,0
UChXOhG9bRDb3vSTg-qkPAZg,Gweilo-60,2019-02-16 14:40:40.167445,10693,0
UChXOhG9bRDb3vSTg-qkPAZg,Gweilo-60,2019-02-16 14:39:39.912428,10693,0
UChXOhG9bRDb3vSTg-qkPAZg,Gweilo-60,2019-02-16 14:38:40.036505,10693,0
UChXOhG9bRDb3vSTg-qkPAZg,Gweilo-60,2019-02-16 14:37:39.319856,10693,0
UChXOhG9bRDb3vSTg-qkPAZg,Gweilo-60,2019-02-16 14:36:39.819781,10693,0
UChXOhG9bRDb3vSTg-qkPAZg,Gweilo-60,2019-02-16 14:35:39.993986,10693,0
UChXOhG9bRDb3vSTg-qkPAZg,Gweilo-60,2019-02-16 14:34:39.78258,10693,0
UChXOhG9bRDb3vSTg-qkPAZg,Gweilo-60,2019-02-16 14:33:39.769065,10693,0
UChXOhG9bRDb3vSTg-qkPAZg,Gweilo-60,2019-02-16 14:32:39.643802,10693,0
UChXOhG9bRDb3vSTg-qkPAZg,Gweilo-60,2019-02-16 14:31:40.369365,10693,0
UChXOhG9bRDb3vSTg-qkPAZg,Gweilo-60,2019-02-16 14:30:40.210596,10693,0
UChXOhG9bRDb3vSTg-qkPAZg,Gweilo-60,2019-02-16 14:29:39.752576,10693,0
UChXOhG9bRDb3vSTg-qkPAZg,Gweilo-60,2019-02-16 14:28:40.431299,10693,0
UChXOhG9bRDb3vSTg-qkPAZg,Gweilo-60,2019-02-16 14:27:40.047308,10693,0
UChXOhG9bRDb3vSTg-qkPAZg,Gweilo-60,2019-02-16 14:26:39.837248,10693,0
UChXOhG9bRDb3vSTg-qkPAZg,Gweilo-60,2019-02-16 14:25:40.657436,10693,0
UChXOhG9bRDb3vSTg-qkPAZg,Gweilo-60,2019-02-16 14:24:40.348379,10693,0
UChXOhG9bRDb3vSTg-qkPAZg,Gweilo-60,2019-02-16 14:23:39.806494,10693,0
UChXOhG9bRDb3vSTg-qkPAZg,Gweilo-60,2019-02-16 14:22:39.546241,10693,0
UChXOhG9bRDb3vSTg-qkPAZg,Gweilo-60,2019-02-16 14:21:39.306807,10693,0
UChXOhG9bRDb3vSTg-qkPAZg,Gweilo-60,2019-02-16 14:20:40.154759,10693,0
UChXOhG9bRDb3vSTg-qkPAZg,Gweilo-60,2019-02-16 14:19:40.053163,10693,0
UChXOhG9bRDb3vSTg-qkPAZg,Gweilo-60,2019-02-16 14:18:40.177507,10693,0
UChXOhG9bRDb3vSTg-qkPAZg,Gweilo-60,2019-02-16 14:17:39.730807,10693,0
UChXOhG9bRDb3vSTg-qkPAZg,Gweilo-60,2019-02-16 14:16:40.464454,10693,0
UChXOhG9bRDb3vSTg-qkPAZg,Gweilo-60,2019-02-16 14:15:39.609453,10693,0
UChXOhG9bRDb3vSTg-qkPAZg,Gweilo-60,2019-02-16 14:14:39.474851,10693,0
UChXOhG9bRDb3vSTg-qkPAZg,Gweilo-60,2019-02-16 14:13:39.353779,10693,0
UChXOhG9bRDb3vSTg-qkPAZg,Gweilo-60,2019-02-16 14:12:39.668269,10693,0
UChXOhG9bRDb3vSTg-qkPAZg,Gweilo-60,2019-02-16 14:11:39.491115,10693,0
UChXOhG9bRDb3vSTg-qkPAZg,Gweilo-60,2019-02-16 14:10:39.626954,10693,0
UChXOhG9bRDb3vSTg-qkPAZg,Gweilo-60,2019-02-16 14:09:39.92969,10693,0
UChXOhG9bRDb3vSTg-qkPAZg,Gweilo-60,2019-02-16 14:08:40.62695,10693,0
UChXOhG9bRDb3vSTg-qkPAZg,Gweilo-60,2019-02-16 14:07:40.145102,10693,0
UChXOhG9bRDb3vSTg-qkPAZg,Gweilo-60,2019-02-16 14:06:39.601097,10693,0
UChXOhG9bRDb3vSTg-qkPAZg,Gweilo-60,2019-02-16 14:05:40.161166,10693,0
UChXOhG9bRDb3vSTg-qkPAZg,Gweilo-60,2019-02-16 14:04:39.643165,10693,0
UChXOhG9bRDb3vSTg-qkPAZg,Gweilo-60,2019-02-16 14:03:40.007889,10693,0
UChXOhG9bRDb3vSTg-qkPAZg,Gweilo-60,2019-02-16 14:02:39.797285,10693,0
UChXOhG9bRDb3vSTg-qkPAZg,Gweilo-60,2019-02-16 14:01:39.722319,10693,0
UChXOhG9bRDb3vSTg-qkPAZg,Gweilo-60,2019-02-16 14:00:40.040701,10693,0
UChXOhG9bRDb3vSTg-qkPAZg,Gweilo-60,2019-02-16 13:59:40.447247,10693,0
UChXOhG9bRDb3vSTg-qkPAZg,Gweilo-60,2019-02-16 13:58:40.741523,10693,0
UChXOhG9bRDb3vSTg-qkPAZg,Gweilo-60,2019-02-16 13:57:39.895276,10693,0
UChXOhG9bRDb3vSTg-qkPAZg,Gweilo-60,2019-02-16 13:56:39.96756,10693,0
UChXOhG9bRDb3vSTg-qkPAZg,Gweilo-60,2019-02-16 13:55:39.97627,10693,0
UChXOhG9bRDb3vSTg-qkPAZg,Gweilo-60,2019-02-16 13:54:40.647404,10693,0
UChXOhG9bRDb3vSTg-qkPAZg,Gweilo-60,2019-02-16 13:53:39.65146,10693,0
UChXOhG9bRDb3vSTg-qkPAZg,Gweilo-60,2019-02-16 13:52:39.994389,10693,0
UChXOhG9bRDb3vSTg-qkPAZg,Gweilo-60,2019-02-16 13:51:39.977854,10693,0
UChXOhG9bRDb3vSTg-qkPAZg,Gweilo-60,2019-02-16 13:50:40.263661,10693,0
UChXOhG9bRDb3vSTg-qkPAZg,Gweilo-60,2019-02-16 13:49:40.82294,10693,0
UChXOhG9bRDb3vSTg-qkPAZg,Gweilo-60,2019-02-16 13:48:39.864722,10693,0
UChXOhG9bRDb3vSTg-qkPAZg,Gweilo-60,2019-02-16 13:47:40.321041,10693,0
UChXOhG9bRDb3vSTg-qkPAZg,Gweilo-60,2019-02-16 13:46:39.966619,10693,0
UChXOhG9bRDb3vSTg-qkPAZg,Gweilo-60,2019-02-16 13:45:39.51239,10693,0
UChXOhG9bRDb3vSTg-qkPAZg,Gweilo-60,2019-02-16 13:44:39.840396,10693,0
UChXOhG9bRDb3vSTg-qkPAZg,Gweilo-60,2019-02-16 13:43:40.72916,10693,0
UChXOhG9bRDb3vSTg-qkPAZg,Gweilo-60,2019-02-16 13:42:40.004501,10693,0
UChXOhG9bRDb3vSTg-qkPAZg,Gweilo-60,2019-02-16 13:41:40.238249,10693,0
UChXOhG9bRDb3vSTg-qkPAZg,Gweilo-60,2019-02-16 13:40:39.820338,10693,0
UChXOhG9bRDb3vSTg-qkPAZg,Gweilo-60,2019-02-16 13:39:40.343776,10693,0
UChXOhG9bRDb3vSTg-qkPAZg,Gweilo-60,2019-02-16 13:38:39.885912,10693,0
UChXOhG9bRDb3vSTg-qkPAZg,Gweilo-60,2019-02-16 13:37:40.089643,10693,0
UChXOhG9bRDb3vSTg-qkPAZg,Gweilo-60,2019-02-16 13:36:39.59198,10693,0
UChXOhG9bRDb3vSTg-qkPAZg,Gweilo-60,2019-02-16 13:35:39.594046,10693,0
UChXOhG9bRDb3vSTg-qkPAZg,Gweilo-60,2019-02-16 13:34:40.200946,10693,0
UChXOhG9bRDb3vSTg-qkPAZg,Gweilo-60,2019-02-16 13:33:39.921847,10693,0
UChXOhG9bRDb3vSTg-qkPAZg,Gweilo-60,2019-02-16 13:32:41.01491,10693,1
UChXOhG9bRDb3vSTg-qkPAZg,Gweilo-60,2019-02-16 13:31:40.348545,10692,0
UChXOhG9bRDb3vSTg-qkPAZg,Gweilo-60,2019-02-16 13:30:40.286193,10692,0
UChXOhG9bRDb3vSTg-qkPAZg,Gweilo-60,2019-02-16 13:29:39.508232,10692,1
UChXOhG9bRDb3vSTg-qkPAZg,Gweilo-60,2019-02-16 13:28:39.773035,10691,0
UChXOhG9bRDb3vSTg-qkPAZg,Gweilo-60,2019-02-16 13:27:39.677137,10691,0
UChXOhG9bRDb3vSTg-qkPAZg,Gweilo-60,2019-02-16 13:26:39.758513,10691,0
UChXOhG9bRDb3vSTg-qkPAZg,Gweilo-60,2019-02-16 13:25:40.409595,10691,0
UChXOhG9bRDb3vSTg-qkPAZg,Gweilo-60,2019-02-16 13:24:40.001685,10691,0
UChXOhG9bRDb3vSTg-qkPAZg,Gweilo-60,2019-02-16 13:23:39.984382,10691,0
UChXOhG9bRDb3vSTg-qkPAZg,Gweilo-60,2019-02-16 13:22:39.590873,10691,0
UChXOhG9bRDb3vSTg-qkPAZg,Gweilo-60,2019-02-16 13:21:40.058259,10691,0
UChXOhG9bRDb3vSTg-qkPAZg,Gweilo-60,2019-02-16 13:20:40.27696,10691,0
UChXOhG9bRDb3vSTg-qkPAZg,Gweilo-60,2019-02-16 13:19:39.991793,10691,0
UChXOhG9bRDb3vSTg-qkPAZg,Gweilo-60,2019-02-16 13:18:40.257853,10691,0
UChXOhG9bRDb3vSTg-qkPAZg,Gweilo-60,2019-02-16 13:17:40.312137,10691,0
UChXOhG9bRDb3vSTg-qkPAZg,Gweilo-60,2019-02-16 13:16:40.321205,10691,0
UChXOhG9bRDb3vSTg-qkPAZg,Gweilo-60,2019-02-16 13:15:40.629264,10691,0
UChXOhG9bRDb3vSTg-qkPAZg,Gweilo-60,2019-02-16 13:14:39.794484,10691,0
UChXOhG9bRDb3vSTg-qkPAZg,Gweilo-60,2019-02-16 13:13:39.501157,10691,0
UChXOhG9bRDb3vSTg-qkPAZg,Gweilo-60,2019-02-16 13:12:39.969849,10691,0
UChXOhG9bRDb3vSTg-qkPAZg,Gweilo-60,2019-02-16 13:11:39.732476,10691,0
UChXOhG9bRDb3vSTg-qkPAZg,Gweilo-60,2019-02-16 13:10:40.619259,10691,0
UChXOhG9bRDb3vSTg-qkPAZg,Gweilo-60,2019-02-16 13:09:39.589164,10691,0
UChXOhG9bRDb3vSTg-qkPAZg,Gweilo-60,2019-02-16 13:08:39.557791,10691,0
UChXOhG9bRDb3vSTg-qkPAZg,Gweilo-60,2019-02-16 13:07:39.63558,10691,1
UChXOhG9bRDb3vSTg-qkPAZg,Gweilo-60,2019-02-16 13:06:40.123324,10690,0
UChXOhG9bRDb3vSTg-qkPAZg,Gweilo-60,2019-02-16 13:05:39.982345,10690,0
UChXOhG9bRDb3vSTg-qkPAZg,Gweilo-60,2019-02-16 13:04:39.650486,10690,0
UChXOhG9bRDb3vSTg-qkPAZg,Gweilo-60,2019-02-16 13:03:40.616629,10690,0
UChXOhG9bRDb3vSTg-qkPAZg,Gweilo-60,2019-02-16 13:02:40.57806,10690,1
UChXOhG9bRDb3vSTg-qkPAZg,Gweilo-60,2019-02-16 13:01:41.027114,10689,0
UChXOhG9bRDb3vSTg-qkPAZg,Gweilo-60,2019-02-16 13:00:40.398094,10689,0
UChXOhG9bRDb3vSTg-qkPAZg,Gweilo-60,2019-02-16 12:59:39.891105,10689,0
UChXOhG9bRDb3vSTg-qkPAZg,Gweilo-60,2019-02-16 12:58:40.534773,10689,0
UChXOhG9bRDb3vSTg-qkPAZg,Gweilo-60,2019-02-16 12:57:39.499363,10689,0
UChXOhG9bRDb3vSTg-qkPAZg,Gweilo-60,2019-02-16 12:56:39.697586,10689,0
UChXOhG9bRDb3vSTg-qkPAZg,Gweilo-60,2019-02-16 12:55:40.455197,10689,0
UChXOhG9bRDb3vSTg-qkPAZg,Gweilo-60,2019-02-16 12:54:39.755516,10689,0
UChXOhG9bRDb3vSTg-qkPAZg,Gweilo-60,2019-02-16 12:53:39.944829,10689,0
UChXOhG9bRDb3vSTg-qkPAZg,Gweilo-60,2019-02-16 12:52:41.826911,10689,0
UChXOhG9bRDb3vSTg-qkPAZg,Gweilo-60,2019-02-16 12:51:39.785274,10689,0
UChXOhG9bRDb3vSTg-qkPAZg,Gweilo-60,2019-02-16 12:50:39.731664,10689,-1
UChXOhG9bRDb3vSTg-qkPAZg,Gweilo-60,2019-02-16 12:49:40.401601,10690,0
UChXOhG9bRDb3vSTg-qkPAZg,Gweilo-60,2019-02-16 12:48:41.19143,10690,0
UChXOhG9bRDb3vSTg-qkPAZg,Gweilo-60,2019-02-16 12:47:40.030692,10690,0
UChXOhG9bRDb3vSTg-qkPAZg,Gweilo-60,2019-02-16 12:46:39.540634,10690,0
UChXOhG9bRDb3vSTg-qkPAZg,Gweilo-60,2019-02-16 12:45:40.070922,10690,-1
UChXOhG9bRDb3vSTg-qkPAZg,Gweilo-60,2019-02-16 12:44:39.803218,10691,0
UChXOhG9bRDb3vSTg-qkPAZg,Gweilo-60,2019-02-16 12:43:41.210099,10691,0
UChXOhG9bRDb3vSTg-qkPAZg,Gweilo-60,2019-02-16 12:42:40.665968,10691,0
UChXOhG9bRDb3vSTg-qkPAZg,Gweilo-60,2019-02-16 12:41:39.635947,10691,0
UChXOhG9bRDb3vSTg-qkPAZg,Gweilo-60,2019-02-16 12:40:39.933392,10691,0
UChXOhG9bRDb3vSTg-qkPAZg,Gweilo-60,2019-02-16 12:39:40.458467,10691,0
UChXOhG9bRDb3vSTg-qkPAZg,Gweilo-60,2019-02-16 12:38:40.178425,10691,0
UChXOhG9bRDb3vSTg-qkPAZg,Gweilo-60,2019-02-16 12:37:39.665287,10691,0
UChXOhG9bRDb3vSTg-qkPAZg,Gweilo-60,2019-02-16 12:36:40.344949,10691,0
UChXOhG9bRDb3vSTg-qkPAZg,Gweilo-60,2019-02-16 12:35:40.307691,10691,0
UChXOhG9bRDb3vSTg-qkPAZg,Gweilo-60,2019-02-16 12:34:40.269072,10691,0
UChXOhG9bRDb3vSTg-qkPAZg,Gweilo-60,2019-02-16 12:33:40.356746,10691,0
UChXOhG9bRDb3vSTg-qkPAZg,Gweilo-60,2019-02-16 12:32:40.150645,10691,1
UChXOhG9bRDb3vSTg-qkPAZg,Gweilo-60,2019-02-16 12:31:39.889631,10690,0
UChXOhG9bRDb3vSTg-qkPAZg,Gweilo-60,2019-02-16 12:30:40.284714,10690,0
UChXOhG9bRDb3vSTg-qkPAZg,Gweilo-60,2019-02-16 12:29:39.977319,10690,0
UChXOhG9bRDb3vSTg-qkPAZg,Gweilo-60,2019-02-16 12:28:39.707476,10690,0
UChXOhG9bRDb3vSTg-qkPAZg,Gweilo-60,2019-02-16 12:27:40.287585,10690,0
UChXOhG9bRDb3vSTg-qkPAZg,Gweilo-60,2019-02-16 12:26:40.053243,10690,0
UChXOhG9bRDb3vSTg-qkPAZg,Gweilo-60,2019-02-16 12:25:39.824206,10690,0
UChXOhG9bRDb3vSTg-qkPAZg,Gweilo-60,2019-02-16 12:24:39.64822,10690,0
UChXOhG9bRDb3vSTg-qkPAZg,Gweilo-60,2019-02-16 12:23:39.817636,10690,0
UChXOhG9bRDb3vSTg-qkPAZg,Gweilo-60,2019-02-16 12:22:39.844206,10690,0
UChXOhG9bRDb3vSTg-qkPAZg,Gweilo-60,2019-02-16 12:21:39.959502,10690,0
UChXOhG9bRDb3vSTg-qkPAZg,Gweilo-60,2019-02-16 12:20:40.086454,10690,0
UChXOhG9bRDb3vSTg-qkPAZg,Gweilo-60,2019-02-16 12:19:40.268289,10690,0
UChXOhG9bRDb3vSTg-qkPAZg,Gweilo-60,2019-02-16 12:18:39.785461,10690,0
UChXOhG9bRDb3vSTg-qkPAZg,Gweilo-60,2019-02-16 12:17:39.806968,10690,0
UChXOhG9bRDb3vSTg-qkPAZg,Gweilo-60,2019-02-16 12:16:39.579717,10690,0
UChXOhG9bRDb3vSTg-qkPAZg,Gweilo-60,2019-02-16 12:15:39.910443,10690,0
UChXOhG9bRDb3vSTg-qkPAZg,Gweilo-60,2019-02-16 12:14:40.082975,10690,0
UChXOhG9bRDb3vSTg-qkPAZg,Gweilo-60,2019-02-16 12:13:39.45818,10690,0
UChXOhG9bRDb3vSTg-qkPAZg,Gweilo-60,2019-02-16 12:12:39.590946,10690,0
UChXOhG9bRDb3vSTg-qkPAZg,Gweilo-60,2019-02-16 12:11:39.55228,10690,0
UChXOhG9bRDb3vSTg-qkPAZg,Gweilo-60,2019-02-16 12:10:40.439012,10690,0
UChXOhG9bRDb3vSTg-qkPAZg,Gweilo-60,2019-02-16 12:09:40.133675,10690,0
UChXOhG9bRDb3vSTg-qkPAZg,Gweilo-60,2019-02-16 12:08:40.648659,10690,0
UChXOhG9bRDb3vSTg-qkPAZg,Gweilo-60,2019-02-16 12:07:40.017067,10690,0
UChXOhG9bRDb3vSTg-qkPAZg,Gweilo-60,2019-02-16 12:06:39.747183,10690,0
UChXOhG9bRDb3vSTg-qkPAZg,Gweilo-60,2019-02-16 12:05:40.625092,10690,0
UChXOhG9bRDb3vSTg-qkPAZg,Gweilo-60,2019-02-16 12:04:39.891638,10690,0
UChXOhG9bRDb3vSTg-qkPAZg,Gweilo-60,2019-02-16 12:03:39.831031,10690,0
UChXOhG9bRDb3vSTg-qkPAZg,Gweilo-60,2019-02-16 12:02:40.348755,10690,0
UChXOhG9bRDb3vSTg-qkPAZg,Gweilo-60,2019-02-16 12:01:39.979285,10690,0
UChXOhG9bRDb3vSTg-qkPAZg,Gweilo-60,2019-02-16 12:00:39.508726,10690,0
UChXOhG9bRDb3vSTg-qkPAZg,Gweilo-60,2019-02-16 11:59:39.749494,10690,0
UChXOhG9bRDb3vSTg-qkPAZg,Gweilo-60,2019-02-16 11:58:40.052846,10690,0
UChXOhG9bRDb3vSTg-qkPAZg,Gweilo-60,2019-02-16 11:57:40.235292,10690,0
UChXOhG9bRDb3vSTg-qkPAZg,Gweilo-60,2019-02-16 11:56:40.507644,10690,0
UChXOhG9bRDb3vSTg-qkPAZg,Gweilo-60,2019-02-16 11:55:40.035623,10690,0
UChXOhG9bRDb3vSTg-qkPAZg,Gweilo-60,2019-02-16 11:54:40.155156,10690,0
UChXOhG9bRDb3vSTg-qkPAZg,Gweilo-60,2019-02-16 11:53:39.865462,10690,0
UChXOhG9bRDb3vSTg-qkPAZg,Gweilo-60,2019-02-16 11:52:40.328493,10690,0
UChXOhG9bRDb3vSTg-qkPAZg,Gweilo-60,2019-02-16 11:51:39.705223,10690,0
UChXOhG9bRDb3vSTg-qkPAZg,Gweilo-60,2019-02-16 11:50:39.437986,10690,0
UChXOhG9bRDb3vSTg-qkPAZg,Gweilo-60,2019-02-16 11:49:39.993213,10690,0
UChXOhG9bRDb3vSTg-qkPAZg,Gweilo-60,2019-02-16 11:48:39.500581,10690,0
UChXOhG9bRDb3vSTg-qkPAZg,Gweilo-60,2019-02-16 11:47:39.736182,10690,0
UChXOhG9bRDb3vSTg-qkPAZg,Gweilo-60,2019-02-16 11:46:40.327987,10690,0
UChXOhG9bRDb3vSTg-qkPAZg,Gweilo-60,2019-02-16 11:45:39.956376,10690,0
UChXOhG9bRDb3vSTg-qkPAZg,Gweilo-60,2019-02-16 11:44:39.698736,10690,0
UChXOhG9bRDb3vSTg-qkPAZg,Gweilo-60,2019-02-16 11:43:39.588261,10690,0
UChXOhG9bRDb3vSTg-qkPAZg,Gweilo-60,2019-02-16 11:42:39.337364,10690,0
UChXOhG9bRDb3vSTg-qkPAZg,Gweilo-60,2019-02-16 11:41:39.813796,10690,0
UChXOhG9bRDb3vSTg-qkPAZg,Gweilo-60,2019-02-16 11:40:39.922368,10690,0
UChXOhG9bRDb3vSTg-qkPAZg,Gweilo-60,2019-02-16 11:39:39.640979,10690,0
UChXOhG9bRDb3vSTg-qkPAZg,Gweilo-60,2019-02-16 11:38:40.35209,10690,0
UChXOhG9bRDb3vSTg-qkPAZg,Gweilo-60,2019-02-16 11:37:40.624028,10690,0
UChXOhG9bRDb3vSTg-qkPAZg,Gweilo-60,2019-02-16 11:36:40.069431,10690,0
UChXOhG9bRDb3vSTg-qkPAZg,Gweilo-60,2019-02-16 11:35:39.656414,10690,0
UChXOhG9bRDb3vSTg-qkPAZg,Gweilo-60,2019-02-16 11:34:39.800459,10690,-1
UChXOhG9bRDb3vSTg-qkPAZg,Gweilo-60,2019-02-16 11:33:40.944607,10691,0
UChXOhG9bRDb3vSTg-qkPAZg,Gweilo-60,2019-02-16 11:32:40.732249,10691,0
UChXOhG9bRDb3vSTg-qkPAZg,Gweilo-60,2019-02-16 11:31:39.519124,10691,0
UChXOhG9bRDb3vSTg-qkPAZg,Gweilo-60,2019-02-16 11:30:39.495642,10691,0
UChXOhG9bRDb3vSTg-qkPAZg,Gweilo-60,2019-02-16 11:29:39.774941,10691,0
UChXOhG9bRDb3vSTg-qkPAZg,Gweilo-60,2019-02-16 11:28:39.961237,10691,0
UChXOhG9bRDb3vSTg-qkPAZg,Gweilo-60,2019-02-16 11:27:39.86984,10691,0
UChXOhG9bRDb3vSTg-qkPAZg,Gweilo-60,2019-02-16 11:26:39.973883,10691,0
UChXOhG9bRDb3vSTg-qkPAZg,Gweilo-60,2019-02-16 11:25:39.750986,10691,0
UChXOhG9bRDb3vSTg-qkPAZg,Gweilo-60,2019-02-16 11:24:39.335322,10691,0
UChXOhG9bRDb3vSTg-qkPAZg,Gweilo-60,2019-02-16 11:23:39.764916,10691,0
UChXOhG9bRDb3vSTg-qkPAZg,Gweilo-60,2019-02-16 11:22:40.243882,10691,0
UChXOhG9bRDb3vSTg-qkPAZg,Gweilo-60,2019-02-16 11:21:40.101644,10691,0
UChXOhG9bRDb3vSTg-qkPAZg,Gweilo-60,2019-02-16 11:20:39.897203,10691,0
UChXOhG9bRDb3vSTg-qkPAZg,Gweilo-60,2019-02-16 11:19:39.640262,10691,0
UChXOhG9bRDb3vSTg-qkPAZg,Gweilo-60,2019-02-16 11:18:39.66809,10691,0
UChXOhG9bRDb3vSTg-qkPAZg,Gweilo-60,2019-02-16 11:17:40.276675,10691,0
UChXOhG9bRDb3vSTg-qkPAZg,Gweilo-60,2019-02-16 11:16:39.74034,10691,0
UChXOhG9bRDb3vSTg-qkPAZg,Gweilo-60,2019-02-16 11:15:40.796594,10691,0
UChXOhG9bRDb3vSTg-qkPAZg,Gweilo-60,2019-02-16 11:14:40.207013,10691,0
UChXOhG9bRDb3vSTg-qkPAZg,Gweilo-60,2019-02-16 11:12:40.202977,10691,0
UChXOhG9bRDb3vSTg-qkPAZg,Gweilo-60,2019-02-16 11:11:40.263218,10691,0
UChXOhG9bRDb3vSTg-qkPAZg,Gweilo-60,2019-02-16 11:10:39.980053,10691,0
UChXOhG9bRDb3vSTg-qkPAZg,Gweilo-60,2019-02-16 11:09:39.953585,10691,0
UChXOhG9bRDb3vSTg-qkPAZg,Gweilo-60,2019-02-16 11:08:39.83952,10691,0
UChXOhG9bRDb3vSTg-qkPAZg,Gweilo-60,2019-02-16 11:07:39.335998,10691,0
UChXOhG9bRDb3vSTg-qkPAZg,Gweilo-60,2019-02-16 11:06:40.655178,10691,0
UChXOhG9bRDb3vSTg-qkPAZg,Gweilo-60,2019-02-16 11:05:40.220731,10691,0
UChXOhG9bRDb3vSTg-qkPAZg,Gweilo-60,2019-02-16 11:04:39.716782,10691,0
UChXOhG9bRDb3vSTg-qkPAZg,Gweilo-60,2019-02-16 11:03:39.265411,10691,0
UChXOhG9bRDb3vSTg-qkPAZg,Gweilo-60,2019-02-16 11:02:40.179381,10691,0
UChXOhG9bRDb3vSTg-qkPAZg,Gweilo-60,2019-02-16 11:01:40.089591,10691,0
UChXOhG9bRDb3vSTg-qkPAZg,Gweilo-60,2019-02-16 11:00:39.796905,10691,0
UChXOhG9bRDb3vSTg-qkPAZg,Gweilo-60,2019-02-16 10:59:39.571164,10691,0
UChXOhG9bRDb3vSTg-qkPAZg,Gweilo-60,2019-02-16 10:58:40.160356,10691,0
UChXOhG9bRDb3vSTg-qkPAZg,Gweilo-60,2019-02-16 10:57:40.326925,10691,0
UChXOhG9bRDb3vSTg-qkPAZg,Gweilo-60,2019-02-16 10:56:39.888771,10691,0
UChXOhG9bRDb3vSTg-qkPAZg,Gweilo-60,2019-02-16 10:55:40.24918,10691,0
UChXOhG9bRDb3vSTg-qkPAZg,Gweilo-60,2019-02-16 10:54:40.09929,10691,0
UChXOhG9bRDb3vSTg-qkPAZg,Gweilo-60,2019-02-16 10:53:40.05911,10691,0
UChXOhG9bRDb3vSTg-qkPAZg,Gweilo-60,2019-02-16 10:52:39.749052,10691,0
UChXOhG9bRDb3vSTg-qkPAZg,Gweilo-60,2019-02-16 10:51:40.053246,10691,0
UChXOhG9bRDb3vSTg-qkPAZg,Gweilo-60,2019-02-16 10:50:39.958332,10691,0
UChXOhG9bRDb3vSTg-qkPAZg,Gweilo-60,2019-02-16 10:49:39.91979,10691,0
UChXOhG9bRDb3vSTg-qkPAZg,Gweilo-60,2019-02-16 10:48:39.462973,10691,0
UChXOhG9bRDb3vSTg-qkPAZg,Gweilo-60,2019-02-16 10:47:40.463707,10691,0
UChXOhG9bRDb3vSTg-qkPAZg,Gweilo-60,2019-02-16 10:46:40.148667,10691,0
UChXOhG9bRDb3vSTg-qkPAZg,Gweilo-60,2019-02-16 10:45:39.933337,10691,0
UChXOhG9bRDb3vSTg-qkPAZg,Gweilo-60,2019-02-16 10:44:39.538393,10691,0
UChXOhG9bRDb3vSTg-qkPAZg,Gweilo-60,2019-02-16 10:43:40.323723,10691,0
UChXOhG9bRDb3vSTg-qkPAZg,Gweilo-60,2019-02-16 10:42:39.834556,10691,0
UChXOhG9bRDb3vSTg-qkPAZg,Gweilo-60,2019-02-16 10:41:39.618753,10691,0
UChXOhG9bRDb3vSTg-qkPAZg,Gweilo-60,2019-02-16 10:40:39.595062,10691,0
UChXOhG9bRDb3vSTg-qkPAZg,Gweilo-60,2019-02-16 10:39:40.55943,10691,0
UChXOhG9bRDb3vSTg-qkPAZg,Gweilo-60,2019-02-16 10:38:39.455816,10691,0
UChXOhG9bRDb3vSTg-qkPAZg,Gweilo-60,2019-02-16 10:37:39.424406,10691,0
UChXOhG9bRDb3vSTg-qkPAZg,Gweilo-60,2019-02-16 10:36:39.564346,10691,0
UChXOhG9bRDb3vSTg-qkPAZg,Gweilo-60,2019-02-16 10:35:39.47401,10691,0
UChXOhG9bRDb3vSTg-qkPAZg,Gweilo-60,2019-02-16 10:34:39.793598,10691,0
UChXOhG9bRDb3vSTg-qkPAZg,Gweilo-60,2019-02-16 10:33:40.930225,10691,0
UChXOhG9bRDb3vSTg-qkPAZg,Gweilo-60,2019-02-16 10:32:38.892468,10691,0
UChXOhG9bRDb3vSTg-qkPAZg,Gweilo-60,2019-02-16 10:31:39.232421,10691,0
UChXOhG9bRDb3vSTg-qkPAZg,Gweilo-60,2019-02-16 10:30:39.590821,10691,0
UChXOhG9bRDb3vSTg-qkPAZg,Gweilo-60,2019-02-16 10:29:39.650522,10691,0
UChXOhG9bRDb3vSTg-qkPAZg,Gweilo-60,2019-02-16 10:28:40.091008,10691,0
UChXOhG9bRDb3vSTg-qkPAZg,Gweilo-60,2019-02-16 10:27:39.128064,10691,0
UChXOhG9bRDb3vSTg-qkPAZg,Gweilo-60,2019-02-16 10:26:39.36273,10691,0
UChXOhG9bRDb3vSTg-qkPAZg,Gweilo-60,2019-02-16 10:25:39.646253,10691,0
UChXOhG9bRDb3vSTg-qkPAZg,Gweilo-60,2019-02-16 10:24:39.582792,10691,0
UChXOhG9bRDb3vSTg-qkPAZg,Gweilo-60,2019-02-16 10:23:40.145698,10691,0
UChXOhG9bRDb3vSTg-qkPAZg,Gweilo-60,2019-02-16 10:22:39.15913,10691,0
UChXOhG9bRDb3vSTg-qkPAZg,Gweilo-60,2019-02-16 10:21:39.828824,10691,0
UChXOhG9bRDb3vSTg-qkPAZg,Gweilo-60,2019-02-16 10:20:39.204103,10691,0
UChXOhG9bRDb3vSTg-qkPAZg,Gweilo-60,2019-02-16 10:19:40.155484,10691,0
UChXOhG9bRDb3vSTg-qkPAZg,Gweilo-60,2019-02-16 10:18:39.257135,10691,0
UChXOhG9bRDb3vSTg-qkPAZg,Gweilo-60,2019-02-16 10:17:40.091025,10691,0
UChXOhG9bRDb3vSTg-qkPAZg,Gweilo-60,2019-02-16 10:16:39.583214,10691,0
UChXOhG9bRDb3vSTg-qkPAZg,Gweilo-60,2019-02-16 10:15:39.272765,10691,0
UChXOhG9bRDb3vSTg-qkPAZg,Gweilo-60,2019-02-16 10:14:39.548587,10691,0
UChXOhG9bRDb3vSTg-qkPAZg,Gweilo-60,2019-02-16 10:13:39.617312,10691,0
UChXOhG9bRDb3vSTg-qkPAZg,Gweilo-60,2019-02-16 10:12:39.624251,10691,0
UChXOhG9bRDb3vSTg-qkPAZg,Gweilo-60,2019-02-16 10:11:39.614749,10691,0
UChXOhG9bRDb3vSTg-qkPAZg,Gweilo-60,2019-02-16 10:10:40.6493,10691,0
UChXOhG9bRDb3vSTg-qkPAZg,Gweilo-60,2019-02-16 10:09:39.308975,10691,0
UChXOhG9bRDb3vSTg-qkPAZg,Gweilo-60,2019-02-16 10:08:39.511301,10691,0
UChXOhG9bRDb3vSTg-qkPAZg,Gweilo-60,2019-02-16 10:07:40.163445,10691,0
UChXOhG9bRDb3vSTg-qkPAZg,Gweilo-60,2019-02-16 10:06:39.768474,10691,0
UChXOhG9bRDb3vSTg-qkPAZg,Gweilo-60,2019-02-16 10:05:39.490965,10691,0
UChXOhG9bRDb3vSTg-qkPAZg,Gweilo-60,2019-02-16 10:04:40.178051,10691,0
UChXOhG9bRDb3vSTg-qkPAZg,Gweilo-60,2019-02-16 10:03:39.687715,10691,0
UChXOhG9bRDb3vSTg-qkPAZg,Gweilo-60,2019-02-16 10:02:39.980485,10691,0
UChXOhG9bRDb3vSTg-qkPAZg,Gweilo-60,2019-02-16 10:01:39.422466,10691,0
UChXOhG9bRDb3vSTg-qkPAZg,Gweilo-60,2019-02-16 10:00:39.268033,10691,0
UChXOhG9bRDb3vSTg-qkPAZg,Gweilo-60,2019-02-16 09:59:39.566153,10691,0
UChXOhG9bRDb3vSTg-qkPAZg,Gweilo-60,2019-02-16 09:58:39.592952,10691,0
UChXOhG9bRDb3vSTg-qkPAZg,Gweilo-60,2019-02-16 09:57:40.12758,10691,0
UChXOhG9bRDb3vSTg-qkPAZg,Gweilo-60,2019-02-16 09:56:39.348386,10691,0
UChXOhG9bRDb3vSTg-qkPAZg,Gweilo-60,2019-02-16 09:55:39.738168,10691,0
UChXOhG9bRDb3vSTg-qkPAZg,Gweilo-60,2019-02-16 09:54:39.569781,10691,0
UChXOhG9bRDb3vSTg-qkPAZg,Gweilo-60,2019-02-16 09:53:40.305212,10691,0
UChXOhG9bRDb3vSTg-qkPAZg,Gweilo-60,2019-02-16 09:52:39.723937,10691,0
UChXOhG9bRDb3vSTg-qkPAZg,Gweilo-60,2019-02-16 09:51:39.292413,10691,0
UChXOhG9bRDb3vSTg-qkPAZg,Gweilo-60,2019-02-16 09:50:39.48477,10691,0
UChXOhG9bRDb3vSTg-qkPAZg,Gweilo-60,2019-02-16 09:49:39.107762,10691,0
UChXOhG9bRDb3vSTg-qkPAZg,Gweilo-60,2019-02-16 09:48:39.514088,10691,0
UChXOhG9bRDb3vSTg-qkPAZg,Gweilo-60,2019-02-16 09:47:39.610577,10691,0
UChXOhG9bRDb3vSTg-qkPAZg,Gweilo-60,2019-02-16 09:46:40.030849,10691,0
UChXOhG9bRDb3vSTg-qkPAZg,Gweilo-60,2019-02-16 09:45:39.522506,10691,0
UChXOhG9bRDb3vSTg-qkPAZg,Gweilo-60,2019-02-16 09:44:39.772265,10691,0
UChXOhG9bRDb3vSTg-qkPAZg,Gweilo-60,2019-02-16 09:43:39.31981,10691,0
UChXOhG9bRDb3vSTg-qkPAZg,Gweilo-60,2019-02-16 09:42:39.512673,10691,0
UChXOhG9bRDb3vSTg-qkPAZg,Gweilo-60,2019-02-16 09:41:39.436404,10691,0
UChXOhG9bRDb3vSTg-qkPAZg,Gweilo-60,2019-02-16 09:40:39.133952,10691,0
UChXOhG9bRDb3vSTg-qkPAZg,Gweilo-60,2019-02-16 09:39:39.381263,10691,0
UChXOhG9bRDb3vSTg-qkPAZg,Gweilo-60,2019-02-16 09:38:39.993228,10691,0
UChXOhG9bRDb3vSTg-qkPAZg,Gweilo-60,2019-02-16 09:37:40.244141,10691,0
UChXOhG9bRDb3vSTg-qkPAZg,Gweilo-60,2019-02-16 09:36:39.914702,10691,0
UChXOhG9bRDb3vSTg-qkPAZg,Gweilo-60,2019-02-16 09:35:39.533271,10691,0
UChXOhG9bRDb3vSTg-qkPAZg,Gweilo-60,2019-02-16 09:34:39.566942,10691,0
UChXOhG9bRDb3vSTg-qkPAZg,Gweilo-60,2019-02-16 09:33:40.595391,10691,0
UChXOhG9bRDb3vSTg-qkPAZg,Gweilo-60,2019-02-16 09:32:38.976051,10691,0
UChXOhG9bRDb3vSTg-qkPAZg,Gweilo-60,2019-02-16 09:31:39.937712,10691,0
UChXOhG9bRDb3vSTg-qkPAZg,Gweilo-60,2019-02-16 09:30:39.861193,10691,0
UChXOhG9bRDb3vSTg-qkPAZg,Gweilo-60,2019-02-16 09:29:39.224136,10691,0
UChXOhG9bRDb3vSTg-qkPAZg,Gweilo-60,2019-02-16 09:28:40.042263,10691,0
UChXOhG9bRDb3vSTg-qkPAZg,Gweilo-60,2019-02-16 09:27:40.013415,10691,0
UChXOhG9bRDb3vSTg-qkPAZg,Gweilo-60,2019-02-16 09:26:39.500909,10691,0
UChXOhG9bRDb3vSTg-qkPAZg,Gweilo-60,2019-02-16 09:25:39.139674,10691,0
UChXOhG9bRDb3vSTg-qkPAZg,Gweilo-60,2019-02-16 09:24:39.194275,10691,0
UChXOhG9bRDb3vSTg-qkPAZg,Gweilo-60,2019-02-16 09:23:39.491551,10691,0
UChXOhG9bRDb3vSTg-qkPAZg,Gweilo-60,2019-02-16 09:22:39.440199,10691,0
UChXOhG9bRDb3vSTg-qkPAZg,Gweilo-60,2019-02-16 09:21:39.888828,10691,0
UChXOhG9bRDb3vSTg-qkPAZg,Gweilo-60,2019-02-16 09:20:39.374358,10691,0
UChXOhG9bRDb3vSTg-qkPAZg,Gweilo-60,2019-02-16 09:19:39.64862,10691,0
UChXOhG9bRDb3vSTg-qkPAZg,Gweilo-60,2019-02-16 09:18:39.845073,10691,0
UChXOhG9bRDb3vSTg-qkPAZg,Gweilo-60,2019-02-16 09:17:39.391285,10691,0
UChXOhG9bRDb3vSTg-qkPAZg,Gweilo-60,2019-02-16 09:16:40.269209,10691,0
UChXOhG9bRDb3vSTg-qkPAZg,Gweilo-60,2019-02-16 09:15:39.777734,10691,0
UChXOhG9bRDb3vSTg-qkPAZg,Gweilo-60,2019-02-16 09:14:39.414201,10691,0
UChXOhG9bRDb3vSTg-qkPAZg,Gweilo-60,2019-02-16 09:13:39.71592,10691,0
UChXOhG9bRDb3vSTg-qkPAZg,Gweilo-60,2019-02-16 09:12:40.257823,10691,0
UChXOhG9bRDb3vSTg-qkPAZg,Gweilo-60,2019-02-16 09:11:39.54854,10691,0
UChXOhG9bRDb3vSTg-qkPAZg,Gweilo-60,2019-02-16 09:10:39.637005,10691,0
UChXOhG9bRDb3vSTg-qkPAZg,Gweilo-60,2019-02-16 09:09:39.65913,10691,0
UChXOhG9bRDb3vSTg-qkPAZg,Gweilo-60,2019-02-16 09:08:39.65187,10691,0
UChXOhG9bRDb3vSTg-qkPAZg,Gweilo-60,2019-02-16 09:07:39.088856,10691,0
UChXOhG9bRDb3vSTg-qkPAZg,Gweilo-60,2019-02-16 09:06:40.113142,10691,0
UChXOhG9bRDb3vSTg-qkPAZg,Gweilo-60,2019-02-16 09:05:39.39696,10691,0
UChXOhG9bRDb3vSTg-qkPAZg,Gweilo-60,2019-02-16 09:04:39.202429,10691,0
UChXOhG9bRDb3vSTg-qkPAZg,Gweilo-60,2019-02-16 09:03:39.404952,10691,0
UChXOhG9bRDb3vSTg-qkPAZg,Gweilo-60,2019-02-16 09:02:39.085846,10691,0
UChXOhG9bRDb3vSTg-qkPAZg,Gweilo-60,2019-02-16 09:01:39.152213,10691,0
UChXOhG9bRDb3vSTg-qkPAZg,Gweilo-60,2019-02-16 09:00:39.969195,10691,0
UChXOhG9bRDb3vSTg-qkPAZg,Gweilo-60,2019-02-16 08:59:39.529678,10691,0
UChXOhG9bRDb3vSTg-qkPAZg,Gweilo-60,2019-02-16 08:58:40.205048,10691,0
UChXOhG9bRDb3vSTg-qkPAZg,Gweilo-60,2019-02-16 08:57:39.493445,10691,0
UChXOhG9bRDb3vSTg-qkPAZg,Gweilo-60,2019-02-16 08:56:39.24896,10691,0
UChXOhG9bRDb3vSTg-qkPAZg,Gweilo-60,2019-02-16 08:55:39.266541,10691,0
UChXOhG9bRDb3vSTg-qkPAZg,Gweilo-60,2019-02-16 08:54:39.295716,10691,0
UChXOhG9bRDb3vSTg-qkPAZg,Gweilo-60,2019-02-16 08:53:39.424873,10691,0
UChXOhG9bRDb3vSTg-qkPAZg,Gweilo-60,2019-02-16 08:52:39.91351,10691,0
UChXOhG9bRDb3vSTg-qkPAZg,Gweilo-60,2019-02-16 08:51:39.338074,10691,0
UChXOhG9bRDb3vSTg-qkPAZg,Gweilo-60,2019-02-16 08:50:39.100627,10691,0
UChXOhG9bRDb3vSTg-qkPAZg,Gweilo-60,2019-02-16 08:49:39.22308,10691,0
UChXOhG9bRDb3vSTg-qkPAZg,Gweilo-60,2019-02-16 08:48:39.277122,10691,0
UChXOhG9bRDb3vSTg-qkPAZg,Gweilo-60,2019-02-16 08:47:39.181235,10691,0
UChXOhG9bRDb3vSTg-qkPAZg,Gweilo-60,2019-02-16 08:46:39.914402,10691,0
UChXOhG9bRDb3vSTg-qkPAZg,Gweilo-60,2019-02-16 08:45:39.893756,10691,0
UChXOhG9bRDb3vSTg-qkPAZg,Gweilo-60,2019-02-16 08:44:39.67317,10691,0
UChXOhG9bRDb3vSTg-qkPAZg,Gweilo-60,2019-02-16 08:43:39.84204,10691,0
UChXOhG9bRDb3vSTg-qkPAZg,Gweilo-60,2019-02-16 08:42:39.906044,10691,0
UChXOhG9bRDb3vSTg-qkPAZg,Gweilo-60,2019-02-16 08:41:39.397454,10691,0
UChXOhG9bRDb3vSTg-qkPAZg,Gweilo-60,2019-02-16 08:40:39.322106,10691,0
UChXOhG9bRDb3vSTg-qkPAZg,Gweilo-60,2019-02-16 08:39:39.610556,10691,0
UChXOhG9bRDb3vSTg-qkPAZg,Gweilo-60,2019-02-16 08:38:39.291585,10691,0
UChXOhG9bRDb3vSTg-qkPAZg,Gweilo-60,2019-02-16 08:37:40.141415,10691,0
UChXOhG9bRDb3vSTg-qkPAZg,Gweilo-60,2019-02-16 08:36:39.811414,10691,0
UChXOhG9bRDb3vSTg-qkPAZg,Gweilo-60,2019-02-16 08:35:39.551506,10691,0
UChXOhG9bRDb3vSTg-qkPAZg,Gweilo-60,2019-02-16 08:34:39.423479,10691,0
UChXOhG9bRDb3vSTg-qkPAZg,Gweilo-60,2019-02-16 08:33:39.097911,10691,0
UChXOhG9bRDb3vSTg-qkPAZg,Gweilo-60,2019-02-16 08:32:39.51897,10691,0
UChXOhG9bRDb3vSTg-qkPAZg,Gweilo-60,2019-02-16 08:31:39.427051,10691,0
UChXOhG9bRDb3vSTg-qkPAZg,Gweilo-60,2019-02-16 08:30:39.783625,10691,0
UChXOhG9bRDb3vSTg-qkPAZg,Gweilo-60,2019-02-16 08:29:40.478076,10691,0
UChXOhG9bRDb3vSTg-qkPAZg,Gweilo-60,2019-02-16 08:28:39.598791,10691,0
UChXOhG9bRDb3vSTg-qkPAZg,Gweilo-60,2019-02-16 08:27:39.929012,10691,0
UChXOhG9bRDb3vSTg-qkPAZg,Gweilo-60,2019-02-16 08:26:40.133352,10691,0
UChXOhG9bRDb3vSTg-qkPAZg,Gweilo-60,2019-02-16 08:25:39.471666,10691,0
UChXOhG9bRDb3vSTg-qkPAZg,Gweilo-60,2019-02-16 08:24:39.563989,10691,0
UChXOhG9bRDb3vSTg-qkPAZg,Gweilo-60,2019-02-16 08:23:39.065331,10691,0
UChXOhG9bRDb3vSTg-qkPAZg,Gweilo-60,2019-02-16 08:22:39.44015,10691,0
UChXOhG9bRDb3vSTg-qkPAZg,Gweilo-60,2019-02-16 08:21:39.335118,10691,0
UChXOhG9bRDb3vSTg-qkPAZg,Gweilo-60,2019-02-16 08:20:39.747608,10691,0
UChXOhG9bRDb3vSTg-qkPAZg,Gweilo-60,2019-02-16 08:19:39.579614,10691,0
UChXOhG9bRDb3vSTg-qkPAZg,Gweilo-60,2019-02-16 08:18:39.190684,10691,0
UChXOhG9bRDb3vSTg-qkPAZg,Gweilo-60,2019-02-16 08:17:39.074631,10691,0
UChXOhG9bRDb3vSTg-qkPAZg,Gweilo-60,2019-02-16 08:16:39.765314,10691,0
UChXOhG9bRDb3vSTg-qkPAZg,Gweilo-60,2019-02-16 08:15:39.707354,10691,0
UChXOhG9bRDb3vSTg-qkPAZg,Gweilo-60,2019-02-16 08:14:39.987484,10691,0
UChXOhG9bRDb3vSTg-qkPAZg,Gweilo-60,2019-02-16 08:13:39.996814,10691,0
UChXOhG9bRDb3vSTg-qkPAZg,Gweilo-60,2019-02-16 08:12:39.790534,10691,0
UChXOhG9bRDb3vSTg-qkPAZg,Gweilo-60,2019-02-16 08:11:39.736215,10691,0
UChXOhG9bRDb3vSTg-qkPAZg,Gweilo-60,2019-02-16 08:10:39.181111,10691,0
UChXOhG9bRDb3vSTg-qkPAZg,Gweilo-60,2019-02-16 08:09:39.413386,10691,0
UChXOhG9bRDb3vSTg-qkPAZg,Gweilo-60,2019-02-16 08:08:39.171902,10691,0
UChXOhG9bRDb3vSTg-qkPAZg,Gweilo-60,2019-02-16 08:07:39.233499,10691,0
UChXOhG9bRDb3vSTg-qkPAZg,Gweilo-60,2019-02-16 08:06:39.428899,10691,0
UChXOhG9bRDb3vSTg-qkPAZg,Gweilo-60,2019-02-16 08:05:39.397333,10691,1
UChXOhG9bRDb3vSTg-qkPAZg,Gweilo-60,2019-02-16 08:04:39.676242,10690,0
UChXOhG9bRDb3vSTg-qkPAZg,Gweilo-60,2019-02-16 08:03:39.588847,10690,0
UChXOhG9bRDb3vSTg-qkPAZg,Gweilo-60,2019-02-16 08:02:39.898603,10690,0
UChXOhG9bRDb3vSTg-qkPAZg,Gweilo-60,2019-02-16 08:01:39.950714,10690,0
UChXOhG9bRDb3vSTg-qkPAZg,Gweilo-60,2019-02-16 08:00:39.363485,10690,0
UChXOhG9bRDb3vSTg-qkPAZg,Gweilo-60,2019-02-16 07:59:39.528529,10690,0
UChXOhG9bRDb3vSTg-qkPAZg,Gweilo-60,2019-02-16 07:58:39.419767,10690,0
UChXOhG9bRDb3vSTg-qkPAZg,Gweilo-60,2019-02-16 07:57:39.430973,10690,1
UChXOhG9bRDb3vSTg-qkPAZg,Gweilo-60,2019-02-16 07:56:39.424586,10689,0
UChXOhG9bRDb3vSTg-qkPAZg,Gweilo-60,2019-02-16 07:55:39.355038,10689,0
UChXOhG9bRDb3vSTg-qkPAZg,Gweilo-60,2019-02-16 07:54:39.655417,10689,0
UChXOhG9bRDb3vSTg-qkPAZg,Gweilo-60,2019-02-16 07:53:39.664695,10689,0
UChXOhG9bRDb3vSTg-qkPAZg,Gweilo-60,2019-02-16 07:52:39.038634,10689,0
UChXOhG9bRDb3vSTg-qkPAZg,Gweilo-60,2019-02-16 07:51:39.488629,10689,0
UChXOhG9bRDb3vSTg-qkPAZg,Gweilo-60,2019-02-16 07:50:39.720993,10689,0
UChXOhG9bRDb3vSTg-qkPAZg,Gweilo-60,2019-02-16 07:49:39.1584,10689,0
UChXOhG9bRDb3vSTg-qkPAZg,Gweilo-60,2019-02-16 07:48:39.088084,10689,0
UChXOhG9bRDb3vSTg-qkPAZg,Gweilo-60,2019-02-16 07:47:39.380308,10689,0
UChXOhG9bRDb3vSTg-qkPAZg,Gweilo-60,2019-02-16 07:46:39.77526,10689,0
UChXOhG9bRDb3vSTg-qkPAZg,Gweilo-60,2019-02-16 07:45:39.844852,10689,0
UChXOhG9bRDb3vSTg-qkPAZg,Gweilo-60,2019-02-16 07:44:40.622487,10689,0
UChXOhG9bRDb3vSTg-qkPAZg,Gweilo-60,2019-02-16 07:43:39.756703,10689,0
UChXOhG9bRDb3vSTg-qkPAZg,Gweilo-60,2019-02-16 07:42:39.427527,10689,0
UChXOhG9bRDb3vSTg-qkPAZg,Gweilo-60,2019-02-16 07:41:39.586079,10689,0
UChXOhG9bRDb3vSTg-qkPAZg,Gweilo-60,2019-02-16 07:40:39.769074,10689,0
UChXOhG9bRDb3vSTg-qkPAZg,Gweilo-60,2019-02-16 07:39:39.288079,10689,0
UChXOhG9bRDb3vSTg-qkPAZg,Gweilo-60,2019-02-16 07:38:39.664948,10689,0
UChXOhG9bRDb3vSTg-qkPAZg,Gweilo-60,2019-02-16 07:37:39.840519,10689,0
UChXOhG9bRDb3vSTg-qkPAZg,Gweilo-60,2019-02-16 07:36:39.894362,10689,0
UChXOhG9bRDb3vSTg-qkPAZg,Gweilo-60,2019-02-16 07:35:39.739797,10689,1
UChXOhG9bRDb3vSTg-qkPAZg,Gweilo-60,2019-02-16 07:34:39.403033,10688,0
UChXOhG9bRDb3vSTg-qkPAZg,Gweilo-60,2019-02-16 07:33:39.566724,10688,0
UChXOhG9bRDb3vSTg-qkPAZg,Gweilo-60,2019-02-16 07:32:39.422777,10688,0
UChXOhG9bRDb3vSTg-qkPAZg,Gweilo-60,2019-02-16 07:31:39.759101,10688,0
UChXOhG9bRDb3vSTg-qkPAZg,Gweilo-60,2019-02-16 07:30:39.767245,10688,0
UChXOhG9bRDb3vSTg-qkPAZg,Gweilo-60,2019-02-16 07:29:39.287674,10688,0
UChXOhG9bRDb3vSTg-qkPAZg,Gweilo-60,2019-02-16 07:28:39.214337,10688,0
UChXOhG9bRDb3vSTg-qkPAZg,Gweilo-60,2019-02-16 07:27:40.102892,10688,0
UChXOhG9bRDb3vSTg-qkPAZg,Gweilo-60,2019-02-16 07:26:39.675149,10688,0
UChXOhG9bRDb3vSTg-qkPAZg,Gweilo-60,2019-02-16 07:25:39.387473,10688,0
UChXOhG9bRDb3vSTg-qkPAZg,Gweilo-60,2019-02-16 07:24:39.689359,10688,0
UChXOhG9bRDb3vSTg-qkPAZg,Gweilo-60,2019-02-16 07:23:39.995344,10688,0
UChXOhG9bRDb3vSTg-qkPAZg,Gweilo-60,2019-02-16 07:22:40.083854,10688,0
UChXOhG9bRDb3vSTg-qkPAZg,Gweilo-60,2019-02-16 07:21:39.379735,10688,0
UChXOhG9bRDb3vSTg-qkPAZg,Gweilo-60,2019-02-16 07:20:39.61819,10688,0
UChXOhG9bRDb3vSTg-qkPAZg,Gweilo-60,2019-02-16 07:19:39.671029,10688,0
UChXOhG9bRDb3vSTg-qkPAZg,Gweilo-60,2019-02-16 07:18:39.351016,10688,0
UChXOhG9bRDb3vSTg-qkPAZg,Gweilo-60,2019-02-16 07:17:39.256604,10688,0
UChXOhG9bRDb3vSTg-qkPAZg,Gweilo-60,2019-02-16 07:16:39.966403,10688,0
UChXOhG9bRDb3vSTg-qkPAZg,Gweilo-60,2019-02-16 07:15:39.255223,10688,0
UChXOhG9bRDb3vSTg-qkPAZg,Gweilo-60,2019-02-16 07:14:39.589803,10688,0
UChXOhG9bRDb3vSTg-qkPAZg,Gweilo-60,2019-02-16 07:13:39.434405,10688,0
UChXOhG9bRDb3vSTg-qkPAZg,Gweilo-60,2019-02-16 07:12:40.356565,10688,0
UChXOhG9bRDb3vSTg-qkPAZg,Gweilo-60,2019-02-16 07:11:39.529015,10688,0
UChXOhG9bRDb3vSTg-qkPAZg,Gweilo-60,2019-02-16 07:10:39.286609,10688,0
UChXOhG9bRDb3vSTg-qkPAZg,Gweilo-60,2019-02-16 07:09:39.156848,10688,0
UChXOhG9bRDb3vSTg-qkPAZg,Gweilo-60,2019-02-16 07:08:39.73898,10688,0
UChXOhG9bRDb3vSTg-qkPAZg,Gweilo-60,2019-02-16 07:07:39.358893,10688,0
UChXOhG9bRDb3vSTg-qkPAZg,Gweilo-60,2019-02-16 07:06:39.467084,10688,0
UChXOhG9bRDb3vSTg-qkPAZg,Gweilo-60,2019-02-16 07:05:39.430202,10688,0
UChXOhG9bRDb3vSTg-qkPAZg,Gweilo-60,2019-02-16 07:04:39.41118,10688,0
UChXOhG9bRDb3vSTg-qkPAZg,Gweilo-60,2019-02-16 07:03:39.714166,10688,0
UChXOhG9bRDb3vSTg-qkPAZg,Gweilo-60,2019-02-16 07:02:39.660774,10688,0
UChXOhG9bRDb3vSTg-qkPAZg,Gweilo-60,2019-02-16 07:01:38.959652,10688,0
UChXOhG9bRDb3vSTg-qkPAZg,Gweilo-60,2019-02-16 07:00:38.962954,10688,0
UChXOhG9bRDb3vSTg-qkPAZg,Gweilo-60,2019-02-16 06:59:39.243937,10688,0
UChXOhG9bRDb3vSTg-qkPAZg,Gweilo-60,2019-02-16 06:58:39.571324,10688,0
UChXOhG9bRDb3vSTg-qkPAZg,Gweilo-60,2019-02-16 06:57:39.290445,10688,0
UChXOhG9bRDb3vSTg-qkPAZg,Gweilo-60,2019-02-16 06:56:39.432865,10688,0
UChXOhG9bRDb3vSTg-qkPAZg,Gweilo-60,2019-02-16 06:55:39.344255,10688,0
UChXOhG9bRDb3vSTg-qkPAZg,Gweilo-60,2019-02-16 06:54:39.654463,10688,0
UChXOhG9bRDb3vSTg-qkPAZg,Gweilo-60,2019-02-16 06:53:39.284169,10688,0
UChXOhG9bRDb3vSTg-qkPAZg,Gweilo-60,2019-02-16 06:52:39.864047,10688,0
UChXOhG9bRDb3vSTg-qkPAZg,Gweilo-60,2019-02-16 06:51:39.629141,10688,0
UChXOhG9bRDb3vSTg-qkPAZg,Gweilo-60,2019-02-16 06:50:40.277315,10688,0
UChXOhG9bRDb3vSTg-qkPAZg,Gweilo-60,2019-02-16 06:49:39.915093,10688,0
UChXOhG9bRDb3vSTg-qkPAZg,Gweilo-60,2019-02-16 06:48:39.240655,10688,0
UChXOhG9bRDb3vSTg-qkPAZg,Gweilo-60,2019-02-16 06:47:39.387559,10688,0
UChXOhG9bRDb3vSTg-qkPAZg,Gweilo-60,2019-02-16 06:46:39.280951,10688,0
UChXOhG9bRDb3vSTg-qkPAZg,Gweilo-60,2019-02-16 06:45:39.674898,10688,0
UChXOhG9bRDb3vSTg-qkPAZg,Gweilo-60,2019-02-16 06:44:39.194534,10688,0
UChXOhG9bRDb3vSTg-qkPAZg,Gweilo-60,2019-02-16 06:43:39.0775,10688,0
UChXOhG9bRDb3vSTg-qkPAZg,Gweilo-60,2019-02-16 06:42:39.52993,10688,0
UChXOhG9bRDb3vSTg-qkPAZg,Gweilo-60,2019-02-16 06:41:39.587676,10688,0
UChXOhG9bRDb3vSTg-qkPAZg,Gweilo-60,2019-02-16 06:40:39.701449,10688,0
UChXOhG9bRDb3vSTg-qkPAZg,Gweilo-60,2019-02-16 06:39:39.1592,10688,0
UChXOhG9bRDb3vSTg-qkPAZg,Gweilo-60,2019-02-16 06:38:39.962911,10688,0
UChXOhG9bRDb3vSTg-qkPAZg,Gweilo-60,2019-02-16 06:37:39.541774,10688,0
UChXOhG9bRDb3vSTg-qkPAZg,Gweilo-60,2019-02-16 06:36:39.835985,10688,0
UChXOhG9bRDb3vSTg-qkPAZg,Gweilo-60,2019-02-16 06:35:39.455055,10688,0
UChXOhG9bRDb3vSTg-qkPAZg,Gweilo-60,2019-02-16 06:34:39.609198,10688,0
UChXOhG9bRDb3vSTg-qkPAZg,Gweilo-60,2019-02-16 06:33:39.549765,10688,0
UChXOhG9bRDb3vSTg-qkPAZg,Gweilo-60,2019-02-16 06:32:39.434139,10688,0
UChXOhG9bRDb3vSTg-qkPAZg,Gweilo-60,2019-02-16 06:31:39.549702,10688,0
UChXOhG9bRDb3vSTg-qkPAZg,Gweilo-60,2019-02-16 06:30:39.237718,10688,0
UChXOhG9bRDb3vSTg-qkPAZg,Gweilo-60,2019-02-16 06:29:38.943861,10688,0
UChXOhG9bRDb3vSTg-qkPAZg,Gweilo-60,2019-02-16 06:28:39.604315,10688,0
UChXOhG9bRDb3vSTg-qkPAZg,Gweilo-60,2019-02-16 06:27:39.087787,10688,0
UChXOhG9bRDb3vSTg-qkPAZg,Gweilo-60,2019-02-16 06:26:39.581384,10688,0
UChXOhG9bRDb3vSTg-qkPAZg,Gweilo-60,2019-02-16 06:25:39.824851,10688,0
UChXOhG9bRDb3vSTg-qkPAZg,Gweilo-60,2019-02-16 06:24:39.40658,10688,0
UChXOhG9bRDb3vSTg-qkPAZg,Gweilo-60,2019-02-16 06:23:38.977748,10688,0
UChXOhG9bRDb3vSTg-qkPAZg,Gweilo-60,2019-02-16 06:22:39.520229,10688,0
UChXOhG9bRDb3vSTg-qkPAZg,Gweilo-60,2019-02-16 06:21:39.091648,10688,0
UChXOhG9bRDb3vSTg-qkPAZg,Gweilo-60,2019-02-16 06:20:39.049298,10688,0
UChXOhG9bRDb3vSTg-qkPAZg,Gweilo-60,2019-02-16 06:19:39.287373,10688,0
UChXOhG9bRDb3vSTg-qkPAZg,Gweilo-60,2019-02-16 06:18:39.159903,10688,0
UChXOhG9bRDb3vSTg-qkPAZg,Gweilo-60,2019-02-16 06:17:39.085195,10688,0
UChXOhG9bRDb3vSTg-qkPAZg,Gweilo-60,2019-02-16 06:16:39.382622,10688,0
UChXOhG9bRDb3vSTg-qkPAZg,Gweilo-60,2019-02-16 06:15:39.095625,10688,0
UChXOhG9bRDb3vSTg-qkPAZg,Gweilo-60,2019-02-16 06:14:39.160568,10688,0
UChXOhG9bRDb3vSTg-qkPAZg,Gweilo-60,2019-02-16 06:13:39.5996,10688,0
UChXOhG9bRDb3vSTg-qkPAZg,Gweilo-60,2019-02-16 06:12:39.337382,10688,0
UChXOhG9bRDb3vSTg-qkPAZg,Gweilo-60,2019-02-16 06:11:39.820932,10688,0
UChXOhG9bRDb3vSTg-qkPAZg,Gweilo-60,2019-02-16 06:10:39.431533,10688,0
UChXOhG9bRDb3vSTg-qkPAZg,Gweilo-60,2019-02-16 06:09:39.639973,10688,0
UChXOhG9bRDb3vSTg-qkPAZg,Gweilo-60,2019-02-16 06:08:39.949285,10688,0
UChXOhG9bRDb3vSTg-qkPAZg,Gweilo-60,2019-02-16 06:07:39.239814,10688,0
UChXOhG9bRDb3vSTg-qkPAZg,Gweilo-60,2019-02-16 06:06:39.46934,10688,0
UChXOhG9bRDb3vSTg-qkPAZg,Gweilo-60,2019-02-16 06:05:39.040475,10688,0
UChXOhG9bRDb3vSTg-qkPAZg,Gweilo-60,2019-02-16 06:04:38.981892,10688,0
UChXOhG9bRDb3vSTg-qkPAZg,Gweilo-60,2019-02-16 06:03:39.664805,10688,0
UChXOhG9bRDb3vSTg-qkPAZg,Gweilo-60,2019-02-16 06:02:39.19027,10688,0
UChXOhG9bRDb3vSTg-qkPAZg,Gweilo-60,2019-02-16 06:01:39.596364,10688,0
UChXOhG9bRDb3vSTg-qkPAZg,Gweilo-60,2019-02-16 06:00:39.682139,10688,0
UChXOhG9bRDb3vSTg-qkPAZg,Gweilo-60,2019-02-16 05:59:39.803831,10688,0
UChXOhG9bRDb3vSTg-qkPAZg,Gweilo-60,2019-02-16 05:58:39.5121,10688,0
UChXOhG9bRDb3vSTg-qkPAZg,Gweilo-60,2019-02-16 05:57:39.085134,10688,0
UChXOhG9bRDb3vSTg-qkPAZg,Gweilo-60,2019-02-16 05:56:39.200856,10688,0
UChXOhG9bRDb3vSTg-qkPAZg,Gweilo-60,2019-02-16 05:55:39.413211,10688,0
UChXOhG9bRDb3vSTg-qkPAZg,Gweilo-60,2019-02-16 05:54:38.692488,10688,0
UChXOhG9bRDb3vSTg-qkPAZg,Gweilo-60,2019-02-16 05:53:39.015555,10688,0
UChXOhG9bRDb3vSTg-qkPAZg,Gweilo-60,2019-02-16 05:52:39.607771,10688,0
UChXOhG9bRDb3vSTg-qkPAZg,Gweilo-60,2019-02-16 05:51:39.270429,10688,0
UChXOhG9bRDb3vSTg-qkPAZg,Gweilo-60,2019-02-16 05:50:39.767298,10688,0
UChXOhG9bRDb3vSTg-qkPAZg,Gweilo-60,2019-02-16 05:49:39.119081,10688,0
UChXOhG9bRDb3vSTg-qkPAZg,Gweilo-60,2019-02-16 05:48:39.256149,10688,0
UChXOhG9bRDb3vSTg-qkPAZg,Gweilo-60,2019-02-16 05:47:39.148528,10688,0
UChXOhG9bRDb3vSTg-qkPAZg,Gweilo-60,2019-02-16 05:46:39.405497,10688,0
UChXOhG9bRDb3vSTg-qkPAZg,Gweilo-60,2019-02-16 05:45:39.630419,10688,0
UChXOhG9bRDb3vSTg-qkPAZg,Gweilo-60,2019-02-16 05:44:40.273231,10688,0
UChXOhG9bRDb3vSTg-qkPAZg,Gweilo-60,2019-02-16 05:43:39.563272,10688,0
UChXOhG9bRDb3vSTg-qkPAZg,Gweilo-60,2019-02-16 05:42:39.85766,10688,0
UChXOhG9bRDb3vSTg-qkPAZg,Gweilo-60,2019-02-16 05:41:39.568084,10688,6
UChXOhG9bRDb3vSTg-qkPAZg,Gweilo-60,2019-02-16 05:40:39.817611,10682,0
UChXOhG9bRDb3vSTg-qkPAZg,Gweilo-60,2019-02-16 05:39:40.526821,10682,0
UChXOhG9bRDb3vSTg-qkPAZg,Gweilo-60,2019-02-16 05:38:39.573039,10682,0
UChXOhG9bRDb3vSTg-qkPAZg,Gweilo-60,2019-02-16 05:37:39.958753,10682,0
UChXOhG9bRDb3vSTg-qkPAZg,Gweilo-60,2019-02-16 05:36:39.228107,10682,0
UChXOhG9bRDb3vSTg-qkPAZg,Gweilo-60,2019-02-16 05:35:39.587648,10682,0
UChXOhG9bRDb3vSTg-qkPAZg,Gweilo-60,2019-02-16 05:34:39.890758,10682,0
UChXOhG9bRDb3vSTg-qkPAZg,Gweilo-60,2019-02-16 05:33:39.345911,10682,0
UChXOhG9bRDb3vSTg-qkPAZg,Gweilo-60,2019-02-16 05:32:39.670382,10682,0
UChXOhG9bRDb3vSTg-qkPAZg,Gweilo-60,2019-02-16 05:31:39.572457,10682,0
UChXOhG9bRDb3vSTg-qkPAZg,Gweilo-60,2019-02-16 05:30:39.827827,10682,0
UChXOhG9bRDb3vSTg-qkPAZg,Gweilo-60,2019-02-16 05:29:39.911321,10682,0
UChXOhG9bRDb3vSTg-qkPAZg,Gweilo-60,2019-02-16 05:28:40.091226,10682,0
UChXOhG9bRDb3vSTg-qkPAZg,Gweilo-60,2019-02-16 05:27:40.228661,10682,0
UChXOhG9bRDb3vSTg-qkPAZg,Gweilo-60,2019-02-16 05:26:40.358714,10682,0
UChXOhG9bRDb3vSTg-qkPAZg,Gweilo-60,2019-02-16 05:25:39.167084,10682,0
UChXOhG9bRDb3vSTg-qkPAZg,Gweilo-60,2019-02-16 05:24:39.804747,10682,0
UChXOhG9bRDb3vSTg-qkPAZg,Gweilo-60,2019-02-16 05:23:40.964576,10682,0
UChXOhG9bRDb3vSTg-qkPAZg,Gweilo-60,2019-02-16 05:22:39.823718,10682,0
UChXOhG9bRDb3vSTg-qkPAZg,Gweilo-60,2019-02-16 05:21:39.613732,10682,0
UChXOhG9bRDb3vSTg-qkPAZg,Gweilo-60,2019-02-16 05:20:40.544368,10682,0
UChXOhG9bRDb3vSTg-qkPAZg,Gweilo-60,2019-02-16 05:19:39.797725,10682,0
UChXOhG9bRDb3vSTg-qkPAZg,Gweilo-60,2019-02-16 05:18:40.250432,10682,0
UChXOhG9bRDb3vSTg-qkPAZg,Gweilo-60,2019-02-16 05:17:40.355905,10682,0
UChXOhG9bRDb3vSTg-qkPAZg,Gweilo-60,2019-02-16 05:16:39.663273,10682,0
UChXOhG9bRDb3vSTg-qkPAZg,Gweilo-60,2019-02-16 05:15:40.24814,10682,0
UChXOhG9bRDb3vSTg-qkPAZg,Gweilo-60,2019-02-16 05:14:39.490008,10682,0
UChXOhG9bRDb3vSTg-qkPAZg,Gweilo-60,2019-02-16 05:13:40.810978,10682,0
UChXOhG9bRDb3vSTg-qkPAZg,Gweilo-60,2019-02-16 05:12:39.806923,10682,0
UChXOhG9bRDb3vSTg-qkPAZg,Gweilo-60,2019-02-16 05:11:39.824645,10682,0
UChXOhG9bRDb3vSTg-qkPAZg,Gweilo-60,2019-02-16 05:10:40.277884,10682,0
UChXOhG9bRDb3vSTg-qkPAZg,Gweilo-60,2019-02-16 05:09:40.008184,10682,0
UChXOhG9bRDb3vSTg-qkPAZg,Gweilo-60,2019-02-16 05:08:39.469732,10682,0
UChXOhG9bRDb3vSTg-qkPAZg,Gweilo-60,2019-02-16 05:07:39.652087,10682,0
UChXOhG9bRDb3vSTg-qkPAZg,Gweilo-60,2019-02-16 05:06:39.901062,10682,0
UChXOhG9bRDb3vSTg-qkPAZg,Gweilo-60,2019-02-16 05:05:39.631184,10682,0
UChXOhG9bRDb3vSTg-qkPAZg,Gweilo-60,2019-02-16 05:04:40.328715,10682,0
UChXOhG9bRDb3vSTg-qkPAZg,Gweilo-60,2019-02-16 05:03:40.34516,10682,0
UChXOhG9bRDb3vSTg-qkPAZg,Gweilo-60,2019-02-16 05:02:39.78685,10682,0
UChXOhG9bRDb3vSTg-qkPAZg,Gweilo-60,2019-02-16 05:01:39.656942,10682,0
UChXOhG9bRDb3vSTg-qkPAZg,Gweilo-60,2019-02-16 05:00:39.984911,10682,0
UChXOhG9bRDb3vSTg-qkPAZg,Gweilo-60,2019-02-16 04:59:40.13389,10682,0
UChXOhG9bRDb3vSTg-qkPAZg,Gweilo-60,2019-02-16 04:58:40.039735,10682,0
UChXOhG9bRDb3vSTg-qkPAZg,Gweilo-60,2019-02-16 04:57:39.626657,10682,0
UChXOhG9bRDb3vSTg-qkPAZg,Gweilo-60,2019-02-16 04:56:39.959437,10682,0
UChXOhG9bRDb3vSTg-qkPAZg,Gweilo-60,2019-02-16 04:55:39.886538,10682,0
UChXOhG9bRDb3vSTg-qkPAZg,Gweilo-60,2019-02-16 04:54:40.521484,10682,0
UChXOhG9bRDb3vSTg-qkPAZg,Gweilo-60,2019-02-16 04:53:40.266277,10682,0
UChXOhG9bRDb3vSTg-qkPAZg,Gweilo-60,2019-02-16 04:52:40.439057,10682,0
UChXOhG9bRDb3vSTg-qkPAZg,Gweilo-60,2019-02-16 04:51:39.880665,10682,0
UChXOhG9bRDb3vSTg-qkPAZg,Gweilo-60,2019-02-16 04:50:39.832765,10682,0
UChXOhG9bRDb3vSTg-qkPAZg,Gweilo-60,2019-02-16 04:49:39.876498,10682,0
UChXOhG9bRDb3vSTg-qkPAZg,Gweilo-60,2019-02-16 04:48:39.305345,10682,0
UChXOhG9bRDb3vSTg-qkPAZg,Gweilo-60,2019-02-16 04:47:39.447236,10682,0
UChXOhG9bRDb3vSTg-qkPAZg,Gweilo-60,2019-02-16 04:46:39.875366,10682,0
UChXOhG9bRDb3vSTg-qkPAZg,Gweilo-60,2019-02-16 04:45:39.963282,10682,0
UChXOhG9bRDb3vSTg-qkPAZg,Gweilo-60,2019-02-16 04:44:40.145392,10682,0
UChXOhG9bRDb3vSTg-qkPAZg,Gweilo-60,2019-02-16 04:43:39.989379,10682,0
UChXOhG9bRDb3vSTg-qkPAZg,Gweilo-60,2019-02-16 04:42:39.82842,10682,0
UChXOhG9bRDb3vSTg-qkPAZg,Gweilo-60,2019-02-16 04:41:40.162829,10682,0
UChXOhG9bRDb3vSTg-qkPAZg,Gweilo-60,2019-02-16 04:40:40.201846,10682,0
UChXOhG9bRDb3vSTg-qkPAZg,Gweilo-60,2019-02-16 04:39:40.872563,10682,0
UChXOhG9bRDb3vSTg-qkPAZg,Gweilo-60,2019-02-16 04:38:40.043465,10682,0
UChXOhG9bRDb3vSTg-qkPAZg,Gweilo-60,2019-02-16 04:37:39.841056,10682,0
UChXOhG9bRDb3vSTg-qkPAZg,Gweilo-60,2019-02-16 04:36:40.258636,10682,0
UChXOhG9bRDb3vSTg-qkPAZg,Gweilo-60,2019-02-16 04:35:39.973257,10682,0
UChXOhG9bRDb3vSTg-qkPAZg,Gweilo-60,2019-02-16 04:34:39.526974,10682,0
UChXOhG9bRDb3vSTg-qkPAZg,Gweilo-60,2019-02-16 04:33:39.894533,10682,0
UChXOhG9bRDb3vSTg-qkPAZg,Gweilo-60,2019-02-16 04:32:39.968812,10682,0
UChXOhG9bRDb3vSTg-qkPAZg,Gweilo-60,2019-02-16 04:31:40.94817,10682,0
UChXOhG9bRDb3vSTg-qkPAZg,Gweilo-60,2019-02-16 04:30:39.542696,10682,0
UChXOhG9bRDb3vSTg-qkPAZg,Gweilo-60,2019-02-16 04:29:40.161996,10682,0
UChXOhG9bRDb3vSTg-qkPAZg,Gweilo-60,2019-02-16 04:28:40.455101,10682,0
UChXOhG9bRDb3vSTg-qkPAZg,Gweilo-60,2019-02-16 04:27:40.164056,10682,0
UChXOhG9bRDb3vSTg-qkPAZg,Gweilo-60,2019-02-16 04:26:39.720861,10682,0
UChXOhG9bRDb3vSTg-qkPAZg,Gweilo-60,2019-02-16 04:25:40.151921,10682,0
UChXOhG9bRDb3vSTg-qkPAZg,Gweilo-60,2019-02-16 04:24:39.648605,10682,0
UChXOhG9bRDb3vSTg-qkPAZg,Gweilo-60,2019-02-16 04:23:39.988075,10682,0
UChXOhG9bRDb3vSTg-qkPAZg,Gweilo-60,2019-02-16 04:22:40.058825,10682,0
UChXOhG9bRDb3vSTg-qkPAZg,Gweilo-60,2019-02-16 04:21:40.195151,10682,0
UChXOhG9bRDb3vSTg-qkPAZg,Gweilo-60,2019-02-16 04:20:40.183907,10682,0
UChXOhG9bRDb3vSTg-qkPAZg,Gweilo-60,2019-02-16 04:19:40.229476,10682,0
UChXOhG9bRDb3vSTg-qkPAZg,Gweilo-60,2019-02-16 04:18:39.502219,10682,0
UChXOhG9bRDb3vSTg-qkPAZg,Gweilo-60,2019-02-16 04:17:40.034277,10682,0
UChXOhG9bRDb3vSTg-qkPAZg,Gweilo-60,2019-02-16 04:16:40.265891,10682,0
UChXOhG9bRDb3vSTg-qkPAZg,Gweilo-60,2019-02-16 04:15:39.666298,10682,0
UChXOhG9bRDb3vSTg-qkPAZg,Gweilo-60,2019-02-16 04:14:40.361568,10682,0
UChXOhG9bRDb3vSTg-qkPAZg,Gweilo-60,2019-02-16 04:13:39.611288,10682,0
UChXOhG9bRDb3vSTg-qkPAZg,Gweilo-60,2019-02-16 04:12:39.864428,10682,0
UChXOhG9bRDb3vSTg-qkPAZg,Gweilo-60,2019-02-16 04:11:39.358024,10682,0
UChXOhG9bRDb3vSTg-qkPAZg,Gweilo-60,2019-02-16 04:10:39.921009,10682,0
UChXOhG9bRDb3vSTg-qkPAZg,Gweilo-60,2019-02-16 04:09:39.899264,10682,0
UChXOhG9bRDb3vSTg-qkPAZg,Gweilo-60,2019-02-16 04:08:39.924038,10682,0
UChXOhG9bRDb3vSTg-qkPAZg,Gweilo-60,2019-02-16 04:07:39.872473,10682,0
UChXOhG9bRDb3vSTg-qkPAZg,Gweilo-60,2019-02-16 04:06:40.249227,10682,0
UChXOhG9bRDb3vSTg-qkPAZg,Gweilo-60,2019-02-16 04:05:39.812297,10682,0
UChXOhG9bRDb3vSTg-qkPAZg,Gweilo-60,2019-02-16 04:04:40.484267,10682,0
UChXOhG9bRDb3vSTg-qkPAZg,Gweilo-60,2019-02-16 04:03:39.543843,10682,0
UChXOhG9bRDb3vSTg-qkPAZg,Gweilo-60,2019-02-16 04:02:39.840639,10682,0
UChXOhG9bRDb3vSTg-qkPAZg,Gweilo-60,2019-02-16 04:01:40.193053,10682,0
UChXOhG9bRDb3vSTg-qkPAZg,Gweilo-60,2019-02-16 04:00:40.194907,10682,0
UChXOhG9bRDb3vSTg-qkPAZg,Gweilo-60,2019-02-16 03:59:39.735525,10682,0
UChXOhG9bRDb3vSTg-qkPAZg,Gweilo-60,2019-02-16 03:58:39.863314,10682,0
UChXOhG9bRDb3vSTg-qkPAZg,Gweilo-60,2019-02-16 03:57:41.090128,10682,0
UChXOhG9bRDb3vSTg-qkPAZg,Gweilo-60,2019-02-16 03:56:39.894305,10682,0
UChXOhG9bRDb3vSTg-qkPAZg,Gweilo-60,2019-02-16 03:55:40.04432,10682,0
UChXOhG9bRDb3vSTg-qkPAZg,Gweilo-60,2019-02-16 03:54:39.548681,10682,0
UChXOhG9bRDb3vSTg-qkPAZg,Gweilo-60,2019-02-16 03:53:40.148942,10682,0
UChXOhG9bRDb3vSTg-qkPAZg,Gweilo-60,2019-02-16 03:52:39.464175,10682,0
UChXOhG9bRDb3vSTg-qkPAZg,Gweilo-60,2019-02-16 03:51:39.787704,10682,0
UChXOhG9bRDb3vSTg-qkPAZg,Gweilo-60,2019-02-16 03:50:39.702233,10682,0
UChXOhG9bRDb3vSTg-qkPAZg,Gweilo-60,2019-02-16 03:49:39.413682,10682,0
UChXOhG9bRDb3vSTg-qkPAZg,Gweilo-60,2019-02-16 03:48:39.90268,10682,0
UChXOhG9bRDb3vSTg-qkPAZg,Gweilo-60,2019-02-16 03:47:39.627212,10682,0
UChXOhG9bRDb3vSTg-qkPAZg,Gweilo-60,2019-02-16 03:46:39.915892,10682,0
UChXOhG9bRDb3vSTg-qkPAZg,Gweilo-60,2019-02-16 03:45:40.1645,10682,0
UChXOhG9bRDb3vSTg-qkPAZg,Gweilo-60,2019-02-16 03:44:40.233804,10682,0
UChXOhG9bRDb3vSTg-qkPAZg,Gweilo-60,2019-02-16 03:43:40.010709,10682,0
UChXOhG9bRDb3vSTg-qkPAZg,Gweilo-60,2019-02-16 03:42:39.415586,10682,0
UChXOhG9bRDb3vSTg-qkPAZg,Gweilo-60,2019-02-16 03:41:39.837318,10682,0
UChXOhG9bRDb3vSTg-qkPAZg,Gweilo-60,2019-02-16 03:40:39.634149,10682,0
UChXOhG9bRDb3vSTg-qkPAZg,Gweilo-60,2019-02-16 03:39:39.20295,10682,0
UChXOhG9bRDb3vSTg-qkPAZg,Gweilo-60,2019-02-16 03:38:39.643178,10682,0
UChXOhG9bRDb3vSTg-qkPAZg,Gweilo-60,2019-02-16 03:37:40.486587,10682,0
UChXOhG9bRDb3vSTg-qkPAZg,Gweilo-60,2019-02-16 03:36:40.078219,10682,0
UChXOhG9bRDb3vSTg-qkPAZg,Gweilo-60,2019-02-16 03:35:39.97807,10682,0
UChXOhG9bRDb3vSTg-qkPAZg,Gweilo-60,2019-02-16 03:34:39.447783,10682,0
UChXOhG9bRDb3vSTg-qkPAZg,Gweilo-60,2019-02-16 03:33:40.220698,10682,0
UChXOhG9bRDb3vSTg-qkPAZg,Gweilo-60,2019-02-16 03:32:39.892395,10682,0
UChXOhG9bRDb3vSTg-qkPAZg,Gweilo-60,2019-02-16 03:31:39.765435,10682,0
UChXOhG9bRDb3vSTg-qkPAZg,Gweilo-60,2019-02-16 03:30:39.828607,10682,0
UChXOhG9bRDb3vSTg-qkPAZg,Gweilo-60,2019-02-16 03:29:39.751726,10682,0
UChXOhG9bRDb3vSTg-qkPAZg,Gweilo-60,2019-02-16 03:28:39.936248,10682,0
UChXOhG9bRDb3vSTg-qkPAZg,Gweilo-60,2019-02-16 03:27:40.119714,10682,0
UChXOhG9bRDb3vSTg-qkPAZg,Gweilo-60,2019-02-16 03:26:39.881032,10682,0
UChXOhG9bRDb3vSTg-qkPAZg,Gweilo-60,2019-02-16 03:25:40.205513,10682,0
UChXOhG9bRDb3vSTg-qkPAZg,Gweilo-60,2019-02-16 03:24:39.399354,10682,0
UChXOhG9bRDb3vSTg-qkPAZg,Gweilo-60,2019-02-16 03:23:39.912869,10682,0
UChXOhG9bRDb3vSTg-qkPAZg,Gweilo-60,2019-02-16 03:22:39.908633,10682,0
UChXOhG9bRDb3vSTg-qkPAZg,Gweilo-60,2019-02-16 03:21:39.604031,10682,0
UChXOhG9bRDb3vSTg-qkPAZg,Gweilo-60,2019-02-16 03:20:39.776699,10682,0
UChXOhG9bRDb3vSTg-qkPAZg,Gweilo-60,2019-02-16 03:19:40.062138,10682,0
UChXOhG9bRDb3vSTg-qkPAZg,Gweilo-60,2019-02-16 03:18:39.928161,10682,0
UChXOhG9bRDb3vSTg-qkPAZg,Gweilo-60,2019-02-16 03:17:39.81338,10682,0
UChXOhG9bRDb3vSTg-qkPAZg,Gweilo-60,2019-02-16 03:16:39.565024,10682,0
UChXOhG9bRDb3vSTg-qkPAZg,Gweilo-60,2019-02-16 03:15:40.199088,10682,0
UChXOhG9bRDb3vSTg-qkPAZg,Gweilo-60,2019-02-16 03:14:39.562624,10682,0
UChXOhG9bRDb3vSTg-qkPAZg,Gweilo-60,2019-02-16 03:13:39.539319,10682,0
UChXOhG9bRDb3vSTg-qkPAZg,Gweilo-60,2019-02-16 03:12:39.394846,10682,0
UChXOhG9bRDb3vSTg-qkPAZg,Gweilo-60,2019-02-16 03:11:40.109848,10682,0
UChXOhG9bRDb3vSTg-qkPAZg,Gweilo-60,2019-02-16 03:10:39.562772,10682,0
UChXOhG9bRDb3vSTg-qkPAZg,Gweilo-60,2019-02-16 03:09:39.413029,10682,0
UChXOhG9bRDb3vSTg-qkPAZg,Gweilo-60,2019-02-16 03:08:39.698743,10682,0
UChXOhG9bRDb3vSTg-qkPAZg,Gweilo-60,2019-02-16 03:07:39.727638,10682,0
UChXOhG9bRDb3vSTg-qkPAZg,Gweilo-60,2019-02-16 03:06:39.687151,10682,0
UChXOhG9bRDb3vSTg-qkPAZg,Gweilo-60,2019-02-16 03:05:41.067034,10682,0
UChXOhG9bRDb3vSTg-qkPAZg,Gweilo-60,2019-02-16 03:04:40.819684,10682,0
UChXOhG9bRDb3vSTg-qkPAZg,Gweilo-60,2019-02-16 03:03:39.618815,10682,0
UChXOhG9bRDb3vSTg-qkPAZg,Gweilo-60,2019-02-16 03:02:39.413217,10682,0
UChXOhG9bRDb3vSTg-qkPAZg,Gweilo-60,2019-02-16 03:01:40.653671,10682,0
UChXOhG9bRDb3vSTg-qkPAZg,Gweilo-60,2019-02-16 03:00:40.61821,10682,0
UChXOhG9bRDb3vSTg-qkPAZg,Gweilo-60,2019-02-16 02:59:40.425798,10682,0
UChXOhG9bRDb3vSTg-qkPAZg,Gweilo-60,2019-02-16 02:58:39.549304,10682,0
UChXOhG9bRDb3vSTg-qkPAZg,Gweilo-60,2019-02-16 02:57:39.197472,10682,0
UChXOhG9bRDb3vSTg-qkPAZg,Gweilo-60,2019-02-16 02:56:39.424226,10682,0
UChXOhG9bRDb3vSTg-qkPAZg,Gweilo-60,2019-02-16 02:55:39.416792,10682,0
UChXOhG9bRDb3vSTg-qkPAZg,Gweilo-60,2019-02-16 02:54:40.086747,10682,0
UChXOhG9bRDb3vSTg-qkPAZg,Gweilo-60,2019-02-16 02:53:39.498106,10682,0
UChXOhG9bRDb3vSTg-qkPAZg,Gweilo-60,2019-02-16 02:52:39.480474,10682,0
UChXOhG9bRDb3vSTg-qkPAZg,Gweilo-60,2019-02-16 02:51:39.395541,10682,0
UChXOhG9bRDb3vSTg-qkPAZg,Gweilo-60,2019-02-16 02:50:38.849183,10682,0
UChXOhG9bRDb3vSTg-qkPAZg,Gweilo-60,2019-02-16 02:49:39.692365,10682,0
UChXOhG9bRDb3vSTg-qkPAZg,Gweilo-60,2019-02-16 02:48:39.837525,10682,0
UChXOhG9bRDb3vSTg-qkPAZg,Gweilo-60,2019-02-16 02:47:39.653465,10682,0
UChXOhG9bRDb3vSTg-qkPAZg,Gweilo-60,2019-02-16 02:46:39.555826,10682,0
UChXOhG9bRDb3vSTg-qkPAZg,Gweilo-60,2019-02-16 02:45:38.987472,10682,0
UChXOhG9bRDb3vSTg-qkPAZg,Gweilo-60,2019-02-16 02:44:39.171364,10682,0
UChXOhG9bRDb3vSTg-qkPAZg,Gweilo-60,2019-02-16 02:43:39.552095,10682,0
UChXOhG9bRDb3vSTg-qkPAZg,Gweilo-60,2019-02-16 02:42:39.894617,10682,0
UChXOhG9bRDb3vSTg-qkPAZg,Gweilo-60,2019-02-16 02:41:39.630353,10682,0
UChXOhG9bRDb3vSTg-qkPAZg,Gweilo-60,2019-02-16 02:40:39.196182,10682,0
UChXOhG9bRDb3vSTg-qkPAZg,Gweilo-60,2019-02-16 02:39:39.688892,10682,0
UChXOhG9bRDb3vSTg-qkPAZg,Gweilo-60,2019-02-16 02:38:39.941606,10682,0
UChXOhG9bRDb3vSTg-qkPAZg,Gweilo-60,2019-02-16 02:37:39.2395,10682,0
UChXOhG9bRDb3vSTg-qkPAZg,Gweilo-60,2019-02-16 02:36:39.456128,10682,0
UChXOhG9bRDb3vSTg-qkPAZg,Gweilo-60,2019-02-16 02:35:40.000558,10682,0
UChXOhG9bRDb3vSTg-qkPAZg,Gweilo-60,2019-02-16 02:34:39.761259,10682,0
UChXOhG9bRDb3vSTg-qkPAZg,Gweilo-60,2019-02-16 02:33:39.273073,10682,0
UChXOhG9bRDb3vSTg-qkPAZg,Gweilo-60,2019-02-16 02:32:39.566659,10682,0
UChXOhG9bRDb3vSTg-qkPAZg,Gweilo-60,2019-02-16 02:31:40.080018,10682,0
UChXOhG9bRDb3vSTg-qkPAZg,Gweilo-60,2019-02-16 02:30:40.038337,10682,0
UChXOhG9bRDb3vSTg-qkPAZg,Gweilo-60,2019-02-16 02:29:39.732029,10682,0
UChXOhG9bRDb3vSTg-qkPAZg,Gweilo-60,2019-02-16 02:28:39.475334,10682,0
UChXOhG9bRDb3vSTg-qkPAZg,Gweilo-60,2019-02-16 02:27:39.651051,10682,0
UChXOhG9bRDb3vSTg-qkPAZg,Gweilo-60,2019-02-16 02:26:39.378223,10682,0
UChXOhG9bRDb3vSTg-qkPAZg,Gweilo-60,2019-02-16 02:25:39.497165,10682,0
UChXOhG9bRDb3vSTg-qkPAZg,Gweilo-60,2019-02-16 02:24:39.743206,10682,0
UChXOhG9bRDb3vSTg-qkPAZg,Gweilo-60,2019-02-16 02:23:39.707808,10682,0
UChXOhG9bRDb3vSTg-qkPAZg,Gweilo-60,2019-02-16 02:22:39.929449,10682,0
UChXOhG9bRDb3vSTg-qkPAZg,Gweilo-60,2019-02-16 02:21:40.411324,10682,0
UChXOhG9bRDb3vSTg-qkPAZg,Gweilo-60,2019-02-16 02:20:39.735536,10682,0
UChXOhG9bRDb3vSTg-qkPAZg,Gweilo-60,2019-02-16 02:19:39.727517,10682,0
UChXOhG9bRDb3vSTg-qkPAZg,Gweilo-60,2019-02-16 02:18:40.006613,10682,0
UChXOhG9bRDb3vSTg-qkPAZg,Gweilo-60,2019-02-16 02:17:39.885498,10682,0
UChXOhG9bRDb3vSTg-qkPAZg,Gweilo-60,2019-02-16 02:16:39.719432,10682,0
UChXOhG9bRDb3vSTg-qkPAZg,Gweilo-60,2019-02-16 02:15:39.798655,10682,0
UChXOhG9bRDb3vSTg-qkPAZg,Gweilo-60,2019-02-16 02:14:39.499754,10682,0
UChXOhG9bRDb3vSTg-qkPAZg,Gweilo-60,2019-02-16 02:13:39.387087,10682,0
UChXOhG9bRDb3vSTg-qkPAZg,Gweilo-60,2019-02-16 02:12:39.763408,10682,0
UChXOhG9bRDb3vSTg-qkPAZg,Gweilo-60,2019-02-16 02:11:39.420079,10682,0
UChXOhG9bRDb3vSTg-qkPAZg,Gweilo-60,2019-02-16 02:10:40.509317,10682,0
UChXOhG9bRDb3vSTg-qkPAZg,Gweilo-60,2019-02-16 02:09:39.060606,10682,0
UChXOhG9bRDb3vSTg-qkPAZg,Gweilo-60,2019-02-16 02:08:39.132018,10682,0
UChXOhG9bRDb3vSTg-qkPAZg,Gweilo-60,2019-02-16 02:07:39.520722,10682,0
UChXOhG9bRDb3vSTg-qkPAZg,Gweilo-60,2019-02-16 02:06:40.560237,10682,0
UChXOhG9bRDb3vSTg-qkPAZg,Gweilo-60,2019-02-16 02:05:39.341901,10682,0
UChXOhG9bRDb3vSTg-qkPAZg,Gweilo-60,2019-02-16 02:04:40.272076,10682,0
UChXOhG9bRDb3vSTg-qkPAZg,Gweilo-60,2019-02-16 02:03:40.209291,10682,0
UChXOhG9bRDb3vSTg-qkPAZg,Gweilo-60,2019-02-16 02:02:39.572782,10682,0
UChXOhG9bRDb3vSTg-qkPAZg,Gweilo-60,2019-02-16 02:01:39.82341,10682,0
UChXOhG9bRDb3vSTg-qkPAZg,Gweilo-60,2019-02-16 02:00:40.066177,10682,0
UChXOhG9bRDb3vSTg-qkPAZg,Gweilo-60,2019-02-16 01:59:39.856406,10682,0
UChXOhG9bRDb3vSTg-qkPAZg,Gweilo-60,2019-02-16 01:58:39.833494,10682,0
UChXOhG9bRDb3vSTg-qkPAZg,Gweilo-60,2019-02-16 01:57:39.638033,10682,0
UChXOhG9bRDb3vSTg-qkPAZg,Gweilo-60,2019-02-16 01:56:39.558011,10682,0
UChXOhG9bRDb3vSTg-qkPAZg,Gweilo-60,2019-02-16 01:55:39.802876,10682,0
UChXOhG9bRDb3vSTg-qkPAZg,Gweilo-60,2019-02-16 01:54:39.789855,10682,0
UChXOhG9bRDb3vSTg-qkPAZg,Gweilo-60,2019-02-16 01:53:40.045659,10682,0
UChXOhG9bRDb3vSTg-qkPAZg,Gweilo-60,2019-02-16 01:52:39.903237,10682,0
UChXOhG9bRDb3vSTg-qkPAZg,Gweilo-60,2019-02-16 01:51:39.706075,10682,0
UChXOhG9bRDb3vSTg-qkPAZg,Gweilo-60,2019-02-16 01:50:39.138457,10682,0
UChXOhG9bRDb3vSTg-qkPAZg,Gweilo-60,2019-02-16 01:49:39.928236,10682,0
UChXOhG9bRDb3vSTg-qkPAZg,Gweilo-60,2019-02-16 01:48:40.22632,10682,0
UChXOhG9bRDb3vSTg-qkPAZg,Gweilo-60,2019-02-16 01:47:39.808457,10682,0
UChXOhG9bRDb3vSTg-qkPAZg,Gweilo-60,2019-02-16 01:46:39.699172,10682,0
UChXOhG9bRDb3vSTg-qkPAZg,Gweilo-60,2019-02-16 01:45:40.153826,10682,0
UChXOhG9bRDb3vSTg-qkPAZg,Gweilo-60,2019-02-16 01:44:39.432077,10682,0
UChXOhG9bRDb3vSTg-qkPAZg,Gweilo-60,2019-02-16 01:43:39.516737,10682,0
UChXOhG9bRDb3vSTg-qkPAZg,Gweilo-60,2019-02-16 01:42:40.261642,10682,0
UChXOhG9bRDb3vSTg-qkPAZg,Gweilo-60,2019-02-16 01:41:39.750628,10682,0
UChXOhG9bRDb3vSTg-qkPAZg,Gweilo-60,2019-02-16 01:40:40.119071,10682,0
UChXOhG9bRDb3vSTg-qkPAZg,Gweilo-60,2019-02-16 01:39:39.418733,10682,0
UChXOhG9bRDb3vSTg-qkPAZg,Gweilo-60,2019-02-16 01:38:40.094765,10682,0
UChXOhG9bRDb3vSTg-qkPAZg,Gweilo-60,2019-02-16 01:37:39.363854,10682,0
UChXOhG9bRDb3vSTg-qkPAZg,Gweilo-60,2019-02-16 01:36:39.715362,10682,0
UChXOhG9bRDb3vSTg-qkPAZg,Gweilo-60,2019-02-16 01:35:40.225802,10682,0
UChXOhG9bRDb3vSTg-qkPAZg,Gweilo-60,2019-02-16 01:34:39.758057,10682,0
UChXOhG9bRDb3vSTg-qkPAZg,Gweilo-60,2019-02-16 01:33:39.673985,10682,0
UChXOhG9bRDb3vSTg-qkPAZg,Gweilo-60,2019-02-16 01:32:39.468253,10682,0
UChXOhG9bRDb3vSTg-qkPAZg,Gweilo-60,2019-02-16 01:31:40.491294,10682,0
UChXOhG9bRDb3vSTg-qkPAZg,Gweilo-60,2019-02-16 01:30:39.352673,10682,0
UChXOhG9bRDb3vSTg-qkPAZg,Gweilo-60,2019-02-16 01:29:40.881218,10682,0
UChXOhG9bRDb3vSTg-qkPAZg,Gweilo-60,2019-02-16 01:28:39.756396,10682,0
UChXOhG9bRDb3vSTg-qkPAZg,Gweilo-60,2019-02-16 01:27:39.512493,10682,0
UChXOhG9bRDb3vSTg-qkPAZg,Gweilo-60,2019-02-16 01:26:39.836385,10682,0
UChXOhG9bRDb3vSTg-qkPAZg,Gweilo-60,2019-02-16 01:25:39.729383,10682,0
UChXOhG9bRDb3vSTg-qkPAZg,Gweilo-60,2019-02-16 01:24:39.773568,10682,0
UChXOhG9bRDb3vSTg-qkPAZg,Gweilo-60,2019-02-16 01:23:39.186888,10682,0
UChXOhG9bRDb3vSTg-qkPAZg,Gweilo-60,2019-02-16 01:22:38.672311,10682,0
UChXOhG9bRDb3vSTg-qkPAZg,Gweilo-60,2019-02-16 01:21:39.001213,10682,0
UChXOhG9bRDb3vSTg-qkPAZg,Gweilo-60,2019-02-16 01:20:39.538353,10682,0
UChXOhG9bRDb3vSTg-qkPAZg,Gweilo-60,2019-02-16 01:19:39.089474,10682,0
UChXOhG9bRDb3vSTg-qkPAZg,Gweilo-60,2019-02-16 01:18:39.559686,10682,0
UChXOhG9bRDb3vSTg-qkPAZg,Gweilo-60,2019-02-16 01:17:39.907067,10682,0
UChXOhG9bRDb3vSTg-qkPAZg,Gweilo-60,2019-02-16 01:16:39.82338,10682,0
UChXOhG9bRDb3vSTg-qkPAZg,Gweilo-60,2019-02-16 01:15:39.64515,10682,0
UChXOhG9bRDb3vSTg-qkPAZg,Gweilo-60,2019-02-16 01:14:39.525246,10682,0
UChXOhG9bRDb3vSTg-qkPAZg,Gweilo-60,2019-02-16 01:13:39.754684,10682,0
UChXOhG9bRDb3vSTg-qkPAZg,Gweilo-60,2019-02-16 01:12:39.449248,10682,0
UChXOhG9bRDb3vSTg-qkPAZg,Gweilo-60,2019-02-16 01:11:39.86269,10682,0
UChXOhG9bRDb3vSTg-qkPAZg,Gweilo-60,2019-02-16 01:10:39.890101,10682,0
UChXOhG9bRDb3vSTg-qkPAZg,Gweilo-60,2019-02-16 01:09:39.551918,10682,0
UChXOhG9bRDb3vSTg-qkPAZg,Gweilo-60,2019-02-16 01:08:39.453339,10682,0
UChXOhG9bRDb3vSTg-qkPAZg,Gweilo-60,2019-02-16 01:07:39.461509,10682,0
UChXOhG9bRDb3vSTg-qkPAZg,Gweilo-60,2019-02-16 01:06:39.256812,10682,0
UChXOhG9bRDb3vSTg-qkPAZg,Gweilo-60,2019-02-16 01:05:40.077777,10682,0
UChXOhG9bRDb3vSTg-qkPAZg,Gweilo-60,2019-02-16 01:04:39.397744,10682,0
UChXOhG9bRDb3vSTg-qkPAZg,Gweilo-60,2019-02-16 01:03:39.028882,10682,0
UChXOhG9bRDb3vSTg-qkPAZg,Gweilo-60,2019-02-16 01:02:39.633493,10682,0
UChXOhG9bRDb3vSTg-qkPAZg,Gweilo-60,2019-02-16 01:01:39.620049,10682,0
UChXOhG9bRDb3vSTg-qkPAZg,Gweilo-60,2019-02-16 01:00:39.935847,10682,0
UChXOhG9bRDb3vSTg-qkPAZg,Gweilo-60,2019-02-16 00:59:39.863578,10682,0
UChXOhG9bRDb3vSTg-qkPAZg,Gweilo-60,2019-02-16 00:58:38.889663,10682,0
UChXOhG9bRDb3vSTg-qkPAZg,Gweilo-60,2019-02-16 00:57:39.560371,10682,0
UChXOhG9bRDb3vSTg-qkPAZg,Gweilo-60,2019-02-16 00:56:39.890782,10682,0
UChXOhG9bRDb3vSTg-qkPAZg,Gweilo-60,2019-02-16 00:55:39.951666,10682,0
UChXOhG9bRDb3vSTg-qkPAZg,Gweilo-60,2019-02-16 00:54:39.659168,10682,0
UChXOhG9bRDb3vSTg-qkPAZg,Gweilo-60,2019-02-16 00:53:39.435552,10682,0
UChXOhG9bRDb3vSTg-qkPAZg,Gweilo-60,2019-02-16 00:52:39.925157,10682,0
UChXOhG9bRDb3vSTg-qkPAZg,Gweilo-60,2019-02-16 00:51:39.980281,10682,0
UChXOhG9bRDb3vSTg-qkPAZg,Gweilo-60,2019-02-16 00:50:39.467802,10682,0
UChXOhG9bRDb3vSTg-qkPAZg,Gweilo-60,2019-02-16 00:49:39.961826,10682,0
UChXOhG9bRDb3vSTg-qkPAZg,Gweilo-60,2019-02-16 00:48:39.838534,10682,0
UChXOhG9bRDb3vSTg-qkPAZg,Gweilo-60,2019-02-16 00:47:39.909218,10682,0
UChXOhG9bRDb3vSTg-qkPAZg,Gweilo-60,2019-02-16 00:46:39.400283,10682,0
UChXOhG9bRDb3vSTg-qkPAZg,Gweilo-60,2019-02-16 00:45:39.770908,10682,0
UChXOhG9bRDb3vSTg-qkPAZg,Gweilo-60,2019-02-16 00:44:38.943226,10682,0
UChXOhG9bRDb3vSTg-qkPAZg,Gweilo-60,2019-02-16 00:43:39.700589,10682,0
UChXOhG9bRDb3vSTg-qkPAZg,Gweilo-60,2019-02-16 00:42:40.120719,10682,0
UChXOhG9bRDb3vSTg-qkPAZg,Gweilo-60,2019-02-16 00:41:39.933875,10682,0
UChXOhG9bRDb3vSTg-qkPAZg,Gweilo-60,2019-02-16 00:40:39.888999,10682,0
UChXOhG9bRDb3vSTg-qkPAZg,Gweilo-60,2019-02-16 00:39:39.593988,10682,0
UChXOhG9bRDb3vSTg-qkPAZg,Gweilo-60,2019-02-16 00:38:39.602554,10682,0
UChXOhG9bRDb3vSTg-qkPAZg,Gweilo-60,2019-02-16 00:37:38.900705,10682,0
UChXOhG9bRDb3vSTg-qkPAZg,Gweilo-60,2019-02-16 00:36:39.501838,10682,0
UChXOhG9bRDb3vSTg-qkPAZg,Gweilo-60,2019-02-16 00:35:39.962001,10682,0
UChXOhG9bRDb3vSTg-qkPAZg,Gweilo-60,2019-02-16 00:34:39.441218,10682,0
UChXOhG9bRDb3vSTg-qkPAZg,Gweilo-60,2019-02-16 00:33:39.477344,10682,0
UChXOhG9bRDb3vSTg-qkPAZg,Gweilo-60,2019-02-16 00:32:40.096537,10682,0
UChXOhG9bRDb3vSTg-qkPAZg,Gweilo-60,2019-02-16 00:31:39.374941,10682,0
UChXOhG9bRDb3vSTg-qkPAZg,Gweilo-60,2019-02-16 00:30:39.307363,10682,0
UChXOhG9bRDb3vSTg-qkPAZg,Gweilo-60,2019-02-16 00:29:39.215002,10682,0
UChXOhG9bRDb3vSTg-qkPAZg,Gweilo-60,2019-02-16 00:28:39.483929,10682,0
UChXOhG9bRDb3vSTg-qkPAZg,Gweilo-60,2019-02-16 00:27:39.630335,10682,0
UChXOhG9bRDb3vSTg-qkPAZg,Gweilo-60,2019-02-16 00:26:39.364336,10682,0
UChXOhG9bRDb3vSTg-qkPAZg,Gweilo-60,2019-02-16 00:25:39.580052,10682,0
UChXOhG9bRDb3vSTg-qkPAZg,Gweilo-60,2019-02-16 00:24:39.23648,10682,0
UChXOhG9bRDb3vSTg-qkPAZg,Gweilo-60,2019-02-16 00:23:39.293481,10682,0
UChXOhG9bRDb3vSTg-qkPAZg,Gweilo-60,2019-02-16 00:22:39.948386,10682,0
UChXOhG9bRDb3vSTg-qkPAZg,Gweilo-60,2019-02-16 00:21:40.135246,10682,0
UChXOhG9bRDb3vSTg-qkPAZg,Gweilo-60,2019-02-16 00:20:39.45043,10682,0
UChXOhG9bRDb3vSTg-qkPAZg,Gweilo-60,2019-02-16 00:19:40.013234,10682,0
UChXOhG9bRDb3vSTg-qkPAZg,Gweilo-60,2019-02-16 00:18:39.251903,10682,0
UChXOhG9bRDb3vSTg-qkPAZg,Gweilo-60,2019-02-16 00:17:39.596575,10682,0
UChXOhG9bRDb3vSTg-qkPAZg,Gweilo-60,2019-02-16 00:16:39.35242,10682,0
UChXOhG9bRDb3vSTg-qkPAZg,Gweilo-60,2019-02-16 00:15:38.979773,10682,0
UChXOhG9bRDb3vSTg-qkPAZg,Gweilo-60,2019-02-16 00:14:39.450551,10682,0
UChXOhG9bRDb3vSTg-qkPAZg,Gweilo-60,2019-02-16 00:13:39.467101,10682,0
UChXOhG9bRDb3vSTg-qkPAZg,Gweilo-60,2019-02-16 00:12:39.810232,10682,0
UChXOhG9bRDb3vSTg-qkPAZg,Gweilo-60,2019-02-16 00:11:38.789918,10682,0
UChXOhG9bRDb3vSTg-qkPAZg,Gweilo-60,2019-02-16 00:10:39.488731,10682,0
UChXOhG9bRDb3vSTg-qkPAZg,Gweilo-60,2019-02-16 00:09:39.379467,10682,0
UChXOhG9bRDb3vSTg-qkPAZg,Gweilo-60,2019-02-16 00:08:39.980049,10682,0
UChXOhG9bRDb3vSTg-qkPAZg,Gweilo-60,2019-02-16 00:07:39.457043,10682,0
UChXOhG9bRDb3vSTg-qkPAZg,Gweilo-60,2019-02-16 00:06:39.648184,10682,0
UChXOhG9bRDb3vSTg-qkPAZg,Gweilo-60,2019-02-16 00:05:40.448372,10682,0
UChXOhG9bRDb3vSTg-qkPAZg,Gweilo-60,2019-02-16 00:04:40.202097,10682,0
UChXOhG9bRDb3vSTg-qkPAZg,Gweilo-60,2019-02-16 00:03:39.351414,10682,0
UChXOhG9bRDb3vSTg-qkPAZg,Gweilo-60,2019-02-16 00:02:39.196962,10682,0
UChXOhG9bRDb3vSTg-qkPAZg,Gweilo-60,2019-02-16 00:01:39.472059,10682,0
UChXOhG9bRDb3vSTg-qkPAZg,Gweilo-60,2019-02-16 00:00:39.72667,10682,0
UChXOhG9bRDb3vSTg-qkPAZg,Gweilo-60,2019-02-15 23:59:39.707019,10682,0
UChXOhG9bRDb3vSTg-qkPAZg,Gweilo-60,2019-02-15 23:58:39.887868,10682,0
UChXOhG9bRDb3vSTg-qkPAZg,Gweilo-60,2019-02-15 23:57:39.552217,10682,0
UChXOhG9bRDb3vSTg-qkPAZg,Gweilo-60,2019-02-15 23:56:39.880845,10682,0
UChXOhG9bRDb3vSTg-qkPAZg,Gweilo-60,2019-02-15 23:55:39.425068,10682,0
UChXOhG9bRDb3vSTg-qkPAZg,Gweilo-60,2019-02-15 23:54:39.734796,10682,0
UChXOhG9bRDb3vSTg-qkPAZg,Gweilo-60,2019-02-15 23:53:39.50088,10682,0
UChXOhG9bRDb3vSTg-qkPAZg,Gweilo-60,2019-02-15 23:52:40.056043,10682,0
UChXOhG9bRDb3vSTg-qkPAZg,Gweilo-60,2019-02-15 23:51:39.725588,10682,0
UChXOhG9bRDb3vSTg-qkPAZg,Gweilo-60,2019-02-15 23:50:39.77994,10682,0
UChXOhG9bRDb3vSTg-qkPAZg,Gweilo-60,2019-02-15 23:49:40.076295,10682,0
UChXOhG9bRDb3vSTg-qkPAZg,Gweilo-60,2019-02-15 23:48:39.146955,10682,0
UChXOhG9bRDb3vSTg-qkPAZg,Gweilo-60,2019-02-15 23:47:39.858499,10682,0
UChXOhG9bRDb3vSTg-qkPAZg,Gweilo-60,2019-02-15 23:46:39.265081,10682,0
UChXOhG9bRDb3vSTg-qkPAZg,Gweilo-60,2019-02-15 23:45:40.182093,10682,0
UChXOhG9bRDb3vSTg-qkPAZg,Gweilo-60,2019-02-15 23:44:39.400984,10682,0
UChXOhG9bRDb3vSTg-qkPAZg,Gweilo-60,2019-02-15 23:43:39.22251,10682,0
UChXOhG9bRDb3vSTg-qkPAZg,Gweilo-60,2019-02-15 23:42:40.098777,10682,0
UChXOhG9bRDb3vSTg-qkPAZg,Gweilo-60,2019-02-15 23:41:39.445823,10682,0
UChXOhG9bRDb3vSTg-qkPAZg,Gweilo-60,2019-02-15 23:40:39.771601,10682,0
UChXOhG9bRDb3vSTg-qkPAZg,Gweilo-60,2019-02-15 23:39:40.208546,10682,0
UChXOhG9bRDb3vSTg-qkPAZg,Gweilo-60,2019-02-15 23:38:40.185614,10682,0
UChXOhG9bRDb3vSTg-qkPAZg,Gweilo-60,2019-02-15 23:37:40.309111,10682,0
UChXOhG9bRDb3vSTg-qkPAZg,Gweilo-60,2019-02-15 23:36:39.647151,10682,0
UChXOhG9bRDb3vSTg-qkPAZg,Gweilo-60,2019-02-15 23:35:40.114127,10682,0
UChXOhG9bRDb3vSTg-qkPAZg,Gweilo-60,2019-02-15 23:34:39.896798,10682,0
UChXOhG9bRDb3vSTg-qkPAZg,Gweilo-60,2019-02-15 23:33:40.555447,10682,0
UChXOhG9bRDb3vSTg-qkPAZg,Gweilo-60,2019-02-15 23:32:40.312383,10682,0
UChXOhG9bRDb3vSTg-qkPAZg,Gweilo-60,2019-02-15 23:31:40.104071,10682,0
UChXOhG9bRDb3vSTg-qkPAZg,Gweilo-60,2019-02-15 23:30:40.040394,10682,0
UChXOhG9bRDb3vSTg-qkPAZg,Gweilo-60,2019-02-15 23:29:40.134794,10682,0
UChXOhG9bRDb3vSTg-qkPAZg,Gweilo-60,2019-02-15 23:28:39.76614,10682,0
UChXOhG9bRDb3vSTg-qkPAZg,Gweilo-60,2019-02-15 23:27:39.99216,10682,0
UChXOhG9bRDb3vSTg-qkPAZg,Gweilo-60,2019-02-15 23:26:40.541906,10682,0
UChXOhG9bRDb3vSTg-qkPAZg,Gweilo-60,2019-02-15 23:25:40.426663,10682,0
UChXOhG9bRDb3vSTg-qkPAZg,Gweilo-60,2019-02-15 23:24:40.549922,10682,1
UChXOhG9bRDb3vSTg-qkPAZg,Gweilo-60,2019-02-15 23:23:40.021082,10681,0
UChXOhG9bRDb3vSTg-qkPAZg,Gweilo-60,2019-02-15 23:22:40.334688,10681,0
UChXOhG9bRDb3vSTg-qkPAZg,Gweilo-60,2019-02-15 23:21:40.785071,10681,0
UChXOhG9bRDb3vSTg-qkPAZg,Gweilo-60,2019-02-15 23:20:40.318626,10681,0
UChXOhG9bRDb3vSTg-qkPAZg,Gweilo-60,2019-02-15 23:19:40.139177,10681,0
UChXOhG9bRDb3vSTg-qkPAZg,Gweilo-60,2019-02-15 23:18:40.226587,10681,0
UChXOhG9bRDb3vSTg-qkPAZg,Gweilo-60,2019-02-15 23:17:39.71879,10681,0
UChXOhG9bRDb3vSTg-qkPAZg,Gweilo-60,2019-02-15 23:16:40.476092,10681,0
UChXOhG9bRDb3vSTg-qkPAZg,Gweilo-60,2019-02-15 23:15:40.179082,10681,0
UChXOhG9bRDb3vSTg-qkPAZg,Gweilo-60,2019-02-15 23:14:39.775866,10681,0
UChXOhG9bRDb3vSTg-qkPAZg,Gweilo-60,2019-02-15 23:13:40.82071,10681,0
UChXOhG9bRDb3vSTg-qkPAZg,Gweilo-60,2019-02-15 23:12:40.043428,10681,0
UChXOhG9bRDb3vSTg-qkPAZg,Gweilo-60,2019-02-15 23:11:39.626378,10681,0
UChXOhG9bRDb3vSTg-qkPAZg,Gweilo-60,2019-02-15 23:10:39.696344,10681,0
UChXOhG9bRDb3vSTg-qkPAZg,Gweilo-60,2019-02-15 23:09:39.538314,10681,0
UChXOhG9bRDb3vSTg-qkPAZg,Gweilo-60,2019-02-15 23:08:39.600962,10681,0
UChXOhG9bRDb3vSTg-qkPAZg,Gweilo-60,2019-02-15 23:07:40.331585,10681,0
UChXOhG9bRDb3vSTg-qkPAZg,Gweilo-60,2019-02-15 23:06:40.831945,10681,0
UChXOhG9bRDb3vSTg-qkPAZg,Gweilo-60,2019-02-15 23:05:40.123928,10681,0
UChXOhG9bRDb3vSTg-qkPAZg,Gweilo-60,2019-02-15 23:04:39.625963,10681,0
UChXOhG9bRDb3vSTg-qkPAZg,Gweilo-60,2019-02-15 23:03:39.956114,10681,0
UChXOhG9bRDb3vSTg-qkPAZg,Gweilo-60,2019-02-15 23:02:41.044473,10681,0
UChXOhG9bRDb3vSTg-qkPAZg,Gweilo-60,2019-02-15 23:01:40.230846,10681,0
UChXOhG9bRDb3vSTg-qkPAZg,Gweilo-60,2019-02-15 23:00:40.878508,10681,0
UChXOhG9bRDb3vSTg-qkPAZg,Gweilo-60,2019-02-15 22:59:40.228229,10681,0
UChXOhG9bRDb3vSTg-qkPAZg,Gweilo-60,2019-02-15 22:58:41.119507,10681,0
UChXOhG9bRDb3vSTg-qkPAZg,Gweilo-60,2019-02-15 22:57:40.509201,10681,0
UChXOhG9bRDb3vSTg-qkPAZg,Gweilo-60,2019-02-15 22:56:40.349899,10681,0
UChXOhG9bRDb3vSTg-qkPAZg,Gweilo-60,2019-02-15 22:55:40.150157,10681,0
UChXOhG9bRDb3vSTg-qkPAZg,Gweilo-60,2019-02-15 22:54:41.493016,10681,0
UChXOhG9bRDb3vSTg-qkPAZg,Gweilo-60,2019-02-15 22:53:39.940893,10681,0
UChXOhG9bRDb3vSTg-qkPAZg,Gweilo-60,2019-02-15 22:52:40.190458,10681,0
UChXOhG9bRDb3vSTg-qkPAZg,Gweilo-60,2019-02-15 22:51:40.304745,10681,0
UChXOhG9bRDb3vSTg-qkPAZg,Gweilo-60,2019-02-15 22:50:40.21824,10681,0
UChXOhG9bRDb3vSTg-qkPAZg,Gweilo-60,2019-02-15 22:49:39.990444,10681,0
UChXOhG9bRDb3vSTg-qkPAZg,Gweilo-60,2019-02-15 22:48:41.133013,10681,0
UChXOhG9bRDb3vSTg-qkPAZg,Gweilo-60,2019-02-15 22:47:40.310698,10681,0
UChXOhG9bRDb3vSTg-qkPAZg,Gweilo-60,2019-02-15 22:46:39.48072,10681,0
UChXOhG9bRDb3vSTg-qkPAZg,Gweilo-60,2019-02-15 22:45:40.933424,10681,0
UChXOhG9bRDb3vSTg-qkPAZg,Gweilo-60,2019-02-15 22:44:41.19982,10681,0
UChXOhG9bRDb3vSTg-qkPAZg,Gweilo-60,2019-02-15 22:43:40.949326,10681,0
UChXOhG9bRDb3vSTg-qkPAZg,Gweilo-60,2019-02-15 22:42:39.83664,10681,0
UChXOhG9bRDb3vSTg-qkPAZg,Gweilo-60,2019-02-15 22:41:40.755899,10681,0
UChXOhG9bRDb3vSTg-qkPAZg,Gweilo-60,2019-02-15 22:40:39.847695,10681,0
UChXOhG9bRDb3vSTg-qkPAZg,Gweilo-60,2019-02-15 22:39:39.733019,10681,0
UChXOhG9bRDb3vSTg-qkPAZg,Gweilo-60,2019-02-15 22:38:40.136815,10681,0
UChXOhG9bRDb3vSTg-qkPAZg,Gweilo-60,2019-02-15 22:37:41.623454,10681,0
UChXOhG9bRDb3vSTg-qkPAZg,Gweilo-60,2019-02-15 22:36:40.610163,10681,0
UChXOhG9bRDb3vSTg-qkPAZg,Gweilo-60,2019-02-15 22:35:39.60859,10681,0
UChXOhG9bRDb3vSTg-qkPAZg,Gweilo-60,2019-02-15 22:34:44.023754,10681,0
UChXOhG9bRDb3vSTg-qkPAZg,Gweilo-60,2019-02-15 22:33:41.353673,10681,0
UChXOhG9bRDb3vSTg-qkPAZg,Gweilo-60,2019-02-15 22:32:41.106959,10681,0
UChXOhG9bRDb3vSTg-qkPAZg,Gweilo-60,2019-02-15 22:31:40.411421,10681,0
UChXOhG9bRDb3vSTg-qkPAZg,Gweilo-60,2019-02-15 22:30:40.434606,10681,0
UChXOhG9bRDb3vSTg-qkPAZg,Gweilo-60,2019-02-15 22:29:40.271142,10681,0
UChXOhG9bRDb3vSTg-qkPAZg,Gweilo-60,2019-02-15 22:28:41.507623,10681,0
UChXOhG9bRDb3vSTg-qkPAZg,Gweilo-60,2019-02-15 22:27:41.151077,10681,0
UChXOhG9bRDb3vSTg-qkPAZg,Gweilo-60,2019-02-15 22:26:40.738194,10681,0
UChXOhG9bRDb3vSTg-qkPAZg,Gweilo-60,2019-02-15 22:25:40.878098,10681,0
UChXOhG9bRDb3vSTg-qkPAZg,Gweilo-60,2019-02-15 22:24:40.348892,10681,0
UChXOhG9bRDb3vSTg-qkPAZg,Gweilo-60,2019-02-15 22:23:40.818799,10681,0
UChXOhG9bRDb3vSTg-qkPAZg,Gweilo-60,2019-02-15 22:22:41.357878,10681,0
UChXOhG9bRDb3vSTg-qkPAZg,Gweilo-60,2019-02-15 22:21:42.133115,10681,0
UChXOhG9bRDb3vSTg-qkPAZg,Gweilo-60,2019-02-15 22:20:41.286501,10681,0
UChXOhG9bRDb3vSTg-qkPAZg,Gweilo-60,2019-02-15 22:19:41.45006,10681,0
UChXOhG9bRDb3vSTg-qkPAZg,Gweilo-60,2019-02-15 22:18:40.454257,10681,0
UChXOhG9bRDb3vSTg-qkPAZg,Gweilo-60,2019-02-15 22:17:41.29872,10681,0
UChXOhG9bRDb3vSTg-qkPAZg,Gweilo-60,2019-02-15 22:16:41.638205,10681,0
UChXOhG9bRDb3vSTg-qkPAZg,Gweilo-60,2019-02-15 22:15:41.104031,10681,0
UChXOhG9bRDb3vSTg-qkPAZg,Gweilo-60,2019-02-15 22:14:41.027777,10681,0
UChXOhG9bRDb3vSTg-qkPAZg,Gweilo-60,2019-02-15 22:13:42.923577,10681,0
UChXOhG9bRDb3vSTg-qkPAZg,Gweilo-60,2019-02-15 22:12:40.896823,10681,0
UChXOhG9bRDb3vSTg-qkPAZg,Gweilo-60,2019-02-15 22:11:40.567069,10681,0
UChXOhG9bRDb3vSTg-qkPAZg,Gweilo-60,2019-02-15 22:10:40.673687,10681,0
UChXOhG9bRDb3vSTg-qkPAZg,Gweilo-60,2019-02-15 22:09:41.414641,10681,0
UChXOhG9bRDb3vSTg-qkPAZg,Gweilo-60,2019-02-15 22:08:40.99261,10681,0
UChXOhG9bRDb3vSTg-qkPAZg,Gweilo-60,2019-02-15 22:07:41.237746,10681,0
UChXOhG9bRDb3vSTg-qkPAZg,Gweilo-60,2019-02-15 22:06:41.894553,10681,0
UChXOhG9bRDb3vSTg-qkPAZg,Gweilo-60,2019-02-15 22:05:42.839695,10681,0
UChXOhG9bRDb3vSTg-qkPAZg,Gweilo-60,2019-02-15 22:04:41.941289,10681,0
UChXOhG9bRDb3vSTg-qkPAZg,Gweilo-60,2019-02-15 22:03:42.673796,10681,0
UChXOhG9bRDb3vSTg-qkPAZg,Gweilo-60,2019-02-15 22:02:40.36525,10681,0
UChXOhG9bRDb3vSTg-qkPAZg,Gweilo-60,2019-02-15 22:01:42.079912,10681,0
UChXOhG9bRDb3vSTg-qkPAZg,Gweilo-60,2019-02-15 22:00:40.990758,10681,0
UChXOhG9bRDb3vSTg-qkPAZg,Gweilo-60,2019-02-15 21:59:41.279924,10681,0
UChXOhG9bRDb3vSTg-qkPAZg,Gweilo-60,2019-02-15 21:58:41.383244,10681,0
UChXOhG9bRDb3vSTg-qkPAZg,Gweilo-60,2019-02-15 21:57:40.890465,10681,0
UChXOhG9bRDb3vSTg-qkPAZg,Gweilo-60,2019-02-15 21:56:40.401716,10681,0
UChXOhG9bRDb3vSTg-qkPAZg,Gweilo-60,2019-02-15 21:55:40.307703,10681,0
UChXOhG9bRDb3vSTg-qkPAZg,Gweilo-60,2019-02-15 21:54:40.197369,10681,0
UChXOhG9bRDb3vSTg-qkPAZg,Gweilo-60,2019-02-15 21:53:40.662273,10681,0
UChXOhG9bRDb3vSTg-qkPAZg,Gweilo-60,2019-02-15 21:52:40.140395,10681,0
UChXOhG9bRDb3vSTg-qkPAZg,Gweilo-60,2019-02-15 21:51:41.325661,10681,0
UChXOhG9bRDb3vSTg-qkPAZg,Gweilo-60,2019-02-15 21:50:40.921508,10681,0
UChXOhG9bRDb3vSTg-qkPAZg,Gweilo-60,2019-02-15 21:49:40.69665,10681,0
UChXOhG9bRDb3vSTg-qkPAZg,Gweilo-60,2019-02-15 21:48:40.806133,10681,0
UChXOhG9bRDb3vSTg-qkPAZg,Gweilo-60,2019-02-15 21:47:40.27348,10681,0
UChXOhG9bRDb3vSTg-qkPAZg,Gweilo-60,2019-02-15 21:46:40.96647,10681,0
UChXOhG9bRDb3vSTg-qkPAZg,Gweilo-60,2019-02-15 21:45:40.828087,10681,0
UChXOhG9bRDb3vSTg-qkPAZg,Gweilo-60,2019-02-15 21:44:40.578439,10681,0
UChXOhG9bRDb3vSTg-qkPAZg,Gweilo-60,2019-02-15 21:43:41.070719,10681,0
UChXOhG9bRDb3vSTg-qkPAZg,Gweilo-60,2019-02-15 21:42:41.020116,10681,0
UChXOhG9bRDb3vSTg-qkPAZg,Gweilo-60,2019-02-15 21:41:41.151176,10681,0
UChXOhG9bRDb3vSTg-qkPAZg,Gweilo-60,2019-02-15 21:40:40.888563,10681,0
UChXOhG9bRDb3vSTg-qkPAZg,Gweilo-60,2019-02-15 21:39:40.761067,10681,0
UChXOhG9bRDb3vSTg-qkPAZg,Gweilo-60,2019-02-15 21:38:40.09458,10681,0
UChXOhG9bRDb3vSTg-qkPAZg,Gweilo-60,2019-02-15 21:37:40.182612,10681,0
UChXOhG9bRDb3vSTg-qkPAZg,Gweilo-60,2019-02-15 21:36:40.36328,10681,0
UChXOhG9bRDb3vSTg-qkPAZg,Gweilo-60,2019-02-15 21:35:40.33559,10681,0
UChXOhG9bRDb3vSTg-qkPAZg,Gweilo-60,2019-02-15 21:34:40.950591,10681,0
UChXOhG9bRDb3vSTg-qkPAZg,Gweilo-60,2019-02-15 21:33:40.408712,10681,0
UChXOhG9bRDb3vSTg-qkPAZg,Gweilo-60,2019-02-15 21:32:39.787229,10681,0
UChXOhG9bRDb3vSTg-qkPAZg,Gweilo-60,2019-02-15 21:31:40.399698,10681,0
UChXOhG9bRDb3vSTg-qkPAZg,Gweilo-60,2019-02-15 21:30:40.898022,10681,0
UChXOhG9bRDb3vSTg-qkPAZg,Gweilo-60,2019-02-15 21:29:40.154414,10681,0
UChXOhG9bRDb3vSTg-qkPAZg,Gweilo-60,2019-02-15 21:28:42.011528,10681,0
UChXOhG9bRDb3vSTg-qkPAZg,Gweilo-60,2019-02-15 21:27:41.075709,10681,0
UChXOhG9bRDb3vSTg-qkPAZg,Gweilo-60,2019-02-15 21:26:41.471832,10681,0
UChXOhG9bRDb3vSTg-qkPAZg,Gweilo-60,2019-02-15 21:25:40.05336,10681,0
UChXOhG9bRDb3vSTg-qkPAZg,Gweilo-60,2019-02-15 21:24:40.750514,10681,0
UChXOhG9bRDb3vSTg-qkPAZg,Gweilo-60,2019-02-15 21:23:41.217752,10681,0
UChXOhG9bRDb3vSTg-qkPAZg,Gweilo-60,2019-02-15 21:22:40.433451,10681,0
UChXOhG9bRDb3vSTg-qkPAZg,Gweilo-60,2019-02-15 21:21:40.358428,10681,0
UChXOhG9bRDb3vSTg-qkPAZg,Gweilo-60,2019-02-15 21:20:41.561352,10681,0
UChXOhG9bRDb3vSTg-qkPAZg,Gweilo-60,2019-02-15 21:19:40.738759,10681,0
UChXOhG9bRDb3vSTg-qkPAZg,Gweilo-60,2019-02-15 21:18:40.475112,10681,0
UChXOhG9bRDb3vSTg-qkPAZg,Gweilo-60,2019-02-15 21:17:40.74359,10681,0
UChXOhG9bRDb3vSTg-qkPAZg,Gweilo-60,2019-02-15 21:16:40.603607,10681,0
UChXOhG9bRDb3vSTg-qkPAZg,Gweilo-60,2019-02-15 21:15:41.729619,10681,0
UChXOhG9bRDb3vSTg-qkPAZg,Gweilo-60,2019-02-15 21:14:41.413245,10681,0
UChXOhG9bRDb3vSTg-qkPAZg,Gweilo-60,2019-02-15 21:13:41.260828,10681,0
UChXOhG9bRDb3vSTg-qkPAZg,Gweilo-60,2019-02-15 21:12:42.088071,10681,0
UChXOhG9bRDb3vSTg-qkPAZg,Gweilo-60,2019-02-15 21:11:40.604922,10681,0
UChXOhG9bRDb3vSTg-qkPAZg,Gweilo-60,2019-02-15 21:10:40.435799,10681,0
UChXOhG9bRDb3vSTg-qkPAZg,Gweilo-60,2019-02-15 21:09:40.952433,10681,0
UChXOhG9bRDb3vSTg-qkPAZg,Gweilo-60,2019-02-15 21:08:41.881693,10681,0
UChXOhG9bRDb3vSTg-qkPAZg,Gweilo-60,2019-02-15 21:07:40.493852,10681,0
UChXOhG9bRDb3vSTg-qkPAZg,Gweilo-60,2019-02-15 21:06:40.519417,10681,0
UChXOhG9bRDb3vSTg-qkPAZg,Gweilo-60,2019-02-15 21:05:40.265671,10681,0
UChXOhG9bRDb3vSTg-qkPAZg,Gweilo-60,2019-02-15 21:04:40.592382,10681,0
UChXOhG9bRDb3vSTg-qkPAZg,Gweilo-60,2019-02-15 21:03:40.881294,10681,0
UChXOhG9bRDb3vSTg-qkPAZg,Gweilo-60,2019-02-15 21:02:41.031579,10681,0
UChXOhG9bRDb3vSTg-qkPAZg,Gweilo-60,2019-02-15 21:01:40.504989,10681,0
UChXOhG9bRDb3vSTg-qkPAZg,Gweilo-60,2019-02-15 21:00:40.365509,10681,0
UChXOhG9bRDb3vSTg-qkPAZg,Gweilo-60,2019-02-15 20:59:39.414678,10681,0
UChXOhG9bRDb3vSTg-qkPAZg,Gweilo-60,2019-02-15 20:58:40.177206,10681,0
UChXOhG9bRDb3vSTg-qkPAZg,Gweilo-60,2019-02-15 20:57:40.202781,10681,0
UChXOhG9bRDb3vSTg-qkPAZg,Gweilo-60,2019-02-15 20:56:39.993701,10681,0
UChXOhG9bRDb3vSTg-qkPAZg,Gweilo-60,2019-02-15 20:55:40.263406,10681,0
UChXOhG9bRDb3vSTg-qkPAZg,Gweilo-60,2019-02-15 20:54:39.939399,10681,0
UChXOhG9bRDb3vSTg-qkPAZg,Gweilo-60,2019-02-15 20:53:40.440386,10681,0
UChXOhG9bRDb3vSTg-qkPAZg,Gweilo-60,2019-02-15 20:52:40.422273,10681,0
UChXOhG9bRDb3vSTg-qkPAZg,Gweilo-60,2019-02-15 20:51:40.151091,10681,0
UChXOhG9bRDb3vSTg-qkPAZg,Gweilo-60,2019-02-15 20:50:40.293219,10681,0
UChXOhG9bRDb3vSTg-qkPAZg,Gweilo-60,2019-02-15 20:49:40.489393,10681,0
UChXOhG9bRDb3vSTg-qkPAZg,Gweilo-60,2019-02-15 20:48:40.561956,10681,0
UChXOhG9bRDb3vSTg-qkPAZg,Gweilo-60,2019-02-15 20:47:40.004994,10681,0
UChXOhG9bRDb3vSTg-qkPAZg,Gweilo-60,2019-02-15 20:46:40.8615,10681,0
UChXOhG9bRDb3vSTg-qkPAZg,Gweilo-60,2019-02-15 20:45:40.00121,10681,0
UChXOhG9bRDb3vSTg-qkPAZg,Gweilo-60,2019-02-15 20:44:40.788008,10681,0
UChXOhG9bRDb3vSTg-qkPAZg,Gweilo-60,2019-02-15 20:43:39.879292,10681,0
UChXOhG9bRDb3vSTg-qkPAZg,Gweilo-60,2019-02-15 20:42:40.550085,10681,0
UChXOhG9bRDb3vSTg-qkPAZg,Gweilo-60,2019-02-15 20:41:40.526784,10681,0
UChXOhG9bRDb3vSTg-qkPAZg,Gweilo-60,2019-02-15 20:40:39.733481,10681,0
UChXOhG9bRDb3vSTg-qkPAZg,Gweilo-60,2019-02-15 20:39:40.553886,10681,0
UChXOhG9bRDb3vSTg-qkPAZg,Gweilo-60,2019-02-15 20:38:40.490873,10681,0
UChXOhG9bRDb3vSTg-qkPAZg,Gweilo-60,2019-02-15 20:37:40.132339,10681,0
UChXOhG9bRDb3vSTg-qkPAZg,Gweilo-60,2019-02-15 20:36:40.802326,10681,0
UChXOhG9bRDb3vSTg-qkPAZg,Gweilo-60,2019-02-15 20:35:40.002672,10681,0
UChXOhG9bRDb3vSTg-qkPAZg,Gweilo-60,2019-02-15 20:34:40.189638,10681,0
UChXOhG9bRDb3vSTg-qkPAZg,Gweilo-60,2019-02-15 20:33:40.281523,10681,0
UChXOhG9bRDb3vSTg-qkPAZg,Gweilo-60,2019-02-15 20:32:40.002658,10681,0
UChXOhG9bRDb3vSTg-qkPAZg,Gweilo-60,2019-02-15 20:31:41.047917,10681,0
UChXOhG9bRDb3vSTg-qkPAZg,Gweilo-60,2019-02-15 20:30:40.381518,10681,0
UChXOhG9bRDb3vSTg-qkPAZg,Gweilo-60,2019-02-15 20:29:40.69853,10681,0
UChXOhG9bRDb3vSTg-qkPAZg,Gweilo-60,2019-02-15 20:28:40.027917,10681,0
UChXOhG9bRDb3vSTg-qkPAZg,Gweilo-60,2019-02-15 20:27:39.868334,10681,0
UChXOhG9bRDb3vSTg-qkPAZg,Gweilo-60,2019-02-15 20:26:40.123793,10681,0
UChXOhG9bRDb3vSTg-qkPAZg,Gweilo-60,2019-02-15 20:25:40.353203,10681,0
UChXOhG9bRDb3vSTg-qkPAZg,Gweilo-60,2019-02-15 20:24:40.246352,10681,0
UChXOhG9bRDb3vSTg-qkPAZg,Gweilo-60,2019-02-15 20:23:42.20455,10681,0
UChXOhG9bRDb3vSTg-qkPAZg,Gweilo-60,2019-02-15 20:22:40.464552,10681,0
UChXOhG9bRDb3vSTg-qkPAZg,Gweilo-60,2019-02-15 20:21:39.587559,10681,0
UChXOhG9bRDb3vSTg-qkPAZg,Gweilo-60,2019-02-15 20:20:40.166475,10681,0
UChXOhG9bRDb3vSTg-qkPAZg,Gweilo-60,2019-02-15 20:19:40.365105,10681,0
UChXOhG9bRDb3vSTg-qkPAZg,Gweilo-60,2019-02-15 20:18:40.792829,10681,0
UChXOhG9bRDb3vSTg-qkPAZg,Gweilo-60,2019-02-15 20:17:40.223932,10681,0
UChXOhG9bRDb3vSTg-qkPAZg,Gweilo-60,2019-02-15 20:16:40.592002,10681,0
UChXOhG9bRDb3vSTg-qkPAZg,Gweilo-60,2019-02-15 20:15:40.000753,10681,0
UChXOhG9bRDb3vSTg-qkPAZg,Gweilo-60,2019-02-15 20:14:39.392165,10681,0
UChXOhG9bRDb3vSTg-qkPAZg,Gweilo-60,2019-02-15 20:13:39.497028,10681,0
UChXOhG9bRDb3vSTg-qkPAZg,Gweilo-60,2019-02-15 20:12:39.968033,10681,0
UChXOhG9bRDb3vSTg-qkPAZg,Gweilo-60,2019-02-15 20:11:42.008666,10681,0
UChXOhG9bRDb3vSTg-qkPAZg,Gweilo-60,2019-02-15 20:10:39.612502,10681,0
UChXOhG9bRDb3vSTg-qkPAZg,Gweilo-60,2019-02-15 20:09:39.78099,10681,0
UChXOhG9bRDb3vSTg-qkPAZg,Gweilo-60,2019-02-15 20:08:39.983277,10681,0
UChXOhG9bRDb3vSTg-qkPAZg,Gweilo-60,2019-02-15 20:07:39.986259,10681,0
UChXOhG9bRDb3vSTg-qkPAZg,Gweilo-60,2019-02-15 20:06:39.948021,10681,0
UChXOhG9bRDb3vSTg-qkPAZg,Gweilo-60,2019-02-15 20:05:40.775393,10681,0
UChXOhG9bRDb3vSTg-qkPAZg,Gweilo-60,2019-02-15 20:04:40.255871,10681,0
UChXOhG9bRDb3vSTg-qkPAZg,Gweilo-60,2019-02-15 20:03:39.767996,10681,0
UChXOhG9bRDb3vSTg-qkPAZg,Gweilo-60,2019-02-15 20:02:40.73745,10681,0
UChXOhG9bRDb3vSTg-qkPAZg,Gweilo-60,2019-02-15 20:01:40.3163,10681,0
UChXOhG9bRDb3vSTg-qkPAZg,Gweilo-60,2019-02-15 20:00:40.800042,10681,0
UChXOhG9bRDb3vSTg-qkPAZg,Gweilo-60,2019-02-15 19:59:39.86394,10681,0
UChXOhG9bRDb3vSTg-qkPAZg,Gweilo-60,2019-02-15 19:58:40.113246,10681,0
UChXOhG9bRDb3vSTg-qkPAZg,Gweilo-60,2019-02-15 19:57:40.086824,10681,0
UChXOhG9bRDb3vSTg-qkPAZg,Gweilo-60,2019-02-15 19:56:40.242592,10681,0
UChXOhG9bRDb3vSTg-qkPAZg,Gweilo-60,2019-02-15 19:55:40.223416,10681,0
UChXOhG9bRDb3vSTg-qkPAZg,Gweilo-60,2019-02-15 19:54:39.754513,10681,0
UChXOhG9bRDb3vSTg-qkPAZg,Gweilo-60,2019-02-15 19:53:39.803868,10681,0
UChXOhG9bRDb3vSTg-qkPAZg,Gweilo-60,2019-02-15 19:52:40.467712,10681,0
UChXOhG9bRDb3vSTg-qkPAZg,Gweilo-60,2019-02-15 19:51:40.281183,10681,0
UChXOhG9bRDb3vSTg-qkPAZg,Gweilo-60,2019-02-15 19:50:40.647394,10681,0
UChXOhG9bRDb3vSTg-qkPAZg,Gweilo-60,2019-02-15 19:49:40.201704,10681,0
UChXOhG9bRDb3vSTg-qkPAZg,Gweilo-60,2019-02-15 19:48:40.388497,10681,-1
UChXOhG9bRDb3vSTg-qkPAZg,Gweilo-60,2019-02-15 19:47:40.976545,10682,0
UChXOhG9bRDb3vSTg-qkPAZg,Gweilo-60,2019-02-15 19:46:39.917639,10682,0
UChXOhG9bRDb3vSTg-qkPAZg,Gweilo-60,2019-02-15 19:45:40.049954,10682,0
UChXOhG9bRDb3vSTg-qkPAZg,Gweilo-60,2019-02-15 19:44:40.122614,10682,0
UChXOhG9bRDb3vSTg-qkPAZg,Gweilo-60,2019-02-15 19:43:40.329763,10682,0
UChXOhG9bRDb3vSTg-qkPAZg,Gweilo-60,2019-02-15 19:42:40.407972,10682,0
UChXOhG9bRDb3vSTg-qkPAZg,Gweilo-60,2019-02-15 19:41:40.5402,10682,0
UChXOhG9bRDb3vSTg-qkPAZg,Gweilo-60,2019-02-15 19:40:40.407781,10682,0
UChXOhG9bRDb3vSTg-qkPAZg,Gweilo-60,2019-02-15 19:39:39.871457,10682,0
UChXOhG9bRDb3vSTg-qkPAZg,Gweilo-60,2019-02-15 19:38:39.88231,10682,0
UChXOhG9bRDb3vSTg-qkPAZg,Gweilo-60,2019-02-15 19:37:40.235068,10682,0
UChXOhG9bRDb3vSTg-qkPAZg,Gweilo-60,2019-02-15 19:36:40.667229,10682,0
UChXOhG9bRDb3vSTg-qkPAZg,Gweilo-60,2019-02-15 19:35:40.321253,10682,0
UChXOhG9bRDb3vSTg-qkPAZg,Gweilo-60,2019-02-15 19:34:41.513849,10682,0
UChXOhG9bRDb3vSTg-qkPAZg,Gweilo-60,2019-02-15 19:33:40.220635,10682,0
UChXOhG9bRDb3vSTg-qkPAZg,Gweilo-60,2019-02-15 19:32:40.104176,10682,0
UChXOhG9bRDb3vSTg-qkPAZg,Gweilo-60,2019-02-15 19:31:40.407798,10682,0
UChXOhG9bRDb3vSTg-qkPAZg,Gweilo-60,2019-02-15 19:30:40.350503,10682,0
UChXOhG9bRDb3vSTg-qkPAZg,Gweilo-60,2019-02-15 19:29:40.513258,10682,0
UChXOhG9bRDb3vSTg-qkPAZg,Gweilo-60,2019-02-15 19:28:40.455702,10682,0
UChXOhG9bRDb3vSTg-qkPAZg,Gweilo-60,2019-02-15 19:27:40.885412,10682,0
UChXOhG9bRDb3vSTg-qkPAZg,Gweilo-60,2019-02-15 19:26:40.279357,10682,0
UChXOhG9bRDb3vSTg-qkPAZg,Gweilo-60,2019-02-15 19:25:40.334961,10682,0
UChXOhG9bRDb3vSTg-qkPAZg,Gweilo-60,2019-02-15 19:24:40.808733,10682,0
UChXOhG9bRDb3vSTg-qkPAZg,Gweilo-60,2019-02-15 19:23:40.238325,10682,0
UChXOhG9bRDb3vSTg-qkPAZg,Gweilo-60,2019-02-15 19:22:40.937132,10682,0
UChXOhG9bRDb3vSTg-qkPAZg,Gweilo-60,2019-02-15 19:21:40.334347,10682,0
UChXOhG9bRDb3vSTg-qkPAZg,Gweilo-60,2019-02-15 19:20:40.087433,10682,0
UChXOhG9bRDb3vSTg-qkPAZg,Gweilo-60,2019-02-15 19:19:39.917076,10682,0
UChXOhG9bRDb3vSTg-qkPAZg,Gweilo-60,2019-02-15 19:18:40.02935,10682,0
UChXOhG9bRDb3vSTg-qkPAZg,Gweilo-60,2019-02-15 19:17:40.854465,10682,0
UChXOhG9bRDb3vSTg-qkPAZg,Gweilo-60,2019-02-15 19:16:40.266078,10682,0
UChXOhG9bRDb3vSTg-qkPAZg,Gweilo-60,2019-02-15 19:15:41.540898,10682,0
UChXOhG9bRDb3vSTg-qkPAZg,Gweilo-60,2019-02-15 19:14:40.560637,10682,0
UChXOhG9bRDb3vSTg-qkPAZg,Gweilo-60,2019-02-15 19:13:41.445319,10682,0
UChXOhG9bRDb3vSTg-qkPAZg,Gweilo-60,2019-02-15 19:12:40.215601,10682,0
UChXOhG9bRDb3vSTg-qkPAZg,Gweilo-60,2019-02-15 19:11:39.877049,10682,0
UChXOhG9bRDb3vSTg-qkPAZg,Gweilo-60,2019-02-15 19:10:41.473638,10682,0
UChXOhG9bRDb3vSTg-qkPAZg,Gweilo-60,2019-02-15 19:09:40.61883,10682,0
UChXOhG9bRDb3vSTg-qkPAZg,Gweilo-60,2019-02-15 19:08:40.065165,10682,0
UChXOhG9bRDb3vSTg-qkPAZg,Gweilo-60,2019-02-15 19:07:40.280809,10682,0
UChXOhG9bRDb3vSTg-qkPAZg,Gweilo-60,2019-02-15 19:06:40.539261,10682,0
UChXOhG9bRDb3vSTg-qkPAZg,Gweilo-60,2019-02-15 19:05:40.571379,10682,0
UChXOhG9bRDb3vSTg-qkPAZg,Gweilo-60,2019-02-15 19:04:40.739304,10682,0
UChXOhG9bRDb3vSTg-qkPAZg,Gweilo-60,2019-02-15 19:03:40.972079,10682,0
UChXOhG9bRDb3vSTg-qkPAZg,Gweilo-60,2019-02-15 19:02:39.968019,10682,0
UChXOhG9bRDb3vSTg-qkPAZg,Gweilo-60,2019-02-15 19:01:41.076749,10682,0
UChXOhG9bRDb3vSTg-qkPAZg,Gweilo-60,2019-02-15 19:00:39.835136,10682,0
UChXOhG9bRDb3vSTg-qkPAZg,Gweilo-60,2019-02-15 18:59:40.63444,10682,0
UChXOhG9bRDb3vSTg-qkPAZg,Gweilo-60,2019-02-15 18:58:40.264024,10682,0
UChXOhG9bRDb3vSTg-qkPAZg,Gweilo-60,2019-02-15 18:57:40.457705,10682,0
UChXOhG9bRDb3vSTg-qkPAZg,Gweilo-60,2019-02-15 18:56:40.814236,10682,0
UChXOhG9bRDb3vSTg-qkPAZg,Gweilo-60,2019-02-15 18:55:41.119822,10682,0
UChXOhG9bRDb3vSTg-qkPAZg,Gweilo-60,2019-02-15 18:54:41.09627,10682,0
UChXOhG9bRDb3vSTg-qkPAZg,Gweilo-60,2019-02-15 18:53:39.504926,10682,0
UChXOhG9bRDb3vSTg-qkPAZg,Gweilo-60,2019-02-15 18:52:40.564062,10682,0
UChXOhG9bRDb3vSTg-qkPAZg,Gweilo-60,2019-02-15 18:51:40.851153,10682,0
UChXOhG9bRDb3vSTg-qkPAZg,Gweilo-60,2019-02-15 18:50:40.411776,10682,0
UChXOhG9bRDb3vSTg-qkPAZg,Gweilo-60,2019-02-15 18:49:40.190756,10682,0
UChXOhG9bRDb3vSTg-qkPAZg,Gweilo-60,2019-02-15 18:48:40.641442,10682,0
UChXOhG9bRDb3vSTg-qkPAZg,Gweilo-60,2019-02-15 18:47:40.178282,10682,0
UChXOhG9bRDb3vSTg-qkPAZg,Gweilo-60,2019-02-15 18:46:40.443932,10682,0
UChXOhG9bRDb3vSTg-qkPAZg,Gweilo-60,2019-02-15 18:45:40.365416,10682,0
UChXOhG9bRDb3vSTg-qkPAZg,Gweilo-60,2019-02-15 18:44:41.165909,10682,0
UChXOhG9bRDb3vSTg-qkPAZg,Gweilo-60,2019-02-15 18:43:40.588262,10682,0
UChXOhG9bRDb3vSTg-qkPAZg,Gweilo-60,2019-02-15 18:42:40.598623,10682,0
UChXOhG9bRDb3vSTg-qkPAZg,Gweilo-60,2019-02-15 18:41:40.697662,10682,0
UChXOhG9bRDb3vSTg-qkPAZg,Gweilo-60,2019-02-15 18:40:40.181397,10682,0
UChXOhG9bRDb3vSTg-qkPAZg,Gweilo-60,2019-02-15 18:39:42.498904,10682,0
UChXOhG9bRDb3vSTg-qkPAZg,Gweilo-60,2019-02-15 18:38:40.368616,10682,0
UChXOhG9bRDb3vSTg-qkPAZg,Gweilo-60,2019-02-15 18:37:41.18121,10682,0
UChXOhG9bRDb3vSTg-qkPAZg,Gweilo-60,2019-02-15 18:36:40.63109,10682,0
UChXOhG9bRDb3vSTg-qkPAZg,Gweilo-60,2019-02-15 18:35:40.011436,10682,0
UChXOhG9bRDb3vSTg-qkPAZg,Gweilo-60,2019-02-15 18:34:40.116488,10682,0
UChXOhG9bRDb3vSTg-qkPAZg,Gweilo-60,2019-02-15 18:33:40.676833,10682,0
UChXOhG9bRDb3vSTg-qkPAZg,Gweilo-60,2019-02-15 18:32:41.012944,10682,0
UChXOhG9bRDb3vSTg-qkPAZg,Gweilo-60,2019-02-15 18:31:40.360683,10682,0
UChXOhG9bRDb3vSTg-qkPAZg,Gweilo-60,2019-02-15 18:30:40.290646,10682,0
UChXOhG9bRDb3vSTg-qkPAZg,Gweilo-60,2019-02-15 18:29:40.884205,10682,0
UChXOhG9bRDb3vSTg-qkPAZg,Gweilo-60,2019-02-15 18:28:44.034573,10682,0
UChXOhG9bRDb3vSTg-qkPAZg,Gweilo-60,2019-02-15 18:27:39.982154,10682,-1
UChXOhG9bRDb3vSTg-qkPAZg,Gweilo-60,2019-02-15 18:26:40.704278,10683,0
UChXOhG9bRDb3vSTg-qkPAZg,Gweilo-60,2019-02-15 18:25:40.633729,10683,0
UChXOhG9bRDb3vSTg-qkPAZg,Gweilo-60,2019-02-15 18:24:41.502783,10683,0
UChXOhG9bRDb3vSTg-qkPAZg,Gweilo-60,2019-02-15 18:23:39.921774,10683,0
UChXOhG9bRDb3vSTg-qkPAZg,Gweilo-60,2019-02-15 18:22:40.031542,10683,0
UChXOhG9bRDb3vSTg-qkPAZg,Gweilo-60,2019-02-15 18:21:39.716049,10683,0
UChXOhG9bRDb3vSTg-qkPAZg,Gweilo-60,2019-02-15 18:20:39.669849,10683,0
UChXOhG9bRDb3vSTg-qkPAZg,Gweilo-60,2019-02-15 18:19:40.529163,10683,0
UChXOhG9bRDb3vSTg-qkPAZg,Gweilo-60,2019-02-15 18:18:39.937425,10683,0
UChXOhG9bRDb3vSTg-qkPAZg,Gweilo-60,2019-02-15 18:17:41.084963,10683,0
UChXOhG9bRDb3vSTg-qkPAZg,Gweilo-60,2019-02-15 18:16:40.558925,10683,0
UChXOhG9bRDb3vSTg-qkPAZg,Gweilo-60,2019-02-15 18:15:40.143399,10683,0
UChXOhG9bRDb3vSTg-qkPAZg,Gweilo-60,2019-02-15 18:14:40.354861,10683,0
UChXOhG9bRDb3vSTg-qkPAZg,Gweilo-60,2019-02-15 18:13:39.720215,10683,0
UChXOhG9bRDb3vSTg-qkPAZg,Gweilo-60,2019-02-15 18:12:40.021159,10683,0
UChXOhG9bRDb3vSTg-qkPAZg,Gweilo-60,2019-02-15 18:11:39.75885,10683,0
UChXOhG9bRDb3vSTg-qkPAZg,Gweilo-60,2019-02-15 18:10:39.273097,10683,0
UChXOhG9bRDb3vSTg-qkPAZg,Gweilo-60,2019-02-15 18:09:40.038182,10683,0
UChXOhG9bRDb3vSTg-qkPAZg,Gweilo-60,2019-02-15 18:08:39.576663,10683,0
UChXOhG9bRDb3vSTg-qkPAZg,Gweilo-60,2019-02-15 18:07:40.592511,10683,0
UChXOhG9bRDb3vSTg-qkPAZg,Gweilo-60,2019-02-15 18:06:40.423508,10683,0
UChXOhG9bRDb3vSTg-qkPAZg,Gweilo-60,2019-02-15 18:05:39.860159,10683,0
UChXOhG9bRDb3vSTg-qkPAZg,Gweilo-60,2019-02-15 18:04:40.032499,10683,0
UChXOhG9bRDb3vSTg-qkPAZg,Gweilo-60,2019-02-15 18:03:40.68594,10683,0
UChXOhG9bRDb3vSTg-qkPAZg,Gweilo-60,2019-02-15 18:02:40.102794,10683,-1
UChXOhG9bRDb3vSTg-qkPAZg,Gweilo-60,2019-02-15 18:01:40.196663,10684,0
UChXOhG9bRDb3vSTg-qkPAZg,Gweilo-60,2019-02-15 18:00:40.250882,10684,0
UChXOhG9bRDb3vSTg-qkPAZg,Gweilo-60,2019-02-15 17:59:40.100487,10684,0
UChXOhG9bRDb3vSTg-qkPAZg,Gweilo-60,2019-02-15 17:58:39.935993,10684,0
UChXOhG9bRDb3vSTg-qkPAZg,Gweilo-60,2019-02-15 17:57:40.153403,10684,0
UChXOhG9bRDb3vSTg-qkPAZg,Gweilo-60,2019-02-15 17:56:40.006083,10684,0
UChXOhG9bRDb3vSTg-qkPAZg,Gweilo-60,2019-02-15 17:55:39.521184,10684,0
UChXOhG9bRDb3vSTg-qkPAZg,Gweilo-60,2019-02-15 17:54:40.075641,10684,0
UChXOhG9bRDb3vSTg-qkPAZg,Gweilo-60,2019-02-15 17:53:40.066689,10684,0
UChXOhG9bRDb3vSTg-qkPAZg,Gweilo-60,2019-02-15 17:52:40.790362,10684,0
UChXOhG9bRDb3vSTg-qkPAZg,Gweilo-60,2019-02-15 17:51:40.122199,10684,0
UChXOhG9bRDb3vSTg-qkPAZg,Gweilo-60,2019-02-15 17:50:40.403124,10684,0
UChXOhG9bRDb3vSTg-qkPAZg,Gweilo-60,2019-02-15 17:49:39.935641,10684,0
UChXOhG9bRDb3vSTg-qkPAZg,Gweilo-60,2019-02-15 17:48:40.527102,10684,0
UChXOhG9bRDb3vSTg-qkPAZg,Gweilo-60,2019-02-15 17:47:40.443659,10684,0
UChXOhG9bRDb3vSTg-qkPAZg,Gweilo-60,2019-02-15 17:46:40.197813,10684,0
UChXOhG9bRDb3vSTg-qkPAZg,Gweilo-60,2019-02-15 17:45:39.493145,10684,0
UChXOhG9bRDb3vSTg-qkPAZg,Gweilo-60,2019-02-15 17:44:40.457425,10684,0
UChXOhG9bRDb3vSTg-qkPAZg,Gweilo-60,2019-02-15 17:43:39.79319,10684,0
UChXOhG9bRDb3vSTg-qkPAZg,Gweilo-60,2019-02-15 17:42:39.843657,10684,0
UChXOhG9bRDb3vSTg-qkPAZg,Gweilo-60,2019-02-15 17:41:39.85516,10684,0
UChXOhG9bRDb3vSTg-qkPAZg,Gweilo-60,2019-02-15 17:40:39.986245,10684,0
UChXOhG9bRDb3vSTg-qkPAZg,Gweilo-60,2019-02-15 17:39:39.879484,10684,0
UChXOhG9bRDb3vSTg-qkPAZg,Gweilo-60,2019-02-15 17:38:40.644918,10684,0
UChXOhG9bRDb3vSTg-qkPAZg,Gweilo-60,2019-02-15 17:37:40.666566,10684,0
UChXOhG9bRDb3vSTg-qkPAZg,Gweilo-60,2019-02-15 17:36:40.414884,10684,0
UChXOhG9bRDb3vSTg-qkPAZg,Gweilo-60,2019-02-15 17:35:39.996668,10684,0
UChXOhG9bRDb3vSTg-qkPAZg,Gweilo-60,2019-02-15 17:34:40.022585,10684,0
UChXOhG9bRDb3vSTg-qkPAZg,Gweilo-60,2019-02-15 17:33:39.819288,10684,0
UChXOhG9bRDb3vSTg-qkPAZg,Gweilo-60,2019-02-15 17:32:39.938984,10684,0
UChXOhG9bRDb3vSTg-qkPAZg,Gweilo-60,2019-02-15 17:31:39.579478,10684,0
UChXOhG9bRDb3vSTg-qkPAZg,Gweilo-60,2019-02-15 17:30:40.17123,10684,0
UChXOhG9bRDb3vSTg-qkPAZg,Gweilo-60,2019-02-15 17:29:40.099489,10684,0
UChXOhG9bRDb3vSTg-qkPAZg,Gweilo-60,2019-02-15 17:28:40.833149,10684,0
UChXOhG9bRDb3vSTg-qkPAZg,Gweilo-60,2019-02-15 17:27:39.373125,10684,0
UChXOhG9bRDb3vSTg-qkPAZg,Gweilo-60,2019-02-15 17:26:40.104216,10684,0
UChXOhG9bRDb3vSTg-qkPAZg,Gweilo-60,2019-02-15 17:25:41.269753,10684,0
UChXOhG9bRDb3vSTg-qkPAZg,Gweilo-60,2019-02-15 17:24:39.404302,10684,0
UChXOhG9bRDb3vSTg-qkPAZg,Gweilo-60,2019-02-15 17:23:40.055336,10684,0
UChXOhG9bRDb3vSTg-qkPAZg,Gweilo-60,2019-02-15 17:22:40.407983,10684,0
UChXOhG9bRDb3vSTg-qkPAZg,Gweilo-60,2019-02-15 17:21:39.959644,10684,0
UChXOhG9bRDb3vSTg-qkPAZg,Gweilo-60,2019-02-15 17:20:40.082841,10684,0
UChXOhG9bRDb3vSTg-qkPAZg,Gweilo-60,2019-02-15 17:19:40.080626,10684,0
UChXOhG9bRDb3vSTg-qkPAZg,Gweilo-60,2019-02-15 17:18:40.659823,10684,0
UChXOhG9bRDb3vSTg-qkPAZg,Gweilo-60,2019-02-15 17:17:40.394413,10684,0
UChXOhG9bRDb3vSTg-qkPAZg,Gweilo-60,2019-02-15 17:16:40.545478,10684,0
UChXOhG9bRDb3vSTg-qkPAZg,Gweilo-60,2019-02-15 17:15:40.617344,10684,0
UChXOhG9bRDb3vSTg-qkPAZg,Gweilo-60,2019-02-15 17:14:39.707124,10684,0
UChXOhG9bRDb3vSTg-qkPAZg,Gweilo-60,2019-02-15 17:13:40.37556,10684,0
UChXOhG9bRDb3vSTg-qkPAZg,Gweilo-60,2019-02-15 17:12:39.70682,10684,0
UChXOhG9bRDb3vSTg-qkPAZg,Gweilo-60,2019-02-15 17:11:40.017665,10684,0
UChXOhG9bRDb3vSTg-qkPAZg,Gweilo-60,2019-02-15 17:10:39.475809,10684,0
UChXOhG9bRDb3vSTg-qkPAZg,Gweilo-60,2019-02-15 17:09:40.234454,10684,0
UChXOhG9bRDb3vSTg-qkPAZg,Gweilo-60,2019-02-15 17:08:40.323713,10684,0
UChXOhG9bRDb3vSTg-qkPAZg,Gweilo-60,2019-02-15 17:07:40.34888,10684,0
UChXOhG9bRDb3vSTg-qkPAZg,Gweilo-60,2019-02-15 17:06:41.111001,10684,0
UChXOhG9bRDb3vSTg-qkPAZg,Gweilo-60,2019-02-15 17:05:40.253081,10684,0
UChXOhG9bRDb3vSTg-qkPAZg,Gweilo-60,2019-02-15 17:04:41.148474,10684,0
UChXOhG9bRDb3vSTg-qkPAZg,Gweilo-60,2019-02-15 17:03:39.758698,10684,0
UChXOhG9bRDb3vSTg-qkPAZg,Gweilo-60,2019-02-15 17:02:40.155909,10684,0
UChXOhG9bRDb3vSTg-qkPAZg,Gweilo-60,2019-02-15 17:01:40.106731,10684,0
UChXOhG9bRDb3vSTg-qkPAZg,Gweilo-60,2019-02-15 17:00:40.280932,10684,0
UChXOhG9bRDb3vSTg-qkPAZg,Gweilo-60,2019-02-15 16:59:40.062326,10684,0
UChXOhG9bRDb3vSTg-qkPAZg,Gweilo-60,2019-02-15 16:58:40.207582,10684,0
UChXOhG9bRDb3vSTg-qkPAZg,Gweilo-60,2019-02-15 16:57:39.675555,10684,0
UChXOhG9bRDb3vSTg-qkPAZg,Gweilo-60,2019-02-15 16:56:39.997754,10684,0
UChXOhG9bRDb3vSTg-qkPAZg,Gweilo-60,2019-02-15 16:55:39.88057,10684,0
UChXOhG9bRDb3vSTg-qkPAZg,Gweilo-60,2019-02-15 16:54:39.9623,10684,0
UChXOhG9bRDb3vSTg-qkPAZg,Gweilo-60,2019-02-15 16:53:39.93036,10684,0
UChXOhG9bRDb3vSTg-qkPAZg,Gweilo-60,2019-02-15 16:52:39.626742,10684,-1
UChXOhG9bRDb3vSTg-qkPAZg,Gweilo-60,2019-02-15 16:51:40.042976,10685,0
UChXOhG9bRDb3vSTg-qkPAZg,Gweilo-60,2019-02-15 16:50:40.130016,10685,0
UChXOhG9bRDb3vSTg-qkPAZg,Gweilo-60,2019-02-15 16:49:39.896836,10685,0
UChXOhG9bRDb3vSTg-qkPAZg,Gweilo-60,2019-02-15 16:48:39.710723,10685,0
UChXOhG9bRDb3vSTg-qkPAZg,Gweilo-60,2019-02-15 16:47:39.381766,10685,0
UChXOhG9bRDb3vSTg-qkPAZg,Gweilo-60,2019-02-15 16:46:40.155286,10685,0
UChXOhG9bRDb3vSTg-qkPAZg,Gweilo-60,2019-02-15 16:45:39.629796,10685,0
UChXOhG9bRDb3vSTg-qkPAZg,Gweilo-60,2019-02-15 16:44:41.518488,10685,0
UChXOhG9bRDb3vSTg-qkPAZg,Gweilo-60,2019-02-15 16:43:40.060299,10685,0
UChXOhG9bRDb3vSTg-qkPAZg,Gweilo-60,2019-02-15 16:42:40.272718,10685,0
UChXOhG9bRDb3vSTg-qkPAZg,Gweilo-60,2019-02-15 16:41:40.872807,10685,0
UChXOhG9bRDb3vSTg-qkPAZg,Gweilo-60,2019-02-15 16:40:39.74416,10685,0
UChXOhG9bRDb3vSTg-qkPAZg,Gweilo-60,2019-02-15 16:39:39.902311,10685,0
UChXOhG9bRDb3vSTg-qkPAZg,Gweilo-60,2019-02-15 16:38:40.517579,10685,0
UChXOhG9bRDb3vSTg-qkPAZg,Gweilo-60,2019-02-15 16:37:39.870713,10685,0
UChXOhG9bRDb3vSTg-qkPAZg,Gweilo-60,2019-02-15 16:36:39.812603,10685,0
UChXOhG9bRDb3vSTg-qkPAZg,Gweilo-60,2019-02-15 16:35:39.988705,10685,0
UChXOhG9bRDb3vSTg-qkPAZg,Gweilo-60,2019-02-15 16:34:40.342639,10685,0
UChXOhG9bRDb3vSTg-qkPAZg,Gweilo-60,2019-02-15 16:33:40.552866,10685,0
UChXOhG9bRDb3vSTg-qkPAZg,Gweilo-60,2019-02-15 16:32:40.118363,10685,0
UChXOhG9bRDb3vSTg-qkPAZg,Gweilo-60,2019-02-15 16:31:39.931145,10685,0
UChXOhG9bRDb3vSTg-qkPAZg,Gweilo-60,2019-02-15 16:30:40.108683,10685,0
UChXOhG9bRDb3vSTg-qkPAZg,Gweilo-60,2019-02-15 16:29:39.993765,10685,0
UChXOhG9bRDb3vSTg-qkPAZg,Gweilo-60,2019-02-15 16:28:39.744445,10685,0
UChXOhG9bRDb3vSTg-qkPAZg,Gweilo-60,2019-02-15 16:27:40.369322,10685,0
UChXOhG9bRDb3vSTg-qkPAZg,Gweilo-60,2019-02-15 16:26:40.26845,10685,0
UChXOhG9bRDb3vSTg-qkPAZg,Gweilo-60,2019-02-15 16:25:39.899574,10685,0
UChXOhG9bRDb3vSTg-qkPAZg,Gweilo-60,2019-02-15 16:24:39.831554,10685,0
UChXOhG9bRDb3vSTg-qkPAZg,Gweilo-60,2019-02-15 16:23:40.364744,10685,0
UChXOhG9bRDb3vSTg-qkPAZg,Gweilo-60,2019-02-15 16:22:40.184724,10685,0
UChXOhG9bRDb3vSTg-qkPAZg,Gweilo-60,2019-02-15 16:21:40.22202,10685,0
UChXOhG9bRDb3vSTg-qkPAZg,Gweilo-60,2019-02-15 16:20:39.676087,10685,0
UChXOhG9bRDb3vSTg-qkPAZg,Gweilo-60,2019-02-15 16:19:39.494924,10685,0
UChXOhG9bRDb3vSTg-qkPAZg,Gweilo-60,2019-02-15 16:18:40.142696,10685,0
UChXOhG9bRDb3vSTg-qkPAZg,Gweilo-60,2019-02-15 16:17:40.18635,10685,0
UChXOhG9bRDb3vSTg-qkPAZg,Gweilo-60,2019-02-15 16:16:39.540186,10685,0
UChXOhG9bRDb3vSTg-qkPAZg,Gweilo-60,2019-02-15 16:15:39.732057,10685,0
UChXOhG9bRDb3vSTg-qkPAZg,Gweilo-60,2019-02-15 16:14:39.340708,10685,0
UChXOhG9bRDb3vSTg-qkPAZg,Gweilo-60,2019-02-15 16:13:39.658331,10685,0
UChXOhG9bRDb3vSTg-qkPAZg,Gweilo-60,2019-02-15 16:12:39.982386,10685,0
UChXOhG9bRDb3vSTg-qkPAZg,Gweilo-60,2019-02-15 16:11:39.388094,10685,0
UChXOhG9bRDb3vSTg-qkPAZg,Gweilo-60,2019-02-15 16:10:40.001781,10685,0
UChXOhG9bRDb3vSTg-qkPAZg,Gweilo-60,2019-02-15 16:09:39.935827,10685,1
UChXOhG9bRDb3vSTg-qkPAZg,Gweilo-60,2019-02-15 16:08:39.807227,10684,0
UChXOhG9bRDb3vSTg-qkPAZg,Gweilo-60,2019-02-15 16:07:39.765758,10684,0
UChXOhG9bRDb3vSTg-qkPAZg,Gweilo-60,2019-02-15 16:06:40.091768,10684,0
UChXOhG9bRDb3vSTg-qkPAZg,Gweilo-60,2019-02-15 16:05:39.416604,10684,0
UChXOhG9bRDb3vSTg-qkPAZg,Gweilo-60,2019-02-15 16:04:39.731879,10684,0
UChXOhG9bRDb3vSTg-qkPAZg,Gweilo-60,2019-02-15 16:03:39.612795,10684,0
UChXOhG9bRDb3vSTg-qkPAZg,Gweilo-60,2019-02-15 16:02:39.354607,10684,0
UChXOhG9bRDb3vSTg-qkPAZg,Gweilo-60,2019-02-15 16:01:40.147661,10684,0
UChXOhG9bRDb3vSTg-qkPAZg,Gweilo-60,2019-02-15 16:00:39.646214,10684,0
UChXOhG9bRDb3vSTg-qkPAZg,Gweilo-60,2019-02-15 15:59:39.898801,10684,0
UChXOhG9bRDb3vSTg-qkPAZg,Gweilo-60,2019-02-15 15:58:39.699864,10684,0
UChXOhG9bRDb3vSTg-qkPAZg,Gweilo-60,2019-02-15 15:57:39.411162,10684,0
UChXOhG9bRDb3vSTg-qkPAZg,Gweilo-60,2019-02-15 15:56:40.162154,10684,0
UChXOhG9bRDb3vSTg-qkPAZg,Gweilo-60,2019-02-15 15:55:39.893249,10684,0
UChXOhG9bRDb3vSTg-qkPAZg,Gweilo-60,2019-02-15 15:54:39.382614,10684,0
UChXOhG9bRDb3vSTg-qkPAZg,Gweilo-60,2019-02-15 15:53:40.265664,10684,0
UChXOhG9bRDb3vSTg-qkPAZg,Gweilo-60,2019-02-15 15:52:39.630103,10684,0
UChXOhG9bRDb3vSTg-qkPAZg,Gweilo-60,2019-02-15 15:51:39.879682,10684,0
UChXOhG9bRDb3vSTg-qkPAZg,Gweilo-60,2019-02-15 15:50:39.924629,10684,0
UChXOhG9bRDb3vSTg-qkPAZg,Gweilo-60,2019-02-15 15:49:39.787396,10684,0
UChXOhG9bRDb3vSTg-qkPAZg,Gweilo-60,2019-02-15 15:48:39.533717,10684,0
UChXOhG9bRDb3vSTg-qkPAZg,Gweilo-60,2019-02-15 15:47:39.463929,10684,0
UChXOhG9bRDb3vSTg-qkPAZg,Gweilo-60,2019-02-15 15:46:39.57466,10684,0
UChXOhG9bRDb3vSTg-qkPAZg,Gweilo-60,2019-02-15 15:45:39.768507,10684,0
UChXOhG9bRDb3vSTg-qkPAZg,Gweilo-60,2019-02-15 15:44:39.92927,10684,0
UChXOhG9bRDb3vSTg-qkPAZg,Gweilo-60,2019-02-15 15:43:39.385263,10684,0
UChXOhG9bRDb3vSTg-qkPAZg,Gweilo-60,2019-02-15 15:42:41.001654,10684,0
UChXOhG9bRDb3vSTg-qkPAZg,Gweilo-60,2019-02-15 15:41:40.059966,10684,0
UChXOhG9bRDb3vSTg-qkPAZg,Gweilo-60,2019-02-15 15:40:39.663126,10684,0
UChXOhG9bRDb3vSTg-qkPAZg,Gweilo-60,2019-02-15 15:39:39.836341,10684,0
UChXOhG9bRDb3vSTg-qkPAZg,Gweilo-60,2019-02-15 15:38:40.288481,10684,0
UChXOhG9bRDb3vSTg-qkPAZg,Gweilo-60,2019-02-15 15:37:40.107458,10684,0
UChXOhG9bRDb3vSTg-qkPAZg,Gweilo-60,2019-02-15 15:36:39.297648,10684,0
UChXOhG9bRDb3vSTg-qkPAZg,Gweilo-60,2019-02-15 15:35:39.647045,10684,0
UChXOhG9bRDb3vSTg-qkPAZg,Gweilo-60,2019-02-15 15:34:39.614926,10684,0
UChXOhG9bRDb3vSTg-qkPAZg,Gweilo-60,2019-02-15 15:33:39.716004,10684,0
UChXOhG9bRDb3vSTg-qkPAZg,Gweilo-60,2019-02-15 15:32:39.582507,10684,0
UChXOhG9bRDb3vSTg-qkPAZg,Gweilo-60,2019-02-15 15:31:39.003097,10684,0
UChXOhG9bRDb3vSTg-qkPAZg,Gweilo-60,2019-02-15 15:30:40.144941,10684,0
UChXOhG9bRDb3vSTg-qkPAZg,Gweilo-60,2019-02-15 15:29:39.772312,10684,0
UChXOhG9bRDb3vSTg-qkPAZg,Gweilo-60,2019-02-15 15:28:39.597013,10684,0
UChXOhG9bRDb3vSTg-qkPAZg,Gweilo-60,2019-02-15 15:27:39.913764,10684,0
UChXOhG9bRDb3vSTg-qkPAZg,Gweilo-60,2019-02-15 15:26:39.266427,10684,0
UChXOhG9bRDb3vSTg-qkPAZg,Gweilo-60,2019-02-15 15:25:39.97705,10684,0
UChXOhG9bRDb3vSTg-qkPAZg,Gweilo-60,2019-02-15 15:24:39.246352,10684,0
UChXOhG9bRDb3vSTg-qkPAZg,Gweilo-60,2019-02-15 15:23:39.632448,10684,0
UChXOhG9bRDb3vSTg-qkPAZg,Gweilo-60,2019-02-15 15:22:39.966632,10684,0
UChXOhG9bRDb3vSTg-qkPAZg,Gweilo-60,2019-02-15 15:21:39.653007,10684,0
UChXOhG9bRDb3vSTg-qkPAZg,Gweilo-60,2019-02-15 15:20:39.192049,10684,0
UChXOhG9bRDb3vSTg-qkPAZg,Gweilo-60,2019-02-15 15:19:39.775771,10684,0
UChXOhG9bRDb3vSTg-qkPAZg,Gweilo-60,2019-02-15 15:18:40.017793,10684,0
UChXOhG9bRDb3vSTg-qkPAZg,Gweilo-60,2019-02-15 15:17:39.861882,10684,0
UChXOhG9bRDb3vSTg-qkPAZg,Gweilo-60,2019-02-15 15:16:39.803066,10684,0
UChXOhG9bRDb3vSTg-qkPAZg,Gweilo-60,2019-02-15 15:15:39.841767,10684,0
UChXOhG9bRDb3vSTg-qkPAZg,Gweilo-60,2019-02-15 15:14:39.603962,10684,0
UChXOhG9bRDb3vSTg-qkPAZg,Gweilo-60,2019-02-15 15:13:39.502764,10684,0
UChXOhG9bRDb3vSTg-qkPAZg,Gweilo-60,2019-02-15 15:12:39.605985,10684,0
UChXOhG9bRDb3vSTg-qkPAZg,Gweilo-60,2019-02-15 15:11:39.84887,10684,0
UChXOhG9bRDb3vSTg-qkPAZg,Gweilo-60,2019-02-15 15:10:39.50217,10684,0
UChXOhG9bRDb3vSTg-qkPAZg,Gweilo-60,2019-02-15 15:09:39.367776,10684,0
UChXOhG9bRDb3vSTg-qkPAZg,Gweilo-60,2019-02-15 15:08:39.781439,10684,0
UChXOhG9bRDb3vSTg-qkPAZg,Gweilo-60,2019-02-15 15:07:39.768016,10684,0
UChXOhG9bRDb3vSTg-qkPAZg,Gweilo-60,2019-02-15 15:06:39.853017,10684,0
UChXOhG9bRDb3vSTg-qkPAZg,Gweilo-60,2019-02-15 15:05:39.755557,10684,0
UChXOhG9bRDb3vSTg-qkPAZg,Gweilo-60,2019-02-15 15:04:40.092586,10684,0
UChXOhG9bRDb3vSTg-qkPAZg,Gweilo-60,2019-02-15 15:03:39.637792,10684,0
UChXOhG9bRDb3vSTg-qkPAZg,Gweilo-60,2019-02-15 15:02:39.699719,10684,0
UChXOhG9bRDb3vSTg-qkPAZg,Gweilo-60,2019-02-15 15:01:39.527272,10684,0
UChXOhG9bRDb3vSTg-qkPAZg,Gweilo-60,2019-02-15 15:00:39.84865,10684,1
UChXOhG9bRDb3vSTg-qkPAZg,Gweilo-60,2019-02-15 14:59:40.180685,10683,0
UChXOhG9bRDb3vSTg-qkPAZg,Gweilo-60,2019-02-15 14:58:39.492146,10683,0
UChXOhG9bRDb3vSTg-qkPAZg,Gweilo-60,2019-02-15 14:57:39.552232,10683,0
UChXOhG9bRDb3vSTg-qkPAZg,Gweilo-60,2019-02-15 14:56:40.544828,10683,0
UChXOhG9bRDb3vSTg-qkPAZg,Gweilo-60,2019-02-15 14:55:40.399851,10683,0
UChXOhG9bRDb3vSTg-qkPAZg,Gweilo-60,2019-02-15 14:54:39.390058,10683,0
UChXOhG9bRDb3vSTg-qkPAZg,Gweilo-60,2019-02-15 14:53:40.0216,10683,0
UChXOhG9bRDb3vSTg-qkPAZg,Gweilo-60,2019-02-15 14:52:39.525875,10683,0
UChXOhG9bRDb3vSTg-qkPAZg,Gweilo-60,2019-02-15 14:51:39.472222,10683,0
UChXOhG9bRDb3vSTg-qkPAZg,Gweilo-60,2019-02-15 14:50:39.672187,10683,0
UChXOhG9bRDb3vSTg-qkPAZg,Gweilo-60,2019-02-15 14:49:39.601317,10683,0
UChXOhG9bRDb3vSTg-qkPAZg,Gweilo-60,2019-02-15 14:48:39.388993,10683,0
UChXOhG9bRDb3vSTg-qkPAZg,Gweilo-60,2019-02-15 14:47:40.109951,10683,0
UChXOhG9bRDb3vSTg-qkPAZg,Gweilo-60,2019-02-15 14:46:39.890749,10683,0
UChXOhG9bRDb3vSTg-qkPAZg,Gweilo-60,2019-02-15 14:45:40.179354,10683,0
UChXOhG9bRDb3vSTg-qkPAZg,Gweilo-60,2019-02-15 14:44:39.904011,10683,0
UChXOhG9bRDb3vSTg-qkPAZg,Gweilo-60,2019-02-15 14:43:39.655685,10683,0
UChXOhG9bRDb3vSTg-qkPAZg,Gweilo-60,2019-02-15 14:42:39.418271,10683,0
UChXOhG9bRDb3vSTg-qkPAZg,Gweilo-60,2019-02-15 14:41:40.102402,10683,0
UChXOhG9bRDb3vSTg-qkPAZg,Gweilo-60,2019-02-15 14:40:39.957288,10683,0
UChXOhG9bRDb3vSTg-qkPAZg,Gweilo-60,2019-02-15 14:39:39.709457,10683,0
UChXOhG9bRDb3vSTg-qkPAZg,Gweilo-60,2019-02-15 14:38:40.114297,10683,0
UChXOhG9bRDb3vSTg-qkPAZg,Gweilo-60,2019-02-15 14:37:39.724014,10683,0
UChXOhG9bRDb3vSTg-qkPAZg,Gweilo-60,2019-02-15 14:36:39.295717,10683,0
UChXOhG9bRDb3vSTg-qkPAZg,Gweilo-60,2019-02-15 14:35:40.025831,10683,0
UChXOhG9bRDb3vSTg-qkPAZg,Gweilo-60,2019-02-15 14:34:39.429475,10683,0
UChXOhG9bRDb3vSTg-qkPAZg,Gweilo-60,2019-02-15 14:33:40.042804,10683,0
UChXOhG9bRDb3vSTg-qkPAZg,Gweilo-60,2019-02-15 14:32:39.170236,10683,0
UChXOhG9bRDb3vSTg-qkPAZg,Gweilo-60,2019-02-15 14:31:40.458321,10683,0
UChXOhG9bRDb3vSTg-qkPAZg,Gweilo-60,2019-02-15 14:30:40.252028,10683,0
UChXOhG9bRDb3vSTg-qkPAZg,Gweilo-60,2019-02-15 14:29:39.911435,10683,0
UChXOhG9bRDb3vSTg-qkPAZg,Gweilo-60,2019-02-15 14:28:39.987825,10683,0
UChXOhG9bRDb3vSTg-qkPAZg,Gweilo-60,2019-02-15 14:27:39.641967,10683,0
UChXOhG9bRDb3vSTg-qkPAZg,Gweilo-60,2019-02-15 14:26:40.015181,10683,0
UChXOhG9bRDb3vSTg-qkPAZg,Gweilo-60,2019-02-15 14:25:39.749441,10683,0
UChXOhG9bRDb3vSTg-qkPAZg,Gweilo-60,2019-02-15 14:24:39.820071,10683,0
UChXOhG9bRDb3vSTg-qkPAZg,Gweilo-60,2019-02-15 14:23:39.928782,10683,0
UChXOhG9bRDb3vSTg-qkPAZg,Gweilo-60,2019-02-15 14:22:40.002719,10683,0
UChXOhG9bRDb3vSTg-qkPAZg,Gweilo-60,2019-02-15 14:21:39.692463,10683,0
UChXOhG9bRDb3vSTg-qkPAZg,Gweilo-60,2019-02-15 14:20:40.311925,10683,0
UChXOhG9bRDb3vSTg-qkPAZg,Gweilo-60,2019-02-15 14:19:40.391526,10683,0
UChXOhG9bRDb3vSTg-qkPAZg,Gweilo-60,2019-02-15 14:18:39.446201,10683,0
UChXOhG9bRDb3vSTg-qkPAZg,Gweilo-60,2019-02-15 14:17:39.851928,10683,0
UChXOhG9bRDb3vSTg-qkPAZg,Gweilo-60,2019-02-15 14:16:38.936569,10683,0
UChXOhG9bRDb3vSTg-qkPAZg,Gweilo-60,2019-02-15 14:15:39.587576,10683,0
UChXOhG9bRDb3vSTg-qkPAZg,Gweilo-60,2019-02-15 14:14:40.139012,10683,0
UChXOhG9bRDb3vSTg-qkPAZg,Gweilo-60,2019-02-15 14:13:39.538557,10683,0
UChXOhG9bRDb3vSTg-qkPAZg,Gweilo-60,2019-02-15 14:12:39.682775,10683,0
UChXOhG9bRDb3vSTg-qkPAZg,Gweilo-60,2019-02-15 14:11:40.181933,10683,0
UChXOhG9bRDb3vSTg-qkPAZg,Gweilo-60,2019-02-15 14:10:39.804788,10683,0
UChXOhG9bRDb3vSTg-qkPAZg,Gweilo-60,2019-02-15 14:09:40.198572,10683,0
UChXOhG9bRDb3vSTg-qkPAZg,Gweilo-60,2019-02-15 14:08:39.94511,10683,0
UChXOhG9bRDb3vSTg-qkPAZg,Gweilo-60,2019-02-15 14:07:39.859779,10683,0
UChXOhG9bRDb3vSTg-qkPAZg,Gweilo-60,2019-02-15 14:06:40.544612,10683,0
UChXOhG9bRDb3vSTg-qkPAZg,Gweilo-60,2019-02-15 14:05:39.356371,10683,0
UChXOhG9bRDb3vSTg-qkPAZg,Gweilo-60,2019-02-15 14:04:39.850995,10683,0
UChXOhG9bRDb3vSTg-qkPAZg,Gweilo-60,2019-02-15 14:03:39.990117,10683,0
UChXOhG9bRDb3vSTg-qkPAZg,Gweilo-60,2019-02-15 14:02:40.17283,10683,0
UChXOhG9bRDb3vSTg-qkPAZg,Gweilo-60,2019-02-15 14:01:39.8747,10683,0
UChXOhG9bRDb3vSTg-qkPAZg,Gweilo-60,2019-02-15 14:00:40.118469,10683,0
UChXOhG9bRDb3vSTg-qkPAZg,Gweilo-60,2019-02-15 13:59:39.626621,10683,0
UChXOhG9bRDb3vSTg-qkPAZg,Gweilo-60,2019-02-15 13:58:39.679021,10683,0
UChXOhG9bRDb3vSTg-qkPAZg,Gweilo-60,2019-02-15 13:57:39.553241,10683,0
UChXOhG9bRDb3vSTg-qkPAZg,Gweilo-60,2019-02-15 13:56:39.496842,10683,0
UChXOhG9bRDb3vSTg-qkPAZg,Gweilo-60,2019-02-15 13:55:39.893854,10683,0
UChXOhG9bRDb3vSTg-qkPAZg,Gweilo-60,2019-02-15 13:54:39.692431,10683,0
UChXOhG9bRDb3vSTg-qkPAZg,Gweilo-60,2019-02-15 13:53:39.787018,10683,0
UChXOhG9bRDb3vSTg-qkPAZg,Gweilo-60,2019-02-15 13:52:39.645994,10683,0
UChXOhG9bRDb3vSTg-qkPAZg,Gweilo-60,2019-02-15 13:51:39.781291,10683,0
UChXOhG9bRDb3vSTg-qkPAZg,Gweilo-60,2019-02-15 13:50:39.831766,10683,0
UChXOhG9bRDb3vSTg-qkPAZg,Gweilo-60,2019-02-15 13:49:41.163817,10683,0
UChXOhG9bRDb3vSTg-qkPAZg,Gweilo-60,2019-02-15 13:48:39.633109,10683,0
UChXOhG9bRDb3vSTg-qkPAZg,Gweilo-60,2019-02-15 13:47:40.058483,10683,0
UChXOhG9bRDb3vSTg-qkPAZg,Gweilo-60,2019-02-15 13:46:40.150224,10683,0
UChXOhG9bRDb3vSTg-qkPAZg,Gweilo-60,2019-02-15 13:45:39.156071,10683,0
UChXOhG9bRDb3vSTg-qkPAZg,Gweilo-60,2019-02-15 13:44:40.430513,10683,0
UChXOhG9bRDb3vSTg-qkPAZg,Gweilo-60,2019-02-15 13:43:40.099158,10683,0
UChXOhG9bRDb3vSTg-qkPAZg,Gweilo-60,2019-02-15 13:42:39.607449,10683,0
UChXOhG9bRDb3vSTg-qkPAZg,Gweilo-60,2019-02-15 13:41:40.535075,10683,0
UChXOhG9bRDb3vSTg-qkPAZg,Gweilo-60,2019-02-15 13:40:39.929886,10683,0
UChXOhG9bRDb3vSTg-qkPAZg,Gweilo-60,2019-02-15 13:39:40.110789,10683,0
UChXOhG9bRDb3vSTg-qkPAZg,Gweilo-60,2019-02-15 13:38:40.242398,10683,0
UChXOhG9bRDb3vSTg-qkPAZg,Gweilo-60,2019-02-15 13:37:39.673456,10683,-1
UChXOhG9bRDb3vSTg-qkPAZg,Gweilo-60,2019-02-15 13:36:39.396983,10684,0
UChXOhG9bRDb3vSTg-qkPAZg,Gweilo-60,2019-02-15 13:35:39.943527,10684,0
UChXOhG9bRDb3vSTg-qkPAZg,Gweilo-60,2019-02-15 13:34:40.122116,10684,0
UChXOhG9bRDb3vSTg-qkPAZg,Gweilo-60,2019-02-15 13:33:39.657396,10684,0
UChXOhG9bRDb3vSTg-qkPAZg,Gweilo-60,2019-02-15 13:32:40.426497,10684,0
UChXOhG9bRDb3vSTg-qkPAZg,Gweilo-60,2019-02-15 13:31:39.845585,10684,0
UChXOhG9bRDb3vSTg-qkPAZg,Gweilo-60,2019-02-15 13:30:39.350114,10684,0
UChXOhG9bRDb3vSTg-qkPAZg,Gweilo-60,2019-02-15 13:29:39.84948,10684,0
UChXOhG9bRDb3vSTg-qkPAZg,Gweilo-60,2019-02-15 13:28:40.448847,10684,0
UChXOhG9bRDb3vSTg-qkPAZg,Gweilo-60,2019-02-15 13:27:39.70136,10684,0
UChXOhG9bRDb3vSTg-qkPAZg,Gweilo-60,2019-02-15 13:26:40.962659,10684,0
UChXOhG9bRDb3vSTg-qkPAZg,Gweilo-60,2019-02-15 13:25:39.731226,10684,0
UChXOhG9bRDb3vSTg-qkPAZg,Gweilo-60,2019-02-15 13:24:39.526497,10684,0
UChXOhG9bRDb3vSTg-qkPAZg,Gweilo-60,2019-02-15 13:23:39.62276,10684,0
UChXOhG9bRDb3vSTg-qkPAZg,Gweilo-60,2019-02-15 13:22:39.745768,10684,0
UChXOhG9bRDb3vSTg-qkPAZg,Gweilo-60,2019-02-15 13:21:40.348485,10684,0
UChXOhG9bRDb3vSTg-qkPAZg,Gweilo-60,2019-02-15 13:20:40.43948,10684,0
UChXOhG9bRDb3vSTg-qkPAZg,Gweilo-60,2019-02-15 13:19:40.080653,10684,0
UChXOhG9bRDb3vSTg-qkPAZg,Gweilo-60,2019-02-15 13:18:39.908461,10684,0
UChXOhG9bRDb3vSTg-qkPAZg,Gweilo-60,2019-02-15 13:17:39.717476,10684,0
UChXOhG9bRDb3vSTg-qkPAZg,Gweilo-60,2019-02-15 13:16:39.928216,10684,0
UChXOhG9bRDb3vSTg-qkPAZg,Gweilo-60,2019-02-15 13:15:39.231487,10684,0
UChXOhG9bRDb3vSTg-qkPAZg,Gweilo-60,2019-02-15 13:14:39.495024,10684,0
UChXOhG9bRDb3vSTg-qkPAZg,Gweilo-60,2019-02-15 13:13:39.704702,10684,0
UChXOhG9bRDb3vSTg-qkPAZg,Gweilo-60,2019-02-15 13:12:39.864513,10684,0
UChXOhG9bRDb3vSTg-qkPAZg,Gweilo-60,2019-02-15 13:11:39.589611,10684,0
UChXOhG9bRDb3vSTg-qkPAZg,Gweilo-60,2019-02-15 13:10:39.890304,10684,0
UChXOhG9bRDb3vSTg-qkPAZg,Gweilo-60,2019-02-15 13:09:39.976472,10684,0
UChXOhG9bRDb3vSTg-qkPAZg,Gweilo-60,2019-02-15 13:08:39.456817,10684,0
UChXOhG9bRDb3vSTg-qkPAZg,Gweilo-60,2019-02-15 13:07:39.556479,10684,0
UChXOhG9bRDb3vSTg-qkPAZg,Gweilo-60,2019-02-15 13:06:39.018231,10684,0
UChXOhG9bRDb3vSTg-qkPAZg,Gweilo-60,2019-02-15 13:05:39.638519,10684,0
UChXOhG9bRDb3vSTg-qkPAZg,Gweilo-60,2019-02-15 13:04:39.313372,10684,0
UChXOhG9bRDb3vSTg-qkPAZg,Gweilo-60,2019-02-15 13:03:39.381507,10684,1
UChXOhG9bRDb3vSTg-qkPAZg,Gweilo-60,2019-02-15 13:02:39.744209,10683,1
UChXOhG9bRDb3vSTg-qkPAZg,Gweilo-60,2019-02-15 13:01:40.085905,10682,0
UChXOhG9bRDb3vSTg-qkPAZg,Gweilo-60,2019-02-15 13:00:39.388401,10682,0
UChXOhG9bRDb3vSTg-qkPAZg,Gweilo-60,2019-02-15 12:59:39.618381,10682,0
UChXOhG9bRDb3vSTg-qkPAZg,Gweilo-60,2019-02-15 12:58:39.853713,10682,0
UChXOhG9bRDb3vSTg-qkPAZg,Gweilo-60,2019-02-15 12:57:39.753445,10682,0
UChXOhG9bRDb3vSTg-qkPAZg,Gweilo-60,2019-02-15 12:56:40.544487,10682,0
UChXOhG9bRDb3vSTg-qkPAZg,Gweilo-60,2019-02-15 12:55:39.856512,10682,0
UChXOhG9bRDb3vSTg-qkPAZg,Gweilo-60,2019-02-15 12:54:39.798807,10682,0
UChXOhG9bRDb3vSTg-qkPAZg,Gweilo-60,2019-02-15 12:53:39.567638,10682,0
UChXOhG9bRDb3vSTg-qkPAZg,Gweilo-60,2019-02-15 12:52:39.263466,10682,0
UChXOhG9bRDb3vSTg-qkPAZg,Gweilo-60,2019-02-15 12:51:39.824533,10682,0
UChXOhG9bRDb3vSTg-qkPAZg,Gweilo-60,2019-02-15 12:50:39.492846,10682,0
UChXOhG9bRDb3vSTg-qkPAZg,Gweilo-60,2019-02-15 12:49:39.680698,10682,0
UChXOhG9bRDb3vSTg-qkPAZg,Gweilo-60,2019-02-15 12:48:39.571135,10682,0
UChXOhG9bRDb3vSTg-qkPAZg,Gweilo-60,2019-02-15 12:47:39.66093,10682,0
UChXOhG9bRDb3vSTg-qkPAZg,Gweilo-60,2019-02-15 12:46:39.394811,10682,0
UChXOhG9bRDb3vSTg-qkPAZg,Gweilo-60,2019-02-15 12:45:39.704756,10682,0
UChXOhG9bRDb3vSTg-qkPAZg,Gweilo-60,2019-02-15 12:44:40.660709,10682,0
UChXOhG9bRDb3vSTg-qkPAZg,Gweilo-60,2019-02-15 12:43:40.159198,10682,0
UChXOhG9bRDb3vSTg-qkPAZg,Gweilo-60,2019-02-15 12:42:39.624237,10682,0
UChXOhG9bRDb3vSTg-qkPAZg,Gweilo-60,2019-02-15 12:41:40.102176,10682,0
UChXOhG9bRDb3vSTg-qkPAZg,Gweilo-60,2019-02-15 12:40:39.749123,10682,0
UChXOhG9bRDb3vSTg-qkPAZg,Gweilo-60,2019-02-15 12:39:39.650718,10682,0
UChXOhG9bRDb3vSTg-qkPAZg,Gweilo-60,2019-02-15 12:38:39.556304,10682,0
UChXOhG9bRDb3vSTg-qkPAZg,Gweilo-60,2019-02-15 12:37:39.572457,10682,0
UChXOhG9bRDb3vSTg-qkPAZg,Gweilo-60,2019-02-15 12:36:39.369283,10682,0
UChXOhG9bRDb3vSTg-qkPAZg,Gweilo-60,2019-02-15 12:35:39.382333,10682,0
UChXOhG9bRDb3vSTg-qkPAZg,Gweilo-60,2019-02-15 12:34:39.668217,10682,0
UChXOhG9bRDb3vSTg-qkPAZg,Gweilo-60,2019-02-15 12:33:40.347676,10682,0
UChXOhG9bRDb3vSTg-qkPAZg,Gweilo-60,2019-02-15 12:32:39.747985,10682,0
UChXOhG9bRDb3vSTg-qkPAZg,Gweilo-60,2019-02-15 12:31:39.505412,10682,0
UChXOhG9bRDb3vSTg-qkPAZg,Gweilo-60,2019-02-15 12:30:39.95558,10682,0
UChXOhG9bRDb3vSTg-qkPAZg,Gweilo-60,2019-02-15 12:29:39.636239,10682,0
UChXOhG9bRDb3vSTg-qkPAZg,Gweilo-60,2019-02-15 12:28:40.000761,10682,0
UChXOhG9bRDb3vSTg-qkPAZg,Gweilo-60,2019-02-15 12:27:39.462049,10682,0
UChXOhG9bRDb3vSTg-qkPAZg,Gweilo-60,2019-02-15 12:26:39.078586,10682,0
UChXOhG9bRDb3vSTg-qkPAZg,Gweilo-60,2019-02-15 12:25:39.336927,10682,0
UChXOhG9bRDb3vSTg-qkPAZg,Gweilo-60,2019-02-15 12:24:40.036958,10682,0
UChXOhG9bRDb3vSTg-qkPAZg,Gweilo-60,2019-02-15 12:23:40.017165,10682,0
UChXOhG9bRDb3vSTg-qkPAZg,Gweilo-60,2019-02-15 12:22:39.873028,10682,0
UChXOhG9bRDb3vSTg-qkPAZg,Gweilo-60,2019-02-15 12:21:39.25592,10682,0
UChXOhG9bRDb3vSTg-qkPAZg,Gweilo-60,2019-02-15 12:20:39.754275,10682,0
UChXOhG9bRDb3vSTg-qkPAZg,Gweilo-60,2019-02-15 12:19:39.410385,10682,0
UChXOhG9bRDb3vSTg-qkPAZg,Gweilo-60,2019-02-15 12:18:39.430467,10682,0
UChXOhG9bRDb3vSTg-qkPAZg,Gweilo-60,2019-02-15 12:17:39.679629,10682,0
UChXOhG9bRDb3vSTg-qkPAZg,Gweilo-60,2019-02-15 12:16:39.919052,10682,0
UChXOhG9bRDb3vSTg-qkPAZg,Gweilo-60,2019-02-15 12:15:39.592395,10682,0
UChXOhG9bRDb3vSTg-qkPAZg,Gweilo-60,2019-02-15 12:14:39.638425,10682,0
UChXOhG9bRDb3vSTg-qkPAZg,Gweilo-60,2019-02-15 12:13:40.60106,10682,0
UChXOhG9bRDb3vSTg-qkPAZg,Gweilo-60,2019-02-15 12:12:40.324238,10682,0
UChXOhG9bRDb3vSTg-qkPAZg,Gweilo-60,2019-02-15 12:11:39.180527,10682,0
UChXOhG9bRDb3vSTg-qkPAZg,Gweilo-60,2019-02-15 12:10:39.657512,10682,0
UChXOhG9bRDb3vSTg-qkPAZg,Gweilo-60,2019-02-15 12:09:39.302619,10682,0
UChXOhG9bRDb3vSTg-qkPAZg,Gweilo-60,2019-02-15 12:08:39.846286,10682,0
UChXOhG9bRDb3vSTg-qkPAZg,Gweilo-60,2019-02-15 12:07:40.093982,10682,0
UChXOhG9bRDb3vSTg-qkPAZg,Gweilo-60,2019-02-15 12:06:39.972959,10682,0
UChXOhG9bRDb3vSTg-qkPAZg,Gweilo-60,2019-02-15 12:05:39.789466,10682,0
UChXOhG9bRDb3vSTg-qkPAZg,Gweilo-60,2019-02-15 12:04:39.497351,10682,0
UChXOhG9bRDb3vSTg-qkPAZg,Gweilo-60,2019-02-15 12:03:39.487898,10682,0
UChXOhG9bRDb3vSTg-qkPAZg,Gweilo-60,2019-02-15 12:02:40.115604,10682,0
UChXOhG9bRDb3vSTg-qkPAZg,Gweilo-60,2019-02-15 12:01:40.948009,10682,0
UChXOhG9bRDb3vSTg-qkPAZg,Gweilo-60,2019-02-15 12:00:39.379564,10682,0
UChXOhG9bRDb3vSTg-qkPAZg,Gweilo-60,2019-02-15 11:59:39.904768,10682,0
UChXOhG9bRDb3vSTg-qkPAZg,Gweilo-60,2019-02-15 11:58:39.581753,10682,0
UChXOhG9bRDb3vSTg-qkPAZg,Gweilo-60,2019-02-15 11:57:39.325232,10682,0
UChXOhG9bRDb3vSTg-qkPAZg,Gweilo-60,2019-02-15 11:56:40.119443,10682,0
UChXOhG9bRDb3vSTg-qkPAZg,Gweilo-60,2019-02-15 11:55:40.268571,10682,0
UChXOhG9bRDb3vSTg-qkPAZg,Gweilo-60,2019-02-15 11:54:40.470586,10682,0
UChXOhG9bRDb3vSTg-qkPAZg,Gweilo-60,2019-02-15 11:53:39.618575,10682,0
UChXOhG9bRDb3vSTg-qkPAZg,Gweilo-60,2019-02-15 11:52:39.696545,10682,0
UChXOhG9bRDb3vSTg-qkPAZg,Gweilo-60,2019-02-15 11:51:40.202053,10682,0
UChXOhG9bRDb3vSTg-qkPAZg,Gweilo-60,2019-02-15 11:50:39.773763,10682,0
UChXOhG9bRDb3vSTg-qkPAZg,Gweilo-60,2019-02-15 11:49:39.564453,10682,0
UChXOhG9bRDb3vSTg-qkPAZg,Gweilo-60,2019-02-15 11:48:39.488415,10682,0
UChXOhG9bRDb3vSTg-qkPAZg,Gweilo-60,2019-02-15 11:47:39.762017,10682,0
UChXOhG9bRDb3vSTg-qkPAZg,Gweilo-60,2019-02-15 11:46:39.862018,10682,0
UChXOhG9bRDb3vSTg-qkPAZg,Gweilo-60,2019-02-15 11:45:40.422105,10682,0
UChXOhG9bRDb3vSTg-qkPAZg,Gweilo-60,2019-02-15 11:44:43.054559,10682,0
UChXOhG9bRDb3vSTg-qkPAZg,Gweilo-60,2019-02-15 11:43:39.464176,10682,0
UChXOhG9bRDb3vSTg-qkPAZg,Gweilo-60,2019-02-15 11:42:39.911666,10682,0
UChXOhG9bRDb3vSTg-qkPAZg,Gweilo-60,2019-02-15 11:41:39.755597,10682,0
UChXOhG9bRDb3vSTg-qkPAZg,Gweilo-60,2019-02-15 11:40:40.050506,10682,0
UChXOhG9bRDb3vSTg-qkPAZg,Gweilo-60,2019-02-15 11:39:39.851614,10682,0
UChXOhG9bRDb3vSTg-qkPAZg,Gweilo-60,2019-02-15 11:38:40.084584,10682,0
UChXOhG9bRDb3vSTg-qkPAZg,Gweilo-60,2019-02-15 11:37:39.640652,10682,0
UChXOhG9bRDb3vSTg-qkPAZg,Gweilo-60,2019-02-15 11:36:39.853678,10682,0
UChXOhG9bRDb3vSTg-qkPAZg,Gweilo-60,2019-02-15 11:35:39.148278,10682,0
UChXOhG9bRDb3vSTg-qkPAZg,Gweilo-60,2019-02-15 11:34:39.228478,10682,0
UChXOhG9bRDb3vSTg-qkPAZg,Gweilo-60,2019-02-15 11:33:39.362698,10682,0
UChXOhG9bRDb3vSTg-qkPAZg,Gweilo-60,2019-02-15 11:32:40.510289,10682,0
UChXOhG9bRDb3vSTg-qkPAZg,Gweilo-60,2019-02-15 11:31:40.336817,10682,0
UChXOhG9bRDb3vSTg-qkPAZg,Gweilo-60,2019-02-15 11:30:39.781265,10682,0
UChXOhG9bRDb3vSTg-qkPAZg,Gweilo-60,2019-02-15 11:29:40.546168,10682,0
UChXOhG9bRDb3vSTg-qkPAZg,Gweilo-60,2019-02-15 11:28:39.515245,10682,0
UChXOhG9bRDb3vSTg-qkPAZg,Gweilo-60,2019-02-15 11:27:39.617019,10682,0
UChXOhG9bRDb3vSTg-qkPAZg,Gweilo-60,2019-02-15 11:26:40.01647,10682,0
UChXOhG9bRDb3vSTg-qkPAZg,Gweilo-60,2019-02-15 11:25:39.454244,10682,0
UChXOhG9bRDb3vSTg-qkPAZg,Gweilo-60,2019-02-15 11:24:39.895654,10682,0
UChXOhG9bRDb3vSTg-qkPAZg,Gweilo-60,2019-02-15 11:23:39.833126,10682,0
UChXOhG9bRDb3vSTg-qkPAZg,Gweilo-60,2019-02-15 11:22:39.740736,10682,0
UChXOhG9bRDb3vSTg-qkPAZg,Gweilo-60,2019-02-15 11:21:39.135355,10682,0
UChXOhG9bRDb3vSTg-qkPAZg,Gweilo-60,2019-02-15 11:20:40.286885,10682,1
UChXOhG9bRDb3vSTg-qkPAZg,Gweilo-60,2019-02-15 11:19:39.774668,10681,0
UChXOhG9bRDb3vSTg-qkPAZg,Gweilo-60,2019-02-15 11:18:40.031672,10681,0
UChXOhG9bRDb3vSTg-qkPAZg,Gweilo-60,2019-02-15 11:17:39.179168,10681,0
UChXOhG9bRDb3vSTg-qkPAZg,Gweilo-60,2019-02-15 11:16:39.208261,10681,0
UChXOhG9bRDb3vSTg-qkPAZg,Gweilo-60,2019-02-15 11:15:39.531834,10681,0
UChXOhG9bRDb3vSTg-qkPAZg,Gweilo-60,2019-02-15 11:14:39.844585,10681,0
UChXOhG9bRDb3vSTg-qkPAZg,Gweilo-60,2019-02-15 11:13:39.666739,10681,0
UChXOhG9bRDb3vSTg-qkPAZg,Gweilo-60,2019-02-15 11:12:39.427941,10681,0
UChXOhG9bRDb3vSTg-qkPAZg,Gweilo-60,2019-02-15 11:11:39.796593,10681,0
UChXOhG9bRDb3vSTg-qkPAZg,Gweilo-60,2019-02-15 11:10:39.358784,10681,0
UChXOhG9bRDb3vSTg-qkPAZg,Gweilo-60,2019-02-15 11:09:40.316851,10681,0
UChXOhG9bRDb3vSTg-qkPAZg,Gweilo-60,2019-02-15 11:08:39.56914,10681,0
UChXOhG9bRDb3vSTg-qkPAZg,Gweilo-60,2019-02-15 11:07:39.322404,10681,0
UChXOhG9bRDb3vSTg-qkPAZg,Gweilo-60,2019-02-15 11:06:39.185211,10681,0
UChXOhG9bRDb3vSTg-qkPAZg,Gweilo-60,2019-02-15 11:05:39.073608,10681,0
UChXOhG9bRDb3vSTg-qkPAZg,Gweilo-60,2019-02-15 11:04:39.289476,10681,1
UChXOhG9bRDb3vSTg-qkPAZg,Gweilo-60,2019-02-15 11:03:39.213398,10680,0
UChXOhG9bRDb3vSTg-qkPAZg,Gweilo-60,2019-02-15 11:02:39.478411,10680,0
UChXOhG9bRDb3vSTg-qkPAZg,Gweilo-60,2019-02-15 11:01:39.831352,10680,0
UChXOhG9bRDb3vSTg-qkPAZg,Gweilo-60,2019-02-15 11:00:39.138312,10680,0
UChXOhG9bRDb3vSTg-qkPAZg,Gweilo-60,2019-02-15 10:59:39.5026,10680,0
UChXOhG9bRDb3vSTg-qkPAZg,Gweilo-60,2019-02-15 10:58:39.580965,10680,0
UChXOhG9bRDb3vSTg-qkPAZg,Gweilo-60,2019-02-15 10:57:39.237756,10680,0
UChXOhG9bRDb3vSTg-qkPAZg,Gweilo-60,2019-02-15 10:56:39.734047,10680,0
UChXOhG9bRDb3vSTg-qkPAZg,Gweilo-60,2019-02-15 10:55:39.204533,10680,0
UChXOhG9bRDb3vSTg-qkPAZg,Gweilo-60,2019-02-15 10:54:39.132068,10680,0
UChXOhG9bRDb3vSTg-qkPAZg,Gweilo-60,2019-02-15 10:53:39.529581,10680,0
UChXOhG9bRDb3vSTg-qkPAZg,Gweilo-60,2019-02-15 10:52:39.770997,10680,0
UChXOhG9bRDb3vSTg-qkPAZg,Gweilo-60,2019-02-15 10:51:39.661459,10680,0
UChXOhG9bRDb3vSTg-qkPAZg,Gweilo-60,2019-02-15 10:50:39.597362,10680,0
UChXOhG9bRDb3vSTg-qkPAZg,Gweilo-60,2019-02-15 10:49:39.395407,10680,0
UChXOhG9bRDb3vSTg-qkPAZg,Gweilo-60,2019-02-15 10:48:39.327299,10680,0
UChXOhG9bRDb3vSTg-qkPAZg,Gweilo-60,2019-02-15 10:47:39.14662,10680,0
UChXOhG9bRDb3vSTg-qkPAZg,Gweilo-60,2019-02-15 10:46:39.776524,10680,0
UChXOhG9bRDb3vSTg-qkPAZg,Gweilo-60,2019-02-15 10:45:39.265645,10680,0
UChXOhG9bRDb3vSTg-qkPAZg,Gweilo-60,2019-02-15 10:44:39.049613,10680,0
UChXOhG9bRDb3vSTg-qkPAZg,Gweilo-60,2019-02-15 10:43:39.22124,10680,0
UChXOhG9bRDb3vSTg-qkPAZg,Gweilo-60,2019-02-15 10:42:38.871689,10680,0
UChXOhG9bRDb3vSTg-qkPAZg,Gweilo-60,2019-02-15 10:41:39.284837,10680,0
UChXOhG9bRDb3vSTg-qkPAZg,Gweilo-60,2019-02-15 10:40:39.956789,10680,0
UChXOhG9bRDb3vSTg-qkPAZg,Gweilo-60,2019-02-15 10:39:39.211517,10680,0
UChXOhG9bRDb3vSTg-qkPAZg,Gweilo-60,2019-02-15 10:38:39.616918,10680,0
UChXOhG9bRDb3vSTg-qkPAZg,Gweilo-60,2019-02-15 10:37:39.464737,10680,0
UChXOhG9bRDb3vSTg-qkPAZg,Gweilo-60,2019-02-15 10:36:39.279452,10680,0
UChXOhG9bRDb3vSTg-qkPAZg,Gweilo-60,2019-02-15 10:35:39.770983,10680,0
UChXOhG9bRDb3vSTg-qkPAZg,Gweilo-60,2019-02-15 10:34:39.687002,10680,0
UChXOhG9bRDb3vSTg-qkPAZg,Gweilo-60,2019-02-15 10:33:39.658554,10680,0
UChXOhG9bRDb3vSTg-qkPAZg,Gweilo-60,2019-02-15 10:32:39.416194,10680,0
UChXOhG9bRDb3vSTg-qkPAZg,Gweilo-60,2019-02-15 10:31:40.280768,10680,0
UChXOhG9bRDb3vSTg-qkPAZg,Gweilo-60,2019-02-15 10:30:39.238233,10680,0
UChXOhG9bRDb3vSTg-qkPAZg,Gweilo-60,2019-02-15 10:29:38.862258,10680,0
UChXOhG9bRDb3vSTg-qkPAZg,Gweilo-60,2019-02-15 10:28:39.256972,10680,0
UChXOhG9bRDb3vSTg-qkPAZg,Gweilo-60,2019-02-15 10:27:40.605631,10680,0
UChXOhG9bRDb3vSTg-qkPAZg,Gweilo-60,2019-02-15 10:26:39.940811,10680,0
UChXOhG9bRDb3vSTg-qkPAZg,Gweilo-60,2019-02-15 10:25:39.608293,10680,0
UChXOhG9bRDb3vSTg-qkPAZg,Gweilo-60,2019-02-15 10:24:39.977328,10680,0
UChXOhG9bRDb3vSTg-qkPAZg,Gweilo-60,2019-02-15 10:23:39.775539,10680,0
UChXOhG9bRDb3vSTg-qkPAZg,Gweilo-60,2019-02-15 10:22:39.362692,10680,0
UChXOhG9bRDb3vSTg-qkPAZg,Gweilo-60,2019-02-15 10:21:39.535093,10680,0
UChXOhG9bRDb3vSTg-qkPAZg,Gweilo-60,2019-02-15 10:20:39.919971,10680,0
UChXOhG9bRDb3vSTg-qkPAZg,Gweilo-60,2019-02-15 10:19:39.83023,10680,0
UChXOhG9bRDb3vSTg-qkPAZg,Gweilo-60,2019-02-15 10:18:39.083529,10680,0
UChXOhG9bRDb3vSTg-qkPAZg,Gweilo-60,2019-02-15 10:17:39.541321,10680,0
UChXOhG9bRDb3vSTg-qkPAZg,Gweilo-60,2019-02-15 10:16:39.433415,10680,0
UChXOhG9bRDb3vSTg-qkPAZg,Gweilo-60,2019-02-15 10:15:39.666944,10680,0
UChXOhG9bRDb3vSTg-qkPAZg,Gweilo-60,2019-02-15 10:14:39.256849,10680,0
UChXOhG9bRDb3vSTg-qkPAZg,Gweilo-60,2019-02-15 10:13:39.440566,10680,0
UChXOhG9bRDb3vSTg-qkPAZg,Gweilo-60,2019-02-15 10:12:40.545259,10680,0
UChXOhG9bRDb3vSTg-qkPAZg,Gweilo-60,2019-02-15 10:11:39.779234,10680,0
UChXOhG9bRDb3vSTg-qkPAZg,Gweilo-60,2019-02-15 10:10:39.224679,10680,0
UChXOhG9bRDb3vSTg-qkPAZg,Gweilo-60,2019-02-15 10:09:39.453855,10680,0
UChXOhG9bRDb3vSTg-qkPAZg,Gweilo-60,2019-02-15 10:08:39.170965,10680,0
UChXOhG9bRDb3vSTg-qkPAZg,Gweilo-60,2019-02-15 10:07:39.913145,10680,0
UChXOhG9bRDb3vSTg-qkPAZg,Gweilo-60,2019-02-15 10:06:39.327963,10680,0
UChXOhG9bRDb3vSTg-qkPAZg,Gweilo-60,2019-02-15 10:05:39.198766,10680,0
UChXOhG9bRDb3vSTg-qkPAZg,Gweilo-60,2019-02-15 10:04:39.177616,10680,0
UChXOhG9bRDb3vSTg-qkPAZg,Gweilo-60,2019-02-15 10:03:38.784232,10680,0
UChXOhG9bRDb3vSTg-qkPAZg,Gweilo-60,2019-02-15 10:02:38.618215,10680,0
UChXOhG9bRDb3vSTg-qkPAZg,Gweilo-60,2019-02-15 10:01:39.953124,10680,0
UChXOhG9bRDb3vSTg-qkPAZg,Gweilo-60,2019-02-15 10:00:39.254779,10680,0
UChXOhG9bRDb3vSTg-qkPAZg,Gweilo-60,2019-02-15 09:59:39.368499,10680,0
UChXOhG9bRDb3vSTg-qkPAZg,Gweilo-60,2019-02-15 09:58:39.142808,10680,0
UChXOhG9bRDb3vSTg-qkPAZg,Gweilo-60,2019-02-15 09:57:39.106566,10680,0
UChXOhG9bRDb3vSTg-qkPAZg,Gweilo-60,2019-02-15 09:56:39.307547,10680,0
UChXOhG9bRDb3vSTg-qkPAZg,Gweilo-60,2019-02-15 09:55:39.762143,10680,0
UChXOhG9bRDb3vSTg-qkPAZg,Gweilo-60,2019-02-15 09:54:39.275103,10680,0
UChXOhG9bRDb3vSTg-qkPAZg,Gweilo-60,2019-02-15 09:53:39.831201,10680,0
UChXOhG9bRDb3vSTg-qkPAZg,Gweilo-60,2019-02-15 09:52:39.15061,10680,0
UChXOhG9bRDb3vSTg-qkPAZg,Gweilo-60,2019-02-15 09:51:39.46327,10680,0
UChXOhG9bRDb3vSTg-qkPAZg,Gweilo-60,2019-02-15 09:50:39.554501,10680,0
UChXOhG9bRDb3vSTg-qkPAZg,Gweilo-60,2019-02-15 09:49:39.21768,10680,0
UChXOhG9bRDb3vSTg-qkPAZg,Gweilo-60,2019-02-15 09:48:39.187808,10680,0
UChXOhG9bRDb3vSTg-qkPAZg,Gweilo-60,2019-02-15 09:47:39.543927,10680,0
UChXOhG9bRDb3vSTg-qkPAZg,Gweilo-60,2019-02-15 09:46:39.726871,10680,0
UChXOhG9bRDb3vSTg-qkPAZg,Gweilo-60,2019-02-15 09:45:39.712118,10680,0
UChXOhG9bRDb3vSTg-qkPAZg,Gweilo-60,2019-02-15 09:44:40.042008,10680,0
UChXOhG9bRDb3vSTg-qkPAZg,Gweilo-60,2019-02-15 09:43:39.121732,10680,0
UChXOhG9bRDb3vSTg-qkPAZg,Gweilo-60,2019-02-15 09:42:39.709755,10680,0
UChXOhG9bRDb3vSTg-qkPAZg,Gweilo-60,2019-02-15 09:41:39.845784,10680,0
UChXOhG9bRDb3vSTg-qkPAZg,Gweilo-60,2019-02-15 09:40:40.0279,10680,0
UChXOhG9bRDb3vSTg-qkPAZg,Gweilo-60,2019-02-15 09:39:39.143655,10680,0
UChXOhG9bRDb3vSTg-qkPAZg,Gweilo-60,2019-02-15 09:38:39.251744,10680,0
UChXOhG9bRDb3vSTg-qkPAZg,Gweilo-60,2019-02-15 09:37:39.337403,10680,0
UChXOhG9bRDb3vSTg-qkPAZg,Gweilo-60,2019-02-15 09:36:39.614002,10680,0
UChXOhG9bRDb3vSTg-qkPAZg,Gweilo-60,2019-02-15 09:35:39.526186,10680,0
UChXOhG9bRDb3vSTg-qkPAZg,Gweilo-60,2019-02-15 09:34:39.293173,10680,0
UChXOhG9bRDb3vSTg-qkPAZg,Gweilo-60,2019-02-15 09:33:39.543263,10680,0
UChXOhG9bRDb3vSTg-qkPAZg,Gweilo-60,2019-02-15 09:32:39.560472,10680,0
UChXOhG9bRDb3vSTg-qkPAZg,Gweilo-60,2019-02-15 09:31:39.459487,10680,0
UChXOhG9bRDb3vSTg-qkPAZg,Gweilo-60,2019-02-15 09:30:39.272368,10680,0
UChXOhG9bRDb3vSTg-qkPAZg,Gweilo-60,2019-02-15 09:29:39.51799,10680,0
UChXOhG9bRDb3vSTg-qkPAZg,Gweilo-60,2019-02-15 09:28:39.629402,10680,0
UChXOhG9bRDb3vSTg-qkPAZg,Gweilo-60,2019-02-15 09:27:38.972914,10680,0
UChXOhG9bRDb3vSTg-qkPAZg,Gweilo-60,2019-02-15 09:26:39.180177,10680,0
UChXOhG9bRDb3vSTg-qkPAZg,Gweilo-60,2019-02-15 09:25:39.217844,10680,0
UChXOhG9bRDb3vSTg-qkPAZg,Gweilo-60,2019-02-15 09:24:39.219866,10680,0
UChXOhG9bRDb3vSTg-qkPAZg,Gweilo-60,2019-02-15 09:23:39.127406,10680,0
UChXOhG9bRDb3vSTg-qkPAZg,Gweilo-60,2019-02-15 09:22:39.10932,10680,0
UChXOhG9bRDb3vSTg-qkPAZg,Gweilo-60,2019-02-15 09:21:39.077743,10680,0
UChXOhG9bRDb3vSTg-qkPAZg,Gweilo-60,2019-02-15 09:20:39.6123,10680,0
UChXOhG9bRDb3vSTg-qkPAZg,Gweilo-60,2019-02-15 09:19:39.287231,10680,0
UChXOhG9bRDb3vSTg-qkPAZg,Gweilo-60,2019-02-15 09:18:39.226991,10680,0
UChXOhG9bRDb3vSTg-qkPAZg,Gweilo-60,2019-02-15 09:17:40.357078,10680,0
UChXOhG9bRDb3vSTg-qkPAZg,Gweilo-60,2019-02-15 09:16:40.028261,10680,0
UChXOhG9bRDb3vSTg-qkPAZg,Gweilo-60,2019-02-15 09:15:39.287953,10680,0
UChXOhG9bRDb3vSTg-qkPAZg,Gweilo-60,2019-02-15 09:14:39.570655,10680,0
UChXOhG9bRDb3vSTg-qkPAZg,Gweilo-60,2019-02-15 09:13:39.53837,10680,0
UChXOhG9bRDb3vSTg-qkPAZg,Gweilo-60,2019-02-15 09:12:39.605756,10680,0
UChXOhG9bRDb3vSTg-qkPAZg,Gweilo-60,2019-02-15 09:11:39.113645,10680,0
UChXOhG9bRDb3vSTg-qkPAZg,Gweilo-60,2019-02-15 09:10:39.804679,10680,0
UChXOhG9bRDb3vSTg-qkPAZg,Gweilo-60,2019-02-15 09:09:39.631507,10680,0
UChXOhG9bRDb3vSTg-qkPAZg,Gweilo-60,2019-02-15 09:08:39.274982,10680,0
UChXOhG9bRDb3vSTg-qkPAZg,Gweilo-60,2019-02-15 09:07:39.41118,10680,0
UChXOhG9bRDb3vSTg-qkPAZg,Gweilo-60,2019-02-15 09:06:38.94615,10680,0
UChXOhG9bRDb3vSTg-qkPAZg,Gweilo-60,2019-02-15 09:05:39.517049,10680,0
UChXOhG9bRDb3vSTg-qkPAZg,Gweilo-60,2019-02-15 09:04:39.693241,10680,0
UChXOhG9bRDb3vSTg-qkPAZg,Gweilo-60,2019-02-15 09:03:39.369607,10680,0
UChXOhG9bRDb3vSTg-qkPAZg,Gweilo-60,2019-02-15 09:02:39.523708,10680,0
UChXOhG9bRDb3vSTg-qkPAZg,Gweilo-60,2019-02-15 09:01:39.87527,10680,0
UChXOhG9bRDb3vSTg-qkPAZg,Gweilo-60,2019-02-15 09:00:39.365898,10680,0
UChXOhG9bRDb3vSTg-qkPAZg,Gweilo-60,2019-02-15 08:59:39.87738,10680,0
UChXOhG9bRDb3vSTg-qkPAZg,Gweilo-60,2019-02-15 08:58:39.018927,10680,0
UChXOhG9bRDb3vSTg-qkPAZg,Gweilo-60,2019-02-15 08:57:39.380406,10680,0
UChXOhG9bRDb3vSTg-qkPAZg,Gweilo-60,2019-02-15 08:56:39.59014,10680,0
UChXOhG9bRDb3vSTg-qkPAZg,Gweilo-60,2019-02-15 08:55:39.043539,10680,0
UChXOhG9bRDb3vSTg-qkPAZg,Gweilo-60,2019-02-15 08:54:38.896693,10680,0
UChXOhG9bRDb3vSTg-qkPAZg,Gweilo-60,2019-02-15 08:53:39.163073,10680,0
UChXOhG9bRDb3vSTg-qkPAZg,Gweilo-60,2019-02-15 08:52:39.692126,10680,0
UChXOhG9bRDb3vSTg-qkPAZg,Gweilo-60,2019-02-15 08:51:39.272915,10680,0
UChXOhG9bRDb3vSTg-qkPAZg,Gweilo-60,2019-02-15 08:50:39.021975,10680,0
UChXOhG9bRDb3vSTg-qkPAZg,Gweilo-60,2019-02-15 08:49:39.660602,10680,0
UChXOhG9bRDb3vSTg-qkPAZg,Gweilo-60,2019-02-15 08:48:39.521666,10680,1
UChXOhG9bRDb3vSTg-qkPAZg,Gweilo-60,2019-02-15 08:47:39.96793,10679,0
UChXOhG9bRDb3vSTg-qkPAZg,Gweilo-60,2019-02-15 08:46:39.459368,10679,0
UChXOhG9bRDb3vSTg-qkPAZg,Gweilo-60,2019-02-15 08:45:40.04486,10679,0
UChXOhG9bRDb3vSTg-qkPAZg,Gweilo-60,2019-02-15 08:44:39.059017,10679,0
UChXOhG9bRDb3vSTg-qkPAZg,Gweilo-60,2019-02-15 08:43:39.457025,10679,0
UChXOhG9bRDb3vSTg-qkPAZg,Gweilo-60,2019-02-15 08:42:40.008764,10679,0
UChXOhG9bRDb3vSTg-qkPAZg,Gweilo-60,2019-02-15 08:41:39.289861,10679,0
UChXOhG9bRDb3vSTg-qkPAZg,Gweilo-60,2019-02-15 08:40:39.42948,10679,0
UChXOhG9bRDb3vSTg-qkPAZg,Gweilo-60,2019-02-15 08:39:39.127623,10679,0
UChXOhG9bRDb3vSTg-qkPAZg,Gweilo-60,2019-02-15 08:38:39.317707,10679,0
UChXOhG9bRDb3vSTg-qkPAZg,Gweilo-60,2019-02-15 08:37:40.293124,10679,0
UChXOhG9bRDb3vSTg-qkPAZg,Gweilo-60,2019-02-15 08:36:39.205226,10679,0
UChXOhG9bRDb3vSTg-qkPAZg,Gweilo-60,2019-02-15 08:35:39.147705,10679,0
UChXOhG9bRDb3vSTg-qkPAZg,Gweilo-60,2019-02-15 08:34:39.93363,10679,0
UChXOhG9bRDb3vSTg-qkPAZg,Gweilo-60,2019-02-15 08:33:39.625752,10679,0
UChXOhG9bRDb3vSTg-qkPAZg,Gweilo-60,2019-02-15 08:32:40.205481,10679,0
UChXOhG9bRDb3vSTg-qkPAZg,Gweilo-60,2019-02-15 08:31:39.890826,10679,0
UChXOhG9bRDb3vSTg-qkPAZg,Gweilo-60,2019-02-15 08:30:39.106507,10679,0
UChXOhG9bRDb3vSTg-qkPAZg,Gweilo-60,2019-02-15 08:29:39.162572,10679,0
UChXOhG9bRDb3vSTg-qkPAZg,Gweilo-60,2019-02-15 08:28:39.410382,10679,0
UChXOhG9bRDb3vSTg-qkPAZg,Gweilo-60,2019-02-15 08:27:39.597279,10679,0
UChXOhG9bRDb3vSTg-qkPAZg,Gweilo-60,2019-02-15 08:26:40.361159,10679,1
UChXOhG9bRDb3vSTg-qkPAZg,Gweilo-60,2019-02-15 08:25:39.312866,10678,0
UChXOhG9bRDb3vSTg-qkPAZg,Gweilo-60,2019-02-15 08:24:39.634003,10678,0
UChXOhG9bRDb3vSTg-qkPAZg,Gweilo-60,2019-02-15 08:23:39.646095,10678,0
UChXOhG9bRDb3vSTg-qkPAZg,Gweilo-60,2019-02-15 08:22:39.2193,10678,0
UChXOhG9bRDb3vSTg-qkPAZg,Gweilo-60,2019-02-15 08:21:39.780431,10678,0
UChXOhG9bRDb3vSTg-qkPAZg,Gweilo-60,2019-02-15 08:20:39.181724,10678,0
UChXOhG9bRDb3vSTg-qkPAZg,Gweilo-60,2019-02-15 08:19:39.663799,10678,0
UChXOhG9bRDb3vSTg-qkPAZg,Gweilo-60,2019-02-15 08:18:39.197933,10678,0
UChXOhG9bRDb3vSTg-qkPAZg,Gweilo-60,2019-02-15 08:17:39.368481,10678,0
UChXOhG9bRDb3vSTg-qkPAZg,Gweilo-60,2019-02-15 08:16:39.952147,10678,0
UChXOhG9bRDb3vSTg-qkPAZg,Gweilo-60,2019-02-15 08:15:39.496509,10678,0
UChXOhG9bRDb3vSTg-qkPAZg,Gweilo-60,2019-02-15 08:14:39.439098,10678,0
UChXOhG9bRDb3vSTg-qkPAZg,Gweilo-60,2019-02-15 08:13:39.492365,10678,0
UChXOhG9bRDb3vSTg-qkPAZg,Gweilo-60,2019-02-15 08:12:38.783652,10678,0
UChXOhG9bRDb3vSTg-qkPAZg,Gweilo-60,2019-02-15 08:11:39.797827,10678,0
UChXOhG9bRDb3vSTg-qkPAZg,Gweilo-60,2019-02-15 08:10:39.933581,10678,0
UChXOhG9bRDb3vSTg-qkPAZg,Gweilo-60,2019-02-15 08:09:39.495388,10678,0
UChXOhG9bRDb3vSTg-qkPAZg,Gweilo-60,2019-02-15 08:08:39.552738,10678,0
UChXOhG9bRDb3vSTg-qkPAZg,Gweilo-60,2019-02-15 08:07:39.307281,10678,0
UChXOhG9bRDb3vSTg-qkPAZg,Gweilo-60,2019-02-15 08:06:39.316317,10678,0
UChXOhG9bRDb3vSTg-qkPAZg,Gweilo-60,2019-02-15 08:05:39.97191,10678,0
UChXOhG9bRDb3vSTg-qkPAZg,Gweilo-60,2019-02-15 08:04:39.977373,10678,0
UChXOhG9bRDb3vSTg-qkPAZg,Gweilo-60,2019-02-15 08:03:39.864312,10678,0
UChXOhG9bRDb3vSTg-qkPAZg,Gweilo-60,2019-02-15 08:02:39.770411,10678,0
UChXOhG9bRDb3vSTg-qkPAZg,Gweilo-60,2019-02-15 08:01:39.389013,10678,0
UChXOhG9bRDb3vSTg-qkPAZg,Gweilo-60,2019-02-15 08:00:39.762479,10678,0
UChXOhG9bRDb3vSTg-qkPAZg,Gweilo-60,2019-02-15 07:59:39.679686,10678,0
UChXOhG9bRDb3vSTg-qkPAZg,Gweilo-60,2019-02-15 07:58:40.207802,10678,0
UChXOhG9bRDb3vSTg-qkPAZg,Gweilo-60,2019-02-15 07:57:39.836855,10678,0
UChXOhG9bRDb3vSTg-qkPAZg,Gweilo-60,2019-02-15 07:56:39.188153,10678,0
UChXOhG9bRDb3vSTg-qkPAZg,Gweilo-60,2019-02-15 07:55:39.535778,10678,0
UChXOhG9bRDb3vSTg-qkPAZg,Gweilo-60,2019-02-15 07:54:39.214037,10678,0
UChXOhG9bRDb3vSTg-qkPAZg,Gweilo-60,2019-02-15 07:53:39.207351,10678,0
UChXOhG9bRDb3vSTg-qkPAZg,Gweilo-60,2019-02-15 07:52:39.863185,10678,0
UChXOhG9bRDb3vSTg-qkPAZg,Gweilo-60,2019-02-15 07:51:39.142849,10678,0
UChXOhG9bRDb3vSTg-qkPAZg,Gweilo-60,2019-02-15 07:50:38.98864,10678,0
UChXOhG9bRDb3vSTg-qkPAZg,Gweilo-60,2019-02-15 07:49:38.613009,10678,0
UChXOhG9bRDb3vSTg-qkPAZg,Gweilo-60,2019-02-15 07:48:40.008197,10678,0
UChXOhG9bRDb3vSTg-qkPAZg,Gweilo-60,2019-02-15 07:47:39.721328,10678,0
UChXOhG9bRDb3vSTg-qkPAZg,Gweilo-60,2019-02-15 07:46:39.512811,10678,0
UChXOhG9bRDb3vSTg-qkPAZg,Gweilo-60,2019-02-15 07:45:39.134432,10678,0
UChXOhG9bRDb3vSTg-qkPAZg,Gweilo-60,2019-02-15 07:44:38.374101,10678,0
UChXOhG9bRDb3vSTg-qkPAZg,Gweilo-60,2019-02-15 07:43:39.285296,10678,0
UChXOhG9bRDb3vSTg-qkPAZg,Gweilo-60,2019-02-15 07:42:39.116523,10678,0
UChXOhG9bRDb3vSTg-qkPAZg,Gweilo-60,2019-02-15 07:41:39.596725,10678,0
UChXOhG9bRDb3vSTg-qkPAZg,Gweilo-60,2019-02-15 07:40:38.933364,10678,0
UChXOhG9bRDb3vSTg-qkPAZg,Gweilo-60,2019-02-15 07:39:39.476236,10678,0
UChXOhG9bRDb3vSTg-qkPAZg,Gweilo-60,2019-02-15 07:38:39.770507,10678,0
UChXOhG9bRDb3vSTg-qkPAZg,Gweilo-60,2019-02-15 07:37:39.518329,10678,0
UChXOhG9bRDb3vSTg-qkPAZg,Gweilo-60,2019-02-15 07:36:38.906326,10678,0
UChXOhG9bRDb3vSTg-qkPAZg,Gweilo-60,2019-02-15 07:35:38.960382,10678,0
UChXOhG9bRDb3vSTg-qkPAZg,Gweilo-60,2019-02-15 07:34:39.649698,10678,0
UChXOhG9bRDb3vSTg-qkPAZg,Gweilo-60,2019-02-15 07:33:38.844132,10678,0
UChXOhG9bRDb3vSTg-qkPAZg,Gweilo-60,2019-02-15 07:32:38.894954,10678,0
UChXOhG9bRDb3vSTg-qkPAZg,Gweilo-60,2019-02-15 07:31:39.066373,10678,0
UChXOhG9bRDb3vSTg-qkPAZg,Gweilo-60,2019-02-15 07:30:39.285879,10678,0
UChXOhG9bRDb3vSTg-qkPAZg,Gweilo-60,2019-02-15 07:29:40.26984,10678,0
UChXOhG9bRDb3vSTg-qkPAZg,Gweilo-60,2019-02-15 07:28:39.0783,10678,0
UChXOhG9bRDb3vSTg-qkPAZg,Gweilo-60,2019-02-15 07:27:39.692375,10678,0
UChXOhG9bRDb3vSTg-qkPAZg,Gweilo-60,2019-02-15 07:26:39.551866,10678,0
UChXOhG9bRDb3vSTg-qkPAZg,Gweilo-60,2019-02-15 07:25:38.858687,10678,0
UChXOhG9bRDb3vSTg-qkPAZg,Gweilo-60,2019-02-15 07:24:39.13352,10678,0
UChXOhG9bRDb3vSTg-qkPAZg,Gweilo-60,2019-02-15 07:23:38.985004,10678,0
UChXOhG9bRDb3vSTg-qkPAZg,Gweilo-60,2019-02-15 07:22:38.999387,10678,0
UChXOhG9bRDb3vSTg-qkPAZg,Gweilo-60,2019-02-15 07:21:39.605236,10678,0
UChXOhG9bRDb3vSTg-qkPAZg,Gweilo-60,2019-02-15 07:20:39.420625,10678,0
UChXOhG9bRDb3vSTg-qkPAZg,Gweilo-60,2019-02-15 07:19:39.342135,10678,0
UChXOhG9bRDb3vSTg-qkPAZg,Gweilo-60,2019-02-15 07:18:38.807374,10678,0
UChXOhG9bRDb3vSTg-qkPAZg,Gweilo-60,2019-02-15 07:17:39.230398,10678,0
UChXOhG9bRDb3vSTg-qkPAZg,Gweilo-60,2019-02-15 07:16:39.520721,10678,0
UChXOhG9bRDb3vSTg-qkPAZg,Gweilo-60,2019-02-15 07:15:39.345034,10678,0
UChXOhG9bRDb3vSTg-qkPAZg,Gweilo-60,2019-02-15 07:14:39.388357,10678,0
UChXOhG9bRDb3vSTg-qkPAZg,Gweilo-60,2019-02-15 07:13:39.134722,10678,0
UChXOhG9bRDb3vSTg-qkPAZg,Gweilo-60,2019-02-15 07:12:39.76065,10678,0
UChXOhG9bRDb3vSTg-qkPAZg,Gweilo-60,2019-02-15 07:11:39.459718,10678,0
UChXOhG9bRDb3vSTg-qkPAZg,Gweilo-60,2019-02-15 07:10:39.993678,10678,0
UChXOhG9bRDb3vSTg-qkPAZg,Gweilo-60,2019-02-15 07:09:39.232972,10678,0
UChXOhG9bRDb3vSTg-qkPAZg,Gweilo-60,2019-02-15 07:08:40.34408,10678,0
UChXOhG9bRDb3vSTg-qkPAZg,Gweilo-60,2019-02-15 07:07:39.254049,10678,0
UChXOhG9bRDb3vSTg-qkPAZg,Gweilo-60,2019-02-15 07:06:39.182725,10678,0
UChXOhG9bRDb3vSTg-qkPAZg,Gweilo-60,2019-02-15 07:05:38.890129,10678,0
UChXOhG9bRDb3vSTg-qkPAZg,Gweilo-60,2019-02-15 07:04:39.170393,10678,0
UChXOhG9bRDb3vSTg-qkPAZg,Gweilo-60,2019-02-15 07:03:39.329074,10678,0
UChXOhG9bRDb3vSTg-qkPAZg,Gweilo-60,2019-02-15 07:02:38.760858,10678,0
UChXOhG9bRDb3vSTg-qkPAZg,Gweilo-60,2019-02-15 07:01:39.571012,10678,0
UChXOhG9bRDb3vSTg-qkPAZg,Gweilo-60,2019-02-15 07:00:40.155533,10678,0
UChXOhG9bRDb3vSTg-qkPAZg,Gweilo-60,2019-02-15 06:59:39.887355,10678,0
UChXOhG9bRDb3vSTg-qkPAZg,Gweilo-60,2019-02-15 06:58:39.313338,10678,0
UChXOhG9bRDb3vSTg-qkPAZg,Gweilo-60,2019-02-15 06:57:39.35544,10678,0
UChXOhG9bRDb3vSTg-qkPAZg,Gweilo-60,2019-02-15 06:56:39.193668,10678,0
UChXOhG9bRDb3vSTg-qkPAZg,Gweilo-60,2019-02-15 06:55:39.404403,10678,0
UChXOhG9bRDb3vSTg-qkPAZg,Gweilo-60,2019-02-15 06:54:39.405329,10678,0
UChXOhG9bRDb3vSTg-qkPAZg,Gweilo-60,2019-02-15 06:53:39.687786,10678,0
UChXOhG9bRDb3vSTg-qkPAZg,Gweilo-60,2019-02-15 06:52:39.570536,10678,0
UChXOhG9bRDb3vSTg-qkPAZg,Gweilo-60,2019-02-15 06:51:39.232942,10678,0
UChXOhG9bRDb3vSTg-qkPAZg,Gweilo-60,2019-02-15 06:50:38.968409,10678,0
UChXOhG9bRDb3vSTg-qkPAZg,Gweilo-60,2019-02-15 06:49:39.45163,10678,0
UChXOhG9bRDb3vSTg-qkPAZg,Gweilo-60,2019-02-15 06:48:39.544247,10678,0
UChXOhG9bRDb3vSTg-qkPAZg,Gweilo-60,2019-02-15 06:47:38.907802,10678,0
UChXOhG9bRDb3vSTg-qkPAZg,Gweilo-60,2019-02-15 06:46:39.931897,10678,0
UChXOhG9bRDb3vSTg-qkPAZg,Gweilo-60,2019-02-15 06:45:39.291709,10678,0
UChXOhG9bRDb3vSTg-qkPAZg,Gweilo-60,2019-02-15 06:44:39.243562,10678,0
UChXOhG9bRDb3vSTg-qkPAZg,Gweilo-60,2019-02-15 06:43:39.065227,10678,0
UChXOhG9bRDb3vSTg-qkPAZg,Gweilo-60,2019-02-15 06:42:39.292786,10678,0
UChXOhG9bRDb3vSTg-qkPAZg,Gweilo-60,2019-02-15 06:41:39.398971,10678,0
UChXOhG9bRDb3vSTg-qkPAZg,Gweilo-60,2019-02-15 06:40:39.807905,10678,0
UChXOhG9bRDb3vSTg-qkPAZg,Gweilo-60,2019-02-15 06:39:39.392937,10678,0
UChXOhG9bRDb3vSTg-qkPAZg,Gweilo-60,2019-02-15 06:38:39.326253,10678,0
UChXOhG9bRDb3vSTg-qkPAZg,Gweilo-60,2019-02-15 06:37:39.194196,10678,0
UChXOhG9bRDb3vSTg-qkPAZg,Gweilo-60,2019-02-15 06:36:38.97717,10678,0
UChXOhG9bRDb3vSTg-qkPAZg,Gweilo-60,2019-02-15 06:35:39.52802,10678,0
UChXOhG9bRDb3vSTg-qkPAZg,Gweilo-60,2019-02-15 06:34:39.642064,10678,0
UChXOhG9bRDb3vSTg-qkPAZg,Gweilo-60,2019-02-15 06:33:39.238088,10678,0
UChXOhG9bRDb3vSTg-qkPAZg,Gweilo-60,2019-02-15 06:32:38.724536,10678,0
UChXOhG9bRDb3vSTg-qkPAZg,Gweilo-60,2019-02-15 06:31:39.019123,10678,0
UChXOhG9bRDb3vSTg-qkPAZg,Gweilo-60,2019-02-15 06:30:39.264096,10678,0
UChXOhG9bRDb3vSTg-qkPAZg,Gweilo-60,2019-02-15 06:29:39.060982,10678,0
UChXOhG9bRDb3vSTg-qkPAZg,Gweilo-60,2019-02-15 06:28:39.763171,10678,0
UChXOhG9bRDb3vSTg-qkPAZg,Gweilo-60,2019-02-15 06:27:39.676378,10678,0
UChXOhG9bRDb3vSTg-qkPAZg,Gweilo-60,2019-02-15 06:26:39.367833,10678,0
UChXOhG9bRDb3vSTg-qkPAZg,Gweilo-60,2019-02-15 06:25:39.908896,10678,0
UChXOhG9bRDb3vSTg-qkPAZg,Gweilo-60,2019-02-15 06:24:39.181367,10678,0
UChXOhG9bRDb3vSTg-qkPAZg,Gweilo-60,2019-02-15 06:23:38.988181,10678,0
UChXOhG9bRDb3vSTg-qkPAZg,Gweilo-60,2019-02-15 06:22:39.28247,10678,0
UChXOhG9bRDb3vSTg-qkPAZg,Gweilo-60,2019-02-15 06:21:40.135756,10678,0
UChXOhG9bRDb3vSTg-qkPAZg,Gweilo-60,2019-02-15 06:20:39.398709,10678,0
UChXOhG9bRDb3vSTg-qkPAZg,Gweilo-60,2019-02-15 06:19:39.036886,10678,0
UChXOhG9bRDb3vSTg-qkPAZg,Gweilo-60,2019-02-15 06:18:39.788997,10678,0
UChXOhG9bRDb3vSTg-qkPAZg,Gweilo-60,2019-02-15 06:17:39.30804,10678,0
UChXOhG9bRDb3vSTg-qkPAZg,Gweilo-60,2019-02-15 06:16:38.978603,10678,0
UChXOhG9bRDb3vSTg-qkPAZg,Gweilo-60,2019-02-15 06:15:39.961165,10678,0
UChXOhG9bRDb3vSTg-qkPAZg,Gweilo-60,2019-02-15 06:14:39.464034,10678,0
UChXOhG9bRDb3vSTg-qkPAZg,Gweilo-60,2019-02-15 06:13:39.038912,10678,0
UChXOhG9bRDb3vSTg-qkPAZg,Gweilo-60,2019-02-15 06:12:39.547042,10678,0
UChXOhG9bRDb3vSTg-qkPAZg,Gweilo-60,2019-02-15 06:11:38.98698,10678,0
UChXOhG9bRDb3vSTg-qkPAZg,Gweilo-60,2019-02-15 06:10:39.10923,10678,0
UChXOhG9bRDb3vSTg-qkPAZg,Gweilo-60,2019-02-15 06:09:39.898118,10678,0
UChXOhG9bRDb3vSTg-qkPAZg,Gweilo-60,2019-02-15 06:08:39.39505,10678,0
UChXOhG9bRDb3vSTg-qkPAZg,Gweilo-60,2019-02-15 06:07:39.442718,10678,0
UChXOhG9bRDb3vSTg-qkPAZg,Gweilo-60,2019-02-15 06:06:39.547103,10678,0
UChXOhG9bRDb3vSTg-qkPAZg,Gweilo-60,2019-02-15 06:05:39.369105,10678,0
UChXOhG9bRDb3vSTg-qkPAZg,Gweilo-60,2019-02-15 06:04:39.858524,10678,0
UChXOhG9bRDb3vSTg-qkPAZg,Gweilo-60,2019-02-15 06:03:39.606603,10678,0
UChXOhG9bRDb3vSTg-qkPAZg,Gweilo-60,2019-02-15 06:02:39.700371,10678,0
UChXOhG9bRDb3vSTg-qkPAZg,Gweilo-60,2019-02-15 06:01:39.736121,10678,0
UChXOhG9bRDb3vSTg-qkPAZg,Gweilo-60,2019-02-15 06:00:39.588431,10678,0
UChXOhG9bRDb3vSTg-qkPAZg,Gweilo-60,2019-02-15 05:59:39.037729,10678,0
UChXOhG9bRDb3vSTg-qkPAZg,Gweilo-60,2019-02-15 05:58:39.81394,10678,0
UChXOhG9bRDb3vSTg-qkPAZg,Gweilo-60,2019-02-15 05:57:39.97971,10678,0
UChXOhG9bRDb3vSTg-qkPAZg,Gweilo-60,2019-02-15 05:56:39.928935,10678,0
UChXOhG9bRDb3vSTg-qkPAZg,Gweilo-60,2019-02-15 05:55:38.630532,10678,0
UChXOhG9bRDb3vSTg-qkPAZg,Gweilo-60,2019-02-15 05:54:38.930376,10678,0
UChXOhG9bRDb3vSTg-qkPAZg,Gweilo-60,2019-02-15 05:53:39.412386,10678,0
UChXOhG9bRDb3vSTg-qkPAZg,Gweilo-60,2019-02-15 05:52:39.699614,10678,0
UChXOhG9bRDb3vSTg-qkPAZg,Gweilo-60,2019-02-15 05:51:39.560819,10678,0
UChXOhG9bRDb3vSTg-qkPAZg,Gweilo-60,2019-02-15 05:50:39.235308,10678,0
UChXOhG9bRDb3vSTg-qkPAZg,Gweilo-60,2019-02-15 05:49:38.889237,10678,0
UChXOhG9bRDb3vSTg-qkPAZg,Gweilo-60,2019-02-15 05:48:39.674912,10678,0
UChXOhG9bRDb3vSTg-qkPAZg,Gweilo-60,2019-02-15 05:47:39.363779,10678,0
UChXOhG9bRDb3vSTg-qkPAZg,Gweilo-60,2019-02-15 05:46:39.287955,10678,0
UChXOhG9bRDb3vSTg-qkPAZg,Gweilo-60,2019-02-15 05:45:39.797845,10678,0
UChXOhG9bRDb3vSTg-qkPAZg,Gweilo-60,2019-02-15 05:44:39.057304,10678,0
UChXOhG9bRDb3vSTg-qkPAZg,Gweilo-60,2019-02-15 05:43:39.394599,10678,0
UChXOhG9bRDb3vSTg-qkPAZg,Gweilo-60,2019-02-15 05:42:39.367413,10678,0
UChXOhG9bRDb3vSTg-qkPAZg,Gweilo-60,2019-02-15 05:41:39.40217,10678,0
UChXOhG9bRDb3vSTg-qkPAZg,Gweilo-60,2019-02-15 05:40:38.982072,10678,0
UChXOhG9bRDb3vSTg-qkPAZg,Gweilo-60,2019-02-15 05:39:38.683152,10678,0
UChXOhG9bRDb3vSTg-qkPAZg,Gweilo-60,2019-02-15 05:38:39.467717,10678,0
UChXOhG9bRDb3vSTg-qkPAZg,Gweilo-60,2019-02-15 05:37:39.478863,10678,0
UChXOhG9bRDb3vSTg-qkPAZg,Gweilo-60,2019-02-15 05:36:39.277591,10678,0
UChXOhG9bRDb3vSTg-qkPAZg,Gweilo-60,2019-02-15 05:35:38.930254,10678,0
UChXOhG9bRDb3vSTg-qkPAZg,Gweilo-60,2019-02-15 05:34:38.957207,10678,0
UChXOhG9bRDb3vSTg-qkPAZg,Gweilo-60,2019-02-15 05:33:39.063938,10678,0
UChXOhG9bRDb3vSTg-qkPAZg,Gweilo-60,2019-02-15 05:32:39.168359,10678,0
UChXOhG9bRDb3vSTg-qkPAZg,Gweilo-60,2019-02-15 05:31:39.662239,10678,0
UChXOhG9bRDb3vSTg-qkPAZg,Gweilo-60,2019-02-15 05:30:39.949891,10678,0
UChXOhG9bRDb3vSTg-qkPAZg,Gweilo-60,2019-02-15 05:29:39.975787,10678,0
UChXOhG9bRDb3vSTg-qkPAZg,Gweilo-60,2019-02-15 05:28:39.84286,10678,0
UChXOhG9bRDb3vSTg-qkPAZg,Gweilo-60,2019-02-15 05:27:39.631132,10678,0
UChXOhG9bRDb3vSTg-qkPAZg,Gweilo-60,2019-02-15 05:26:39.46421,10678,0
UChXOhG9bRDb3vSTg-qkPAZg,Gweilo-60,2019-02-15 05:25:39.618635,10678,0
UChXOhG9bRDb3vSTg-qkPAZg,Gweilo-60,2019-02-15 05:24:40.000964,10678,0
UChXOhG9bRDb3vSTg-qkPAZg,Gweilo-60,2019-02-15 05:23:40.327266,10678,0
UChXOhG9bRDb3vSTg-qkPAZg,Gweilo-60,2019-02-15 05:22:39.418979,10678,0
UChXOhG9bRDb3vSTg-qkPAZg,Gweilo-60,2019-02-15 05:21:39.423794,10678,0
UChXOhG9bRDb3vSTg-qkPAZg,Gweilo-60,2019-02-15 05:20:39.494903,10678,0
UChXOhG9bRDb3vSTg-qkPAZg,Gweilo-60,2019-02-15 05:19:39.622363,10678,0
UChXOhG9bRDb3vSTg-qkPAZg,Gweilo-60,2019-02-15 05:18:39.989323,10678,0
UChXOhG9bRDb3vSTg-qkPAZg,Gweilo-60,2019-02-15 05:17:40.779021,10678,0
UChXOhG9bRDb3vSTg-qkPAZg,Gweilo-60,2019-02-15 05:16:40.436634,10678,0
UChXOhG9bRDb3vSTg-qkPAZg,Gweilo-60,2019-02-15 05:15:39.963317,10678,0
UChXOhG9bRDb3vSTg-qkPAZg,Gweilo-60,2019-02-15 05:14:40.026453,10678,0
UChXOhG9bRDb3vSTg-qkPAZg,Gweilo-60,2019-02-15 05:13:40.091869,10678,0
UChXOhG9bRDb3vSTg-qkPAZg,Gweilo-60,2019-02-15 05:12:39.265104,10678,0
UChXOhG9bRDb3vSTg-qkPAZg,Gweilo-60,2019-02-15 05:11:40.162741,10678,0
UChXOhG9bRDb3vSTg-qkPAZg,Gweilo-60,2019-02-15 05:10:39.751211,10678,0
UChXOhG9bRDb3vSTg-qkPAZg,Gweilo-60,2019-02-15 05:09:39.561828,10678,0
UChXOhG9bRDb3vSTg-qkPAZg,Gweilo-60,2019-02-15 05:08:39.748477,10678,0
UChXOhG9bRDb3vSTg-qkPAZg,Gweilo-60,2019-02-15 05:07:39.743273,10678,0
UChXOhG9bRDb3vSTg-qkPAZg,Gweilo-60,2019-02-15 05:06:39.32314,10678,0
UChXOhG9bRDb3vSTg-qkPAZg,Gweilo-60,2019-02-15 05:05:39.599382,10678,0
UChXOhG9bRDb3vSTg-qkPAZg,Gweilo-60,2019-02-15 05:04:39.806787,10678,0
UChXOhG9bRDb3vSTg-qkPAZg,Gweilo-60,2019-02-15 05:03:39.904924,10678,0
UChXOhG9bRDb3vSTg-qkPAZg,Gweilo-60,2019-02-15 05:02:39.884008,10678,0
UChXOhG9bRDb3vSTg-qkPAZg,Gweilo-60,2019-02-15 05:01:40.239612,10678,0
UChXOhG9bRDb3vSTg-qkPAZg,Gweilo-60,2019-02-15 05:00:39.21648,10678,0
UChXOhG9bRDb3vSTg-qkPAZg,Gweilo-60,2019-02-15 04:59:39.363178,10678,0
UChXOhG9bRDb3vSTg-qkPAZg,Gweilo-60,2019-02-15 04:58:39.516567,10678,0
UChXOhG9bRDb3vSTg-qkPAZg,Gweilo-60,2019-02-15 04:57:39.756483,10678,0
UChXOhG9bRDb3vSTg-qkPAZg,Gweilo-60,2019-02-15 04:56:39.716672,10678,0
UChXOhG9bRDb3vSTg-qkPAZg,Gweilo-60,2019-02-15 04:55:39.768494,10678,0
UChXOhG9bRDb3vSTg-qkPAZg,Gweilo-60,2019-02-15 04:54:39.413482,10678,0
UChXOhG9bRDb3vSTg-qkPAZg,Gweilo-60,2019-02-15 04:53:39.6787,10678,0
UChXOhG9bRDb3vSTg-qkPAZg,Gweilo-60,2019-02-15 04:52:40.101068,10678,0
UChXOhG9bRDb3vSTg-qkPAZg,Gweilo-60,2019-02-15 04:51:40.016052,10678,0
UChXOhG9bRDb3vSTg-qkPAZg,Gweilo-60,2019-02-15 04:50:39.372368,10678,0
UChXOhG9bRDb3vSTg-qkPAZg,Gweilo-60,2019-02-15 04:49:39.74959,10678,0
UChXOhG9bRDb3vSTg-qkPAZg,Gweilo-60,2019-02-15 04:48:39.09492,10678,0
UChXOhG9bRDb3vSTg-qkPAZg,Gweilo-60,2019-02-15 04:47:40.257604,10678,0
UChXOhG9bRDb3vSTg-qkPAZg,Gweilo-60,2019-02-15 04:46:39.277887,10678,0
UChXOhG9bRDb3vSTg-qkPAZg,Gweilo-60,2019-02-15 04:45:40.832368,10678,0
UChXOhG9bRDb3vSTg-qkPAZg,Gweilo-60,2019-02-15 04:44:39.737772,10678,0
UChXOhG9bRDb3vSTg-qkPAZg,Gweilo-60,2019-02-15 04:43:40.054848,10678,0
UChXOhG9bRDb3vSTg-qkPAZg,Gweilo-60,2019-02-15 04:42:39.753672,10678,0
UChXOhG9bRDb3vSTg-qkPAZg,Gweilo-60,2019-02-15 04:41:39.762408,10678,0
UChXOhG9bRDb3vSTg-qkPAZg,Gweilo-60,2019-02-15 04:40:39.567025,10678,0
UChXOhG9bRDb3vSTg-qkPAZg,Gweilo-60,2019-02-15 04:39:39.684573,10678,0
UChXOhG9bRDb3vSTg-qkPAZg,Gweilo-60,2019-02-15 04:38:39.34043,10678,0
UChXOhG9bRDb3vSTg-qkPAZg,Gweilo-60,2019-02-15 04:37:39.719425,10678,0
UChXOhG9bRDb3vSTg-qkPAZg,Gweilo-60,2019-02-15 04:36:39.596991,10678,0
UChXOhG9bRDb3vSTg-qkPAZg,Gweilo-60,2019-02-15 04:35:39.860223,10678,0
UChXOhG9bRDb3vSTg-qkPAZg,Gweilo-60,2019-02-15 04:34:39.497085,10678,0
UChXOhG9bRDb3vSTg-qkPAZg,Gweilo-60,2019-02-15 04:33:39.574868,10678,0
UChXOhG9bRDb3vSTg-qkPAZg,Gweilo-60,2019-02-15 04:32:40.110793,10678,0
UChXOhG9bRDb3vSTg-qkPAZg,Gweilo-60,2019-02-15 04:31:39.407777,10678,0
UChXOhG9bRDb3vSTg-qkPAZg,Gweilo-60,2019-02-15 04:30:40.028215,10678,0
UChXOhG9bRDb3vSTg-qkPAZg,Gweilo-60,2019-02-15 04:29:39.745159,10678,0
UChXOhG9bRDb3vSTg-qkPAZg,Gweilo-60,2019-02-15 04:28:39.912617,10678,0
UChXOhG9bRDb3vSTg-qkPAZg,Gweilo-60,2019-02-15 04:27:39.761336,10678,1
UChXOhG9bRDb3vSTg-qkPAZg,Gweilo-60,2019-02-15 04:26:39.480839,10677,0
UChXOhG9bRDb3vSTg-qkPAZg,Gweilo-60,2019-02-15 04:25:39.929354,10677,0
UChXOhG9bRDb3vSTg-qkPAZg,Gweilo-60,2019-02-15 04:24:39.916555,10677,0
UChXOhG9bRDb3vSTg-qkPAZg,Gweilo-60,2019-02-15 04:23:39.981039,10677,0
UChXOhG9bRDb3vSTg-qkPAZg,Gweilo-60,2019-02-15 04:22:39.555722,10677,0
UChXOhG9bRDb3vSTg-qkPAZg,Gweilo-60,2019-02-15 04:21:39.841682,10677,0
UChXOhG9bRDb3vSTg-qkPAZg,Gweilo-60,2019-02-15 04:20:39.47685,10677,0
UChXOhG9bRDb3vSTg-qkPAZg,Gweilo-60,2019-02-15 04:19:39.346295,10677,0
UChXOhG9bRDb3vSTg-qkPAZg,Gweilo-60,2019-02-15 04:18:39.529693,10677,0
UChXOhG9bRDb3vSTg-qkPAZg,Gweilo-60,2019-02-15 04:17:39.618929,10677,0
UChXOhG9bRDb3vSTg-qkPAZg,Gweilo-60,2019-02-15 04:16:39.53006,10677,0
UChXOhG9bRDb3vSTg-qkPAZg,Gweilo-60,2019-02-15 04:15:40.127417,10677,0
UChXOhG9bRDb3vSTg-qkPAZg,Gweilo-60,2019-02-15 04:14:39.576426,10677,0
UChXOhG9bRDb3vSTg-qkPAZg,Gweilo-60,2019-02-15 04:13:39.812453,10677,0
UChXOhG9bRDb3vSTg-qkPAZg,Gweilo-60,2019-02-15 04:12:39.139047,10677,0
UChXOhG9bRDb3vSTg-qkPAZg,Gweilo-60,2019-02-15 04:11:40.332607,10677,0
UChXOhG9bRDb3vSTg-qkPAZg,Gweilo-60,2019-02-15 04:10:39.976009,10677,0
UChXOhG9bRDb3vSTg-qkPAZg,Gweilo-60,2019-02-15 04:09:39.429812,10677,0
UChXOhG9bRDb3vSTg-qkPAZg,Gweilo-60,2019-02-15 04:08:39.319305,10677,0
UChXOhG9bRDb3vSTg-qkPAZg,Gweilo-60,2019-02-15 04:07:39.627474,10677,0
UChXOhG9bRDb3vSTg-qkPAZg,Gweilo-60,2019-02-15 04:06:40.038815,10677,0
UChXOhG9bRDb3vSTg-qkPAZg,Gweilo-60,2019-02-15 04:05:39.435352,10677,0
UChXOhG9bRDb3vSTg-qkPAZg,Gweilo-60,2019-02-15 04:04:40.078587,10677,0
UChXOhG9bRDb3vSTg-qkPAZg,Gweilo-60,2019-02-15 04:03:40.154093,10677,0
UChXOhG9bRDb3vSTg-qkPAZg,Gweilo-60,2019-02-15 04:02:40.003405,10677,0
UChXOhG9bRDb3vSTg-qkPAZg,Gweilo-60,2019-02-15 04:01:39.819375,10677,0
UChXOhG9bRDb3vSTg-qkPAZg,Gweilo-60,2019-02-15 04:00:39.748924,10677,0
UChXOhG9bRDb3vSTg-qkPAZg,Gweilo-60,2019-02-15 03:59:40.072931,10677,0
UChXOhG9bRDb3vSTg-qkPAZg,Gweilo-60,2019-02-15 03:58:39.472108,10677,0
UChXOhG9bRDb3vSTg-qkPAZg,Gweilo-60,2019-02-15 03:57:39.423994,10677,0
UChXOhG9bRDb3vSTg-qkPAZg,Gweilo-60,2019-02-15 03:56:39.929743,10677,0
UChXOhG9bRDb3vSTg-qkPAZg,Gweilo-60,2019-02-15 03:55:39.515056,10677,0
UChXOhG9bRDb3vSTg-qkPAZg,Gweilo-60,2019-02-15 03:54:39.531385,10677,0
UChXOhG9bRDb3vSTg-qkPAZg,Gweilo-60,2019-02-15 03:53:40.326156,10677,0
UChXOhG9bRDb3vSTg-qkPAZg,Gweilo-60,2019-02-15 03:52:39.016511,10677,0
UChXOhG9bRDb3vSTg-qkPAZg,Gweilo-60,2019-02-15 03:51:39.432836,10677,0
UChXOhG9bRDb3vSTg-qkPAZg,Gweilo-60,2019-02-15 03:50:39.45266,10677,0
UChXOhG9bRDb3vSTg-qkPAZg,Gweilo-60,2019-02-15 03:49:41.032184,10677,0
UChXOhG9bRDb3vSTg-qkPAZg,Gweilo-60,2019-02-15 03:48:40.04133,10677,0
UChXOhG9bRDb3vSTg-qkPAZg,Gweilo-60,2019-02-15 03:47:39.656549,10677,0
UChXOhG9bRDb3vSTg-qkPAZg,Gweilo-60,2019-02-15 03:46:39.764813,10677,1
UChXOhG9bRDb3vSTg-qkPAZg,Gweilo-60,2019-02-15 03:45:39.201464,10676,0
UChXOhG9bRDb3vSTg-qkPAZg,Gweilo-60,2019-02-15 03:44:42.395318,10676,0
UChXOhG9bRDb3vSTg-qkPAZg,Gweilo-60,2019-02-15 03:43:39.522448,10676,0
UChXOhG9bRDb3vSTg-qkPAZg,Gweilo-60,2019-02-15 03:42:39.348716,10676,0
UChXOhG9bRDb3vSTg-qkPAZg,Gweilo-60,2019-02-15 03:41:39.633449,10676,0
UChXOhG9bRDb3vSTg-qkPAZg,Gweilo-60,2019-02-15 03:40:40.056212,10676,0
UChXOhG9bRDb3vSTg-qkPAZg,Gweilo-60,2019-02-15 03:39:39.346127,10676,0
UChXOhG9bRDb3vSTg-qkPAZg,Gweilo-60,2019-02-15 03:38:40.841421,10676,0
UChXOhG9bRDb3vSTg-qkPAZg,Gweilo-60,2019-02-15 03:37:39.756621,10676,0
UChXOhG9bRDb3vSTg-qkPAZg,Gweilo-60,2019-02-15 03:36:39.352322,10676,0
UChXOhG9bRDb3vSTg-qkPAZg,Gweilo-60,2019-02-15 03:35:39.54068,10676,0
UChXOhG9bRDb3vSTg-qkPAZg,Gweilo-60,2019-02-15 03:34:39.724581,10676,0
UChXOhG9bRDb3vSTg-qkPAZg,Gweilo-60,2019-02-15 03:33:39.036574,10676,0
UChXOhG9bRDb3vSTg-qkPAZg,Gweilo-60,2019-02-15 03:32:40.101892,10676,0
UChXOhG9bRDb3vSTg-qkPAZg,Gweilo-60,2019-02-15 03:31:39.60879,10676,0
UChXOhG9bRDb3vSTg-qkPAZg,Gweilo-60,2019-02-15 03:30:39.725073,10676,0
UChXOhG9bRDb3vSTg-qkPAZg,Gweilo-60,2019-02-15 03:29:40.605916,10676,0
UChXOhG9bRDb3vSTg-qkPAZg,Gweilo-60,2019-02-15 03:28:39.964376,10676,0
UChXOhG9bRDb3vSTg-qkPAZg,Gweilo-60,2019-02-15 03:27:39.58294,10676,0
UChXOhG9bRDb3vSTg-qkPAZg,Gweilo-60,2019-02-15 03:26:39.312924,10676,0
UChXOhG9bRDb3vSTg-qkPAZg,Gweilo-60,2019-02-15 03:25:40.140221,10676,0
UChXOhG9bRDb3vSTg-qkPAZg,Gweilo-60,2019-02-15 03:24:39.951417,10676,0
UChXOhG9bRDb3vSTg-qkPAZg,Gweilo-60,2019-02-15 03:23:39.116846,10676,0
UChXOhG9bRDb3vSTg-qkPAZg,Gweilo-60,2019-02-15 03:22:39.253952,10676,0
UChXOhG9bRDb3vSTg-qkPAZg,Gweilo-60,2019-02-15 03:21:39.400648,10676,0
UChXOhG9bRDb3vSTg-qkPAZg,Gweilo-60,2019-02-15 03:20:39.439964,10676,0
UChXOhG9bRDb3vSTg-qkPAZg,Gweilo-60,2019-02-15 03:19:39.912409,10676,0
UChXOhG9bRDb3vSTg-qkPAZg,Gweilo-60,2019-02-15 03:18:39.013339,10676,0
UChXOhG9bRDb3vSTg-qkPAZg,Gweilo-60,2019-02-15 03:17:39.693599,10676,0
UChXOhG9bRDb3vSTg-qkPAZg,Gweilo-60,2019-02-15 03:16:39.292504,10676,0
UChXOhG9bRDb3vSTg-qkPAZg,Gweilo-60,2019-02-15 03:15:39.957956,10676,0
UChXOhG9bRDb3vSTg-qkPAZg,Gweilo-60,2019-02-15 03:14:39.270888,10676,0
UChXOhG9bRDb3vSTg-qkPAZg,Gweilo-60,2019-02-15 03:13:39.883346,10676,0
UChXOhG9bRDb3vSTg-qkPAZg,Gweilo-60,2019-02-15 03:12:39.74854,10676,0
UChXOhG9bRDb3vSTg-qkPAZg,Gweilo-60,2019-02-15 03:11:40.215779,10676,0
UChXOhG9bRDb3vSTg-qkPAZg,Gweilo-60,2019-02-15 03:10:39.93049,10676,0
UChXOhG9bRDb3vSTg-qkPAZg,Gweilo-60,2019-02-15 03:09:39.118653,10676,0
UChXOhG9bRDb3vSTg-qkPAZg,Gweilo-60,2019-02-15 03:08:39.551983,10676,0
UChXOhG9bRDb3vSTg-qkPAZg,Gweilo-60,2019-02-15 03:07:39.711513,10676,0
UChXOhG9bRDb3vSTg-qkPAZg,Gweilo-60,2019-02-15 03:06:40.066737,10676,0
UChXOhG9bRDb3vSTg-qkPAZg,Gweilo-60,2019-02-15 03:05:39.667589,10676,0
UChXOhG9bRDb3vSTg-qkPAZg,Gweilo-60,2019-02-15 03:04:40.09799,10676,0
UChXOhG9bRDb3vSTg-qkPAZg,Gweilo-60,2019-02-15 03:03:38.911622,10676,0
UChXOhG9bRDb3vSTg-qkPAZg,Gweilo-60,2019-02-15 03:02:39.724474,10676,0
UChXOhG9bRDb3vSTg-qkPAZg,Gweilo-60,2019-02-15 03:01:39.384451,10676,0
UChXOhG9bRDb3vSTg-qkPAZg,Gweilo-60,2019-02-15 03:00:39.610845,10676,0
UChXOhG9bRDb3vSTg-qkPAZg,Gweilo-60,2019-02-15 02:59:39.84521,10676,-1
UChXOhG9bRDb3vSTg-qkPAZg,Gweilo-60,2019-02-15 02:58:40.484883,10677,0
UChXOhG9bRDb3vSTg-qkPAZg,Gweilo-60,2019-02-15 02:57:39.288966,10677,0
UChXOhG9bRDb3vSTg-qkPAZg,Gweilo-60,2019-02-15 02:56:39.213738,10677,0
UChXOhG9bRDb3vSTg-qkPAZg,Gweilo-60,2019-02-15 02:55:40.877172,10677,0
UChXOhG9bRDb3vSTg-qkPAZg,Gweilo-60,2019-02-15 02:54:39.615517,10677,0
UChXOhG9bRDb3vSTg-qkPAZg,Gweilo-60,2019-02-15 02:53:40.249142,10677,0
UChXOhG9bRDb3vSTg-qkPAZg,Gweilo-60,2019-02-15 02:52:39.964479,10677,0
UChXOhG9bRDb3vSTg-qkPAZg,Gweilo-60,2019-02-15 02:51:39.305261,10677,0
UChXOhG9bRDb3vSTg-qkPAZg,Gweilo-60,2019-02-15 02:50:39.512964,10677,0
UChXOhG9bRDb3vSTg-qkPAZg,Gweilo-60,2019-02-15 02:49:39.365368,10677,0
UChXOhG9bRDb3vSTg-qkPAZg,Gweilo-60,2019-02-15 02:48:39.816938,10677,0
UChXOhG9bRDb3vSTg-qkPAZg,Gweilo-60,2019-02-15 02:47:39.079873,10677,0
UChXOhG9bRDb3vSTg-qkPAZg,Gweilo-60,2019-02-15 02:46:39.613096,10677,0
UChXOhG9bRDb3vSTg-qkPAZg,Gweilo-60,2019-02-15 02:45:39.663973,10677,0
UChXOhG9bRDb3vSTg-qkPAZg,Gweilo-60,2019-02-15 02:44:39.279656,10677,0
UChXOhG9bRDb3vSTg-qkPAZg,Gweilo-60,2019-02-15 02:43:39.465584,10677,0
UChXOhG9bRDb3vSTg-qkPAZg,Gweilo-60,2019-02-15 02:42:39.322858,10677,0
UChXOhG9bRDb3vSTg-qkPAZg,Gweilo-60,2019-02-15 02:41:39.440996,10677,0
UChXOhG9bRDb3vSTg-qkPAZg,Gweilo-60,2019-02-15 02:40:39.652506,10677,0
UChXOhG9bRDb3vSTg-qkPAZg,Gweilo-60,2019-02-15 02:39:39.610452,10677,0
UChXOhG9bRDb3vSTg-qkPAZg,Gweilo-60,2019-02-15 02:38:39.461249,10677,0
UChXOhG9bRDb3vSTg-qkPAZg,Gweilo-60,2019-02-15 02:37:39.269136,10677,0
UChXOhG9bRDb3vSTg-qkPAZg,Gweilo-60,2019-02-15 02:36:39.31449,10677,0
UChXOhG9bRDb3vSTg-qkPAZg,Gweilo-60,2019-02-15 02:35:39.47764,10677,0
UChXOhG9bRDb3vSTg-qkPAZg,Gweilo-60,2019-02-15 02:34:39.260694,10677,0
UChXOhG9bRDb3vSTg-qkPAZg,Gweilo-60,2019-02-15 02:33:40.066007,10677,0
UChXOhG9bRDb3vSTg-qkPAZg,Gweilo-60,2019-02-15 02:32:40.264357,10677,0
UChXOhG9bRDb3vSTg-qkPAZg,Gweilo-60,2019-02-15 02:31:40.248919,10677,0
UChXOhG9bRDb3vSTg-qkPAZg,Gweilo-60,2019-02-15 02:30:39.52441,10677,0
UChXOhG9bRDb3vSTg-qkPAZg,Gweilo-60,2019-02-15 02:29:39.708992,10677,0
UChXOhG9bRDb3vSTg-qkPAZg,Gweilo-60,2019-02-15 02:28:39.160856,10677,0
UChXOhG9bRDb3vSTg-qkPAZg,Gweilo-60,2019-02-15 02:27:39.746395,10677,0
UChXOhG9bRDb3vSTg-qkPAZg,Gweilo-60,2019-02-15 02:26:39.872275,10677,0
UChXOhG9bRDb3vSTg-qkPAZg,Gweilo-60,2019-02-15 02:25:39.319184,10677,0
UChXOhG9bRDb3vSTg-qkPAZg,Gweilo-60,2019-02-15 02:24:39.389505,10677,0
UChXOhG9bRDb3vSTg-qkPAZg,Gweilo-60,2019-02-15 02:23:39.970525,10677,0
UChXOhG9bRDb3vSTg-qkPAZg,Gweilo-60,2019-02-15 02:22:39.206357,10677,0
UChXOhG9bRDb3vSTg-qkPAZg,Gweilo-60,2019-02-15 02:21:39.539463,10677,0
UChXOhG9bRDb3vSTg-qkPAZg,Gweilo-60,2019-02-15 02:20:39.33308,10677,0
UChXOhG9bRDb3vSTg-qkPAZg,Gweilo-60,2019-02-15 02:19:39.648388,10677,0
UChXOhG9bRDb3vSTg-qkPAZg,Gweilo-60,2019-02-15 02:18:39.84463,10677,0
UChXOhG9bRDb3vSTg-qkPAZg,Gweilo-60,2019-02-15 02:17:39.823626,10677,0
UChXOhG9bRDb3vSTg-qkPAZg,Gweilo-60,2019-02-15 02:16:39.766913,10677,0
UChXOhG9bRDb3vSTg-qkPAZg,Gweilo-60,2019-02-15 02:15:39.605649,10677,0
UChXOhG9bRDb3vSTg-qkPAZg,Gweilo-60,2019-02-15 02:14:39.468248,10677,0
UChXOhG9bRDb3vSTg-qkPAZg,Gweilo-60,2019-02-15 02:13:39.647084,10677,0
UChXOhG9bRDb3vSTg-qkPAZg,Gweilo-60,2019-02-15 02:12:39.448879,10677,0
UChXOhG9bRDb3vSTg-qkPAZg,Gweilo-60,2019-02-15 02:11:39.744471,10677,0
UChXOhG9bRDb3vSTg-qkPAZg,Gweilo-60,2019-02-15 02:10:39.885185,10677,0
UChXOhG9bRDb3vSTg-qkPAZg,Gweilo-60,2019-02-15 02:09:39.293821,10677,0
UChXOhG9bRDb3vSTg-qkPAZg,Gweilo-60,2019-02-15 02:08:39.646428,10677,0
UChXOhG9bRDb3vSTg-qkPAZg,Gweilo-60,2019-02-15 02:07:39.819382,10677,0
UChXOhG9bRDb3vSTg-qkPAZg,Gweilo-60,2019-02-15 02:06:40.229079,10677,0
UChXOhG9bRDb3vSTg-qkPAZg,Gweilo-60,2019-02-15 02:05:39.720318,10677,0
UChXOhG9bRDb3vSTg-qkPAZg,Gweilo-60,2019-02-15 02:04:39.630019,10677,0
UChXOhG9bRDb3vSTg-qkPAZg,Gweilo-60,2019-02-15 02:03:39.988786,10677,0
UChXOhG9bRDb3vSTg-qkPAZg,Gweilo-60,2019-02-15 02:02:39.784486,10677,0
UChXOhG9bRDb3vSTg-qkPAZg,Gweilo-60,2019-02-15 02:01:40.399671,10677,0
UChXOhG9bRDb3vSTg-qkPAZg,Gweilo-60,2019-02-15 02:00:39.486646,10677,0
UChXOhG9bRDb3vSTg-qkPAZg,Gweilo-60,2019-02-15 01:59:39.663685,10677,0
UChXOhG9bRDb3vSTg-qkPAZg,Gweilo-60,2019-02-15 01:58:39.599189,10677,0
UChXOhG9bRDb3vSTg-qkPAZg,Gweilo-60,2019-02-15 01:57:39.796846,10677,0
UChXOhG9bRDb3vSTg-qkPAZg,Gweilo-60,2019-02-15 01:56:39.176838,10677,0
UChXOhG9bRDb3vSTg-qkPAZg,Gweilo-60,2019-02-15 01:55:39.630454,10677,0
UChXOhG9bRDb3vSTg-qkPAZg,Gweilo-60,2019-02-15 01:54:39.732971,10677,0
UChXOhG9bRDb3vSTg-qkPAZg,Gweilo-60,2019-02-15 01:53:39.017876,10677,0
UChXOhG9bRDb3vSTg-qkPAZg,Gweilo-60,2019-02-15 01:52:39.640651,10677,0
UChXOhG9bRDb3vSTg-qkPAZg,Gweilo-60,2019-02-15 01:51:39.613379,10677,0
UChXOhG9bRDb3vSTg-qkPAZg,Gweilo-60,2019-02-15 01:50:39.354668,10677,0
UChXOhG9bRDb3vSTg-qkPAZg,Gweilo-60,2019-02-15 01:49:39.746374,10677,0
UChXOhG9bRDb3vSTg-qkPAZg,Gweilo-60,2019-02-15 01:48:39.226783,10677,0
UChXOhG9bRDb3vSTg-qkPAZg,Gweilo-60,2019-02-15 01:47:39.846215,10677,0
UChXOhG9bRDb3vSTg-qkPAZg,Gweilo-60,2019-02-15 01:46:39.653264,10677,0
UChXOhG9bRDb3vSTg-qkPAZg,Gweilo-60,2019-02-15 01:45:39.787166,10677,0
UChXOhG9bRDb3vSTg-qkPAZg,Gweilo-60,2019-02-15 01:44:39.209463,10677,0
UChXOhG9bRDb3vSTg-qkPAZg,Gweilo-60,2019-02-15 01:43:39.411851,10677,0
UChXOhG9bRDb3vSTg-qkPAZg,Gweilo-60,2019-02-15 01:42:39.383278,10677,0
UChXOhG9bRDb3vSTg-qkPAZg,Gweilo-60,2019-02-15 01:41:39.00943,10677,0
UChXOhG9bRDb3vSTg-qkPAZg,Gweilo-60,2019-02-15 01:40:39.445989,10677,0
UChXOhG9bRDb3vSTg-qkPAZg,Gweilo-60,2019-02-15 01:39:39.68964,10677,0
UChXOhG9bRDb3vSTg-qkPAZg,Gweilo-60,2019-02-15 01:38:39.060839,10677,0
UChXOhG9bRDb3vSTg-qkPAZg,Gweilo-60,2019-02-15 01:37:39.071774,10677,0
UChXOhG9bRDb3vSTg-qkPAZg,Gweilo-60,2019-02-15 01:36:39.432479,10677,0
UChXOhG9bRDb3vSTg-qkPAZg,Gweilo-60,2019-02-15 01:35:39.427328,10677,0
UChXOhG9bRDb3vSTg-qkPAZg,Gweilo-60,2019-02-15 01:34:39.271064,10677,0
UChXOhG9bRDb3vSTg-qkPAZg,Gweilo-60,2019-02-15 01:33:39.125321,10677,0
UChXOhG9bRDb3vSTg-qkPAZg,Gweilo-60,2019-02-15 01:32:39.725104,10677,0
UChXOhG9bRDb3vSTg-qkPAZg,Gweilo-60,2019-02-15 01:31:38.879181,10677,0
UChXOhG9bRDb3vSTg-qkPAZg,Gweilo-60,2019-02-15 01:30:38.855537,10677,0
UChXOhG9bRDb3vSTg-qkPAZg,Gweilo-60,2019-02-15 01:29:39.698074,10677,0
UChXOhG9bRDb3vSTg-qkPAZg,Gweilo-60,2019-02-15 01:28:39.069922,10677,0
UChXOhG9bRDb3vSTg-qkPAZg,Gweilo-60,2019-02-15 01:27:38.998297,10677,0
UChXOhG9bRDb3vSTg-qkPAZg,Gweilo-60,2019-02-15 01:26:39.547846,10677,0
UChXOhG9bRDb3vSTg-qkPAZg,Gweilo-60,2019-02-15 01:25:38.755679,10677,0
UChXOhG9bRDb3vSTg-qkPAZg,Gweilo-60,2019-02-15 01:24:38.963384,10677,0
UChXOhG9bRDb3vSTg-qkPAZg,Gweilo-60,2019-02-15 01:23:39.733964,10677,0
UChXOhG9bRDb3vSTg-qkPAZg,Gweilo-60,2019-02-15 01:22:39.415386,10677,0
UChXOhG9bRDb3vSTg-qkPAZg,Gweilo-60,2019-02-15 01:21:38.924242,10677,0
UChXOhG9bRDb3vSTg-qkPAZg,Gweilo-60,2019-02-15 01:20:39.877453,10677,-1
UChXOhG9bRDb3vSTg-qkPAZg,Gweilo-60,2019-02-15 01:19:39.043427,10678,0
UChXOhG9bRDb3vSTg-qkPAZg,Gweilo-60,2019-02-15 01:18:39.469446,10678,0
UChXOhG9bRDb3vSTg-qkPAZg,Gweilo-60,2019-02-15 01:17:39.99119,10678,0
UChXOhG9bRDb3vSTg-qkPAZg,Gweilo-60,2019-02-15 01:16:39.480571,10678,0
UChXOhG9bRDb3vSTg-qkPAZg,Gweilo-60,2019-02-15 01:15:39.559108,10678,0
UChXOhG9bRDb3vSTg-qkPAZg,Gweilo-60,2019-02-15 01:14:38.910714,10678,0
UChXOhG9bRDb3vSTg-qkPAZg,Gweilo-60,2019-02-15 01:13:39.552346,10678,0
UChXOhG9bRDb3vSTg-qkPAZg,Gweilo-60,2019-02-15 01:12:39.18478,10678,0
UChXOhG9bRDb3vSTg-qkPAZg,Gweilo-60,2019-02-15 01:11:39.549677,10678,0
UChXOhG9bRDb3vSTg-qkPAZg,Gweilo-60,2019-02-15 01:10:39.606794,10678,0
UChXOhG9bRDb3vSTg-qkPAZg,Gweilo-60,2019-02-15 01:09:39.586095,10678,0
UChXOhG9bRDb3vSTg-qkPAZg,Gweilo-60,2019-02-15 01:08:39.257347,10678,0
UChXOhG9bRDb3vSTg-qkPAZg,Gweilo-60,2019-02-15 01:07:39.603891,10678,0
UChXOhG9bRDb3vSTg-qkPAZg,Gweilo-60,2019-02-15 01:06:39.273314,10678,0
UChXOhG9bRDb3vSTg-qkPAZg,Gweilo-60,2019-02-15 01:05:39.509093,10678,0
UChXOhG9bRDb3vSTg-qkPAZg,Gweilo-60,2019-02-15 01:04:38.952617,10678,0
UChXOhG9bRDb3vSTg-qkPAZg,Gweilo-60,2019-02-15 01:03:39.515558,10678,0
UChXOhG9bRDb3vSTg-qkPAZg,Gweilo-60,2019-02-15 01:02:39.339089,10678,0
UChXOhG9bRDb3vSTg-qkPAZg,Gweilo-60,2019-02-15 01:01:39.234808,10678,0
UChXOhG9bRDb3vSTg-qkPAZg,Gweilo-60,2019-02-15 01:00:39.632872,10678,0
UChXOhG9bRDb3vSTg-qkPAZg,Gweilo-60,2019-02-15 00:59:39.376049,10678,0
UChXOhG9bRDb3vSTg-qkPAZg,Gweilo-60,2019-02-15 00:58:39.691089,10678,0
UChXOhG9bRDb3vSTg-qkPAZg,Gweilo-60,2019-02-15 00:57:39.761442,10678,0
UChXOhG9bRDb3vSTg-qkPAZg,Gweilo-60,2019-02-15 00:56:39.329091,10678,0
UChXOhG9bRDb3vSTg-qkPAZg,Gweilo-60,2019-02-15 00:55:39.470617,10678,0
UChXOhG9bRDb3vSTg-qkPAZg,Gweilo-60,2019-02-15 00:54:39.834647,10678,0
UChXOhG9bRDb3vSTg-qkPAZg,Gweilo-60,2019-02-15 00:53:39.484764,10678,0
UChXOhG9bRDb3vSTg-qkPAZg,Gweilo-60,2019-02-15 00:52:39.86407,10678,0
UChXOhG9bRDb3vSTg-qkPAZg,Gweilo-60,2019-02-15 00:51:38.825495,10678,0
UChXOhG9bRDb3vSTg-qkPAZg,Gweilo-60,2019-02-15 00:50:39.649288,10678,0
UChXOhG9bRDb3vSTg-qkPAZg,Gweilo-60,2019-02-15 00:49:39.799705,10678,0
UChXOhG9bRDb3vSTg-qkPAZg,Gweilo-60,2019-02-15 00:48:39.363159,10678,0
UChXOhG9bRDb3vSTg-qkPAZg,Gweilo-60,2019-02-15 00:47:38.903108,10678,0
UChXOhG9bRDb3vSTg-qkPAZg,Gweilo-60,2019-02-15 00:46:39.074133,10678,0
UChXOhG9bRDb3vSTg-qkPAZg,Gweilo-60,2019-02-15 00:45:39.04184,10678,0
UChXOhG9bRDb3vSTg-qkPAZg,Gweilo-60,2019-02-15 00:44:39.203451,10678,0
UChXOhG9bRDb3vSTg-qkPAZg,Gweilo-60,2019-02-15 00:43:39.286026,10678,0
UChXOhG9bRDb3vSTg-qkPAZg,Gweilo-60,2019-02-15 00:42:38.723375,10678,0
UChXOhG9bRDb3vSTg-qkPAZg,Gweilo-60,2019-02-15 00:41:39.363694,10678,0
UChXOhG9bRDb3vSTg-qkPAZg,Gweilo-60,2019-02-15 00:40:39.468151,10678,0
UChXOhG9bRDb3vSTg-qkPAZg,Gweilo-60,2019-02-15 00:39:39.244431,10678,0
UChXOhG9bRDb3vSTg-qkPAZg,Gweilo-60,2019-02-15 00:38:39.533698,10678,0
UChXOhG9bRDb3vSTg-qkPAZg,Gweilo-60,2019-02-15 00:37:39.757442,10678,0
UChXOhG9bRDb3vSTg-qkPAZg,Gweilo-60,2019-02-15 00:36:38.819633,10678,0
UChXOhG9bRDb3vSTg-qkPAZg,Gweilo-60,2019-02-15 00:35:38.895938,10678,0
UChXOhG9bRDb3vSTg-qkPAZg,Gweilo-60,2019-02-15 00:34:39.928537,10678,0
UChXOhG9bRDb3vSTg-qkPAZg,Gweilo-60,2019-02-15 00:33:39.445442,10678,0
UChXOhG9bRDb3vSTg-qkPAZg,Gweilo-60,2019-02-15 00:32:39.638183,10678,0
UChXOhG9bRDb3vSTg-qkPAZg,Gweilo-60,2019-02-15 00:31:39.5584,10678,0
UChXOhG9bRDb3vSTg-qkPAZg,Gweilo-60,2019-02-15 00:30:39.55131,10678,0
UChXOhG9bRDb3vSTg-qkPAZg,Gweilo-60,2019-02-15 00:29:40.009912,10678,0
UChXOhG9bRDb3vSTg-qkPAZg,Gweilo-60,2019-02-15 00:28:39.845691,10678,0
UChXOhG9bRDb3vSTg-qkPAZg,Gweilo-60,2019-02-15 00:27:39.117617,10678,0
UChXOhG9bRDb3vSTg-qkPAZg,Gweilo-60,2019-02-15 00:26:39.197022,10678,0
UChXOhG9bRDb3vSTg-qkPAZg,Gweilo-60,2019-02-15 00:25:39.567878,10678,0
UChXOhG9bRDb3vSTg-qkPAZg,Gweilo-60,2019-02-15 00:24:40.102353,10678,0
UChXOhG9bRDb3vSTg-qkPAZg,Gweilo-60,2019-02-15 00:23:40.087679,10678,0
UChXOhG9bRDb3vSTg-qkPAZg,Gweilo-60,2019-02-15 00:22:39.466142,10678,0
UChXOhG9bRDb3vSTg-qkPAZg,Gweilo-60,2019-02-15 00:21:39.174475,10678,0
UChXOhG9bRDb3vSTg-qkPAZg,Gweilo-60,2019-02-15 00:20:38.950055,10678,0
UChXOhG9bRDb3vSTg-qkPAZg,Gweilo-60,2019-02-15 00:19:39.55543,10678,0
UChXOhG9bRDb3vSTg-qkPAZg,Gweilo-60,2019-02-15 00:18:40.351268,10678,0
UChXOhG9bRDb3vSTg-qkPAZg,Gweilo-60,2019-02-15 00:17:39.586784,10678,0
UChXOhG9bRDb3vSTg-qkPAZg,Gweilo-60,2019-02-15 00:16:39.327303,10678,0
UChXOhG9bRDb3vSTg-qkPAZg,Gweilo-60,2019-02-15 00:15:39.01668,10678,0
UChXOhG9bRDb3vSTg-qkPAZg,Gweilo-60,2019-02-15 00:14:39.802662,10678,0
UChXOhG9bRDb3vSTg-qkPAZg,Gweilo-60,2019-02-15 00:13:39.913613,10678,0
UChXOhG9bRDb3vSTg-qkPAZg,Gweilo-60,2019-02-15 00:12:39.421572,10678,0
UChXOhG9bRDb3vSTg-qkPAZg,Gweilo-60,2019-02-15 00:11:39.55265,10678,0
UChXOhG9bRDb3vSTg-qkPAZg,Gweilo-60,2019-02-15 00:10:39.268492,10678,0
UChXOhG9bRDb3vSTg-qkPAZg,Gweilo-60,2019-02-15 00:09:39.57555,10678,0
UChXOhG9bRDb3vSTg-qkPAZg,Gweilo-60,2019-02-15 00:08:39.418107,10678,0
UChXOhG9bRDb3vSTg-qkPAZg,Gweilo-60,2019-02-15 00:07:39.675101,10678,0
UChXOhG9bRDb3vSTg-qkPAZg,Gweilo-60,2019-02-15 00:06:39.672414,10678,0
UChXOhG9bRDb3vSTg-qkPAZg,Gweilo-60,2019-02-15 00:05:39.865699,10678,0
UChXOhG9bRDb3vSTg-qkPAZg,Gweilo-60,2019-02-15 00:04:39.458965,10678,0
UChXOhG9bRDb3vSTg-qkPAZg,Gweilo-60,2019-02-15 00:03:39.273367,10678,0
UChXOhG9bRDb3vSTg-qkPAZg,Gweilo-60,2019-02-15 00:02:40.400847,10678,0
UChXOhG9bRDb3vSTg-qkPAZg,Gweilo-60,2019-02-15 00:01:39.626072,10678,0
UChXOhG9bRDb3vSTg-qkPAZg,Gweilo-60,2019-02-15 00:00:40.069244,10678,0
UChXOhG9bRDb3vSTg-qkPAZg,Gweilo-60,2019-02-14 23:59:38.987027,10678,0
UChXOhG9bRDb3vSTg-qkPAZg,Gweilo-60,2019-02-14 23:58:39.736203,10678,0
UChXOhG9bRDb3vSTg-qkPAZg,Gweilo-60,2019-02-14 23:57:39.813058,10678,0
UChXOhG9bRDb3vSTg-qkPAZg,Gweilo-60,2019-02-14 23:56:39.977687,10678,0
UChXOhG9bRDb3vSTg-qkPAZg,Gweilo-60,2019-02-14 23:55:40.063919,10678,0
UChXOhG9bRDb3vSTg-qkPAZg,Gweilo-60,2019-02-14 23:54:39.202743,10678,0
UChXOhG9bRDb3vSTg-qkPAZg,Gweilo-60,2019-02-14 23:53:39.323657,10678,0
UChXOhG9bRDb3vSTg-qkPAZg,Gweilo-60,2019-02-14 23:52:40.2893,10678,0
UChXOhG9bRDb3vSTg-qkPAZg,Gweilo-60,2019-02-14 23:51:38.937494,10678,0
UChXOhG9bRDb3vSTg-qkPAZg,Gweilo-60,2019-02-14 23:50:39.852725,10678,0
UChXOhG9bRDb3vSTg-qkPAZg,Gweilo-60,2019-02-14 23:49:40.421059,10678,0
UChXOhG9bRDb3vSTg-qkPAZg,Gweilo-60,2019-02-14 23:48:39.563386,10678,0
UChXOhG9bRDb3vSTg-qkPAZg,Gweilo-60,2019-02-14 23:47:39.961991,10678,0
UChXOhG9bRDb3vSTg-qkPAZg,Gweilo-60,2019-02-14 23:46:40.03209,10678,0
UChXOhG9bRDb3vSTg-qkPAZg,Gweilo-60,2019-02-14 23:45:39.757348,10678,0
UChXOhG9bRDb3vSTg-qkPAZg,Gweilo-60,2019-02-14 23:44:39.748645,10678,0
UChXOhG9bRDb3vSTg-qkPAZg,Gweilo-60,2019-02-14 23:43:39.524973,10678,0
UChXOhG9bRDb3vSTg-qkPAZg,Gweilo-60,2019-02-14 23:42:40.101438,10678,0
UChXOhG9bRDb3vSTg-qkPAZg,Gweilo-60,2019-02-14 23:41:39.805264,10678,0
UChXOhG9bRDb3vSTg-qkPAZg,Gweilo-60,2019-02-14 23:40:39.816172,10678,0
UChXOhG9bRDb3vSTg-qkPAZg,Gweilo-60,2019-02-14 23:39:39.932205,10678,0
UChXOhG9bRDb3vSTg-qkPAZg,Gweilo-60,2019-02-14 23:38:39.728373,10678,0
UChXOhG9bRDb3vSTg-qkPAZg,Gweilo-60,2019-02-14 23:37:40.178014,10678,0
UChXOhG9bRDb3vSTg-qkPAZg,Gweilo-60,2019-02-14 23:36:39.686719,10678,0
UChXOhG9bRDb3vSTg-qkPAZg,Gweilo-60,2019-02-14 23:35:40.196238,10678,0
UChXOhG9bRDb3vSTg-qkPAZg,Gweilo-60,2019-02-14 23:34:39.526283,10678,0
UChXOhG9bRDb3vSTg-qkPAZg,Gweilo-60,2019-02-14 23:33:40.159878,10678,0
UChXOhG9bRDb3vSTg-qkPAZg,Gweilo-60,2019-02-14 23:32:39.63515,10678,0
UChXOhG9bRDb3vSTg-qkPAZg,Gweilo-60,2019-02-14 23:31:40.102055,10678,1
UChXOhG9bRDb3vSTg-qkPAZg,Gweilo-60,2019-02-14 23:30:39.967181,10677,0
UChXOhG9bRDb3vSTg-qkPAZg,Gweilo-60,2019-02-14 23:29:39.609067,10677,0
UChXOhG9bRDb3vSTg-qkPAZg,Gweilo-60,2019-02-14 23:28:39.848994,10677,0
UChXOhG9bRDb3vSTg-qkPAZg,Gweilo-60,2019-02-14 23:27:40.10524,10677,0
UChXOhG9bRDb3vSTg-qkPAZg,Gweilo-60,2019-02-14 23:26:38.992022,10677,0
UChXOhG9bRDb3vSTg-qkPAZg,Gweilo-60,2019-02-14 23:25:40.736407,10677,0
UChXOhG9bRDb3vSTg-qkPAZg,Gweilo-60,2019-02-14 23:24:38.747846,10677,0
UChXOhG9bRDb3vSTg-qkPAZg,Gweilo-60,2019-02-14 23:23:39.965941,10677,0
UChXOhG9bRDb3vSTg-qkPAZg,Gweilo-60,2019-02-14 23:22:39.973936,10677,0
UChXOhG9bRDb3vSTg-qkPAZg,Gweilo-60,2019-02-14 23:21:40.289096,10677,0
UChXOhG9bRDb3vSTg-qkPAZg,Gweilo-60,2019-02-14 23:20:39.904457,10677,0
UChXOhG9bRDb3vSTg-qkPAZg,Gweilo-60,2019-02-14 23:19:40.766882,10677,0
UChXOhG9bRDb3vSTg-qkPAZg,Gweilo-60,2019-02-14 23:18:40.456977,10677,0
UChXOhG9bRDb3vSTg-qkPAZg,Gweilo-60,2019-02-14 23:17:40.024451,10677,0
UChXOhG9bRDb3vSTg-qkPAZg,Gweilo-60,2019-02-14 23:16:39.794389,10677,0
UChXOhG9bRDb3vSTg-qkPAZg,Gweilo-60,2019-02-14 23:15:39.568508,10677,0
UChXOhG9bRDb3vSTg-qkPAZg,Gweilo-60,2019-02-14 23:14:39.453425,10677,0
UChXOhG9bRDb3vSTg-qkPAZg,Gweilo-60,2019-02-14 23:13:28.484898,10677,0
UChXOhG9bRDb3vSTg-qkPAZg,Gweilo-60,2019-02-14 23:12:40.250165,10677,0
UChXOhG9bRDb3vSTg-qkPAZg,Gweilo-60,2019-02-14 23:11:40.152716,10677,0
UChXOhG9bRDb3vSTg-qkPAZg,Gweilo-60,2019-02-14 23:10:39.999782,10677,0
UChXOhG9bRDb3vSTg-qkPAZg,Gweilo-60,2019-02-14 23:09:39.72998,10677,0
UChXOhG9bRDb3vSTg-qkPAZg,Gweilo-60,2019-02-14 23:08:39.167035,10677,0
UChXOhG9bRDb3vSTg-qkPAZg,Gweilo-60,2019-02-14 23:07:39.73733,10677,0
UChXOhG9bRDb3vSTg-qkPAZg,Gweilo-60,2019-02-14 23:06:39.740429,10677,0
UChXOhG9bRDb3vSTg-qkPAZg,Gweilo-60,2019-02-14 23:05:39.994125,10677,0
UChXOhG9bRDb3vSTg-qkPAZg,Gweilo-60,2019-02-14 23:04:40.533145,10677,0
UChXOhG9bRDb3vSTg-qkPAZg,Gweilo-60,2019-02-14 23:03:39.777704,10677,0
UChXOhG9bRDb3vSTg-qkPAZg,Gweilo-60,2019-02-14 23:02:41.642034,10677,0
UChXOhG9bRDb3vSTg-qkPAZg,Gweilo-60,2019-02-14 23:01:40.475764,10677,0
UChXOhG9bRDb3vSTg-qkPAZg,Gweilo-60,2019-02-14 23:00:40.394878,10677,0
UChXOhG9bRDb3vSTg-qkPAZg,Gweilo-60,2019-02-14 22:59:40.478369,10677,0
UChXOhG9bRDb3vSTg-qkPAZg,Gweilo-60,2019-02-14 22:58:40.712991,10677,0
UChXOhG9bRDb3vSTg-qkPAZg,Gweilo-60,2019-02-14 22:57:40.014241,10677,0
UChXOhG9bRDb3vSTg-qkPAZg,Gweilo-60,2019-02-14 22:56:40.370214,10677,0
UChXOhG9bRDb3vSTg-qkPAZg,Gweilo-60,2019-02-14 22:55:41.277117,10677,0
UChXOhG9bRDb3vSTg-qkPAZg,Gweilo-60,2019-02-14 22:54:40.326987,10677,0
UChXOhG9bRDb3vSTg-qkPAZg,Gweilo-60,2019-02-14 22:53:41.233615,10677,0
UChXOhG9bRDb3vSTg-qkPAZg,Gweilo-60,2019-02-14 22:52:40.370846,10677,0
UChXOhG9bRDb3vSTg-qkPAZg,Gweilo-60,2019-02-14 22:51:40.415271,10677,0
UChXOhG9bRDb3vSTg-qkPAZg,Gweilo-60,2019-02-14 22:50:41.946862,10677,0
UChXOhG9bRDb3vSTg-qkPAZg,Gweilo-60,2019-02-14 22:49:41.06359,10677,0
UChXOhG9bRDb3vSTg-qkPAZg,Gweilo-60,2019-02-14 22:48:40.036782,10677,0
UChXOhG9bRDb3vSTg-qkPAZg,Gweilo-60,2019-02-14 22:47:40.564587,10677,0
UChXOhG9bRDb3vSTg-qkPAZg,Gweilo-60,2019-02-14 22:46:39.99958,10677,0
UChXOhG9bRDb3vSTg-qkPAZg,Gweilo-60,2019-02-14 22:45:39.883584,10677,0
UChXOhG9bRDb3vSTg-qkPAZg,Gweilo-60,2019-02-14 22:44:39.998756,10677,0
UChXOhG9bRDb3vSTg-qkPAZg,Gweilo-60,2019-02-14 22:43:40.741905,10677,0
UChXOhG9bRDb3vSTg-qkPAZg,Gweilo-60,2019-02-14 22:42:41.724038,10677,0
UChXOhG9bRDb3vSTg-qkPAZg,Gweilo-60,2019-02-14 22:41:40.942682,10677,0
UChXOhG9bRDb3vSTg-qkPAZg,Gweilo-60,2019-02-14 22:40:40.199411,10677,0
UChXOhG9bRDb3vSTg-qkPAZg,Gweilo-60,2019-02-14 22:39:40.175262,10677,0
UChXOhG9bRDb3vSTg-qkPAZg,Gweilo-60,2019-02-14 22:38:39.543109,10677,0
UChXOhG9bRDb3vSTg-qkPAZg,Gweilo-60,2019-02-14 22:37:40.859825,10677,0
UChXOhG9bRDb3vSTg-qkPAZg,Gweilo-60,2019-02-14 22:36:40.287102,10677,0
UChXOhG9bRDb3vSTg-qkPAZg,Gweilo-60,2019-02-14 22:35:41.435222,10677,0
UChXOhG9bRDb3vSTg-qkPAZg,Gweilo-60,2019-02-14 22:34:40.169383,10677,0
UChXOhG9bRDb3vSTg-qkPAZg,Gweilo-60,2019-02-14 22:33:39.964089,10677,0
UChXOhG9bRDb3vSTg-qkPAZg,Gweilo-60,2019-02-14 22:32:39.980781,10677,0
UChXOhG9bRDb3vSTg-qkPAZg,Gweilo-60,2019-02-14 22:31:41.122707,10677,0
UChXOhG9bRDb3vSTg-qkPAZg,Gweilo-60,2019-02-14 22:30:39.834175,10677,0
UChXOhG9bRDb3vSTg-qkPAZg,Gweilo-60,2019-02-14 22:29:40.206962,10677,0
UChXOhG9bRDb3vSTg-qkPAZg,Gweilo-60,2019-02-14 22:28:40.663008,10677,0
UChXOhG9bRDb3vSTg-qkPAZg,Gweilo-60,2019-02-14 22:27:40.098673,10677,0
UChXOhG9bRDb3vSTg-qkPAZg,Gweilo-60,2019-02-14 22:26:40.615229,10677,0
UChXOhG9bRDb3vSTg-qkPAZg,Gweilo-60,2019-02-14 22:25:40.88807,10677,0
UChXOhG9bRDb3vSTg-qkPAZg,Gweilo-60,2019-02-14 22:24:41.273694,10677,0
UChXOhG9bRDb3vSTg-qkPAZg,Gweilo-60,2019-02-14 22:23:40.20123,10677,0
UChXOhG9bRDb3vSTg-qkPAZg,Gweilo-60,2019-02-14 22:22:40.208489,10677,0
UChXOhG9bRDb3vSTg-qkPAZg,Gweilo-60,2019-02-14 22:21:39.973472,10677,0
UChXOhG9bRDb3vSTg-qkPAZg,Gweilo-60,2019-02-14 22:20:41.244336,10677,0
UChXOhG9bRDb3vSTg-qkPAZg,Gweilo-60,2019-02-14 22:19:41.541141,10677,0
UChXOhG9bRDb3vSTg-qkPAZg,Gweilo-60,2019-02-14 22:18:39.376727,10677,0
UChXOhG9bRDb3vSTg-qkPAZg,Gweilo-60,2019-02-14 22:17:39.791462,10677,0
UChXOhG9bRDb3vSTg-qkPAZg,Gweilo-60,2019-02-14 22:16:40.251146,10677,0
UChXOhG9bRDb3vSTg-qkPAZg,Gweilo-60,2019-02-14 22:15:39.838616,10677,0
UChXOhG9bRDb3vSTg-qkPAZg,Gweilo-60,2019-02-14 22:14:39.777407,10677,0
UChXOhG9bRDb3vSTg-qkPAZg,Gweilo-60,2019-02-14 22:13:40.370827,10677,0
UChXOhG9bRDb3vSTg-qkPAZg,Gweilo-60,2019-02-14 22:12:39.580505,10677,0
UChXOhG9bRDb3vSTg-qkPAZg,Gweilo-60,2019-02-14 22:11:41.007124,10677,0
UChXOhG9bRDb3vSTg-qkPAZg,Gweilo-60,2019-02-14 22:10:39.834201,10677,0
UChXOhG9bRDb3vSTg-qkPAZg,Gweilo-60,2019-02-14 22:09:41.395458,10677,0
UChXOhG9bRDb3vSTg-qkPAZg,Gweilo-60,2019-02-14 22:08:41.306269,10677,0
UChXOhG9bRDb3vSTg-qkPAZg,Gweilo-60,2019-02-14 22:07:41.164164,10677,0
UChXOhG9bRDb3vSTg-qkPAZg,Gweilo-60,2019-02-14 22:06:40.658222,10677,0
UChXOhG9bRDb3vSTg-qkPAZg,Gweilo-60,2019-02-14 22:05:40.496726,10677,0
UChXOhG9bRDb3vSTg-qkPAZg,Gweilo-60,2019-02-14 22:04:40.399756,10677,0
UChXOhG9bRDb3vSTg-qkPAZg,Gweilo-60,2019-02-14 22:03:40.159458,10677,0
UChXOhG9bRDb3vSTg-qkPAZg,Gweilo-60,2019-02-14 22:02:39.541178,10677,0
UChXOhG9bRDb3vSTg-qkPAZg,Gweilo-60,2019-02-14 22:01:40.865066,10677,0
UChXOhG9bRDb3vSTg-qkPAZg,Gweilo-60,2019-02-14 22:00:40.134885,10677,0
UChXOhG9bRDb3vSTg-qkPAZg,Gweilo-60,2019-02-14 21:59:40.297172,10677,0
UChXOhG9bRDb3vSTg-qkPAZg,Gweilo-60,2019-02-14 21:58:41.625511,10677,0
UChXOhG9bRDb3vSTg-qkPAZg,Gweilo-60,2019-02-14 21:57:40.977614,10677,0
UChXOhG9bRDb3vSTg-qkPAZg,Gweilo-60,2019-02-14 21:56:39.781717,10677,0
UChXOhG9bRDb3vSTg-qkPAZg,Gweilo-60,2019-02-14 21:55:40.355599,10677,0
UChXOhG9bRDb3vSTg-qkPAZg,Gweilo-60,2019-02-14 21:54:40.890364,10677,0
UChXOhG9bRDb3vSTg-qkPAZg,Gweilo-60,2019-02-14 21:53:39.610191,10677,0
UChXOhG9bRDb3vSTg-qkPAZg,Gweilo-60,2019-02-14 21:52:40.091342,10677,0
UChXOhG9bRDb3vSTg-qkPAZg,Gweilo-60,2019-02-14 21:51:40.159591,10677,0
UChXOhG9bRDb3vSTg-qkPAZg,Gweilo-60,2019-02-14 21:50:40.158204,10677,0
UChXOhG9bRDb3vSTg-qkPAZg,Gweilo-60,2019-02-14 21:49:40.059419,10677,0
UChXOhG9bRDb3vSTg-qkPAZg,Gweilo-60,2019-02-14 21:48:40.19412,10677,0
UChXOhG9bRDb3vSTg-qkPAZg,Gweilo-60,2019-02-14 21:47:39.812208,10677,0
UChXOhG9bRDb3vSTg-qkPAZg,Gweilo-60,2019-02-14 21:46:40.495353,10677,0
UChXOhG9bRDb3vSTg-qkPAZg,Gweilo-60,2019-02-14 21:45:40.078919,10677,0
UChXOhG9bRDb3vSTg-qkPAZg,Gweilo-60,2019-02-14 21:44:40.030694,10677,0
UChXOhG9bRDb3vSTg-qkPAZg,Gweilo-60,2019-02-14 21:43:39.252951,10677,0
UChXOhG9bRDb3vSTg-qkPAZg,Gweilo-60,2019-02-14 21:42:41.46063,10677,0
UChXOhG9bRDb3vSTg-qkPAZg,Gweilo-60,2019-02-14 21:41:39.682002,10677,0
UChXOhG9bRDb3vSTg-qkPAZg,Gweilo-60,2019-02-14 21:40:40.610397,10677,0
UChXOhG9bRDb3vSTg-qkPAZg,Gweilo-60,2019-02-14 21:39:40.94253,10677,0
UChXOhG9bRDb3vSTg-qkPAZg,Gweilo-60,2019-02-14 21:38:40.552737,10677,0
UChXOhG9bRDb3vSTg-qkPAZg,Gweilo-60,2019-02-14 21:37:42.449495,10677,0
UChXOhG9bRDb3vSTg-qkPAZg,Gweilo-60,2019-02-14 21:36:40.357152,10677,0
UChXOhG9bRDb3vSTg-qkPAZg,Gweilo-60,2019-02-14 21:35:41.203178,10677,0
UChXOhG9bRDb3vSTg-qkPAZg,Gweilo-60,2019-02-14 21:34:40.259486,10677,0
UChXOhG9bRDb3vSTg-qkPAZg,Gweilo-60,2019-02-14 21:33:40.939228,10677,0
UChXOhG9bRDb3vSTg-qkPAZg,Gweilo-60,2019-02-14 21:32:40.592592,10677,0
UChXOhG9bRDb3vSTg-qkPAZg,Gweilo-60,2019-02-14 21:31:41.346725,10677,0
UChXOhG9bRDb3vSTg-qkPAZg,Gweilo-60,2019-02-14 21:30:40.450107,10677,0
UChXOhG9bRDb3vSTg-qkPAZg,Gweilo-60,2019-02-14 21:29:40.710124,10677,0
UChXOhG9bRDb3vSTg-qkPAZg,Gweilo-60,2019-02-14 21:28:39.631234,10677,0
UChXOhG9bRDb3vSTg-qkPAZg,Gweilo-60,2019-02-14 21:27:41.974503,10677,0
UChXOhG9bRDb3vSTg-qkPAZg,Gweilo-60,2019-02-14 21:26:40.286946,10677,0
UChXOhG9bRDb3vSTg-qkPAZg,Gweilo-60,2019-02-14 21:25:40.563452,10677,0
UChXOhG9bRDb3vSTg-qkPAZg,Gweilo-60,2019-02-14 21:24:40.380841,10677,0
UChXOhG9bRDb3vSTg-qkPAZg,Gweilo-60,2019-02-14 21:23:39.981806,10677,0
UChXOhG9bRDb3vSTg-qkPAZg,Gweilo-60,2019-02-14 21:22:40.710775,10677,0
UChXOhG9bRDb3vSTg-qkPAZg,Gweilo-60,2019-02-14 21:21:40.520325,10677,0
UChXOhG9bRDb3vSTg-qkPAZg,Gweilo-60,2019-02-14 21:20:41.104838,10677,0
UChXOhG9bRDb3vSTg-qkPAZg,Gweilo-60,2019-02-14 21:19:40.315636,10677,0
UChXOhG9bRDb3vSTg-qkPAZg,Gweilo-60,2019-02-14 21:18:40.091466,10677,0
UChXOhG9bRDb3vSTg-qkPAZg,Gweilo-60,2019-02-14 21:17:40.992307,10677,0
UChXOhG9bRDb3vSTg-qkPAZg,Gweilo-60,2019-02-14 21:16:40.285526,10677,0
UChXOhG9bRDb3vSTg-qkPAZg,Gweilo-60,2019-02-14 21:15:39.837511,10677,0
UChXOhG9bRDb3vSTg-qkPAZg,Gweilo-60,2019-02-14 21:14:39.849986,10677,0
UChXOhG9bRDb3vSTg-qkPAZg,Gweilo-60,2019-02-14 21:13:41.268364,10677,0
UChXOhG9bRDb3vSTg-qkPAZg,Gweilo-60,2019-02-14 21:12:40.319236,10677,0
UChXOhG9bRDb3vSTg-qkPAZg,Gweilo-60,2019-02-14 21:11:39.519742,10677,0
UChXOhG9bRDb3vSTg-qkPAZg,Gweilo-60,2019-02-14 21:10:40.840797,10677,0
UChXOhG9bRDb3vSTg-qkPAZg,Gweilo-60,2019-02-14 21:09:40.722513,10677,0
UChXOhG9bRDb3vSTg-qkPAZg,Gweilo-60,2019-02-14 21:08:40.451873,10677,0
UChXOhG9bRDb3vSTg-qkPAZg,Gweilo-60,2019-02-14 21:07:40.118153,10677,0
UChXOhG9bRDb3vSTg-qkPAZg,Gweilo-60,2019-02-14 21:06:40.908015,10677,0
UChXOhG9bRDb3vSTg-qkPAZg,Gweilo-60,2019-02-14 21:05:39.994901,10677,0
UChXOhG9bRDb3vSTg-qkPAZg,Gweilo-60,2019-02-14 21:04:40.391842,10677,0
UChXOhG9bRDb3vSTg-qkPAZg,Gweilo-60,2019-02-14 21:03:39.98947,10677,0
UChXOhG9bRDb3vSTg-qkPAZg,Gweilo-60,2019-02-14 21:02:40.09052,10677,0
UChXOhG9bRDb3vSTg-qkPAZg,Gweilo-60,2019-02-14 21:01:40.32897,10677,0
UChXOhG9bRDb3vSTg-qkPAZg,Gweilo-60,2019-02-14 21:00:40.193957,10677,0
UChXOhG9bRDb3vSTg-qkPAZg,Gweilo-60,2019-02-14 20:59:40.428935,10677,0
UChXOhG9bRDb3vSTg-qkPAZg,Gweilo-60,2019-02-14 20:58:40.319366,10677,0
UChXOhG9bRDb3vSTg-qkPAZg,Gweilo-60,2019-02-14 20:57:40.05574,10677,0
UChXOhG9bRDb3vSTg-qkPAZg,Gweilo-60,2019-02-14 20:56:40.196615,10677,0
UChXOhG9bRDb3vSTg-qkPAZg,Gweilo-60,2019-02-14 20:55:40.404122,10677,0
UChXOhG9bRDb3vSTg-qkPAZg,Gweilo-60,2019-02-14 20:54:40.560934,10677,0
UChXOhG9bRDb3vSTg-qkPAZg,Gweilo-60,2019-02-14 20:53:41.914363,10677,0
UChXOhG9bRDb3vSTg-qkPAZg,Gweilo-60,2019-02-14 20:52:42.005569,10677,0
UChXOhG9bRDb3vSTg-qkPAZg,Gweilo-60,2019-02-14 20:51:39.389234,10677,0
UChXOhG9bRDb3vSTg-qkPAZg,Gweilo-60,2019-02-14 20:50:40.779566,10677,0
UChXOhG9bRDb3vSTg-qkPAZg,Gweilo-60,2019-02-14 20:49:40.024049,10677,0
UChXOhG9bRDb3vSTg-qkPAZg,Gweilo-60,2019-02-14 20:48:40.023717,10677,0
UChXOhG9bRDb3vSTg-qkPAZg,Gweilo-60,2019-02-14 20:47:40.239529,10677,0
UChXOhG9bRDb3vSTg-qkPAZg,Gweilo-60,2019-02-14 20:46:40.106796,10677,0
UChXOhG9bRDb3vSTg-qkPAZg,Gweilo-60,2019-02-14 20:45:39.713285,10677,0
UChXOhG9bRDb3vSTg-qkPAZg,Gweilo-60,2019-02-14 20:44:40.230701,10677,0
UChXOhG9bRDb3vSTg-qkPAZg,Gweilo-60,2019-02-14 20:43:40.348718,10677,0
UChXOhG9bRDb3vSTg-qkPAZg,Gweilo-60,2019-02-14 20:42:39.96965,10677,0
UChXOhG9bRDb3vSTg-qkPAZg,Gweilo-60,2019-02-14 20:41:40.985063,10677,0
UChXOhG9bRDb3vSTg-qkPAZg,Gweilo-60,2019-02-14 20:40:40.800519,10677,0
UChXOhG9bRDb3vSTg-qkPAZg,Gweilo-60,2019-02-14 20:39:40.661855,10677,0
UChXOhG9bRDb3vSTg-qkPAZg,Gweilo-60,2019-02-14 20:38:41.395125,10677,0
UChXOhG9bRDb3vSTg-qkPAZg,Gweilo-60,2019-02-14 20:37:41.706068,10677,0
UChXOhG9bRDb3vSTg-qkPAZg,Gweilo-60,2019-02-14 20:36:41.073287,10677,0
UChXOhG9bRDb3vSTg-qkPAZg,Gweilo-60,2019-02-14 20:35:40.593094,10677,0
UChXOhG9bRDb3vSTg-qkPAZg,Gweilo-60,2019-02-14 20:34:40.515326,10677,0
UChXOhG9bRDb3vSTg-qkPAZg,Gweilo-60,2019-02-14 20:33:39.818468,10677,0
UChXOhG9bRDb3vSTg-qkPAZg,Gweilo-60,2019-02-14 20:32:40.606286,10677,0
UChXOhG9bRDb3vSTg-qkPAZg,Gweilo-60,2019-02-14 20:31:40.199924,10677,0
UChXOhG9bRDb3vSTg-qkPAZg,Gweilo-60,2019-02-14 20:30:40.386041,10677,0
UChXOhG9bRDb3vSTg-qkPAZg,Gweilo-60,2019-02-14 20:29:40.315419,10677,0
UChXOhG9bRDb3vSTg-qkPAZg,Gweilo-60,2019-02-14 20:28:40.49865,10677,0
UChXOhG9bRDb3vSTg-qkPAZg,Gweilo-60,2019-02-14 20:27:40.241473,10677,0
UChXOhG9bRDb3vSTg-qkPAZg,Gweilo-60,2019-02-14 20:26:41.76202,10677,0
UChXOhG9bRDb3vSTg-qkPAZg,Gweilo-60,2019-02-14 20:25:39.806389,10677,0
UChXOhG9bRDb3vSTg-qkPAZg,Gweilo-60,2019-02-14 20:24:40.032307,10677,0
UChXOhG9bRDb3vSTg-qkPAZg,Gweilo-60,2019-02-14 20:23:40.337273,10677,0
UChXOhG9bRDb3vSTg-qkPAZg,Gweilo-60,2019-02-14 20:22:40.400653,10677,0
UChXOhG9bRDb3vSTg-qkPAZg,Gweilo-60,2019-02-14 20:21:40.808758,10677,0
UChXOhG9bRDb3vSTg-qkPAZg,Gweilo-60,2019-02-14 20:20:40.104391,10677,0
UChXOhG9bRDb3vSTg-qkPAZg,Gweilo-60,2019-02-14 20:19:39.96346,10677,0
UChXOhG9bRDb3vSTg-qkPAZg,Gweilo-60,2019-02-14 20:18:40.295315,10677,0
UChXOhG9bRDb3vSTg-qkPAZg,Gweilo-60,2019-02-14 20:17:41.889367,10677,0
UChXOhG9bRDb3vSTg-qkPAZg,Gweilo-60,2019-02-14 20:16:40.356589,10677,0
UChXOhG9bRDb3vSTg-qkPAZg,Gweilo-60,2019-02-14 20:15:40.458825,10677,0
UChXOhG9bRDb3vSTg-qkPAZg,Gweilo-60,2019-02-14 20:14:39.997463,10677,0
UChXOhG9bRDb3vSTg-qkPAZg,Gweilo-60,2019-02-14 20:13:40.075641,10677,0
UChXOhG9bRDb3vSTg-qkPAZg,Gweilo-60,2019-02-14 20:12:40.458194,10677,0
UChXOhG9bRDb3vSTg-qkPAZg,Gweilo-60,2019-02-14 20:11:40.411909,10677,0
UChXOhG9bRDb3vSTg-qkPAZg,Gweilo-60,2019-02-14 20:10:40.485177,10677,0
UChXOhG9bRDb3vSTg-qkPAZg,Gweilo-60,2019-02-14 20:09:40.868176,10677,0
UChXOhG9bRDb3vSTg-qkPAZg,Gweilo-60,2019-02-14 20:08:40.179775,10677,0
UChXOhG9bRDb3vSTg-qkPAZg,Gweilo-60,2019-02-14 20:07:41.395896,10677,0
UChXOhG9bRDb3vSTg-qkPAZg,Gweilo-60,2019-02-14 20:06:40.631196,10677,0
UChXOhG9bRDb3vSTg-qkPAZg,Gweilo-60,2019-02-14 20:05:40.868527,10677,0
UChXOhG9bRDb3vSTg-qkPAZg,Gweilo-60,2019-02-14 20:04:40.223249,10677,0
UChXOhG9bRDb3vSTg-qkPAZg,Gweilo-60,2019-02-14 20:03:40.926418,10677,0
UChXOhG9bRDb3vSTg-qkPAZg,Gweilo-60,2019-02-14 20:02:39.654817,10677,0
UChXOhG9bRDb3vSTg-qkPAZg,Gweilo-60,2019-02-14 20:01:40.049406,10677,0
UChXOhG9bRDb3vSTg-qkPAZg,Gweilo-60,2019-02-14 20:00:40.145022,10677,0
UChXOhG9bRDb3vSTg-qkPAZg,Gweilo-60,2019-02-14 19:59:40.580765,10677,0
UChXOhG9bRDb3vSTg-qkPAZg,Gweilo-60,2019-02-14 19:58:40.20029,10677,0
UChXOhG9bRDb3vSTg-qkPAZg,Gweilo-60,2019-02-14 19:57:40.222631,10677,0
UChXOhG9bRDb3vSTg-qkPAZg,Gweilo-60,2019-02-14 19:56:40.819723,10677,0
UChXOhG9bRDb3vSTg-qkPAZg,Gweilo-60,2019-02-14 19:55:39.882724,10677,0
UChXOhG9bRDb3vSTg-qkPAZg,Gweilo-60,2019-02-14 19:54:40.113272,10677,0
UChXOhG9bRDb3vSTg-qkPAZg,Gweilo-60,2019-02-14 19:53:39.404801,10677,0
UChXOhG9bRDb3vSTg-qkPAZg,Gweilo-60,2019-02-14 19:52:40.434411,10677,0
UChXOhG9bRDb3vSTg-qkPAZg,Gweilo-60,2019-02-14 19:51:40.382954,10677,0
UChXOhG9bRDb3vSTg-qkPAZg,Gweilo-60,2019-02-14 19:50:40.456923,10677,0
UChXOhG9bRDb3vSTg-qkPAZg,Gweilo-60,2019-02-14 19:49:40.817638,10677,0
UChXOhG9bRDb3vSTg-qkPAZg,Gweilo-60,2019-02-14 19:48:41.207933,10677,0
UChXOhG9bRDb3vSTg-qkPAZg,Gweilo-60,2019-02-14 19:47:41.307383,10677,0
UChXOhG9bRDb3vSTg-qkPAZg,Gweilo-60,2019-02-14 19:46:39.859234,10677,0
UChXOhG9bRDb3vSTg-qkPAZg,Gweilo-60,2019-02-14 19:45:40.829571,10677,0
UChXOhG9bRDb3vSTg-qkPAZg,Gweilo-60,2019-02-14 19:44:41.999952,10677,0
UChXOhG9bRDb3vSTg-qkPAZg,Gweilo-60,2019-02-14 19:43:39.794951,10677,0
UChXOhG9bRDb3vSTg-qkPAZg,Gweilo-60,2019-02-14 19:42:40.032159,10677,0
UChXOhG9bRDb3vSTg-qkPAZg,Gweilo-60,2019-02-14 19:41:40.842627,10677,0
UChXOhG9bRDb3vSTg-qkPAZg,Gweilo-60,2019-02-14 19:40:39.955995,10677,0
UChXOhG9bRDb3vSTg-qkPAZg,Gweilo-60,2019-02-14 19:39:40.400881,10677,0
UChXOhG9bRDb3vSTg-qkPAZg,Gweilo-60,2019-02-14 19:38:40.483439,10677,0
UChXOhG9bRDb3vSTg-qkPAZg,Gweilo-60,2019-02-14 19:37:40.2531,10677,0
UChXOhG9bRDb3vSTg-qkPAZg,Gweilo-60,2019-02-14 19:36:39.933991,10677,0
UChXOhG9bRDb3vSTg-qkPAZg,Gweilo-60,2019-02-14 19:35:40.274924,10677,0
UChXOhG9bRDb3vSTg-qkPAZg,Gweilo-60,2019-02-14 19:34:40.419385,10677,0
UChXOhG9bRDb3vSTg-qkPAZg,Gweilo-60,2019-02-14 19:33:39.994604,10677,0
UChXOhG9bRDb3vSTg-qkPAZg,Gweilo-60,2019-02-14 19:32:39.827629,10677,0
UChXOhG9bRDb3vSTg-qkPAZg,Gweilo-60,2019-02-14 19:31:41.531913,10677,0
UChXOhG9bRDb3vSTg-qkPAZg,Gweilo-60,2019-02-14 19:30:40.253283,10677,0
UChXOhG9bRDb3vSTg-qkPAZg,Gweilo-60,2019-02-14 19:29:40.005979,10677,0
UChXOhG9bRDb3vSTg-qkPAZg,Gweilo-60,2019-02-14 19:28:39.97089,10677,0
UChXOhG9bRDb3vSTg-qkPAZg,Gweilo-60,2019-02-14 19:27:40.753978,10677,0
UChXOhG9bRDb3vSTg-qkPAZg,Gweilo-60,2019-02-14 19:26:41.178981,10677,0
UChXOhG9bRDb3vSTg-qkPAZg,Gweilo-60,2019-02-14 19:25:39.595322,10677,0
UChXOhG9bRDb3vSTg-qkPAZg,Gweilo-60,2019-02-14 19:24:39.703779,10677,0
UChXOhG9bRDb3vSTg-qkPAZg,Gweilo-60,2019-02-14 19:23:40.151734,10677,0
UChXOhG9bRDb3vSTg-qkPAZg,Gweilo-60,2019-02-14 19:22:40.188257,10677,0
UChXOhG9bRDb3vSTg-qkPAZg,Gweilo-60,2019-02-14 19:21:40.050834,10677,0
UChXOhG9bRDb3vSTg-qkPAZg,Gweilo-60,2019-02-14 19:20:39.893498,10677,0
UChXOhG9bRDb3vSTg-qkPAZg,Gweilo-60,2019-02-14 19:19:40.724471,10677,0
UChXOhG9bRDb3vSTg-qkPAZg,Gweilo-60,2019-02-14 19:18:40.259997,10677,0
UChXOhG9bRDb3vSTg-qkPAZg,Gweilo-60,2019-02-14 19:17:40.416603,10677,0
UChXOhG9bRDb3vSTg-qkPAZg,Gweilo-60,2019-02-14 19:16:40.610766,10677,0
UChXOhG9bRDb3vSTg-qkPAZg,Gweilo-60,2019-02-14 19:15:39.479901,10677,0
UChXOhG9bRDb3vSTg-qkPAZg,Gweilo-60,2019-02-14 19:14:40.285194,10677,0
UChXOhG9bRDb3vSTg-qkPAZg,Gweilo-60,2019-02-14 19:13:40.487579,10677,0
UChXOhG9bRDb3vSTg-qkPAZg,Gweilo-60,2019-02-14 19:12:39.768178,10677,0
UChXOhG9bRDb3vSTg-qkPAZg,Gweilo-60,2019-02-14 19:11:40.727188,10677,0
UChXOhG9bRDb3vSTg-qkPAZg,Gweilo-60,2019-02-14 19:10:39.635773,10677,0
UChXOhG9bRDb3vSTg-qkPAZg,Gweilo-60,2019-02-14 19:09:41.07197,10677,0
UChXOhG9bRDb3vSTg-qkPAZg,Gweilo-60,2019-02-14 19:08:40.288567,10677,0
UChXOhG9bRDb3vSTg-qkPAZg,Gweilo-60,2019-02-14 19:07:39.600883,10677,0
UChXOhG9bRDb3vSTg-qkPAZg,Gweilo-60,2019-02-14 19:06:39.941356,10677,0
UChXOhG9bRDb3vSTg-qkPAZg,Gweilo-60,2019-02-14 19:05:40.524456,10677,0
UChXOhG9bRDb3vSTg-qkPAZg,Gweilo-60,2019-02-14 19:04:40.49035,10677,0
UChXOhG9bRDb3vSTg-qkPAZg,Gweilo-60,2019-02-14 19:03:39.848288,10677,0
UChXOhG9bRDb3vSTg-qkPAZg,Gweilo-60,2019-02-14 19:02:40.366641,10677,0
UChXOhG9bRDb3vSTg-qkPAZg,Gweilo-60,2019-02-14 19:01:39.792907,10677,0
UChXOhG9bRDb3vSTg-qkPAZg,Gweilo-60,2019-02-14 19:00:39.513677,10677,0
UChXOhG9bRDb3vSTg-qkPAZg,Gweilo-60,2019-02-14 18:59:40.750105,10677,0
UChXOhG9bRDb3vSTg-qkPAZg,Gweilo-60,2019-02-14 18:58:39.577862,10677,0
UChXOhG9bRDb3vSTg-qkPAZg,Gweilo-60,2019-02-14 18:57:40.349343,10677,1
UChXOhG9bRDb3vSTg-qkPAZg,Gweilo-60,2019-02-14 18:56:39.821042,10676,0
UChXOhG9bRDb3vSTg-qkPAZg,Gweilo-60,2019-02-14 18:55:39.833991,10676,0
UChXOhG9bRDb3vSTg-qkPAZg,Gweilo-60,2019-02-14 18:54:39.688773,10676,0
UChXOhG9bRDb3vSTg-qkPAZg,Gweilo-60,2019-02-14 18:53:40.546687,10676,0
UChXOhG9bRDb3vSTg-qkPAZg,Gweilo-60,2019-02-14 18:52:40.780114,10676,0
UChXOhG9bRDb3vSTg-qkPAZg,Gweilo-60,2019-02-14 18:51:40.506361,10676,0
UChXOhG9bRDb3vSTg-qkPAZg,Gweilo-60,2019-02-14 18:50:40.749894,10676,0
UChXOhG9bRDb3vSTg-qkPAZg,Gweilo-60,2019-02-14 18:49:40.497603,10676,0
UChXOhG9bRDb3vSTg-qkPAZg,Gweilo-60,2019-02-14 18:48:40.451887,10676,0
UChXOhG9bRDb3vSTg-qkPAZg,Gweilo-60,2019-02-14 18:47:40.201841,10676,0
UChXOhG9bRDb3vSTg-qkPAZg,Gweilo-60,2019-02-14 18:46:39.748237,10676,0
UChXOhG9bRDb3vSTg-qkPAZg,Gweilo-60,2019-02-14 18:45:40.429929,10676,0
UChXOhG9bRDb3vSTg-qkPAZg,Gweilo-60,2019-02-14 18:44:40.515012,10676,0
UChXOhG9bRDb3vSTg-qkPAZg,Gweilo-60,2019-02-14 18:43:39.844105,10676,0
UChXOhG9bRDb3vSTg-qkPAZg,Gweilo-60,2019-02-14 18:42:39.843607,10676,0
UChXOhG9bRDb3vSTg-qkPAZg,Gweilo-60,2019-02-14 18:41:40.414632,10676,0
UChXOhG9bRDb3vSTg-qkPAZg,Gweilo-60,2019-02-14 18:40:40.013074,10676,0
UChXOhG9bRDb3vSTg-qkPAZg,Gweilo-60,2019-02-14 18:39:39.903913,10676,0
UChXOhG9bRDb3vSTg-qkPAZg,Gweilo-60,2019-02-14 18:38:40.383094,10676,0
UChXOhG9bRDb3vSTg-qkPAZg,Gweilo-60,2019-02-14 18:37:40.539834,10676,0
UChXOhG9bRDb3vSTg-qkPAZg,Gweilo-60,2019-02-14 18:36:40.469485,10676,0
UChXOhG9bRDb3vSTg-qkPAZg,Gweilo-60,2019-02-14 18:35:40.123107,10676,0
UChXOhG9bRDb3vSTg-qkPAZg,Gweilo-60,2019-02-14 18:34:40.874114,10676,0
UChXOhG9bRDb3vSTg-qkPAZg,Gweilo-60,2019-02-14 18:33:40.004771,10676,0
UChXOhG9bRDb3vSTg-qkPAZg,Gweilo-60,2019-02-14 18:32:40.772062,10676,0
UChXOhG9bRDb3vSTg-qkPAZg,Gweilo-60,2019-02-14 18:31:40.4439,10676,0
UChXOhG9bRDb3vSTg-qkPAZg,Gweilo-60,2019-02-14 18:30:40.633643,10676,0
UChXOhG9bRDb3vSTg-qkPAZg,Gweilo-60,2019-02-14 18:29:39.911071,10676,0
UChXOhG9bRDb3vSTg-qkPAZg,Gweilo-60,2019-02-14 18:28:40.176421,10676,0
UChXOhG9bRDb3vSTg-qkPAZg,Gweilo-60,2019-02-14 18:27:39.582331,10676,0
UChXOhG9bRDb3vSTg-qkPAZg,Gweilo-60,2019-02-14 18:26:40.246454,10676,0
UChXOhG9bRDb3vSTg-qkPAZg,Gweilo-60,2019-02-14 18:25:41.025343,10676,0
UChXOhG9bRDb3vSTg-qkPAZg,Gweilo-60,2019-02-14 18:24:39.447975,10676,0
UChXOhG9bRDb3vSTg-qkPAZg,Gweilo-60,2019-02-14 18:23:40.401696,10676,0
UChXOhG9bRDb3vSTg-qkPAZg,Gweilo-60,2019-02-14 18:22:39.859053,10676,0
UChXOhG9bRDb3vSTg-qkPAZg,Gweilo-60,2019-02-14 18:21:39.989908,10676,0
UChXOhG9bRDb3vSTg-qkPAZg,Gweilo-60,2019-02-14 18:20:39.656423,10676,0
UChXOhG9bRDb3vSTg-qkPAZg,Gweilo-60,2019-02-14 18:19:40.402263,10676,0
UChXOhG9bRDb3vSTg-qkPAZg,Gweilo-60,2019-02-14 18:18:40.470642,10676,0
UChXOhG9bRDb3vSTg-qkPAZg,Gweilo-60,2019-02-14 18:17:40.202052,10676,0
UChXOhG9bRDb3vSTg-qkPAZg,Gweilo-60,2019-02-14 18:16:39.71745,10676,0
UChXOhG9bRDb3vSTg-qkPAZg,Gweilo-60,2019-02-14 18:15:41.042263,10676,0
UChXOhG9bRDb3vSTg-qkPAZg,Gweilo-60,2019-02-14 18:14:40.114489,10676,0
UChXOhG9bRDb3vSTg-qkPAZg,Gweilo-60,2019-02-14 18:13:40.237086,10676,0
UChXOhG9bRDb3vSTg-qkPAZg,Gweilo-60,2019-02-14 18:12:40.936904,10676,0
UChXOhG9bRDb3vSTg-qkPAZg,Gweilo-60,2019-02-14 18:11:40.035788,10676,0
UChXOhG9bRDb3vSTg-qkPAZg,Gweilo-60,2019-02-14 18:10:40.587021,10676,0
UChXOhG9bRDb3vSTg-qkPAZg,Gweilo-60,2019-02-14 18:09:40.169229,10676,0
UChXOhG9bRDb3vSTg-qkPAZg,Gweilo-60,2019-02-14 18:08:40.212587,10676,0
UChXOhG9bRDb3vSTg-qkPAZg,Gweilo-60,2019-02-14 18:07:39.888945,10676,0
UChXOhG9bRDb3vSTg-qkPAZg,Gweilo-60,2019-02-14 18:06:40.454624,10676,0
UChXOhG9bRDb3vSTg-qkPAZg,Gweilo-60,2019-02-14 18:05:40.973067,10676,0
UChXOhG9bRDb3vSTg-qkPAZg,Gweilo-60,2019-02-14 18:04:39.942141,10676,0
UChXOhG9bRDb3vSTg-qkPAZg,Gweilo-60,2019-02-14 18:03:39.706212,10676,0
UChXOhG9bRDb3vSTg-qkPAZg,Gweilo-60,2019-02-14 18:02:40.722052,10676,0
UChXOhG9bRDb3vSTg-qkPAZg,Gweilo-60,2019-02-14 18:01:39.950792,10676,0
UChXOhG9bRDb3vSTg-qkPAZg,Gweilo-60,2019-02-14 18:00:40.550853,10676,0
UChXOhG9bRDb3vSTg-qkPAZg,Gweilo-60,2019-02-14 17:59:40.525726,10676,0
UChXOhG9bRDb3vSTg-qkPAZg,Gweilo-60,2019-02-14 17:58:40.404912,10676,0
UChXOhG9bRDb3vSTg-qkPAZg,Gweilo-60,2019-02-14 17:57:40.458329,10676,0
UChXOhG9bRDb3vSTg-qkPAZg,Gweilo-60,2019-02-14 17:56:39.703562,10676,0
UChXOhG9bRDb3vSTg-qkPAZg,Gweilo-60,2019-02-14 17:55:40.607227,10676,0
UChXOhG9bRDb3vSTg-qkPAZg,Gweilo-60,2019-02-14 17:54:41.515839,10676,0
UChXOhG9bRDb3vSTg-qkPAZg,Gweilo-60,2019-02-14 17:53:40.179693,10676,0
UChXOhG9bRDb3vSTg-qkPAZg,Gweilo-60,2019-02-14 17:52:40.670768,10676,0
UChXOhG9bRDb3vSTg-qkPAZg,Gweilo-60,2019-02-14 17:51:41.121588,10676,0
UChXOhG9bRDb3vSTg-qkPAZg,Gweilo-60,2019-02-14 17:50:40.396823,10676,0
UChXOhG9bRDb3vSTg-qkPAZg,Gweilo-60,2019-02-14 17:49:41.310993,10676,0
UChXOhG9bRDb3vSTg-qkPAZg,Gweilo-60,2019-02-14 17:48:39.970398,10676,0
UChXOhG9bRDb3vSTg-qkPAZg,Gweilo-60,2019-02-14 17:47:40.393612,10676,0
UChXOhG9bRDb3vSTg-qkPAZg,Gweilo-60,2019-02-14 17:46:40.314737,10676,0
UChXOhG9bRDb3vSTg-qkPAZg,Gweilo-60,2019-02-14 17:45:40.136097,10676,0
UChXOhG9bRDb3vSTg-qkPAZg,Gweilo-60,2019-02-14 17:44:40.071322,10676,0
UChXOhG9bRDb3vSTg-qkPAZg,Gweilo-60,2019-02-14 17:43:40.385723,10676,0
UChXOhG9bRDb3vSTg-qkPAZg,Gweilo-60,2019-02-14 17:42:40.528341,10676,0
UChXOhG9bRDb3vSTg-qkPAZg,Gweilo-60,2019-02-14 17:41:40.476049,10676,0
UChXOhG9bRDb3vSTg-qkPAZg,Gweilo-60,2019-02-14 17:40:40.637949,10676,0
UChXOhG9bRDb3vSTg-qkPAZg,Gweilo-60,2019-02-14 17:39:39.874997,10676,0
UChXOhG9bRDb3vSTg-qkPAZg,Gweilo-60,2019-02-14 17:38:40.588824,10676,0
UChXOhG9bRDb3vSTg-qkPAZg,Gweilo-60,2019-02-14 17:37:40.180223,10676,0
UChXOhG9bRDb3vSTg-qkPAZg,Gweilo-60,2019-02-14 17:36:40.242416,10676,0
UChXOhG9bRDb3vSTg-qkPAZg,Gweilo-60,2019-02-14 17:35:40.579548,10676,0
UChXOhG9bRDb3vSTg-qkPAZg,Gweilo-60,2019-02-14 17:34:41.233682,10676,0
UChXOhG9bRDb3vSTg-qkPAZg,Gweilo-60,2019-02-14 17:33:40.215893,10676,0
UChXOhG9bRDb3vSTg-qkPAZg,Gweilo-60,2019-02-14 17:32:39.756597,10676,0
UChXOhG9bRDb3vSTg-qkPAZg,Gweilo-60,2019-02-14 17:31:39.538295,10676,0
UChXOhG9bRDb3vSTg-qkPAZg,Gweilo-60,2019-02-14 17:30:41.443931,10676,0
UChXOhG9bRDb3vSTg-qkPAZg,Gweilo-60,2019-02-14 17:29:40.18892,10676,0
UChXOhG9bRDb3vSTg-qkPAZg,Gweilo-60,2019-02-14 17:28:40.110617,10676,0
UChXOhG9bRDb3vSTg-qkPAZg,Gweilo-60,2019-02-14 17:27:39.736929,10676,0
UChXOhG9bRDb3vSTg-qkPAZg,Gweilo-60,2019-02-14 17:26:40.823382,10676,0
UChXOhG9bRDb3vSTg-qkPAZg,Gweilo-60,2019-02-14 17:25:40.476628,10676,0
UChXOhG9bRDb3vSTg-qkPAZg,Gweilo-60,2019-02-14 17:24:39.77218,10676,0
UChXOhG9bRDb3vSTg-qkPAZg,Gweilo-60,2019-02-14 17:23:40.057818,10676,0
UChXOhG9bRDb3vSTg-qkPAZg,Gweilo-60,2019-02-14 17:22:39.677649,10676,0
UChXOhG9bRDb3vSTg-qkPAZg,Gweilo-60,2019-02-14 17:21:40.743934,10676,0
UChXOhG9bRDb3vSTg-qkPAZg,Gweilo-60,2019-02-14 17:20:40.173725,10676,0
UChXOhG9bRDb3vSTg-qkPAZg,Gweilo-60,2019-02-14 17:19:40.386499,10676,0
UChXOhG9bRDb3vSTg-qkPAZg,Gweilo-60,2019-02-14 17:18:39.98847,10676,0
UChXOhG9bRDb3vSTg-qkPAZg,Gweilo-60,2019-02-14 17:17:40.344474,10676,0
UChXOhG9bRDb3vSTg-qkPAZg,Gweilo-60,2019-02-14 17:16:40.213024,10676,0
UChXOhG9bRDb3vSTg-qkPAZg,Gweilo-60,2019-02-14 17:15:40.520432,10676,0
UChXOhG9bRDb3vSTg-qkPAZg,Gweilo-60,2019-02-14 17:14:40.733149,10676,0
UChXOhG9bRDb3vSTg-qkPAZg,Gweilo-60,2019-02-14 17:13:40.641191,10676,0
UChXOhG9bRDb3vSTg-qkPAZg,Gweilo-60,2019-02-14 17:12:39.811082,10676,0
UChXOhG9bRDb3vSTg-qkPAZg,Gweilo-60,2019-02-14 17:11:39.874726,10676,0
UChXOhG9bRDb3vSTg-qkPAZg,Gweilo-60,2019-02-14 17:10:39.502151,10676,0
UChXOhG9bRDb3vSTg-qkPAZg,Gweilo-60,2019-02-14 17:09:40.410676,10676,0
UChXOhG9bRDb3vSTg-qkPAZg,Gweilo-60,2019-02-14 17:08:39.844042,10676,0
UChXOhG9bRDb3vSTg-qkPAZg,Gweilo-60,2019-02-14 17:07:39.608986,10676,0
UChXOhG9bRDb3vSTg-qkPAZg,Gweilo-60,2019-02-14 17:06:39.966289,10676,0
UChXOhG9bRDb3vSTg-qkPAZg,Gweilo-60,2019-02-14 17:05:39.514392,10676,0
UChXOhG9bRDb3vSTg-qkPAZg,Gweilo-60,2019-02-14 17:04:40.387816,10676,0
UChXOhG9bRDb3vSTg-qkPAZg,Gweilo-60,2019-02-14 17:03:40.104359,10676,0
UChXOhG9bRDb3vSTg-qkPAZg,Gweilo-60,2019-02-14 17:02:40.331195,10676,0
UChXOhG9bRDb3vSTg-qkPAZg,Gweilo-60,2019-02-14 17:01:40.179785,10676,0
UChXOhG9bRDb3vSTg-qkPAZg,Gweilo-60,2019-02-14 17:00:40.603677,10676,0
UChXOhG9bRDb3vSTg-qkPAZg,Gweilo-60,2019-02-14 16:59:40.569167,10676,0
UChXOhG9bRDb3vSTg-qkPAZg,Gweilo-60,2019-02-14 16:58:40.243401,10676,0
UChXOhG9bRDb3vSTg-qkPAZg,Gweilo-60,2019-02-14 16:57:39.375083,10676,0
UChXOhG9bRDb3vSTg-qkPAZg,Gweilo-60,2019-02-14 16:56:40.234712,10676,0
UChXOhG9bRDb3vSTg-qkPAZg,Gweilo-60,2019-02-14 16:55:39.905067,10676,0
UChXOhG9bRDb3vSTg-qkPAZg,Gweilo-60,2019-02-14 16:54:40.302129,10676,0
UChXOhG9bRDb3vSTg-qkPAZg,Gweilo-60,2019-02-14 16:53:39.724303,10676,0
UChXOhG9bRDb3vSTg-qkPAZg,Gweilo-60,2019-02-14 16:52:40.61361,10676,0
UChXOhG9bRDb3vSTg-qkPAZg,Gweilo-60,2019-02-14 16:51:39.708434,10676,0
UChXOhG9bRDb3vSTg-qkPAZg,Gweilo-60,2019-02-14 16:50:40.03551,10676,0
UChXOhG9bRDb3vSTg-qkPAZg,Gweilo-60,2019-02-14 16:49:39.801733,10676,0
UChXOhG9bRDb3vSTg-qkPAZg,Gweilo-60,2019-02-14 16:48:39.4284,10676,0
UChXOhG9bRDb3vSTg-qkPAZg,Gweilo-60,2019-02-14 16:47:40.055252,10676,0
UChXOhG9bRDb3vSTg-qkPAZg,Gweilo-60,2019-02-14 16:46:39.419903,10676,0
UChXOhG9bRDb3vSTg-qkPAZg,Gweilo-60,2019-02-14 16:45:40.039265,10676,0
UChXOhG9bRDb3vSTg-qkPAZg,Gweilo-60,2019-02-14 16:44:40.611204,10676,0
UChXOhG9bRDb3vSTg-qkPAZg,Gweilo-60,2019-02-14 16:43:39.532722,10676,0
UChXOhG9bRDb3vSTg-qkPAZg,Gweilo-60,2019-02-14 16:42:39.428861,10676,0
UChXOhG9bRDb3vSTg-qkPAZg,Gweilo-60,2019-02-14 16:41:39.989122,10676,0
UChXOhG9bRDb3vSTg-qkPAZg,Gweilo-60,2019-02-14 16:40:40.000962,10676,0
UChXOhG9bRDb3vSTg-qkPAZg,Gweilo-60,2019-02-14 16:39:40.327412,10676,0
UChXOhG9bRDb3vSTg-qkPAZg,Gweilo-60,2019-02-14 16:38:39.822725,10676,0
UChXOhG9bRDb3vSTg-qkPAZg,Gweilo-60,2019-02-14 16:37:40.132317,10676,0
UChXOhG9bRDb3vSTg-qkPAZg,Gweilo-60,2019-02-14 16:36:43.422151,10676,0
UChXOhG9bRDb3vSTg-qkPAZg,Gweilo-60,2019-02-14 16:35:40.50225,10676,0
UChXOhG9bRDb3vSTg-qkPAZg,Gweilo-60,2019-02-14 16:34:41.007934,10676,0
UChXOhG9bRDb3vSTg-qkPAZg,Gweilo-60,2019-02-14 16:33:39.938974,10676,0
UChXOhG9bRDb3vSTg-qkPAZg,Gweilo-60,2019-02-14 16:32:40.204524,10676,0
UChXOhG9bRDb3vSTg-qkPAZg,Gweilo-60,2019-02-14 16:31:39.292051,10676,0
UChXOhG9bRDb3vSTg-qkPAZg,Gweilo-60,2019-02-14 16:30:40.518082,10676,0
UChXOhG9bRDb3vSTg-qkPAZg,Gweilo-60,2019-02-14 16:29:39.648553,10676,0
UChXOhG9bRDb3vSTg-qkPAZg,Gweilo-60,2019-02-14 16:28:40.128468,10676,0
UChXOhG9bRDb3vSTg-qkPAZg,Gweilo-60,2019-02-14 16:27:40.02059,10676,0
UChXOhG9bRDb3vSTg-qkPAZg,Gweilo-60,2019-02-14 16:26:40.445348,10676,0
UChXOhG9bRDb3vSTg-qkPAZg,Gweilo-60,2019-02-14 16:25:41.335026,10676,0
UChXOhG9bRDb3vSTg-qkPAZg,Gweilo-60,2019-02-14 16:24:40.445637,10676,0
UChXOhG9bRDb3vSTg-qkPAZg,Gweilo-60,2019-02-14 16:23:39.775888,10676,0
UChXOhG9bRDb3vSTg-qkPAZg,Gweilo-60,2019-02-14 16:22:40.237746,10676,0
UChXOhG9bRDb3vSTg-qkPAZg,Gweilo-60,2019-02-14 16:21:41.310331,10676,0
UChXOhG9bRDb3vSTg-qkPAZg,Gweilo-60,2019-02-14 16:20:39.678217,10676,0
UChXOhG9bRDb3vSTg-qkPAZg,Gweilo-60,2019-02-14 16:19:40.216493,10676,0
UChXOhG9bRDb3vSTg-qkPAZg,Gweilo-60,2019-02-14 16:18:40.702054,10676,0
UChXOhG9bRDb3vSTg-qkPAZg,Gweilo-60,2019-02-14 16:17:40.286427,10676,0
UChXOhG9bRDb3vSTg-qkPAZg,Gweilo-60,2019-02-14 16:16:40.792009,10676,0
UChXOhG9bRDb3vSTg-qkPAZg,Gweilo-60,2019-02-14 16:15:40.149966,10676,0
UChXOhG9bRDb3vSTg-qkPAZg,Gweilo-60,2019-02-14 16:14:43.323386,10676,0
UChXOhG9bRDb3vSTg-qkPAZg,Gweilo-60,2019-02-14 16:13:40.505632,10676,0
UChXOhG9bRDb3vSTg-qkPAZg,Gweilo-60,2019-02-14 16:12:40.149095,10676,0
UChXOhG9bRDb3vSTg-qkPAZg,Gweilo-60,2019-02-14 16:11:40.092262,10676,0
UChXOhG9bRDb3vSTg-qkPAZg,Gweilo-60,2019-02-14 16:10:39.800217,10676,0
UChXOhG9bRDb3vSTg-qkPAZg,Gweilo-60,2019-02-14 16:09:40.068367,10676,0
UChXOhG9bRDb3vSTg-qkPAZg,Gweilo-60,2019-02-14 16:08:39.641999,10676,0
UChXOhG9bRDb3vSTg-qkPAZg,Gweilo-60,2019-02-14 16:07:39.703184,10676,0
UChXOhG9bRDb3vSTg-qkPAZg,Gweilo-60,2019-02-14 16:06:39.732011,10676,0
UChXOhG9bRDb3vSTg-qkPAZg,Gweilo-60,2019-02-14 16:05:39.162172,10676,0
UChXOhG9bRDb3vSTg-qkPAZg,Gweilo-60,2019-02-14 16:04:40.433374,10676,0
UChXOhG9bRDb3vSTg-qkPAZg,Gweilo-60,2019-02-14 16:03:40.144019,10676,0
UChXOhG9bRDb3vSTg-qkPAZg,Gweilo-60,2019-02-14 16:02:39.709392,10676,0
UChXOhG9bRDb3vSTg-qkPAZg,Gweilo-60,2019-02-14 16:01:40.06602,10676,0
UChXOhG9bRDb3vSTg-qkPAZg,Gweilo-60,2019-02-14 16:00:39.723198,10676,0
UChXOhG9bRDb3vSTg-qkPAZg,Gweilo-60,2019-02-14 15:59:40.249992,10676,0
UChXOhG9bRDb3vSTg-qkPAZg,Gweilo-60,2019-02-14 15:58:39.613618,10676,0
UChXOhG9bRDb3vSTg-qkPAZg,Gweilo-60,2019-02-14 15:57:39.794111,10676,0
UChXOhG9bRDb3vSTg-qkPAZg,Gweilo-60,2019-02-14 15:56:39.878527,10676,0
UChXOhG9bRDb3vSTg-qkPAZg,Gweilo-60,2019-02-14 15:55:39.954944,10676,0
UChXOhG9bRDb3vSTg-qkPAZg,Gweilo-60,2019-02-14 15:54:40.167818,10676,0
UChXOhG9bRDb3vSTg-qkPAZg,Gweilo-60,2019-02-14 15:53:40.260572,10676,0
UChXOhG9bRDb3vSTg-qkPAZg,Gweilo-60,2019-02-14 15:52:39.855794,10676,0
UChXOhG9bRDb3vSTg-qkPAZg,Gweilo-60,2019-02-14 15:51:39.598986,10676,0
UChXOhG9bRDb3vSTg-qkPAZg,Gweilo-60,2019-02-14 15:50:40.045828,10676,0
UChXOhG9bRDb3vSTg-qkPAZg,Gweilo-60,2019-02-14 15:49:40.658762,10676,0
UChXOhG9bRDb3vSTg-qkPAZg,Gweilo-60,2019-02-14 15:48:40.316233,10676,0
UChXOhG9bRDb3vSTg-qkPAZg,Gweilo-60,2019-02-14 15:47:40.184499,10676,0
UChXOhG9bRDb3vSTg-qkPAZg,Gweilo-60,2019-02-14 15:46:40.56028,10676,0
UChXOhG9bRDb3vSTg-qkPAZg,Gweilo-60,2019-02-14 15:45:39.795309,10676,0
UChXOhG9bRDb3vSTg-qkPAZg,Gweilo-60,2019-02-14 15:44:39.522237,10676,0
UChXOhG9bRDb3vSTg-qkPAZg,Gweilo-60,2019-02-14 15:43:39.606819,10676,0
UChXOhG9bRDb3vSTg-qkPAZg,Gweilo-60,2019-02-14 15:42:40.519079,10676,0
UChXOhG9bRDb3vSTg-qkPAZg,Gweilo-60,2019-02-14 15:41:39.567304,10676,0
UChXOhG9bRDb3vSTg-qkPAZg,Gweilo-60,2019-02-14 15:40:40.072971,10676,1
UChXOhG9bRDb3vSTg-qkPAZg,Gweilo-60,2019-02-14 15:39:40.056994,10675,0
UChXOhG9bRDb3vSTg-qkPAZg,Gweilo-60,2019-02-14 15:38:41.558892,10675,0
UChXOhG9bRDb3vSTg-qkPAZg,Gweilo-60,2019-02-14 15:37:39.674296,10675,0
UChXOhG9bRDb3vSTg-qkPAZg,Gweilo-60,2019-02-14 15:36:39.882855,10675,0
UChXOhG9bRDb3vSTg-qkPAZg,Gweilo-60,2019-02-14 15:35:39.528286,10675,0
UChXOhG9bRDb3vSTg-qkPAZg,Gweilo-60,2019-02-14 15:34:39.697072,10675,0
UChXOhG9bRDb3vSTg-qkPAZg,Gweilo-60,2019-02-14 15:33:39.025879,10675,0
UChXOhG9bRDb3vSTg-qkPAZg,Gweilo-60,2019-02-14 15:32:39.879654,10675,0
UChXOhG9bRDb3vSTg-qkPAZg,Gweilo-60,2019-02-14 15:31:40.245158,10675,0
UChXOhG9bRDb3vSTg-qkPAZg,Gweilo-60,2019-02-14 15:30:39.969388,10675,0
UChXOhG9bRDb3vSTg-qkPAZg,Gweilo-60,2019-02-14 15:29:39.605901,10675,0
UChXOhG9bRDb3vSTg-qkPAZg,Gweilo-60,2019-02-14 15:28:40.492844,10675,0
UChXOhG9bRDb3vSTg-qkPAZg,Gweilo-60,2019-02-14 15:27:39.996865,10675,0
UChXOhG9bRDb3vSTg-qkPAZg,Gweilo-60,2019-02-14 15:26:39.820742,10675,0
UChXOhG9bRDb3vSTg-qkPAZg,Gweilo-60,2019-02-14 15:25:39.888141,10675,0
UChXOhG9bRDb3vSTg-qkPAZg,Gweilo-60,2019-02-14 15:24:39.16839,10675,0
UChXOhG9bRDb3vSTg-qkPAZg,Gweilo-60,2019-02-14 15:23:40.376666,10675,0
UChXOhG9bRDb3vSTg-qkPAZg,Gweilo-60,2019-02-14 15:22:39.543755,10675,0
UChXOhG9bRDb3vSTg-qkPAZg,Gweilo-60,2019-02-14 15:21:39.879381,10675,0
UChXOhG9bRDb3vSTg-qkPAZg,Gweilo-60,2019-02-14 15:20:39.600864,10675,0
UChXOhG9bRDb3vSTg-qkPAZg,Gweilo-60,2019-02-14 15:19:40.279381,10675,0
UChXOhG9bRDb3vSTg-qkPAZg,Gweilo-60,2019-02-14 15:18:40.032723,10675,0
UChXOhG9bRDb3vSTg-qkPAZg,Gweilo-60,2019-02-14 15:17:39.770629,10675,0
UChXOhG9bRDb3vSTg-qkPAZg,Gweilo-60,2019-02-14 15:16:39.784583,10675,0
UChXOhG9bRDb3vSTg-qkPAZg,Gweilo-60,2019-02-14 15:15:39.221841,10675,0
UChXOhG9bRDb3vSTg-qkPAZg,Gweilo-60,2019-02-14 15:14:39.314888,10675,0
UChXOhG9bRDb3vSTg-qkPAZg,Gweilo-60,2019-02-14 15:13:39.358447,10675,0
UChXOhG9bRDb3vSTg-qkPAZg,Gweilo-60,2019-02-14 15:12:39.639976,10675,0
UChXOhG9bRDb3vSTg-qkPAZg,Gweilo-60,2019-02-14 15:11:39.912568,10675,0
UChXOhG9bRDb3vSTg-qkPAZg,Gweilo-60,2019-02-14 15:10:39.623944,10675,0
UChXOhG9bRDb3vSTg-qkPAZg,Gweilo-60,2019-02-14 15:09:39.798271,10675,0
UChXOhG9bRDb3vSTg-qkPAZg,Gweilo-60,2019-02-14 15:08:39.90157,10675,0
UChXOhG9bRDb3vSTg-qkPAZg,Gweilo-60,2019-02-14 15:07:40.487826,10675,0
UChXOhG9bRDb3vSTg-qkPAZg,Gweilo-60,2019-02-14 15:06:39.728324,10675,0
UChXOhG9bRDb3vSTg-qkPAZg,Gweilo-60,2019-02-14 15:05:39.791231,10675,0
UChXOhG9bRDb3vSTg-qkPAZg,Gweilo-60,2019-02-14 15:04:39.33071,10675,0
UChXOhG9bRDb3vSTg-qkPAZg,Gweilo-60,2019-02-14 15:03:39.62061,10675,0
UChXOhG9bRDb3vSTg-qkPAZg,Gweilo-60,2019-02-14 15:02:40.049988,10675,0
UChXOhG9bRDb3vSTg-qkPAZg,Gweilo-60,2019-02-14 15:01:38.844201,10675,0
UChXOhG9bRDb3vSTg-qkPAZg,Gweilo-60,2019-02-14 15:00:39.862267,10675,0
UChXOhG9bRDb3vSTg-qkPAZg,Gweilo-60,2019-02-14 14:59:39.863297,10675,0
UChXOhG9bRDb3vSTg-qkPAZg,Gweilo-60,2019-02-14 14:58:39.156271,10675,0
UChXOhG9bRDb3vSTg-qkPAZg,Gweilo-60,2019-02-14 14:57:40.093618,10675,0
UChXOhG9bRDb3vSTg-qkPAZg,Gweilo-60,2019-02-14 14:56:39.44438,10675,0
UChXOhG9bRDb3vSTg-qkPAZg,Gweilo-60,2019-02-14 14:55:39.594679,10675,0
UChXOhG9bRDb3vSTg-qkPAZg,Gweilo-60,2019-02-14 14:54:40.049729,10675,0
UChXOhG9bRDb3vSTg-qkPAZg,Gweilo-60,2019-02-14 14:53:39.868898,10675,0
UChXOhG9bRDb3vSTg-qkPAZg,Gweilo-60,2019-02-14 14:52:39.374134,10675,0
UChXOhG9bRDb3vSTg-qkPAZg,Gweilo-60,2019-02-14 14:51:39.76501,10675,0
UChXOhG9bRDb3vSTg-qkPAZg,Gweilo-60,2019-02-14 14:50:39.781501,10675,0
UChXOhG9bRDb3vSTg-qkPAZg,Gweilo-60,2019-02-14 14:49:39.726711,10675,0
UChXOhG9bRDb3vSTg-qkPAZg,Gweilo-60,2019-02-14 14:48:42.53435,10675,0
UChXOhG9bRDb3vSTg-qkPAZg,Gweilo-60,2019-02-14 14:47:39.665025,10675,0
UChXOhG9bRDb3vSTg-qkPAZg,Gweilo-60,2019-02-14 14:46:39.901973,10675,0
UChXOhG9bRDb3vSTg-qkPAZg,Gweilo-60,2019-02-14 14:45:39.738052,10675,0
UChXOhG9bRDb3vSTg-qkPAZg,Gweilo-60,2019-02-14 14:44:39.878154,10675,0
UChXOhG9bRDb3vSTg-qkPAZg,Gweilo-60,2019-02-14 14:43:39.259046,10675,0
UChXOhG9bRDb3vSTg-qkPAZg,Gweilo-60,2019-02-14 14:42:39.633287,10675,0
UChXOhG9bRDb3vSTg-qkPAZg,Gweilo-60,2019-02-14 14:41:38.931709,10675,0
UChXOhG9bRDb3vSTg-qkPAZg,Gweilo-60,2019-02-14 14:40:40.339653,10675,0
UChXOhG9bRDb3vSTg-qkPAZg,Gweilo-60,2019-02-14 14:39:39.304709,10675,0
UChXOhG9bRDb3vSTg-qkPAZg,Gweilo-60,2019-02-14 14:38:39.520179,10675,0
UChXOhG9bRDb3vSTg-qkPAZg,Gweilo-60,2019-02-14 14:37:39.449094,10675,0
UChXOhG9bRDb3vSTg-qkPAZg,Gweilo-60,2019-02-14 14:36:40.168994,10675,0
UChXOhG9bRDb3vSTg-qkPAZg,Gweilo-60,2019-02-14 14:35:39.678709,10675,0
UChXOhG9bRDb3vSTg-qkPAZg,Gweilo-60,2019-02-14 14:34:39.505132,10675,0
UChXOhG9bRDb3vSTg-qkPAZg,Gweilo-60,2019-02-14 14:33:39.72096,10675,0
UChXOhG9bRDb3vSTg-qkPAZg,Gweilo-60,2019-02-14 14:32:39.476831,10675,0
UChXOhG9bRDb3vSTg-qkPAZg,Gweilo-60,2019-02-14 14:31:39.924092,10675,0
UChXOhG9bRDb3vSTg-qkPAZg,Gweilo-60,2019-02-14 14:30:39.394177,10675,0
UChXOhG9bRDb3vSTg-qkPAZg,Gweilo-60,2019-02-14 14:29:39.681199,10675,0
UChXOhG9bRDb3vSTg-qkPAZg,Gweilo-60,2019-02-14 14:28:39.932209,10675,0
UChXOhG9bRDb3vSTg-qkPAZg,Gweilo-60,2019-02-14 14:27:38.975853,10675,0
UChXOhG9bRDb3vSTg-qkPAZg,Gweilo-60,2019-02-14 14:26:39.744319,10675,0
UChXOhG9bRDb3vSTg-qkPAZg,Gweilo-60,2019-02-14 14:25:39.904752,10675,0
UChXOhG9bRDb3vSTg-qkPAZg,Gweilo-60,2019-02-14 14:24:40.083968,10675,0
UChXOhG9bRDb3vSTg-qkPAZg,Gweilo-60,2019-02-14 14:23:39.76095,10675,0
UChXOhG9bRDb3vSTg-qkPAZg,Gweilo-60,2019-02-14 14:22:40.104792,10675,0
UChXOhG9bRDb3vSTg-qkPAZg,Gweilo-60,2019-02-14 14:21:40.108117,10675,0
UChXOhG9bRDb3vSTg-qkPAZg,Gweilo-60,2019-02-14 14:20:39.653522,10675,0
UChXOhG9bRDb3vSTg-qkPAZg,Gweilo-60,2019-02-14 14:19:39.404983,10675,0
UChXOhG9bRDb3vSTg-qkPAZg,Gweilo-60,2019-02-14 14:18:40.196735,10675,0
UChXOhG9bRDb3vSTg-qkPAZg,Gweilo-60,2019-02-14 14:17:40.198356,10675,0
UChXOhG9bRDb3vSTg-qkPAZg,Gweilo-60,2019-02-14 14:16:39.750291,10675,0
UChXOhG9bRDb3vSTg-qkPAZg,Gweilo-60,2019-02-14 14:15:39.729639,10675,0
UChXOhG9bRDb3vSTg-qkPAZg,Gweilo-60,2019-02-14 14:14:39.894711,10675,0
UChXOhG9bRDb3vSTg-qkPAZg,Gweilo-60,2019-02-14 14:13:39.997809,10675,0
UChXOhG9bRDb3vSTg-qkPAZg,Gweilo-60,2019-02-14 14:12:39.570915,10675,0
UChXOhG9bRDb3vSTg-qkPAZg,Gweilo-60,2019-02-14 14:11:39.652341,10675,0
UChXOhG9bRDb3vSTg-qkPAZg,Gweilo-60,2019-02-14 14:10:39.816851,10675,0
UChXOhG9bRDb3vSTg-qkPAZg,Gweilo-60,2019-02-14 14:09:40.082223,10675,0
UChXOhG9bRDb3vSTg-qkPAZg,Gweilo-60,2019-02-14 14:08:40.19826,10675,0
UChXOhG9bRDb3vSTg-qkPAZg,Gweilo-60,2019-02-14 14:07:40.301642,10675,0
UChXOhG9bRDb3vSTg-qkPAZg,Gweilo-60,2019-02-14 14:06:39.427043,10675,0
UChXOhG9bRDb3vSTg-qkPAZg,Gweilo-60,2019-02-14 14:05:40.253311,10675,0
UChXOhG9bRDb3vSTg-qkPAZg,Gweilo-60,2019-02-14 14:04:39.458309,10675,0
UChXOhG9bRDb3vSTg-qkPAZg,Gweilo-60,2019-02-14 14:03:39.240133,10675,0
UChXOhG9bRDb3vSTg-qkPAZg,Gweilo-60,2019-02-14 14:02:39.409419,10675,0
UChXOhG9bRDb3vSTg-qkPAZg,Gweilo-60,2019-02-14 14:01:39.323916,10675,0
UChXOhG9bRDb3vSTg-qkPAZg,Gweilo-60,2019-02-14 14:00:39.637171,10675,0
UChXOhG9bRDb3vSTg-qkPAZg,Gweilo-60,2019-02-14 13:59:39.583362,10675,0
UChXOhG9bRDb3vSTg-qkPAZg,Gweilo-60,2019-02-14 13:58:39.726175,10675,0
UChXOhG9bRDb3vSTg-qkPAZg,Gweilo-60,2019-02-14 13:57:40.387795,10675,0
UChXOhG9bRDb3vSTg-qkPAZg,Gweilo-60,2019-02-14 13:56:39.17861,10675,0
UChXOhG9bRDb3vSTg-qkPAZg,Gweilo-60,2019-02-14 13:55:39.985817,10675,0
UChXOhG9bRDb3vSTg-qkPAZg,Gweilo-60,2019-02-14 13:54:40.099334,10675,0
UChXOhG9bRDb3vSTg-qkPAZg,Gweilo-60,2019-02-14 13:53:39.596129,10675,0
UChXOhG9bRDb3vSTg-qkPAZg,Gweilo-60,2019-02-14 13:52:39.100622,10675,0
UChXOhG9bRDb3vSTg-qkPAZg,Gweilo-60,2019-02-14 13:51:39.036814,10675,0
UChXOhG9bRDb3vSTg-qkPAZg,Gweilo-60,2019-02-14 13:50:39.258057,10675,0
UChXOhG9bRDb3vSTg-qkPAZg,Gweilo-60,2019-02-14 13:49:39.392912,10675,0
UChXOhG9bRDb3vSTg-qkPAZg,Gweilo-60,2019-02-14 13:48:39.910434,10675,0
UChXOhG9bRDb3vSTg-qkPAZg,Gweilo-60,2019-02-14 13:47:39.399062,10675,0
UChXOhG9bRDb3vSTg-qkPAZg,Gweilo-60,2019-02-14 13:46:39.943755,10675,0
UChXOhG9bRDb3vSTg-qkPAZg,Gweilo-60,2019-02-14 13:45:39.62606,10675,0
UChXOhG9bRDb3vSTg-qkPAZg,Gweilo-60,2019-02-14 13:44:39.216298,10675,0
UChXOhG9bRDb3vSTg-qkPAZg,Gweilo-60,2019-02-14 13:43:39.620422,10675,0
UChXOhG9bRDb3vSTg-qkPAZg,Gweilo-60,2019-02-14 13:42:39.620256,10675,0
UChXOhG9bRDb3vSTg-qkPAZg,Gweilo-60,2019-02-14 13:41:39.106196,10675,0
UChXOhG9bRDb3vSTg-qkPAZg,Gweilo-60,2019-02-14 13:40:39.566547,10675,0
UChXOhG9bRDb3vSTg-qkPAZg,Gweilo-60,2019-02-14 13:39:39.589756,10675,0
UChXOhG9bRDb3vSTg-qkPAZg,Gweilo-60,2019-02-14 13:38:39.809107,10675,0
UChXOhG9bRDb3vSTg-qkPAZg,Gweilo-60,2019-02-14 13:37:39.872367,10675,0
UChXOhG9bRDb3vSTg-qkPAZg,Gweilo-60,2019-02-14 13:36:40.618016,10675,0
UChXOhG9bRDb3vSTg-qkPAZg,Gweilo-60,2019-02-14 13:35:39.985328,10675,0
UChXOhG9bRDb3vSTg-qkPAZg,Gweilo-60,2019-02-14 13:34:39.964542,10675,0
UChXOhG9bRDb3vSTg-qkPAZg,Gweilo-60,2019-02-14 13:33:39.484349,10675,0
UChXOhG9bRDb3vSTg-qkPAZg,Gweilo-60,2019-02-14 13:32:40.286293,10675,0
UChXOhG9bRDb3vSTg-qkPAZg,Gweilo-60,2019-02-14 13:31:39.509127,10675,0
UChXOhG9bRDb3vSTg-qkPAZg,Gweilo-60,2019-02-14 13:30:39.354606,10675,0
UChXOhG9bRDb3vSTg-qkPAZg,Gweilo-60,2019-02-14 13:29:39.670957,10675,0
UChXOhG9bRDb3vSTg-qkPAZg,Gweilo-60,2019-02-14 13:28:39.670516,10675,0
UChXOhG9bRDb3vSTg-qkPAZg,Gweilo-60,2019-02-14 13:27:39.465518,10675,0
UChXOhG9bRDb3vSTg-qkPAZg,Gweilo-60,2019-02-14 13:26:40.195966,10675,0
UChXOhG9bRDb3vSTg-qkPAZg,Gweilo-60,2019-02-14 13:25:39.226822,10675,0
UChXOhG9bRDb3vSTg-qkPAZg,Gweilo-60,2019-02-14 13:24:39.461352,10675,0
UChXOhG9bRDb3vSTg-qkPAZg,Gweilo-60,2019-02-14 13:23:39.845963,10675,0
UChXOhG9bRDb3vSTg-qkPAZg,Gweilo-60,2019-02-14 13:22:39.176434,10675,0
UChXOhG9bRDb3vSTg-qkPAZg,Gweilo-60,2019-02-14 13:21:39.642815,10675,0
UChXOhG9bRDb3vSTg-qkPAZg,Gweilo-60,2019-02-14 13:20:39.670134,10675,0
UChXOhG9bRDb3vSTg-qkPAZg,Gweilo-60,2019-02-14 13:19:40.036152,10675,0
UChXOhG9bRDb3vSTg-qkPAZg,Gweilo-60,2019-02-14 13:18:39.876983,10675,0
UChXOhG9bRDb3vSTg-qkPAZg,Gweilo-60,2019-02-14 13:17:39.672294,10675,0
UChXOhG9bRDb3vSTg-qkPAZg,Gweilo-60,2019-02-14 13:16:39.270138,10675,0
UChXOhG9bRDb3vSTg-qkPAZg,Gweilo-60,2019-02-14 13:15:39.370001,10675,0
UChXOhG9bRDb3vSTg-qkPAZg,Gweilo-60,2019-02-14 13:14:39.913897,10675,0
UChXOhG9bRDb3vSTg-qkPAZg,Gweilo-60,2019-02-14 13:13:39.145291,10675,0
UChXOhG9bRDb3vSTg-qkPAZg,Gweilo-60,2019-02-14 13:12:39.614267,10675,0
UChXOhG9bRDb3vSTg-qkPAZg,Gweilo-60,2019-02-14 13:11:40.280932,10675,0
UChXOhG9bRDb3vSTg-qkPAZg,Gweilo-60,2019-02-14 13:10:39.239486,10675,0
UChXOhG9bRDb3vSTg-qkPAZg,Gweilo-60,2019-02-14 13:09:39.925306,10675,0
UChXOhG9bRDb3vSTg-qkPAZg,Gweilo-60,2019-02-14 13:08:40.02972,10675,0
UChXOhG9bRDb3vSTg-qkPAZg,Gweilo-60,2019-02-14 13:07:39.92361,10675,0
UChXOhG9bRDb3vSTg-qkPAZg,Gweilo-60,2019-02-14 13:06:39.624962,10675,0
UChXOhG9bRDb3vSTg-qkPAZg,Gweilo-60,2019-02-14 13:05:39.862627,10675,0
UChXOhG9bRDb3vSTg-qkPAZg,Gweilo-60,2019-02-14 13:04:39.539692,10675,0
UChXOhG9bRDb3vSTg-qkPAZg,Gweilo-60,2019-02-14 13:03:39.663819,10675,0
UChXOhG9bRDb3vSTg-qkPAZg,Gweilo-60,2019-02-14 13:02:39.972694,10675,0
UChXOhG9bRDb3vSTg-qkPAZg,Gweilo-60,2019-02-14 13:01:39.825485,10675,0
UChXOhG9bRDb3vSTg-qkPAZg,Gweilo-60,2019-02-14 13:00:38.990209,10675,0
UChXOhG9bRDb3vSTg-qkPAZg,Gweilo-60,2019-02-14 12:59:40.208598,10675,0
UChXOhG9bRDb3vSTg-qkPAZg,Gweilo-60,2019-02-14 12:58:39.863093,10675,0
UChXOhG9bRDb3vSTg-qkPAZg,Gweilo-60,2019-02-14 12:57:39.356092,10675,0
UChXOhG9bRDb3vSTg-qkPAZg,Gweilo-60,2019-02-14 12:56:39.563798,10675,0
UChXOhG9bRDb3vSTg-qkPAZg,Gweilo-60,2019-02-14 12:55:39.23952,10675,0
UChXOhG9bRDb3vSTg-qkPAZg,Gweilo-60,2019-02-14 12:54:40.344351,10675,0
UChXOhG9bRDb3vSTg-qkPAZg,Gweilo-60,2019-02-14 12:53:39.176767,10675,0
UChXOhG9bRDb3vSTg-qkPAZg,Gweilo-60,2019-02-14 12:52:39.626284,10675,0
UChXOhG9bRDb3vSTg-qkPAZg,Gweilo-60,2019-02-14 12:51:40.299633,10675,0
UChXOhG9bRDb3vSTg-qkPAZg,Gweilo-60,2019-02-14 12:50:39.177293,10675,0
UChXOhG9bRDb3vSTg-qkPAZg,Gweilo-60,2019-02-14 12:49:39.647922,10675,0
UChXOhG9bRDb3vSTg-qkPAZg,Gweilo-60,2019-02-14 12:48:39.624685,10675,0
UChXOhG9bRDb3vSTg-qkPAZg,Gweilo-60,2019-02-14 12:47:39.010582,10675,0
UChXOhG9bRDb3vSTg-qkPAZg,Gweilo-60,2019-02-14 12:46:39.106602,10675,0
UChXOhG9bRDb3vSTg-qkPAZg,Gweilo-60,2019-02-14 12:45:39.926003,10675,0
UChXOhG9bRDb3vSTg-qkPAZg,Gweilo-60,2019-02-14 12:44:40.411884,10675,0
UChXOhG9bRDb3vSTg-qkPAZg,Gweilo-60,2019-02-14 12:43:40.466808,10675,0
UChXOhG9bRDb3vSTg-qkPAZg,Gweilo-60,2019-02-14 12:42:40.129184,10675,0
UChXOhG9bRDb3vSTg-qkPAZg,Gweilo-60,2019-02-14 12:41:40.028292,10675,0
UChXOhG9bRDb3vSTg-qkPAZg,Gweilo-60,2019-02-14 12:40:40.278789,10675,0
UChXOhG9bRDb3vSTg-qkPAZg,Gweilo-60,2019-02-14 12:39:39.754409,10675,0
UChXOhG9bRDb3vSTg-qkPAZg,Gweilo-60,2019-02-14 12:38:40.111077,10675,0
UChXOhG9bRDb3vSTg-qkPAZg,Gweilo-60,2019-02-14 12:37:40.005273,10675,0
UChXOhG9bRDb3vSTg-qkPAZg,Gweilo-60,2019-02-14 12:36:40.126453,10675,0
UChXOhG9bRDb3vSTg-qkPAZg,Gweilo-60,2019-02-14 12:35:39.923756,10675,0
UChXOhG9bRDb3vSTg-qkPAZg,Gweilo-60,2019-02-14 12:34:39.914752,10675,0
UChXOhG9bRDb3vSTg-qkPAZg,Gweilo-60,2019-02-14 12:33:39.722658,10675,0
UChXOhG9bRDb3vSTg-qkPAZg,Gweilo-60,2019-02-14 12:32:40.208832,10675,0
UChXOhG9bRDb3vSTg-qkPAZg,Gweilo-60,2019-02-14 12:31:39.228325,10675,0
UChXOhG9bRDb3vSTg-qkPAZg,Gweilo-60,2019-02-14 12:30:39.923744,10675,0
UChXOhG9bRDb3vSTg-qkPAZg,Gweilo-60,2019-02-14 12:29:40.350058,10675,0
UChXOhG9bRDb3vSTg-qkPAZg,Gweilo-60,2019-02-14 12:28:40.044844,10675,0
UChXOhG9bRDb3vSTg-qkPAZg,Gweilo-60,2019-02-14 12:27:40.032919,10675,0
UChXOhG9bRDb3vSTg-qkPAZg,Gweilo-60,2019-02-14 12:26:39.485367,10675,0
UChXOhG9bRDb3vSTg-qkPAZg,Gweilo-60,2019-02-14 12:25:40.164657,10675,0
UChXOhG9bRDb3vSTg-qkPAZg,Gweilo-60,2019-02-14 12:24:40.299417,10675,0
UChXOhG9bRDb3vSTg-qkPAZg,Gweilo-60,2019-02-14 12:23:40.34908,10675,0
UChXOhG9bRDb3vSTg-qkPAZg,Gweilo-60,2019-02-14 12:22:39.340058,10675,0
UChXOhG9bRDb3vSTg-qkPAZg,Gweilo-60,2019-02-14 12:21:39.450294,10675,0
UChXOhG9bRDb3vSTg-qkPAZg,Gweilo-60,2019-02-14 12:20:39.823704,10675,0
UChXOhG9bRDb3vSTg-qkPAZg,Gweilo-60,2019-02-14 12:19:39.452044,10675,0
UChXOhG9bRDb3vSTg-qkPAZg,Gweilo-60,2019-02-14 12:18:39.545993,10675,0
UChXOhG9bRDb3vSTg-qkPAZg,Gweilo-60,2019-02-14 12:17:39.997904,10675,0
UChXOhG9bRDb3vSTg-qkPAZg,Gweilo-60,2019-02-14 12:16:40.524581,10675,0
UChXOhG9bRDb3vSTg-qkPAZg,Gweilo-60,2019-02-14 12:15:39.597669,10675,0
UChXOhG9bRDb3vSTg-qkPAZg,Gweilo-60,2019-02-14 12:14:39.521439,10675,0
UChXOhG9bRDb3vSTg-qkPAZg,Gweilo-60,2019-02-14 12:13:39.565199,10675,0
UChXOhG9bRDb3vSTg-qkPAZg,Gweilo-60,2019-02-14 12:12:40.015244,10675,0
UChXOhG9bRDb3vSTg-qkPAZg,Gweilo-60,2019-02-14 12:11:40.31342,10675,0
UChXOhG9bRDb3vSTg-qkPAZg,Gweilo-60,2019-02-14 12:10:40.711755,10675,0
UChXOhG9bRDb3vSTg-qkPAZg,Gweilo-60,2019-02-14 12:09:39.492405,10675,0
UChXOhG9bRDb3vSTg-qkPAZg,Gweilo-60,2019-02-14 12:08:40.56077,10675,0
UChXOhG9bRDb3vSTg-qkPAZg,Gweilo-60,2019-02-14 12:07:40.28763,10675,0
UChXOhG9bRDb3vSTg-qkPAZg,Gweilo-60,2019-02-14 12:06:39.604549,10675,0
UChXOhG9bRDb3vSTg-qkPAZg,Gweilo-60,2019-02-14 12:05:40.243385,10675,0
UChXOhG9bRDb3vSTg-qkPAZg,Gweilo-60,2019-02-14 12:04:39.995246,10675,0
UChXOhG9bRDb3vSTg-qkPAZg,Gweilo-60,2019-02-14 12:03:40.698434,10675,0
UChXOhG9bRDb3vSTg-qkPAZg,Gweilo-60,2019-02-14 12:02:39.755888,10675,0
UChXOhG9bRDb3vSTg-qkPAZg,Gweilo-60,2019-02-14 12:01:39.298109,10675,0
UChXOhG9bRDb3vSTg-qkPAZg,Gweilo-60,2019-02-14 12:00:39.558858,10675,0
UChXOhG9bRDb3vSTg-qkPAZg,Gweilo-60,2019-02-14 11:59:39.088563,10675,0
UChXOhG9bRDb3vSTg-qkPAZg,Gweilo-60,2019-02-14 11:58:40.122644,10675,0
UChXOhG9bRDb3vSTg-qkPAZg,Gweilo-60,2019-02-14 11:57:40.027597,10675,0
UChXOhG9bRDb3vSTg-qkPAZg,Gweilo-60,2019-02-14 11:56:39.485972,10675,0
UChXOhG9bRDb3vSTg-qkPAZg,Gweilo-60,2019-02-14 11:55:40.223758,10675,0
UChXOhG9bRDb3vSTg-qkPAZg,Gweilo-60,2019-02-14 11:54:39.623781,10675,0
UChXOhG9bRDb3vSTg-qkPAZg,Gweilo-60,2019-02-14 11:53:39.816513,10675,0
UChXOhG9bRDb3vSTg-qkPAZg,Gweilo-60,2019-02-14 11:52:40.166976,10675,0
UChXOhG9bRDb3vSTg-qkPAZg,Gweilo-60,2019-02-14 11:51:40.204442,10675,0
UChXOhG9bRDb3vSTg-qkPAZg,Gweilo-60,2019-02-14 11:50:39.754804,10675,0
UChXOhG9bRDb3vSTg-qkPAZg,Gweilo-60,2019-02-14 11:49:40.066657,10675,0
UChXOhG9bRDb3vSTg-qkPAZg,Gweilo-60,2019-02-14 11:48:39.99741,10675,0
UChXOhG9bRDb3vSTg-qkPAZg,Gweilo-60,2019-02-14 11:47:39.982463,10675,0
UChXOhG9bRDb3vSTg-qkPAZg,Gweilo-60,2019-02-14 11:46:39.992982,10675,0
UChXOhG9bRDb3vSTg-qkPAZg,Gweilo-60,2019-02-14 11:45:39.927035,10675,0
UChXOhG9bRDb3vSTg-qkPAZg,Gweilo-60,2019-02-14 11:44:39.602261,10675,0
UChXOhG9bRDb3vSTg-qkPAZg,Gweilo-60,2019-02-14 11:43:38.981986,10675,0
UChXOhG9bRDb3vSTg-qkPAZg,Gweilo-60,2019-02-14 11:42:39.840606,10675,0
UChXOhG9bRDb3vSTg-qkPAZg,Gweilo-60,2019-02-14 11:41:40.303888,10675,0
UChXOhG9bRDb3vSTg-qkPAZg,Gweilo-60,2019-02-14 11:40:40.567183,10675,1
UChXOhG9bRDb3vSTg-qkPAZg,Gweilo-60,2019-02-14 11:39:40.93103,10674,0
UChXOhG9bRDb3vSTg-qkPAZg,Gweilo-60,2019-02-14 11:38:40.074606,10674,0
UChXOhG9bRDb3vSTg-qkPAZg,Gweilo-60,2019-02-14 11:37:39.819411,10674,0
UChXOhG9bRDb3vSTg-qkPAZg,Gweilo-60,2019-02-14 11:36:40.21539,10674,0
UChXOhG9bRDb3vSTg-qkPAZg,Gweilo-60,2019-02-14 11:35:39.786513,10674,0
UChXOhG9bRDb3vSTg-qkPAZg,Gweilo-60,2019-02-14 11:34:39.957669,10674,0
UChXOhG9bRDb3vSTg-qkPAZg,Gweilo-60,2019-02-14 11:33:40.239674,10674,0
UChXOhG9bRDb3vSTg-qkPAZg,Gweilo-60,2019-02-14 11:32:39.872936,10674,0
UChXOhG9bRDb3vSTg-qkPAZg,Gweilo-60,2019-02-14 11:31:39.908054,10674,0
UChXOhG9bRDb3vSTg-qkPAZg,Gweilo-60,2019-02-14 11:30:39.530907,10674,0
UChXOhG9bRDb3vSTg-qkPAZg,Gweilo-60,2019-02-14 11:29:39.971003,10674,0
UChXOhG9bRDb3vSTg-qkPAZg,Gweilo-60,2019-02-14 11:28:39.680235,10674,0
UChXOhG9bRDb3vSTg-qkPAZg,Gweilo-60,2019-02-14 11:27:39.839997,10674,-1
UChXOhG9bRDb3vSTg-qkPAZg,Gweilo-60,2019-02-14 11:26:39.986225,10675,0
UChXOhG9bRDb3vSTg-qkPAZg,Gweilo-60,2019-02-14 11:25:40.301449,10675,0
UChXOhG9bRDb3vSTg-qkPAZg,Gweilo-60,2019-02-14 11:24:40.193311,10675,0
UChXOhG9bRDb3vSTg-qkPAZg,Gweilo-60,2019-02-14 11:23:40.749058,10675,0
UChXOhG9bRDb3vSTg-qkPAZg,Gweilo-60,2019-02-14 11:22:39.816891,10675,0
UChXOhG9bRDb3vSTg-qkPAZg,Gweilo-60,2019-02-14 11:21:39.553162,10675,0
UChXOhG9bRDb3vSTg-qkPAZg,Gweilo-60,2019-02-14 11:20:39.74592,10675,0
UChXOhG9bRDb3vSTg-qkPAZg,Gweilo-60,2019-02-14 11:19:39.476974,10675,0
UChXOhG9bRDb3vSTg-qkPAZg,Gweilo-60,2019-02-14 11:18:40.233193,10675,0
UChXOhG9bRDb3vSTg-qkPAZg,Gweilo-60,2019-02-14 11:17:39.173087,10675,0
UChXOhG9bRDb3vSTg-qkPAZg,Gweilo-60,2019-02-14 11:16:39.671573,10675,0
UChXOhG9bRDb3vSTg-qkPAZg,Gweilo-60,2019-02-14 11:15:39.049649,10675,0
UChXOhG9bRDb3vSTg-qkPAZg,Gweilo-60,2019-02-14 11:14:39.854223,10675,0
UChXOhG9bRDb3vSTg-qkPAZg,Gweilo-60,2019-02-14 11:13:39.659088,10675,0
UChXOhG9bRDb3vSTg-qkPAZg,Gweilo-60,2019-02-14 11:12:39.680283,10675,0
UChXOhG9bRDb3vSTg-qkPAZg,Gweilo-60,2019-02-14 11:11:40.242044,10675,0
UChXOhG9bRDb3vSTg-qkPAZg,Gweilo-60,2019-02-14 11:10:39.978505,10675,0
UChXOhG9bRDb3vSTg-qkPAZg,Gweilo-60,2019-02-14 11:09:39.912871,10675,0
UChXOhG9bRDb3vSTg-qkPAZg,Gweilo-60,2019-02-14 11:08:39.213637,10675,0
UChXOhG9bRDb3vSTg-qkPAZg,Gweilo-60,2019-02-14 11:07:39.684356,10675,0
UChXOhG9bRDb3vSTg-qkPAZg,Gweilo-60,2019-02-14 11:06:39.710245,10675,0
UChXOhG9bRDb3vSTg-qkPAZg,Gweilo-60,2019-02-14 11:05:38.950215,10675,0
UChXOhG9bRDb3vSTg-qkPAZg,Gweilo-60,2019-02-14 11:04:39.787798,10675,0
UChXOhG9bRDb3vSTg-qkPAZg,Gweilo-60,2019-02-14 11:03:39.621063,10675,0
UChXOhG9bRDb3vSTg-qkPAZg,Gweilo-60,2019-02-14 11:02:39.310302,10675,0
UChXOhG9bRDb3vSTg-qkPAZg,Gweilo-60,2019-02-14 11:01:40.239396,10675,0
UChXOhG9bRDb3vSTg-qkPAZg,Gweilo-60,2019-02-14 11:00:39.278375,10675,0
UChXOhG9bRDb3vSTg-qkPAZg,Gweilo-60,2019-02-14 10:59:39.73437,10675,0
UChXOhG9bRDb3vSTg-qkPAZg,Gweilo-60,2019-02-14 10:58:39.91929,10675,0
UChXOhG9bRDb3vSTg-qkPAZg,Gweilo-60,2019-02-14 10:57:39.732547,10675,0
UChXOhG9bRDb3vSTg-qkPAZg,Gweilo-60,2019-02-14 10:56:40.003223,10675,0
UChXOhG9bRDb3vSTg-qkPAZg,Gweilo-60,2019-02-14 10:55:39.705325,10675,0
UChXOhG9bRDb3vSTg-qkPAZg,Gweilo-60,2019-02-14 10:54:39.43206,10675,0
UChXOhG9bRDb3vSTg-qkPAZg,Gweilo-60,2019-02-14 10:53:39.886445,10675,0
UChXOhG9bRDb3vSTg-qkPAZg,Gweilo-60,2019-02-14 10:52:39.969904,10675,0
UChXOhG9bRDb3vSTg-qkPAZg,Gweilo-60,2019-02-14 10:51:39.790426,10675,0
UChXOhG9bRDb3vSTg-qkPAZg,Gweilo-60,2019-02-14 10:50:39.831582,10675,0
UChXOhG9bRDb3vSTg-qkPAZg,Gweilo-60,2019-02-14 10:49:39.84407,10675,0
UChXOhG9bRDb3vSTg-qkPAZg,Gweilo-60,2019-02-14 10:48:40.416189,10675,0
UChXOhG9bRDb3vSTg-qkPAZg,Gweilo-60,2019-02-14 10:47:39.929799,10675,0
UChXOhG9bRDb3vSTg-qkPAZg,Gweilo-60,2019-02-14 10:46:39.892118,10675,0
UChXOhG9bRDb3vSTg-qkPAZg,Gweilo-60,2019-02-14 10:45:39.543014,10675,0
UChXOhG9bRDb3vSTg-qkPAZg,Gweilo-60,2019-02-14 10:44:39.651653,10675,0
UChXOhG9bRDb3vSTg-qkPAZg,Gweilo-60,2019-02-14 10:43:39.159778,10675,0
UChXOhG9bRDb3vSTg-qkPAZg,Gweilo-60,2019-02-14 10:42:39.142729,10675,-1
UChXOhG9bRDb3vSTg-qkPAZg,Gweilo-60,2019-02-14 10:41:39.956554,10676,0
UChXOhG9bRDb3vSTg-qkPAZg,Gweilo-60,2019-02-14 10:40:39.178052,10676,0
UChXOhG9bRDb3vSTg-qkPAZg,Gweilo-60,2019-02-14 10:39:39.27276,10676,1
UChXOhG9bRDb3vSTg-qkPAZg,Gweilo-60,2019-02-14 10:38:39.954967,10675,0
UChXOhG9bRDb3vSTg-qkPAZg,Gweilo-60,2019-02-14 10:36:43.55043,10675,0
UChXOhG9bRDb3vSTg-qkPAZg,Gweilo-60,2019-02-14 10:31:17.195211,10675,0
UChXOhG9bRDb3vSTg-qkPAZg,Gweilo-60,2019-02-14 10:26:30.490468,10675,0
UChXOhG9bRDb3vSTg-qkPAZg,Gweilo-60,2019-02-14 10:25:30.942794,10675,0
UChXOhG9bRDb3vSTg-qkPAZg,Gweilo-60,2019-02-14 10:24:30.650033,10675,0
UChXOhG9bRDb3vSTg-qkPAZg,Gweilo-60,2019-02-14 10:23:30.946152,10675,0
UChXOhG9bRDb3vSTg-qkPAZg,Gweilo-60,2019-02-14 10:22:30.628006,10675,0
UChXOhG9bRDb3vSTg-qkPAZg,Gweilo-60,2019-02-14 10:21:30.753588,10675,0
UChXOhG9bRDb3vSTg-qkPAZg,Gweilo-60,2019-02-14 10:20:30.642613,10675,0
UChXOhG9bRDb3vSTg-qkPAZg,Gweilo-60,2019-02-14 10:19:30.820251,10675,0
UChXOhG9bRDb3vSTg-qkPAZg,Gweilo-60,2019-02-14 10:18:30.969147,10675,0
UChXOhG9bRDb3vSTg-qkPAZg,Gweilo-60,2019-02-14 10:17:30.019782,10675,0
UChXOhG9bRDb3vSTg-qkPAZg,Gweilo-60,2019-02-14 10:16:30.300207,10675,0
UChXOhG9bRDb3vSTg-qkPAZg,Gweilo-60,2019-02-14 10:15:31.30635,10675,0
UChXOhG9bRDb3vSTg-qkPAZg,Gweilo-60,2019-02-14 10:14:30.924032,10675,0
UChXOhG9bRDb3vSTg-qkPAZg,Gweilo-60,2019-02-14 10:13:30.687359,10675,0
UChXOhG9bRDb3vSTg-qkPAZg,Gweilo-60,2019-02-14 10:12:30.342903,10675,0
UChXOhG9bRDb3vSTg-qkPAZg,Gweilo-60,2019-02-14 10:11:30.696933,10675,0
UChXOhG9bRDb3vSTg-qkPAZg,Gweilo-60,2019-02-14 10:10:30.274827,10675,0
UChXOhG9bRDb3vSTg-qkPAZg,Gweilo-60,2019-02-14 10:09:30.39779,10675,0
UChXOhG9bRDb3vSTg-qkPAZg,Gweilo-60,2019-02-14 10:08:30.697106,10675,0
UChXOhG9bRDb3vSTg-qkPAZg,Gweilo-60,2019-02-14 10:07:31.162575,10675,0
UChXOhG9bRDb3vSTg-qkPAZg,Gweilo-60,2019-02-14 10:06:31.470464,10675,0
UChXOhG9bRDb3vSTg-qkPAZg,Gweilo-60,2019-02-14 10:05:30.392923,10675,0
UChXOhG9bRDb3vSTg-qkPAZg,Gweilo-60,2019-02-14 10:04:30.692301,10675,0
UChXOhG9bRDb3vSTg-qkPAZg,Gweilo-60,2019-02-14 10:03:30.033128,10675,0
UChXOhG9bRDb3vSTg-qkPAZg,Gweilo-60,2019-02-14 10:02:30.921797,10675,0
UChXOhG9bRDb3vSTg-qkPAZg,Gweilo-60,2019-02-14 10:01:30.643596,10675,0
UChXOhG9bRDb3vSTg-qkPAZg,Gweilo-60,2019-02-14 10:00:30.383595,10675,0
UChXOhG9bRDb3vSTg-qkPAZg,Gweilo-60,2019-02-14 09:59:30.673119,10675,0
UChXOhG9bRDb3vSTg-qkPAZg,Gweilo-60,2019-02-14 09:58:31.146735,10675,0
UChXOhG9bRDb3vSTg-qkPAZg,Gweilo-60,2019-02-14 09:57:30.570815,10675,0
UChXOhG9bRDb3vSTg-qkPAZg,Gweilo-60,2019-02-14 09:56:31.221152,10675,0
UChXOhG9bRDb3vSTg-qkPAZg,Gweilo-60,2019-02-14 09:55:31.763765,10675,0
UChXOhG9bRDb3vSTg-qkPAZg,Gweilo-60,2019-02-14 09:54:31.673696,10675,0
UChXOhG9bRDb3vSTg-qkPAZg,Gweilo-60,2019-02-14 09:53:30.584736,10675,0
UChXOhG9bRDb3vSTg-qkPAZg,Gweilo-60,2019-02-14 09:52:30.986142,10675,0
UChXOhG9bRDb3vSTg-qkPAZg,Gweilo-60,2019-02-14 09:51:30.604326,10675,0
UChXOhG9bRDb3vSTg-qkPAZg,Gweilo-60,2019-02-14 09:50:31.853578,10675,0
UChXOhG9bRDb3vSTg-qkPAZg,Gweilo-60,2019-02-14 09:49:30.378631,10675,0
UChXOhG9bRDb3vSTg-qkPAZg,Gweilo-60,2019-02-14 09:48:30.333801,10675,0
UChXOhG9bRDb3vSTg-qkPAZg,Gweilo-60,2019-02-14 09:47:30.510564,10675,0
UChXOhG9bRDb3vSTg-qkPAZg,Gweilo-60,2019-02-14 09:46:30.525061,10675,0
UChXOhG9bRDb3vSTg-qkPAZg,Gweilo-60,2019-02-14 09:45:30.946995,10675,0
UChXOhG9bRDb3vSTg-qkPAZg,Gweilo-60,2019-02-14 09:44:30.478343,10675,0
UChXOhG9bRDb3vSTg-qkPAZg,Gweilo-60,2019-02-14 09:43:30.430623,10675,0
UChXOhG9bRDb3vSTg-qkPAZg,Gweilo-60,2019-02-14 09:42:30.224519,10675,0
UChXOhG9bRDb3vSTg-qkPAZg,Gweilo-60,2019-02-14 09:41:30.723142,10675,0
UChXOhG9bRDb3vSTg-qkPAZg,Gweilo-60,2019-02-14 09:40:30.309915,10675,0
UChXOhG9bRDb3vSTg-qkPAZg,Gweilo-60,2019-02-14 09:39:30.544827,10675,0
UChXOhG9bRDb3vSTg-qkPAZg,Gweilo-60,2019-02-14 09:38:30.342447,10675,0
UChXOhG9bRDb3vSTg-qkPAZg,Gweilo-60,2019-02-14 09:37:30.295298,10675,0
UChXOhG9bRDb3vSTg-qkPAZg,Gweilo-60,2019-02-14 09:36:31.163425,10675,0
UChXOhG9bRDb3vSTg-qkPAZg,Gweilo-60,2019-02-14 09:35:30.228986,10675,0
UChXOhG9bRDb3vSTg-qkPAZg,Gweilo-60,2019-02-14 09:34:30.761637,10675,1
UChXOhG9bRDb3vSTg-qkPAZg,Gweilo-60,2019-02-14 09:33:30.450518,10674,0
UChXOhG9bRDb3vSTg-qkPAZg,Gweilo-60,2019-02-14 09:32:30.642372,10674,0
UChXOhG9bRDb3vSTg-qkPAZg,Gweilo-60,2019-02-14 09:31:30.918737,10674,0
UChXOhG9bRDb3vSTg-qkPAZg,Gweilo-60,2019-02-14 09:30:30.184642,10674,0
UChXOhG9bRDb3vSTg-qkPAZg,Gweilo-60,2019-02-14 09:29:30.831826,10674,0
UChXOhG9bRDb3vSTg-qkPAZg,Gweilo-60,2019-02-14 09:28:30.895433,10674,0
UChXOhG9bRDb3vSTg-qkPAZg,Gweilo-60,2019-02-14 09:27:31.081976,10674,0
UChXOhG9bRDb3vSTg-qkPAZg,Gweilo-60,2019-02-14 09:26:30.211052,10674,0
UChXOhG9bRDb3vSTg-qkPAZg,Gweilo-60,2019-02-14 09:25:30.533356,10674,0
UChXOhG9bRDb3vSTg-qkPAZg,Gweilo-60,2019-02-14 09:24:30.660279,10674,0
UChXOhG9bRDb3vSTg-qkPAZg,Gweilo-60,2019-02-14 09:23:30.242753,10674,0
UChXOhG9bRDb3vSTg-qkPAZg,Gweilo-60,2019-02-14 09:22:30.569322,10674,0
UChXOhG9bRDb3vSTg-qkPAZg,Gweilo-60,2019-02-14 09:21:29.936315,10674,0
UChXOhG9bRDb3vSTg-qkPAZg,Gweilo-60,2019-02-14 09:20:30.474391,10674,0
UChXOhG9bRDb3vSTg-qkPAZg,Gweilo-60,2019-02-14 09:19:30.419235,10674,0
UChXOhG9bRDb3vSTg-qkPAZg,Gweilo-60,2019-02-14 09:18:30.512858,10674,0
UChXOhG9bRDb3vSTg-qkPAZg,Gweilo-60,2019-02-14 09:17:30.581251,10674,-1
UChXOhG9bRDb3vSTg-qkPAZg,Gweilo-60,2019-02-14 09:16:30.579416,10675,0
UChXOhG9bRDb3vSTg-qkPAZg,Gweilo-60,2019-02-14 09:15:30.403709,10675,0
UChXOhG9bRDb3vSTg-qkPAZg,Gweilo-60,2019-02-14 09:14:30.445304,10675,0
UChXOhG9bRDb3vSTg-qkPAZg,Gweilo-60,2019-02-14 09:13:30.625215,10675,0
UChXOhG9bRDb3vSTg-qkPAZg,Gweilo-60,2019-02-14 09:12:30.280387,10675,0
UChXOhG9bRDb3vSTg-qkPAZg,Gweilo-60,2019-02-14 09:11:30.808735,10675,0
UChXOhG9bRDb3vSTg-qkPAZg,Gweilo-60,2019-02-14 09:10:30.678023,10675,0
UChXOhG9bRDb3vSTg-qkPAZg,Gweilo-60,2019-02-14 09:09:30.765409,10675,0
UChXOhG9bRDb3vSTg-qkPAZg,Gweilo-60,2019-02-14 09:08:30.499009,10675,0
UChXOhG9bRDb3vSTg-qkPAZg,Gweilo-60,2019-02-14 09:07:30.478434,10675,0
UChXOhG9bRDb3vSTg-qkPAZg,Gweilo-60,2019-02-14 09:06:30.27589,10675,0
UChXOhG9bRDb3vSTg-qkPAZg,Gweilo-60,2019-02-14 09:05:30.500336,10675,0
UChXOhG9bRDb3vSTg-qkPAZg,Gweilo-60,2019-02-14 09:04:30.4698,10675,0
UChXOhG9bRDb3vSTg-qkPAZg,Gweilo-60,2019-02-14 09:03:30.121039,10675,0
UChXOhG9bRDb3vSTg-qkPAZg,Gweilo-60,2019-02-14 09:02:30.824612,10675,0
UChXOhG9bRDb3vSTg-qkPAZg,Gweilo-60,2019-02-14 09:01:30.172615,10675,0
UChXOhG9bRDb3vSTg-qkPAZg,Gweilo-60,2019-02-14 09:00:30.589464,10675,0
UChXOhG9bRDb3vSTg-qkPAZg,Gweilo-60,2019-02-14 08:59:30.136688,10675,0
UChXOhG9bRDb3vSTg-qkPAZg,Gweilo-60,2019-02-14 08:58:30.072055,10675,0
UChXOhG9bRDb3vSTg-qkPAZg,Gweilo-60,2019-02-14 08:57:30.592922,10675,0
UChXOhG9bRDb3vSTg-qkPAZg,Gweilo-60,2019-02-14 08:56:30.908017,10675,0
UChXOhG9bRDb3vSTg-qkPAZg,Gweilo-60,2019-02-14 08:55:30.425969,10675,0
UChXOhG9bRDb3vSTg-qkPAZg,Gweilo-60,2019-02-14 08:54:30.081009,10675,0
UChXOhG9bRDb3vSTg-qkPAZg,Gweilo-60,2019-02-14 08:53:31.394564,10675,0
UChXOhG9bRDb3vSTg-qkPAZg,Gweilo-60,2019-02-14 08:52:29.991612,10675,0
UChXOhG9bRDb3vSTg-qkPAZg,Gweilo-60,2019-02-14 08:51:30.922161,10675,0
UChXOhG9bRDb3vSTg-qkPAZg,Gweilo-60,2019-02-14 08:50:30.67538,10675,0
UChXOhG9bRDb3vSTg-qkPAZg,Gweilo-60,2019-02-14 08:49:30.391207,10675,0
UChXOhG9bRDb3vSTg-qkPAZg,Gweilo-60,2019-02-14 08:48:30.674696,10675,0
UChXOhG9bRDb3vSTg-qkPAZg,Gweilo-60,2019-02-14 08:47:30.584213,10675,0
UChXOhG9bRDb3vSTg-qkPAZg,Gweilo-60,2019-02-14 08:46:30.631336,10675,0
UChXOhG9bRDb3vSTg-qkPAZg,Gweilo-60,2019-02-14 08:45:30.16782,10675,0
UChXOhG9bRDb3vSTg-qkPAZg,Gweilo-60,2019-02-14 08:44:30.614982,10675,0
UChXOhG9bRDb3vSTg-qkPAZg,Gweilo-60,2019-02-14 08:43:30.260773,10675,0
UChXOhG9bRDb3vSTg-qkPAZg,Gweilo-60,2019-02-14 08:42:30.337931,10675,0
UChXOhG9bRDb3vSTg-qkPAZg,Gweilo-60,2019-02-14 08:41:30.556049,10675,0
UChXOhG9bRDb3vSTg-qkPAZg,Gweilo-60,2019-02-14 08:40:30.98101,10675,0
UChXOhG9bRDb3vSTg-qkPAZg,Gweilo-60,2019-02-14 08:39:30.090981,10675,0
UChXOhG9bRDb3vSTg-qkPAZg,Gweilo-60,2019-02-14 08:38:30.441336,10675,0
UChXOhG9bRDb3vSTg-qkPAZg,Gweilo-60,2019-02-14 08:37:30.999552,10675,0
UChXOhG9bRDb3vSTg-qkPAZg,Gweilo-60,2019-02-14 08:36:30.685737,10675,0
UChXOhG9bRDb3vSTg-qkPAZg,Gweilo-60,2019-02-14 08:35:30.230126,10675,0
UChXOhG9bRDb3vSTg-qkPAZg,Gweilo-60,2019-02-14 08:34:30.693715,10675,0
UChXOhG9bRDb3vSTg-qkPAZg,Gweilo-60,2019-02-14 08:33:30.544189,10675,0
UChXOhG9bRDb3vSTg-qkPAZg,Gweilo-60,2019-02-14 08:32:31.401033,10675,0
UChXOhG9bRDb3vSTg-qkPAZg,Gweilo-60,2019-02-14 08:31:30.205661,10675,0
UChXOhG9bRDb3vSTg-qkPAZg,Gweilo-60,2019-02-14 08:30:30.432154,10675,0
UChXOhG9bRDb3vSTg-qkPAZg,Gweilo-60,2019-02-14 08:29:30.335742,10675,0
UChXOhG9bRDb3vSTg-qkPAZg,Gweilo-60,2019-02-14 08:28:30.839612,10675,0
UChXOhG9bRDb3vSTg-qkPAZg,Gweilo-60,2019-02-14 08:27:30.294918,10675,0
UChXOhG9bRDb3vSTg-qkPAZg,Gweilo-60,2019-02-14 08:26:30.43983,10675,0
UChXOhG9bRDb3vSTg-qkPAZg,Gweilo-60,2019-02-14 08:25:30.20876,10675,0
UChXOhG9bRDb3vSTg-qkPAZg,Gweilo-60,2019-02-14 08:24:30.815323,10675,0
UChXOhG9bRDb3vSTg-qkPAZg,Gweilo-60,2019-02-14 08:23:30.426602,10675,0
UChXOhG9bRDb3vSTg-qkPAZg,Gweilo-60,2019-02-14 08:22:30.13245,10675,0
UChXOhG9bRDb3vSTg-qkPAZg,Gweilo-60,2019-02-14 08:21:30.456127,10675,0
UChXOhG9bRDb3vSTg-qkPAZg,Gweilo-60,2019-02-14 08:20:33.667887,10675,0
UChXOhG9bRDb3vSTg-qkPAZg,Gweilo-60,2019-02-14 08:19:30.157906,10675,0
UChXOhG9bRDb3vSTg-qkPAZg,Gweilo-60,2019-02-14 08:18:30.413094,10675,0
UChXOhG9bRDb3vSTg-qkPAZg,Gweilo-60,2019-02-14 08:17:30.361862,10675,0
UChXOhG9bRDb3vSTg-qkPAZg,Gweilo-60,2019-02-14 08:16:30.052007,10675,0
UChXOhG9bRDb3vSTg-qkPAZg,Gweilo-60,2019-02-14 08:15:30.792128,10675,0
UChXOhG9bRDb3vSTg-qkPAZg,Gweilo-60,2019-02-14 08:14:30.943771,10675,0
UChXOhG9bRDb3vSTg-qkPAZg,Gweilo-60,2019-02-14 08:13:30.015326,10675,0
UChXOhG9bRDb3vSTg-qkPAZg,Gweilo-60,2019-02-14 08:12:30.664748,10675,0
UChXOhG9bRDb3vSTg-qkPAZg,Gweilo-60,2019-02-14 08:11:30.457497,10675,0
UChXOhG9bRDb3vSTg-qkPAZg,Gweilo-60,2019-02-14 08:10:30.248438,10675,0
UChXOhG9bRDb3vSTg-qkPAZg,Gweilo-60,2019-02-14 08:09:30.700398,10675,0
UChXOhG9bRDb3vSTg-qkPAZg,Gweilo-60,2019-02-14 08:08:30.693004,10675,0
UChXOhG9bRDb3vSTg-qkPAZg,Gweilo-60,2019-02-14 08:07:30.607313,10675,0
UChXOhG9bRDb3vSTg-qkPAZg,Gweilo-60,2019-02-14 08:06:30.752285,10675,0
UChXOhG9bRDb3vSTg-qkPAZg,Gweilo-60,2019-02-14 08:05:30.562028,10675,0
UChXOhG9bRDb3vSTg-qkPAZg,Gweilo-60,2019-02-14 08:04:30.443337,10675,0
UChXOhG9bRDb3vSTg-qkPAZg,Gweilo-60,2019-02-14 08:03:30.698279,10675,0
UChXOhG9bRDb3vSTg-qkPAZg,Gweilo-60,2019-02-14 08:02:30.279575,10675,0
UChXOhG9bRDb3vSTg-qkPAZg,Gweilo-60,2019-02-14 08:01:30.464856,10675,0
UChXOhG9bRDb3vSTg-qkPAZg,Gweilo-60,2019-02-14 08:00:30.423815,10675,0
UChXOhG9bRDb3vSTg-qkPAZg,Gweilo-60,2019-02-14 07:59:30.963134,10675,0
UChXOhG9bRDb3vSTg-qkPAZg,Gweilo-60,2019-02-14 07:58:31.543883,10675,0
UChXOhG9bRDb3vSTg-qkPAZg,Gweilo-60,2019-02-14 07:57:30.583706,10675,0
UChXOhG9bRDb3vSTg-qkPAZg,Gweilo-60,2019-02-14 07:56:30.312725,10675,0
UChXOhG9bRDb3vSTg-qkPAZg,Gweilo-60,2019-02-14 07:55:30.750594,10675,0
UChXOhG9bRDb3vSTg-qkPAZg,Gweilo-60,2019-02-14 07:54:30.191515,10675,0
UChXOhG9bRDb3vSTg-qkPAZg,Gweilo-60,2019-02-14 07:53:30.346313,10675,0
UChXOhG9bRDb3vSTg-qkPAZg,Gweilo-60,2019-02-14 07:52:30.184687,10675,0
UChXOhG9bRDb3vSTg-qkPAZg,Gweilo-60,2019-02-14 07:51:30.754072,10675,0
UChXOhG9bRDb3vSTg-qkPAZg,Gweilo-60,2019-02-14 07:50:30.34859,10675,0
UChXOhG9bRDb3vSTg-qkPAZg,Gweilo-60,2019-02-14 07:49:30.998529,10675,0
UChXOhG9bRDb3vSTg-qkPAZg,Gweilo-60,2019-02-14 07:48:30.880868,10675,0
UChXOhG9bRDb3vSTg-qkPAZg,Gweilo-60,2019-02-14 07:47:30.166599,10675,0
UChXOhG9bRDb3vSTg-qkPAZg,Gweilo-60,2019-02-14 07:46:30.370339,10675,0
UChXOhG9bRDb3vSTg-qkPAZg,Gweilo-60,2019-02-14 07:45:30.757637,10675,0
UChXOhG9bRDb3vSTg-qkPAZg,Gweilo-60,2019-02-14 07:44:30.806603,10675,0
UChXOhG9bRDb3vSTg-qkPAZg,Gweilo-60,2019-02-14 07:43:30.327734,10675,0
UChXOhG9bRDb3vSTg-qkPAZg,Gweilo-60,2019-02-14 07:42:30.478615,10675,0
UChXOhG9bRDb3vSTg-qkPAZg,Gweilo-60,2019-02-14 07:41:30.816682,10675,0
UChXOhG9bRDb3vSTg-qkPAZg,Gweilo-60,2019-02-14 07:40:30.92012,10675,0
UChXOhG9bRDb3vSTg-qkPAZg,Gweilo-60,2019-02-14 07:39:30.604799,10675,0
UChXOhG9bRDb3vSTg-qkPAZg,Gweilo-60,2019-02-14 07:38:30.150256,10675,0
UChXOhG9bRDb3vSTg-qkPAZg,Gweilo-60,2019-02-14 07:37:30.807307,10675,0
UChXOhG9bRDb3vSTg-qkPAZg,Gweilo-60,2019-02-14 07:36:30.322778,10675,0
UChXOhG9bRDb3vSTg-qkPAZg,Gweilo-60,2019-02-14 07:35:30.320609,10675,0
UChXOhG9bRDb3vSTg-qkPAZg,Gweilo-60,2019-02-14 07:34:30.798616,10675,0
UChXOhG9bRDb3vSTg-qkPAZg,Gweilo-60,2019-02-14 07:33:30.43328,10675,0
UChXOhG9bRDb3vSTg-qkPAZg,Gweilo-60,2019-02-14 07:32:30.374644,10675,0
UChXOhG9bRDb3vSTg-qkPAZg,Gweilo-60,2019-02-14 07:31:31.295523,10675,0
UChXOhG9bRDb3vSTg-qkPAZg,Gweilo-60,2019-02-14 07:30:30.759513,10675,0
UChXOhG9bRDb3vSTg-qkPAZg,Gweilo-60,2019-02-14 07:29:30.586783,10675,0
UChXOhG9bRDb3vSTg-qkPAZg,Gweilo-60,2019-02-14 07:28:30.401637,10675,0
UChXOhG9bRDb3vSTg-qkPAZg,Gweilo-60,2019-02-14 07:27:30.625134,10675,0
UChXOhG9bRDb3vSTg-qkPAZg,Gweilo-60,2019-02-14 07:26:30.719039,10675,0
UChXOhG9bRDb3vSTg-qkPAZg,Gweilo-60,2019-02-14 07:25:30.535707,10675,0
UChXOhG9bRDb3vSTg-qkPAZg,Gweilo-60,2019-02-14 07:24:30.575058,10675,0
UChXOhG9bRDb3vSTg-qkPAZg,Gweilo-60,2019-02-14 07:23:30.258993,10675,0
UChXOhG9bRDb3vSTg-qkPAZg,Gweilo-60,2019-02-14 07:22:30.755382,10675,0
UChXOhG9bRDb3vSTg-qkPAZg,Gweilo-60,2019-02-14 07:21:31.015741,10675,0
UChXOhG9bRDb3vSTg-qkPAZg,Gweilo-60,2019-02-14 07:20:31.015472,10675,0
UChXOhG9bRDb3vSTg-qkPAZg,Gweilo-60,2019-02-14 07:19:30.237823,10675,0
UChXOhG9bRDb3vSTg-qkPAZg,Gweilo-60,2019-02-14 07:18:30.73373,10675,0
UChXOhG9bRDb3vSTg-qkPAZg,Gweilo-60,2019-02-14 07:17:30.856985,10675,0
UChXOhG9bRDb3vSTg-qkPAZg,Gweilo-60,2019-02-14 07:16:30.458951,10675,0
UChXOhG9bRDb3vSTg-qkPAZg,Gweilo-60,2019-02-14 07:15:30.453207,10675,0
UChXOhG9bRDb3vSTg-qkPAZg,Gweilo-60,2019-02-14 07:14:30.336126,10675,0
UChXOhG9bRDb3vSTg-qkPAZg,Gweilo-60,2019-02-14 07:13:30.870058,10675,0
UChXOhG9bRDb3vSTg-qkPAZg,Gweilo-60,2019-02-14 07:12:30.377073,10675,0
UChXOhG9bRDb3vSTg-qkPAZg,Gweilo-60,2019-02-14 07:11:30.544902,10675,0
UChXOhG9bRDb3vSTg-qkPAZg,Gweilo-60,2019-02-14 07:10:30.565506,10675,0
UChXOhG9bRDb3vSTg-qkPAZg,Gweilo-60,2019-02-14 07:09:30.754218,10675,0
UChXOhG9bRDb3vSTg-qkPAZg,Gweilo-60,2019-02-14 07:08:30.340596,10675,0
UChXOhG9bRDb3vSTg-qkPAZg,Gweilo-60,2019-02-14 07:07:30.453368,10675,0
UChXOhG9bRDb3vSTg-qkPAZg,Gweilo-60,2019-02-14 07:06:30.394422,10675,0
UChXOhG9bRDb3vSTg-qkPAZg,Gweilo-60,2019-02-14 07:05:30.752983,10675,0
UChXOhG9bRDb3vSTg-qkPAZg,Gweilo-60,2019-02-14 07:04:30.856472,10675,0
UChXOhG9bRDb3vSTg-qkPAZg,Gweilo-60,2019-02-14 07:03:30.738881,10675,0
UChXOhG9bRDb3vSTg-qkPAZg,Gweilo-60,2019-02-14 07:02:30.688045,10675,0
UChXOhG9bRDb3vSTg-qkPAZg,Gweilo-60,2019-02-14 07:01:30.775166,10675,0
UChXOhG9bRDb3vSTg-qkPAZg,Gweilo-60,2019-02-14 07:00:30.783365,10675,0
UChXOhG9bRDb3vSTg-qkPAZg,Gweilo-60,2019-02-14 06:59:30.853743,10675,0
UChXOhG9bRDb3vSTg-qkPAZg,Gweilo-60,2019-02-14 06:58:30.612612,10675,0
UChXOhG9bRDb3vSTg-qkPAZg,Gweilo-60,2019-02-14 06:57:30.569431,10675,0
UChXOhG9bRDb3vSTg-qkPAZg,Gweilo-60,2019-02-14 06:56:30.273884,10675,0
UChXOhG9bRDb3vSTg-qkPAZg,Gweilo-60,2019-02-14 06:55:30.264932,10675,0
UChXOhG9bRDb3vSTg-qkPAZg,Gweilo-60,2019-02-14 06:54:30.31941,10675,0
UChXOhG9bRDb3vSTg-qkPAZg,Gweilo-60,2019-02-14 06:53:30.732955,10675,0
UChXOhG9bRDb3vSTg-qkPAZg,Gweilo-60,2019-02-14 06:52:30.505598,10675,0
UChXOhG9bRDb3vSTg-qkPAZg,Gweilo-60,2019-02-14 06:51:30.34913,10675,0
UChXOhG9bRDb3vSTg-qkPAZg,Gweilo-60,2019-02-14 06:50:30.541112,10675,0
UChXOhG9bRDb3vSTg-qkPAZg,Gweilo-60,2019-02-14 06:49:30.103369,10675,0
UChXOhG9bRDb3vSTg-qkPAZg,Gweilo-60,2019-02-14 06:48:30.363953,10675,0
UChXOhG9bRDb3vSTg-qkPAZg,Gweilo-60,2019-02-14 06:47:30.857301,10675,0
UChXOhG9bRDb3vSTg-qkPAZg,Gweilo-60,2019-02-14 06:46:30.2025,10675,0
UChXOhG9bRDb3vSTg-qkPAZg,Gweilo-60,2019-02-14 06:45:30.993471,10675,0
UChXOhG9bRDb3vSTg-qkPAZg,Gweilo-60,2019-02-14 06:44:30.257589,10675,0
UChXOhG9bRDb3vSTg-qkPAZg,Gweilo-60,2019-02-14 06:43:31.023509,10675,0
UChXOhG9bRDb3vSTg-qkPAZg,Gweilo-60,2019-02-14 06:42:30.492283,10675,0
UChXOhG9bRDb3vSTg-qkPAZg,Gweilo-60,2019-02-14 06:41:30.072177,10675,0
UChXOhG9bRDb3vSTg-qkPAZg,Gweilo-60,2019-02-14 06:40:30.73197,10675,0
UChXOhG9bRDb3vSTg-qkPAZg,Gweilo-60,2019-02-14 06:39:30.303098,10675,0
UChXOhG9bRDb3vSTg-qkPAZg,Gweilo-60,2019-02-14 06:38:30.755917,10675,0
UChXOhG9bRDb3vSTg-qkPAZg,Gweilo-60,2019-02-14 06:37:30.273742,10675,0
UChXOhG9bRDb3vSTg-qkPAZg,Gweilo-60,2019-02-14 06:36:30.874973,10675,0
UChXOhG9bRDb3vSTg-qkPAZg,Gweilo-60,2019-02-14 06:35:30.820079,10675,0
UChXOhG9bRDb3vSTg-qkPAZg,Gweilo-60,2019-02-14 06:34:30.495836,10675,0
UChXOhG9bRDb3vSTg-qkPAZg,Gweilo-60,2019-02-14 06:33:30.460017,10675,0
UChXOhG9bRDb3vSTg-qkPAZg,Gweilo-60,2019-02-14 06:32:30.915264,10675,0
UChXOhG9bRDb3vSTg-qkPAZg,Gweilo-60,2019-02-14 06:31:30.765013,10675,0
UChXOhG9bRDb3vSTg-qkPAZg,Gweilo-60,2019-02-14 06:30:30.336606,10675,0
UChXOhG9bRDb3vSTg-qkPAZg,Gweilo-60,2019-02-14 06:29:30.463128,10675,0
UChXOhG9bRDb3vSTg-qkPAZg,Gweilo-60,2019-02-14 06:28:29.970092,10675,0
UChXOhG9bRDb3vSTg-qkPAZg,Gweilo-60,2019-02-14 06:27:30.524312,10675,0
UChXOhG9bRDb3vSTg-qkPAZg,Gweilo-60,2019-02-14 06:26:30.585024,10675,0
UChXOhG9bRDb3vSTg-qkPAZg,Gweilo-60,2019-02-14 06:25:30.536222,10675,1
UChXOhG9bRDb3vSTg-qkPAZg,Gweilo-60,2019-02-14 06:24:30.57271,10674,0
UChXOhG9bRDb3vSTg-qkPAZg,Gweilo-60,2019-02-14 06:23:30.349806,10674,0
UChXOhG9bRDb3vSTg-qkPAZg,Gweilo-60,2019-02-14 06:22:30.352815,10674,0
UChXOhG9bRDb3vSTg-qkPAZg,Gweilo-60,2019-02-14 06:21:30.803765,10674,0
UChXOhG9bRDb3vSTg-qkPAZg,Gweilo-60,2019-02-14 06:20:30.607247,10674,0
UChXOhG9bRDb3vSTg-qkPAZg,Gweilo-60,2019-02-14 06:19:30.267521,10674,0
UChXOhG9bRDb3vSTg-qkPAZg,Gweilo-60,2019-02-14 06:18:29.985999,10674,0
UChXOhG9bRDb3vSTg-qkPAZg,Gweilo-60,2019-02-14 06:17:30.569928,10674,0
UChXOhG9bRDb3vSTg-qkPAZg,Gweilo-60,2019-02-14 06:16:31.023449,10674,0
UChXOhG9bRDb3vSTg-qkPAZg,Gweilo-60,2019-02-14 06:15:30.219938,10674,0
UChXOhG9bRDb3vSTg-qkPAZg,Gweilo-60,2019-02-14 06:14:30.758807,10674,0
UChXOhG9bRDb3vSTg-qkPAZg,Gweilo-60,2019-02-14 06:13:30.480794,10674,0
UChXOhG9bRDb3vSTg-qkPAZg,Gweilo-60,2019-02-14 06:12:29.958957,10674,0
UChXOhG9bRDb3vSTg-qkPAZg,Gweilo-60,2019-02-14 06:11:30.554502,10674,0
UChXOhG9bRDb3vSTg-qkPAZg,Gweilo-60,2019-02-14 06:10:30.015113,10674,0
UChXOhG9bRDb3vSTg-qkPAZg,Gweilo-60,2019-02-14 06:09:30.619439,10674,0
UChXOhG9bRDb3vSTg-qkPAZg,Gweilo-60,2019-02-14 06:08:30.463412,10674,0
UChXOhG9bRDb3vSTg-qkPAZg,Gweilo-60,2019-02-14 06:07:30.291524,10674,1
UChXOhG9bRDb3vSTg-qkPAZg,Gweilo-60,2019-02-14 06:06:30.065333,10673,0
UChXOhG9bRDb3vSTg-qkPAZg,Gweilo-60,2019-02-14 06:05:30.263576,10673,0
UChXOhG9bRDb3vSTg-qkPAZg,Gweilo-60,2019-02-14 06:04:30.535813,10673,0
UChXOhG9bRDb3vSTg-qkPAZg,Gweilo-60,2019-02-14 06:03:30.436496,10673,0
UChXOhG9bRDb3vSTg-qkPAZg,Gweilo-60,2019-02-14 06:02:30.306937,10673,0
UChXOhG9bRDb3vSTg-qkPAZg,Gweilo-60,2019-02-14 06:01:30.809927,10673,0
UChXOhG9bRDb3vSTg-qkPAZg,Gweilo-60,2019-02-14 06:00:30.492768,10673,0
UChXOhG9bRDb3vSTg-qkPAZg,Gweilo-60,2019-02-14 05:59:30.734123,10673,0
UChXOhG9bRDb3vSTg-qkPAZg,Gweilo-60,2019-02-14 05:58:30.401128,10673,0
UChXOhG9bRDb3vSTg-qkPAZg,Gweilo-60,2019-02-14 05:57:30.814741,10673,0
UChXOhG9bRDb3vSTg-qkPAZg,Gweilo-60,2019-02-14 05:56:30.538238,10673,0
UChXOhG9bRDb3vSTg-qkPAZg,Gweilo-60,2019-02-14 05:55:30.553648,10673,0
UChXOhG9bRDb3vSTg-qkPAZg,Gweilo-60,2019-02-14 05:54:30.941684,10673,0
UChXOhG9bRDb3vSTg-qkPAZg,Gweilo-60,2019-02-14 05:53:30.050159,10673,0
UChXOhG9bRDb3vSTg-qkPAZg,Gweilo-60,2019-02-14 05:52:30.710437,10673,0
UChXOhG9bRDb3vSTg-qkPAZg,Gweilo-60,2019-02-14 05:51:30.684359,10673,0
UChXOhG9bRDb3vSTg-qkPAZg,Gweilo-60,2019-02-14 05:50:30.408222,10673,0
UChXOhG9bRDb3vSTg-qkPAZg,Gweilo-60,2019-02-14 05:49:30.563028,10673,0
UChXOhG9bRDb3vSTg-qkPAZg,Gweilo-60,2019-02-14 05:48:31.027652,10673,0
UChXOhG9bRDb3vSTg-qkPAZg,Gweilo-60,2019-02-14 05:47:30.338802,10673,0
UChXOhG9bRDb3vSTg-qkPAZg,Gweilo-60,2019-02-14 05:46:30.461433,10673,0
UChXOhG9bRDb3vSTg-qkPAZg,Gweilo-60,2019-02-14 05:45:30.46684,10673,0
UChXOhG9bRDb3vSTg-qkPAZg,Gweilo-60,2019-02-14 05:44:30.123798,10673,0
UChXOhG9bRDb3vSTg-qkPAZg,Gweilo-60,2019-02-14 05:43:30.498056,10673,0
UChXOhG9bRDb3vSTg-qkPAZg,Gweilo-60,2019-02-14 05:42:30.276289,10673,0
UChXOhG9bRDb3vSTg-qkPAZg,Gweilo-60,2019-02-14 05:41:30.667775,10673,0
UChXOhG9bRDb3vSTg-qkPAZg,Gweilo-60,2019-02-14 05:40:30.608513,10673,0
UChXOhG9bRDb3vSTg-qkPAZg,Gweilo-60,2019-02-14 05:39:30.234867,10673,0
UChXOhG9bRDb3vSTg-qkPAZg,Gweilo-60,2019-02-14 05:38:30.049074,10673,0
UChXOhG9bRDb3vSTg-qkPAZg,Gweilo-60,2019-02-14 05:37:30.915461,10673,0
UChXOhG9bRDb3vSTg-qkPAZg,Gweilo-60,2019-02-14 05:36:30.179654,10673,0
UChXOhG9bRDb3vSTg-qkPAZg,Gweilo-60,2019-02-14 05:35:29.987928,10673,0
UChXOhG9bRDb3vSTg-qkPAZg,Gweilo-60,2019-02-14 05:34:31.188941,10673,0
UChXOhG9bRDb3vSTg-qkPAZg,Gweilo-60,2019-02-14 05:33:29.700985,10673,0
UChXOhG9bRDb3vSTg-qkPAZg,Gweilo-60,2019-02-14 05:32:30.408224,10673,0
UChXOhG9bRDb3vSTg-qkPAZg,Gweilo-60,2019-02-14 05:31:30.538797,10673,0
UChXOhG9bRDb3vSTg-qkPAZg,Gweilo-60,2019-02-14 05:30:30.617186,10673,0
UChXOhG9bRDb3vSTg-qkPAZg,Gweilo-60,2019-02-14 05:29:30.98779,10673,0
UChXOhG9bRDb3vSTg-qkPAZg,Gweilo-60,2019-02-14 05:28:30.521083,10673,0
UChXOhG9bRDb3vSTg-qkPAZg,Gweilo-60,2019-02-14 05:27:30.476517,10673,0
UChXOhG9bRDb3vSTg-qkPAZg,Gweilo-60,2019-02-14 05:26:30.573329,10673,0
UChXOhG9bRDb3vSTg-qkPAZg,Gweilo-60,2019-02-14 05:25:31.89929,10673,0
UChXOhG9bRDb3vSTg-qkPAZg,Gweilo-60,2019-02-14 05:24:30.38356,10673,0
UChXOhG9bRDb3vSTg-qkPAZg,Gweilo-60,2019-02-14 05:23:30.962635,10673,0
UChXOhG9bRDb3vSTg-qkPAZg,Gweilo-60,2019-02-14 05:22:30.942217,10673,0
UChXOhG9bRDb3vSTg-qkPAZg,Gweilo-60,2019-02-14 05:21:31.074439,10673,1
UChXOhG9bRDb3vSTg-qkPAZg,Gweilo-60,2019-02-14 05:20:29.680963,10672,0
UChXOhG9bRDb3vSTg-qkPAZg,Gweilo-60,2019-02-14 05:19:30.684778,10672,0
UChXOhG9bRDb3vSTg-qkPAZg,Gweilo-60,2019-02-14 05:18:30.189858,10672,0
UChXOhG9bRDb3vSTg-qkPAZg,Gweilo-60,2019-02-14 05:17:30.448908,10672,0
UChXOhG9bRDb3vSTg-qkPAZg,Gweilo-60,2019-02-14 05:16:30.736292,10672,0
UChXOhG9bRDb3vSTg-qkPAZg,Gweilo-60,2019-02-14 05:15:30.20549,10672,0
UChXOhG9bRDb3vSTg-qkPAZg,Gweilo-60,2019-02-14 05:14:30.211067,10672,0
UChXOhG9bRDb3vSTg-qkPAZg,Gweilo-60,2019-02-14 05:13:30.829947,10672,0
UChXOhG9bRDb3vSTg-qkPAZg,Gweilo-60,2019-02-14 05:12:30.684043,10672,0
UChXOhG9bRDb3vSTg-qkPAZg,Gweilo-60,2019-02-14 05:11:30.321591,10672,0
UChXOhG9bRDb3vSTg-qkPAZg,Gweilo-60,2019-02-14 05:10:29.989664,10672,0
UChXOhG9bRDb3vSTg-qkPAZg,Gweilo-60,2019-02-14 05:09:30.736615,10672,1
UChXOhG9bRDb3vSTg-qkPAZg,Gweilo-60,2019-02-14 05:08:29.983131,10671,0
UChXOhG9bRDb3vSTg-qkPAZg,Gweilo-60,2019-02-14 05:07:30.305008,10671,0
UChXOhG9bRDb3vSTg-qkPAZg,Gweilo-60,2019-02-14 05:06:30.121406,10671,0
UChXOhG9bRDb3vSTg-qkPAZg,Gweilo-60,2019-02-14 05:05:29.855141,10671,0
UChXOhG9bRDb3vSTg-qkPAZg,Gweilo-60,2019-02-14 05:04:30.222438,10671,0
UChXOhG9bRDb3vSTg-qkPAZg,Gweilo-60,2019-02-14 05:03:30.060306,10671,0
UChXOhG9bRDb3vSTg-qkPAZg,Gweilo-60,2019-02-14 05:02:30.583469,10671,0
UChXOhG9bRDb3vSTg-qkPAZg,Gweilo-60,2019-02-14 05:01:30.374952,10671,0
UChXOhG9bRDb3vSTg-qkPAZg,Gweilo-60,2019-02-14 05:00:30.269727,10671,0
UChXOhG9bRDb3vSTg-qkPAZg,Gweilo-60,2019-02-14 04:59:30.532539,10671,0
UChXOhG9bRDb3vSTg-qkPAZg,Gweilo-60,2019-02-14 04:58:30.205498,10671,0
UChXOhG9bRDb3vSTg-qkPAZg,Gweilo-60,2019-02-14 04:57:30.472584,10671,0
UChXOhG9bRDb3vSTg-qkPAZg,Gweilo-60,2019-02-14 04:56:31.863463,10671,0
UChXOhG9bRDb3vSTg-qkPAZg,Gweilo-60,2019-02-14 04:55:30.398186,10671,0
UChXOhG9bRDb3vSTg-qkPAZg,Gweilo-60,2019-02-14 04:54:30.283737,10671,0
UChXOhG9bRDb3vSTg-qkPAZg,Gweilo-60,2019-02-14 04:53:30.29921,10671,0
UChXOhG9bRDb3vSTg-qkPAZg,Gweilo-60,2019-02-14 04:52:31.293342,10671,0
UChXOhG9bRDb3vSTg-qkPAZg,Gweilo-60,2019-02-14 04:51:30.209145,10671,0
UChXOhG9bRDb3vSTg-qkPAZg,Gweilo-60,2019-02-14 04:50:30.6975,10671,0
UChXOhG9bRDb3vSTg-qkPAZg,Gweilo-60,2019-02-14 04:49:30.763755,10671,0
UChXOhG9bRDb3vSTg-qkPAZg,Gweilo-60,2019-02-14 04:48:30.589493,10671,0
UChXOhG9bRDb3vSTg-qkPAZg,Gweilo-60,2019-02-14 04:47:30.86757,10671,0
UChXOhG9bRDb3vSTg-qkPAZg,Gweilo-60,2019-02-14 04:46:30.321006,10671,0
UChXOhG9bRDb3vSTg-qkPAZg,Gweilo-60,2019-02-14 04:45:30.42862,10671,0
UChXOhG9bRDb3vSTg-qkPAZg,Gweilo-60,2019-02-14 04:44:30.195442,10671,0
UChXOhG9bRDb3vSTg-qkPAZg,Gweilo-60,2019-02-14 04:43:30.558997,10671,0
UChXOhG9bRDb3vSTg-qkPAZg,Gweilo-60,2019-02-14 04:42:30.944314,10671,0
UChXOhG9bRDb3vSTg-qkPAZg,Gweilo-60,2019-02-14 04:41:29.841226,10671,0
UChXOhG9bRDb3vSTg-qkPAZg,Gweilo-60,2019-02-14 04:40:30.879197,10671,0
UChXOhG9bRDb3vSTg-qkPAZg,Gweilo-60,2019-02-14 04:39:31.335163,10671,1
UChXOhG9bRDb3vSTg-qkPAZg,Gweilo-60,2019-02-14 04:38:30.834549,10670,0
UChXOhG9bRDb3vSTg-qkPAZg,Gweilo-60,2019-02-14 04:37:30.689609,10670,0
UChXOhG9bRDb3vSTg-qkPAZg,Gweilo-60,2019-02-14 04:36:30.651301,10670,0
UChXOhG9bRDb3vSTg-qkPAZg,Gweilo-60,2019-02-14 04:35:30.560003,10670,0
UChXOhG9bRDb3vSTg-qkPAZg,Gweilo-60,2019-02-14 04:34:30.957303,10670,0
UChXOhG9bRDb3vSTg-qkPAZg,Gweilo-60,2019-02-14 04:33:30.893979,10670,0
UChXOhG9bRDb3vSTg-qkPAZg,Gweilo-60,2019-02-14 04:32:30.619034,10670,0
UChXOhG9bRDb3vSTg-qkPAZg,Gweilo-60,2019-02-14 04:31:30.762594,10670,0
UChXOhG9bRDb3vSTg-qkPAZg,Gweilo-60,2019-02-14 04:30:30.93853,10670,0
UChXOhG9bRDb3vSTg-qkPAZg,Gweilo-60,2019-02-14 04:29:30.333906,10670,0
UChXOhG9bRDb3vSTg-qkPAZg,Gweilo-60,2019-02-14 04:28:30.673413,10670,0
UChXOhG9bRDb3vSTg-qkPAZg,Gweilo-60,2019-02-14 04:27:30.879052,10670,0
UChXOhG9bRDb3vSTg-qkPAZg,Gweilo-60,2019-02-14 04:26:30.10301,10670,0
UChXOhG9bRDb3vSTg-qkPAZg,Gweilo-60,2019-02-14 04:25:31.376732,10670,0
UChXOhG9bRDb3vSTg-qkPAZg,Gweilo-60,2019-02-14 04:24:30.536864,10670,0
UChXOhG9bRDb3vSTg-qkPAZg,Gweilo-60,2019-02-14 04:23:30.134713,10670,0
UChXOhG9bRDb3vSTg-qkPAZg,Gweilo-60,2019-02-14 04:22:31.453848,10670,0
UChXOhG9bRDb3vSTg-qkPAZg,Gweilo-60,2019-02-14 04:21:31.582709,10670,0
UChXOhG9bRDb3vSTg-qkPAZg,Gweilo-60,2019-02-14 04:20:30.803962,10670,0
UChXOhG9bRDb3vSTg-qkPAZg,Gweilo-60,2019-02-14 04:19:30.566503,10670,0
UChXOhG9bRDb3vSTg-qkPAZg,Gweilo-60,2019-02-14 04:18:30.788083,10670,0
UChXOhG9bRDb3vSTg-qkPAZg,Gweilo-60,2019-02-14 04:17:31.15316,10670,0
UChXOhG9bRDb3vSTg-qkPAZg,Gweilo-60,2019-02-14 04:16:31.799087,10670,0
UChXOhG9bRDb3vSTg-qkPAZg,Gweilo-60,2019-02-14 04:15:30.275047,10670,0
UChXOhG9bRDb3vSTg-qkPAZg,Gweilo-60,2019-02-14 04:14:30.27132,10670,0
UChXOhG9bRDb3vSTg-qkPAZg,Gweilo-60,2019-02-14 04:13:30.180759,10670,0
UChXOhG9bRDb3vSTg-qkPAZg,Gweilo-60,2019-02-14 04:12:29.992903,10670,0
UChXOhG9bRDb3vSTg-qkPAZg,Gweilo-60,2019-02-14 04:11:30.240317,10670,0
UChXOhG9bRDb3vSTg-qkPAZg,Gweilo-60,2019-02-14 04:10:30.269522,10670,0
UChXOhG9bRDb3vSTg-qkPAZg,Gweilo-60,2019-02-14 04:09:30.358436,10670,0
UChXOhG9bRDb3vSTg-qkPAZg,Gweilo-60,2019-02-14 04:08:30.270405,10670,0
UChXOhG9bRDb3vSTg-qkPAZg,Gweilo-60,2019-02-14 04:07:29.839561,10670,0
UChXOhG9bRDb3vSTg-qkPAZg,Gweilo-60,2019-02-14 04:06:30.53817,10670,0
UChXOhG9bRDb3vSTg-qkPAZg,Gweilo-60,2019-02-14 04:05:30.196582,10670,0
UChXOhG9bRDb3vSTg-qkPAZg,Gweilo-60,2019-02-14 04:04:29.978249,10670,0
UChXOhG9bRDb3vSTg-qkPAZg,Gweilo-60,2019-02-14 04:03:30.302138,10670,0
UChXOhG9bRDb3vSTg-qkPAZg,Gweilo-60,2019-02-14 04:02:30.410398,10670,0
UChXOhG9bRDb3vSTg-qkPAZg,Gweilo-60,2019-02-14 04:01:30.47453,10670,0
UChXOhG9bRDb3vSTg-qkPAZg,Gweilo-60,2019-02-14 04:00:30.471073,10670,0
UChXOhG9bRDb3vSTg-qkPAZg,Gweilo-60,2019-02-14 03:59:30.399858,10670,0
UChXOhG9bRDb3vSTg-qkPAZg,Gweilo-60,2019-02-14 03:58:30.68626,10670,0
UChXOhG9bRDb3vSTg-qkPAZg,Gweilo-60,2019-02-14 03:57:30.119997,10670,0
UChXOhG9bRDb3vSTg-qkPAZg,Gweilo-60,2019-02-14 03:56:30.386225,10670,0
UChXOhG9bRDb3vSTg-qkPAZg,Gweilo-60,2019-02-14 03:55:30.291381,10670,0
UChXOhG9bRDb3vSTg-qkPAZg,Gweilo-60,2019-02-14 03:54:30.116699,10670,0
UChXOhG9bRDb3vSTg-qkPAZg,Gweilo-60,2019-02-14 03:53:30.194838,10670,1
UChXOhG9bRDb3vSTg-qkPAZg,Gweilo-60,2019-02-14 03:52:30.247311,10669,0
UChXOhG9bRDb3vSTg-qkPAZg,Gweilo-60,2019-02-14 03:51:30.478095,10669,0
UChXOhG9bRDb3vSTg-qkPAZg,Gweilo-60,2019-02-14 03:50:30.895544,10669,0
UChXOhG9bRDb3vSTg-qkPAZg,Gweilo-60,2019-02-14 03:49:29.96277,10669,0
UChXOhG9bRDb3vSTg-qkPAZg,Gweilo-60,2019-02-14 03:48:30.365233,10669,0
UChXOhG9bRDb3vSTg-qkPAZg,Gweilo-60,2019-02-14 03:47:30.306817,10669,0
UChXOhG9bRDb3vSTg-qkPAZg,Gweilo-60,2019-02-14 03:46:30.315631,10669,0
UChXOhG9bRDb3vSTg-qkPAZg,Gweilo-60,2019-02-14 03:45:30.401232,10669,0
UChXOhG9bRDb3vSTg-qkPAZg,Gweilo-60,2019-02-14 03:44:30.26761,10669,0
UChXOhG9bRDb3vSTg-qkPAZg,Gweilo-60,2019-02-14 03:43:30.373895,10669,0
UChXOhG9bRDb3vSTg-qkPAZg,Gweilo-60,2019-02-14 03:42:30.215607,10669,0
UChXOhG9bRDb3vSTg-qkPAZg,Gweilo-60,2019-02-14 03:41:29.991716,10669,0
UChXOhG9bRDb3vSTg-qkPAZg,Gweilo-60,2019-02-14 03:40:30.299221,10669,0
UChXOhG9bRDb3vSTg-qkPAZg,Gweilo-60,2019-02-14 03:39:30.008388,10669,0
UChXOhG9bRDb3vSTg-qkPAZg,Gweilo-60,2019-02-14 03:38:29.660559,10669,0
UChXOhG9bRDb3vSTg-qkPAZg,Gweilo-60,2019-02-14 03:37:30.380472,10669,0
UChXOhG9bRDb3vSTg-qkPAZg,Gweilo-60,2019-02-14 03:36:30.352089,10669,0
UChXOhG9bRDb3vSTg-qkPAZg,Gweilo-60,2019-02-14 03:35:30.974604,10669,0
UChXOhG9bRDb3vSTg-qkPAZg,Gweilo-60,2019-02-14 03:34:30.217195,10669,0
UChXOhG9bRDb3vSTg-qkPAZg,Gweilo-60,2019-02-14 03:33:30.901704,10669,0
UChXOhG9bRDb3vSTg-qkPAZg,Gweilo-60,2019-02-14 03:32:30.807516,10669,0
UChXOhG9bRDb3vSTg-qkPAZg,Gweilo-60,2019-02-14 03:31:30.413841,10669,0
UChXOhG9bRDb3vSTg-qkPAZg,Gweilo-60,2019-02-14 03:30:30.213875,10669,0
UChXOhG9bRDb3vSTg-qkPAZg,Gweilo-60,2019-02-14 03:29:29.959466,10669,0
UChXOhG9bRDb3vSTg-qkPAZg,Gweilo-60,2019-02-14 03:28:30.492929,10669,0
UChXOhG9bRDb3vSTg-qkPAZg,Gweilo-60,2019-02-14 03:27:30.143309,10669,0
UChXOhG9bRDb3vSTg-qkPAZg,Gweilo-60,2019-02-14 03:26:30.181228,10669,0
UChXOhG9bRDb3vSTg-qkPAZg,Gweilo-60,2019-02-14 03:25:30.570093,10669,0
UChXOhG9bRDb3vSTg-qkPAZg,Gweilo-60,2019-02-14 03:24:30.666755,10669,0
UChXOhG9bRDb3vSTg-qkPAZg,Gweilo-60,2019-02-14 03:23:30.882377,10669,0
UChXOhG9bRDb3vSTg-qkPAZg,Gweilo-60,2019-02-14 03:22:30.196149,10669,0
UChXOhG9bRDb3vSTg-qkPAZg,Gweilo-60,2019-02-14 03:21:29.976282,10669,0
UChXOhG9bRDb3vSTg-qkPAZg,Gweilo-60,2019-02-14 03:20:30.242229,10669,0
UChXOhG9bRDb3vSTg-qkPAZg,Gweilo-60,2019-02-14 03:19:30.32073,10669,0
UChXOhG9bRDb3vSTg-qkPAZg,Gweilo-60,2019-02-14 03:18:30.357028,10669,0
UChXOhG9bRDb3vSTg-qkPAZg,Gweilo-60,2019-02-14 03:17:30.007209,10669,0
UChXOhG9bRDb3vSTg-qkPAZg,Gweilo-60,2019-02-14 03:16:30.438894,10669,0
UChXOhG9bRDb3vSTg-qkPAZg,Gweilo-60,2019-02-14 03:15:30.51895,10669,0
UChXOhG9bRDb3vSTg-qkPAZg,Gweilo-60,2019-02-14 03:14:30.556498,10669,0
UChXOhG9bRDb3vSTg-qkPAZg,Gweilo-60,2019-02-14 03:13:30.577479,10669,0
UChXOhG9bRDb3vSTg-qkPAZg,Gweilo-60,2019-02-14 03:12:30.669681,10669,0
UChXOhG9bRDb3vSTg-qkPAZg,Gweilo-60,2019-02-14 03:11:30.337732,10669,0
UChXOhG9bRDb3vSTg-qkPAZg,Gweilo-60,2019-02-14 03:10:30.574448,10669,0
UChXOhG9bRDb3vSTg-qkPAZg,Gweilo-60,2019-02-14 03:09:30.501079,10669,0
UChXOhG9bRDb3vSTg-qkPAZg,Gweilo-60,2019-02-14 03:08:30.268517,10669,0
UChXOhG9bRDb3vSTg-qkPAZg,Gweilo-60,2019-02-14 03:07:30.42,10669,0
UChXOhG9bRDb3vSTg-qkPAZg,Gweilo-60,2019-02-14 03:06:30.836312,10669,0
UChXOhG9bRDb3vSTg-qkPAZg,Gweilo-60,2019-02-14 03:05:30.137051,10669,0
UChXOhG9bRDb3vSTg-qkPAZg,Gweilo-60,2019-02-14 03:04:30.446793,10669,0
UChXOhG9bRDb3vSTg-qkPAZg,Gweilo-60,2019-02-14 03:03:30.149823,10669,0
UChXOhG9bRDb3vSTg-qkPAZg,Gweilo-60,2019-02-14 03:02:30.407483,10669,0
UChXOhG9bRDb3vSTg-qkPAZg,Gweilo-60,2019-02-14 03:01:30.461091,10669,0
UChXOhG9bRDb3vSTg-qkPAZg,Gweilo-60,2019-02-14 03:00:30.206619,10669,0
UChXOhG9bRDb3vSTg-qkPAZg,Gweilo-60,2019-02-14 02:59:30.500257,10669,0
UChXOhG9bRDb3vSTg-qkPAZg,Gweilo-60,2019-02-14 02:58:30.364636,10669,0
UChXOhG9bRDb3vSTg-qkPAZg,Gweilo-60,2019-02-14 02:57:30.446091,10669,0
UChXOhG9bRDb3vSTg-qkPAZg,Gweilo-60,2019-02-14 02:56:31.221063,10669,0
UChXOhG9bRDb3vSTg-qkPAZg,Gweilo-60,2019-02-14 02:55:31.284893,10669,0
UChXOhG9bRDb3vSTg-qkPAZg,Gweilo-60,2019-02-14 02:54:31.009927,10669,0
UChXOhG9bRDb3vSTg-qkPAZg,Gweilo-60,2019-02-14 02:53:30.133682,10669,0
UChXOhG9bRDb3vSTg-qkPAZg,Gweilo-60,2019-02-14 02:52:30.401295,10669,0
UChXOhG9bRDb3vSTg-qkPAZg,Gweilo-60,2019-02-14 02:51:31.706347,10669,0
UChXOhG9bRDb3vSTg-qkPAZg,Gweilo-60,2019-02-14 02:50:30.992586,10669,0
UChXOhG9bRDb3vSTg-qkPAZg,Gweilo-60,2019-02-14 02:49:30.425572,10669,0
UChXOhG9bRDb3vSTg-qkPAZg,Gweilo-60,2019-02-14 02:48:30.609444,10669,0
UChXOhG9bRDb3vSTg-qkPAZg,Gweilo-60,2019-02-14 02:47:30.596093,10669,0
UChXOhG9bRDb3vSTg-qkPAZg,Gweilo-60,2019-02-14 02:46:30.739484,10669,0
UChXOhG9bRDb3vSTg-qkPAZg,Gweilo-60,2019-02-14 02:45:30.431239,10669,0
UChXOhG9bRDb3vSTg-qkPAZg,Gweilo-60,2019-02-14 02:44:30.076054,10669,0
UChXOhG9bRDb3vSTg-qkPAZg,Gweilo-60,2019-02-14 02:43:30.175327,10669,0
UChXOhG9bRDb3vSTg-qkPAZg,Gweilo-60,2019-02-14 02:42:29.894877,10669,0
UChXOhG9bRDb3vSTg-qkPAZg,Gweilo-60,2019-02-14 02:41:30.436844,10669,0
UChXOhG9bRDb3vSTg-qkPAZg,Gweilo-60,2019-02-14 02:40:30.249893,10669,0
UChXOhG9bRDb3vSTg-qkPAZg,Gweilo-60,2019-02-14 02:39:29.891838,10669,0
UChXOhG9bRDb3vSTg-qkPAZg,Gweilo-60,2019-02-14 02:38:30.069414,10669,0
UChXOhG9bRDb3vSTg-qkPAZg,Gweilo-60,2019-02-14 02:37:30.304151,10669,0
UChXOhG9bRDb3vSTg-qkPAZg,Gweilo-60,2019-02-14 02:36:29.921668,10669,0
UChXOhG9bRDb3vSTg-qkPAZg,Gweilo-60,2019-02-14 02:35:31.508343,10669,0
UChXOhG9bRDb3vSTg-qkPAZg,Gweilo-60,2019-02-14 02:34:29.946154,10669,0
UChXOhG9bRDb3vSTg-qkPAZg,Gweilo-60,2019-02-14 02:33:30.102435,10669,0
UChXOhG9bRDb3vSTg-qkPAZg,Gweilo-60,2019-02-14 02:32:30.084412,10669,0
UChXOhG9bRDb3vSTg-qkPAZg,Gweilo-60,2019-02-14 02:31:30.841786,10669,0
UChXOhG9bRDb3vSTg-qkPAZg,Gweilo-60,2019-02-14 02:30:30.452669,10669,0
UChXOhG9bRDb3vSTg-qkPAZg,Gweilo-60,2019-02-14 02:29:30.823464,10669,0
UChXOhG9bRDb3vSTg-qkPAZg,Gweilo-60,2019-02-14 02:28:30.578082,10669,0
UChXOhG9bRDb3vSTg-qkPAZg,Gweilo-60,2019-02-14 02:27:30.722645,10669,0
UChXOhG9bRDb3vSTg-qkPAZg,Gweilo-60,2019-02-14 02:26:30.588356,10669,0
UChXOhG9bRDb3vSTg-qkPAZg,Gweilo-60,2019-02-14 02:25:30.248313,10669,0
UChXOhG9bRDb3vSTg-qkPAZg,Gweilo-60,2019-02-14 02:24:30.387019,10669,0
UChXOhG9bRDb3vSTg-qkPAZg,Gweilo-60,2019-02-14 02:23:30.583502,10669,0
UChXOhG9bRDb3vSTg-qkPAZg,Gweilo-60,2019-02-14 02:22:30.277045,10669,0
UChXOhG9bRDb3vSTg-qkPAZg,Gweilo-60,2019-02-14 02:21:30.32447,10669,0
UChXOhG9bRDb3vSTg-qkPAZg,Gweilo-60,2019-02-14 02:20:30.274487,10669,0
UChXOhG9bRDb3vSTg-qkPAZg,Gweilo-60,2019-02-14 02:19:30.510914,10669,0
UChXOhG9bRDb3vSTg-qkPAZg,Gweilo-60,2019-02-14 02:18:30.082054,10669,0
UChXOhG9bRDb3vSTg-qkPAZg,Gweilo-60,2019-02-14 02:17:29.808894,10669,0
UChXOhG9bRDb3vSTg-qkPAZg,Gweilo-60,2019-02-14 02:16:30.255037,10669,0
UChXOhG9bRDb3vSTg-qkPAZg,Gweilo-60,2019-02-14 02:15:29.938349,10669,0
UChXOhG9bRDb3vSTg-qkPAZg,Gweilo-60,2019-02-14 02:14:30.172735,10669,0
UChXOhG9bRDb3vSTg-qkPAZg,Gweilo-60,2019-02-14 02:13:30.40924,10669,0
UChXOhG9bRDb3vSTg-qkPAZg,Gweilo-60,2019-02-14 02:12:30.788691,10669,0
UChXOhG9bRDb3vSTg-qkPAZg,Gweilo-60,2019-02-14 02:11:30.835734,10669,0
UChXOhG9bRDb3vSTg-qkPAZg,Gweilo-60,2019-02-14 02:10:29.896229,10669,0
UChXOhG9bRDb3vSTg-qkPAZg,Gweilo-60,2019-02-14 02:09:30.611876,10669,0
UChXOhG9bRDb3vSTg-qkPAZg,Gweilo-60,2019-02-14 02:08:30.642499,10669,0
UChXOhG9bRDb3vSTg-qkPAZg,Gweilo-60,2019-02-14 02:07:30.555717,10669,0
UChXOhG9bRDb3vSTg-qkPAZg,Gweilo-60,2019-02-14 02:06:30.723068,10669,0
UChXOhG9bRDb3vSTg-qkPAZg,Gweilo-60,2019-02-14 02:05:30.705067,10669,0
UChXOhG9bRDb3vSTg-qkPAZg,Gweilo-60,2019-02-14 02:04:30.721332,10669,0
UChXOhG9bRDb3vSTg-qkPAZg,Gweilo-60,2019-02-14 02:03:30.8453,10669,0
UChXOhG9bRDb3vSTg-qkPAZg,Gweilo-60,2019-02-14 02:02:31.027532,10669,0
UChXOhG9bRDb3vSTg-qkPAZg,Gweilo-60,2019-02-14 02:01:31.247316,10669,0
UChXOhG9bRDb3vSTg-qkPAZg,Gweilo-60,2019-02-14 02:00:30.45397,10669,0
UChXOhG9bRDb3vSTg-qkPAZg,Gweilo-60,2019-02-14 01:59:30.797038,10669,0
UChXOhG9bRDb3vSTg-qkPAZg,Gweilo-60,2019-02-14 01:58:30.853074,10669,0
UChXOhG9bRDb3vSTg-qkPAZg,Gweilo-60,2019-02-14 01:57:30.770019,10669,0
UChXOhG9bRDb3vSTg-qkPAZg,Gweilo-60,2019-02-14 01:56:30.78079,10669,0
UChXOhG9bRDb3vSTg-qkPAZg,Gweilo-60,2019-02-14 01:55:30.297209,10669,0
UChXOhG9bRDb3vSTg-qkPAZg,Gweilo-60,2019-02-14 01:54:31.166262,10669,0
UChXOhG9bRDb3vSTg-qkPAZg,Gweilo-60,2019-02-14 01:53:30.639391,10669,0
UChXOhG9bRDb3vSTg-qkPAZg,Gweilo-60,2019-02-14 01:52:30.480445,10669,0
UChXOhG9bRDb3vSTg-qkPAZg,Gweilo-60,2019-02-14 01:51:30.2304,10669,0
UChXOhG9bRDb3vSTg-qkPAZg,Gweilo-60,2019-02-14 01:50:30.801082,10669,0
UChXOhG9bRDb3vSTg-qkPAZg,Gweilo-60,2019-02-14 01:49:30.367009,10669,0
UChXOhG9bRDb3vSTg-qkPAZg,Gweilo-60,2019-02-14 01:48:30.516072,10669,0
UChXOhG9bRDb3vSTg-qkPAZg,Gweilo-60,2019-02-14 01:47:31.126714,10669,0
UChXOhG9bRDb3vSTg-qkPAZg,Gweilo-60,2019-02-14 01:46:30.406086,10669,0
UChXOhG9bRDb3vSTg-qkPAZg,Gweilo-60,2019-02-14 01:45:31.021831,10669,0
UChXOhG9bRDb3vSTg-qkPAZg,Gweilo-60,2019-02-14 01:44:30.799862,10669,0
UChXOhG9bRDb3vSTg-qkPAZg,Gweilo-60,2019-02-14 01:43:30.593421,10669,0
UChXOhG9bRDb3vSTg-qkPAZg,Gweilo-60,2019-02-14 01:42:30.443106,10669,0
UChXOhG9bRDb3vSTg-qkPAZg,Gweilo-60,2019-02-14 01:41:30.39097,10669,0
UChXOhG9bRDb3vSTg-qkPAZg,Gweilo-60,2019-02-14 01:40:30.223965,10669,0
UChXOhG9bRDb3vSTg-qkPAZg,Gweilo-60,2019-02-14 01:39:30.854417,10669,0
UChXOhG9bRDb3vSTg-qkPAZg,Gweilo-60,2019-02-14 01:38:30.115394,10669,0
UChXOhG9bRDb3vSTg-qkPAZg,Gweilo-60,2019-02-14 01:37:30.722784,10669,0
UChXOhG9bRDb3vSTg-qkPAZg,Gweilo-60,2019-02-14 01:36:31.332755,10669,0
UChXOhG9bRDb3vSTg-qkPAZg,Gweilo-60,2019-02-14 01:35:30.264087,10669,0
UChXOhG9bRDb3vSTg-qkPAZg,Gweilo-60,2019-02-14 01:34:31.271666,10669,0
UChXOhG9bRDb3vSTg-qkPAZg,Gweilo-60,2019-02-14 01:33:30.599882,10669,0
UChXOhG9bRDb3vSTg-qkPAZg,Gweilo-60,2019-02-14 01:32:30.250929,10669,0
UChXOhG9bRDb3vSTg-qkPAZg,Gweilo-60,2019-02-14 01:31:30.95918,10669,0
UChXOhG9bRDb3vSTg-qkPAZg,Gweilo-60,2019-02-14 01:30:30.582106,10669,0
UChXOhG9bRDb3vSTg-qkPAZg,Gweilo-60,2019-02-14 01:29:30.60381,10669,0
UChXOhG9bRDb3vSTg-qkPAZg,Gweilo-60,2019-02-14 01:28:30.253029,10669,0
UChXOhG9bRDb3vSTg-qkPAZg,Gweilo-60,2019-02-14 01:27:31.389005,10669,0
UChXOhG9bRDb3vSTg-qkPAZg,Gweilo-60,2019-02-14 01:26:30.690014,10669,0
UChXOhG9bRDb3vSTg-qkPAZg,Gweilo-60,2019-02-14 01:25:30.606289,10669,0
UChXOhG9bRDb3vSTg-qkPAZg,Gweilo-60,2019-02-14 01:24:30.361473,10669,0
UChXOhG9bRDb3vSTg-qkPAZg,Gweilo-60,2019-02-14 01:23:31.478092,10669,0
UChXOhG9bRDb3vSTg-qkPAZg,Gweilo-60,2019-02-14 01:22:30.892221,10669,0
UChXOhG9bRDb3vSTg-qkPAZg,Gweilo-60,2019-02-14 01:21:30.204992,10669,0
UChXOhG9bRDb3vSTg-qkPAZg,Gweilo-60,2019-02-14 01:20:30.775032,10669,0
UChXOhG9bRDb3vSTg-qkPAZg,Gweilo-60,2019-02-14 01:19:30.579997,10669,0
UChXOhG9bRDb3vSTg-qkPAZg,Gweilo-60,2019-02-14 01:18:30.660407,10669,0
UChXOhG9bRDb3vSTg-qkPAZg,Gweilo-60,2019-02-14 01:17:30.456694,10669,0
UChXOhG9bRDb3vSTg-qkPAZg,Gweilo-60,2019-02-14 01:16:30.813104,10669,0
UChXOhG9bRDb3vSTg-qkPAZg,Gweilo-60,2019-02-14 01:15:30.684895,10669,0
UChXOhG9bRDb3vSTg-qkPAZg,Gweilo-60,2019-02-14 01:14:30.382231,10669,0
UChXOhG9bRDb3vSTg-qkPAZg,Gweilo-60,2019-02-14 01:13:30.785076,10669,0
UChXOhG9bRDb3vSTg-qkPAZg,Gweilo-60,2019-02-14 01:12:30.367927,10669,0
UChXOhG9bRDb3vSTg-qkPAZg,Gweilo-60,2019-02-14 01:11:30.281154,10669,0
UChXOhG9bRDb3vSTg-qkPAZg,Gweilo-60,2019-02-14 01:10:30.282016,10669,0
UChXOhG9bRDb3vSTg-qkPAZg,Gweilo-60,2019-02-14 01:09:30.570859,10669,0
UChXOhG9bRDb3vSTg-qkPAZg,Gweilo-60,2019-02-14 01:08:31.516352,10669,0
UChXOhG9bRDb3vSTg-qkPAZg,Gweilo-60,2019-02-14 01:07:30.386461,10669,0
UChXOhG9bRDb3vSTg-qkPAZg,Gweilo-60,2019-02-14 01:06:30.811203,10669,0
UChXOhG9bRDb3vSTg-qkPAZg,Gweilo-60,2019-02-14 01:05:30.983111,10669,1
UChXOhG9bRDb3vSTg-qkPAZg,Gweilo-60,2019-02-14 01:04:30.214516,10668,0
UChXOhG9bRDb3vSTg-qkPAZg,Gweilo-60,2019-02-14 01:03:31.177728,10668,0
UChXOhG9bRDb3vSTg-qkPAZg,Gweilo-60,2019-02-14 01:02:30.63525,10668,0
UChXOhG9bRDb3vSTg-qkPAZg,Gweilo-60,2019-02-14 01:01:30.71509,10668,0
UChXOhG9bRDb3vSTg-qkPAZg,Gweilo-60,2019-02-14 01:00:31.245145,10668,0
UChXOhG9bRDb3vSTg-qkPAZg,Gweilo-60,2019-02-14 00:59:30.796386,10668,0
UChXOhG9bRDb3vSTg-qkPAZg,Gweilo-60,2019-02-14 00:58:31.039408,10668,0
UChXOhG9bRDb3vSTg-qkPAZg,Gweilo-60,2019-02-14 00:57:30.395067,10668,0
UChXOhG9bRDb3vSTg-qkPAZg,Gweilo-60,2019-02-14 00:56:32.33318,10668,0
UChXOhG9bRDb3vSTg-qkPAZg,Gweilo-60,2019-02-14 00:55:30.318932,10668,0
UChXOhG9bRDb3vSTg-qkPAZg,Gweilo-60,2019-02-14 00:54:31.168778,10668,0
UChXOhG9bRDb3vSTg-qkPAZg,Gweilo-60,2019-02-14 00:53:30.690677,10668,0
UChXOhG9bRDb3vSTg-qkPAZg,Gweilo-60,2019-02-14 00:52:30.70397,10668,0
UChXOhG9bRDb3vSTg-qkPAZg,Gweilo-60,2019-02-14 00:51:30.756445,10668,0
UChXOhG9bRDb3vSTg-qkPAZg,Gweilo-60,2019-02-14 00:50:30.494159,10668,0
UChXOhG9bRDb3vSTg-qkPAZg,Gweilo-60,2019-02-14 00:49:30.573907,10668,0
UChXOhG9bRDb3vSTg-qkPAZg,Gweilo-60,2019-02-14 00:48:31.248968,10668,0
UChXOhG9bRDb3vSTg-qkPAZg,Gweilo-60,2019-02-14 00:47:30.814707,10668,0
UChXOhG9bRDb3vSTg-qkPAZg,Gweilo-60,2019-02-14 00:46:29.983977,10668,0
UChXOhG9bRDb3vSTg-qkPAZg,Gweilo-60,2019-02-14 00:45:30.54727,10668,0
UChXOhG9bRDb3vSTg-qkPAZg,Gweilo-60,2019-02-14 00:44:30.39982,10668,0
UChXOhG9bRDb3vSTg-qkPAZg,Gweilo-60,2019-02-14 00:43:30.728657,10668,0
UChXOhG9bRDb3vSTg-qkPAZg,Gweilo-60,2019-02-14 00:42:30.206582,10668,0
UChXOhG9bRDb3vSTg-qkPAZg,Gweilo-60,2019-02-14 00:41:30.454113,10668,0
UChXOhG9bRDb3vSTg-qkPAZg,Gweilo-60,2019-02-14 00:40:31.009779,10668,0
UChXOhG9bRDb3vSTg-qkPAZg,Gweilo-60,2019-02-14 00:39:30.56232,10668,0
UChXOhG9bRDb3vSTg-qkPAZg,Gweilo-60,2019-02-14 00:38:30.849018,10668,0
UChXOhG9bRDb3vSTg-qkPAZg,Gweilo-60,2019-02-14 00:37:30.267707,10668,0
UChXOhG9bRDb3vSTg-qkPAZg,Gweilo-60,2019-02-14 00:36:30.708777,10668,0
UChXOhG9bRDb3vSTg-qkPAZg,Gweilo-60,2019-02-14 00:35:30.239269,10668,0
UChXOhG9bRDb3vSTg-qkPAZg,Gweilo-60,2019-02-14 00:34:30.876406,10668,0
UChXOhG9bRDb3vSTg-qkPAZg,Gweilo-60,2019-02-14 00:33:30.299028,10668,0
UChXOhG9bRDb3vSTg-qkPAZg,Gweilo-60,2019-02-14 00:32:31.177958,10668,0
UChXOhG9bRDb3vSTg-qkPAZg,Gweilo-60,2019-02-14 00:31:30.209433,10668,0
UChXOhG9bRDb3vSTg-qkPAZg,Gweilo-60,2019-02-14 00:30:31.085832,10668,0
UChXOhG9bRDb3vSTg-qkPAZg,Gweilo-60,2019-02-14 00:29:30.68093,10668,0
UChXOhG9bRDb3vSTg-qkPAZg,Gweilo-60,2019-02-14 00:28:31.048373,10668,0
UChXOhG9bRDb3vSTg-qkPAZg,Gweilo-60,2019-02-14 00:27:30.698704,10668,0
UChXOhG9bRDb3vSTg-qkPAZg,Gweilo-60,2019-02-14 00:26:31.667215,10668,0
UChXOhG9bRDb3vSTg-qkPAZg,Gweilo-60,2019-02-14 00:25:31.173304,10668,0
UChXOhG9bRDb3vSTg-qkPAZg,Gweilo-60,2019-02-14 00:24:31.511079,10668,0
UChXOhG9bRDb3vSTg-qkPAZg,Gweilo-60,2019-02-14 00:23:30.283823,10668,0
UChXOhG9bRDb3vSTg-qkPAZg,Gweilo-60,2019-02-14 00:22:30.773915,10668,0
UChXOhG9bRDb3vSTg-qkPAZg,Gweilo-60,2019-02-14 00:21:30.412512,10668,0
UChXOhG9bRDb3vSTg-qkPAZg,Gweilo-60,2019-02-14 00:20:31.000657,10668,0
UChXOhG9bRDb3vSTg-qkPAZg,Gweilo-60,2019-02-14 00:19:31.1014,10668,0
UChXOhG9bRDb3vSTg-qkPAZg,Gweilo-60,2019-02-14 00:18:31.504905,10668,0
UChXOhG9bRDb3vSTg-qkPAZg,Gweilo-60,2019-02-14 00:17:31.265202,10668,0
UChXOhG9bRDb3vSTg-qkPAZg,Gweilo-60,2019-02-14 00:16:31.094752,10668,0
UChXOhG9bRDb3vSTg-qkPAZg,Gweilo-60,2019-02-14 00:15:30.410246,10668,0
UChXOhG9bRDb3vSTg-qkPAZg,Gweilo-60,2019-02-14 00:14:30.545346,10668,0
UChXOhG9bRDb3vSTg-qkPAZg,Gweilo-60,2019-02-14 00:13:30.89125,10668,0
UChXOhG9bRDb3vSTg-qkPAZg,Gweilo-60,2019-02-14 00:12:31.350438,10668,0
UChXOhG9bRDb3vSTg-qkPAZg,Gweilo-60,2019-02-14 00:11:31.325306,10668,0
UChXOhG9bRDb3vSTg-qkPAZg,Gweilo-60,2019-02-14 00:10:31.553772,10668,0
UChXOhG9bRDb3vSTg-qkPAZg,Gweilo-60,2019-02-14 00:09:31.761918,10668,0
UChXOhG9bRDb3vSTg-qkPAZg,Gweilo-60,2019-02-14 00:08:30.646915,10668,0
UChXOhG9bRDb3vSTg-qkPAZg,Gweilo-60,2019-02-14 00:07:31.028659,10668,0
UChXOhG9bRDb3vSTg-qkPAZg,Gweilo-60,2019-02-14 00:06:31.361409,10668,0
UChXOhG9bRDb3vSTg-qkPAZg,Gweilo-60,2019-02-14 00:05:31.406662,10668,0
UChXOhG9bRDb3vSTg-qkPAZg,Gweilo-60,2019-02-14 00:04:31.367753,10668,0
UChXOhG9bRDb3vSTg-qkPAZg,Gweilo-60,2019-02-14 00:03:30.94327,10668,0
UChXOhG9bRDb3vSTg-qkPAZg,Gweilo-60,2019-02-14 00:02:31.190454,10668,0
UChXOhG9bRDb3vSTg-qkPAZg,Gweilo-60,2019-02-14 00:01:31.156967,10668,0
UChXOhG9bRDb3vSTg-qkPAZg,Gweilo-60,2019-02-14 00:00:31.31779,10668,0
UChXOhG9bRDb3vSTg-qkPAZg,Gweilo-60,2019-02-13 23:59:31.229656,10668,0
UChXOhG9bRDb3vSTg-qkPAZg,Gweilo-60,2019-02-13 23:58:30.893891,10668,0
UChXOhG9bRDb3vSTg-qkPAZg,Gweilo-60,2019-02-13 23:57:31.73252,10668,0
UChXOhG9bRDb3vSTg-qkPAZg,Gweilo-60,2019-02-13 23:56:31.545644,10668,0
UChXOhG9bRDb3vSTg-qkPAZg,Gweilo-60,2019-02-13 23:55:31.657125,10668,0
UChXOhG9bRDb3vSTg-qkPAZg,Gweilo-60,2019-02-13 23:54:31.332912,10668,0
UChXOhG9bRDb3vSTg-qkPAZg,Gweilo-60,2019-02-13 23:53:31.067291,10668,0
UChXOhG9bRDb3vSTg-qkPAZg,Gweilo-60,2019-02-13 23:52:31.155095,10668,0
UChXOhG9bRDb3vSTg-qkPAZg,Gweilo-60,2019-02-13 23:51:30.997109,10668,0
UChXOhG9bRDb3vSTg-qkPAZg,Gweilo-60,2019-02-13 23:50:31.676023,10668,0
UChXOhG9bRDb3vSTg-qkPAZg,Gweilo-60,2019-02-13 23:49:31.150037,10668,0
UChXOhG9bRDb3vSTg-qkPAZg,Gweilo-60,2019-02-13 23:48:31.401249,10668,0
UChXOhG9bRDb3vSTg-qkPAZg,Gweilo-60,2019-02-13 23:47:30.578581,10668,0
UChXOhG9bRDb3vSTg-qkPAZg,Gweilo-60,2019-02-13 23:46:30.699701,10668,0
UChXOhG9bRDb3vSTg-qkPAZg,Gweilo-60,2019-02-13 23:45:31.072532,10668,0
UChXOhG9bRDb3vSTg-qkPAZg,Gweilo-60,2019-02-13 23:44:31.008012,10668,0
UChXOhG9bRDb3vSTg-qkPAZg,Gweilo-60,2019-02-13 23:43:32.207921,10668,0
UChXOhG9bRDb3vSTg-qkPAZg,Gweilo-60,2019-02-13 23:42:31.944039,10668,0
UChXOhG9bRDb3vSTg-qkPAZg,Gweilo-60,2019-02-13 23:41:31.059203,10668,0
UChXOhG9bRDb3vSTg-qkPAZg,Gweilo-60,2019-02-13 23:40:31.171161,10668,0
UChXOhG9bRDb3vSTg-qkPAZg,Gweilo-60,2019-02-13 23:39:31.322396,10668,0
UChXOhG9bRDb3vSTg-qkPAZg,Gweilo-60,2019-02-13 23:38:30.871043,10668,0
UChXOhG9bRDb3vSTg-qkPAZg,Gweilo-60,2019-02-13 23:37:31.104606,10668,0
UChXOhG9bRDb3vSTg-qkPAZg,Gweilo-60,2019-02-13 23:36:31.330953,10668,0
UChXOhG9bRDb3vSTg-qkPAZg,Gweilo-60,2019-02-13 23:35:31.153464,10668,0
UChXOhG9bRDb3vSTg-qkPAZg,Gweilo-60,2019-02-13 23:34:31.287785,10668,0
UChXOhG9bRDb3vSTg-qkPAZg,Gweilo-60,2019-02-13 23:33:30.871939,10668,0
UChXOhG9bRDb3vSTg-qkPAZg,Gweilo-60,2019-02-13 23:32:30.816991,10668,0
UChXOhG9bRDb3vSTg-qkPAZg,Gweilo-60,2019-02-13 23:31:30.935457,10668,0
UChXOhG9bRDb3vSTg-qkPAZg,Gweilo-60,2019-02-13 23:30:30.915377,10668,0
UChXOhG9bRDb3vSTg-qkPAZg,Gweilo-60,2019-02-13 23:29:31.416103,10668,0
UChXOhG9bRDb3vSTg-qkPAZg,Gweilo-60,2019-02-13 23:28:30.940621,10668,0
UChXOhG9bRDb3vSTg-qkPAZg,Gweilo-60,2019-02-13 23:27:32.627175,10668,0
UChXOhG9bRDb3vSTg-qkPAZg,Gweilo-60,2019-02-13 23:26:31.21832,10668,0
UChXOhG9bRDb3vSTg-qkPAZg,Gweilo-60,2019-02-13 23:25:30.83205,10668,0
UChXOhG9bRDb3vSTg-qkPAZg,Gweilo-60,2019-02-13 23:24:31.718697,10668,0
UChXOhG9bRDb3vSTg-qkPAZg,Gweilo-60,2019-02-13 23:23:31.771538,10668,0
UChXOhG9bRDb3vSTg-qkPAZg,Gweilo-60,2019-02-13 23:22:31.394521,10668,0
UChXOhG9bRDb3vSTg-qkPAZg,Gweilo-60,2019-02-13 23:21:31.286227,10668,0
UChXOhG9bRDb3vSTg-qkPAZg,Gweilo-60,2019-02-13 23:20:33.287128,10668,0
UChXOhG9bRDb3vSTg-qkPAZg,Gweilo-60,2019-02-13 23:19:31.307061,10668,0
UChXOhG9bRDb3vSTg-qkPAZg,Gweilo-60,2019-02-13 23:18:31.506357,10668,0
UChXOhG9bRDb3vSTg-qkPAZg,Gweilo-60,2019-02-13 23:17:31.621703,10668,0
UChXOhG9bRDb3vSTg-qkPAZg,Gweilo-60,2019-02-13 23:16:31.568589,10668,0
UChXOhG9bRDb3vSTg-qkPAZg,Gweilo-60,2019-02-13 23:15:31.35111,10668,0
UChXOhG9bRDb3vSTg-qkPAZg,Gweilo-60,2019-02-13 23:14:32.033233,10668,0
UChXOhG9bRDb3vSTg-qkPAZg,Gweilo-60,2019-02-13 23:13:31.575628,10668,0
UChXOhG9bRDb3vSTg-qkPAZg,Gweilo-60,2019-02-13 23:12:32.239172,10668,0
UChXOhG9bRDb3vSTg-qkPAZg,Gweilo-60,2019-02-13 23:11:31.521315,10668,0
UChXOhG9bRDb3vSTg-qkPAZg,Gweilo-60,2019-02-13 23:10:31.079095,10668,0
UChXOhG9bRDb3vSTg-qkPAZg,Gweilo-60,2019-02-13 23:09:30.831805,10668,0
UChXOhG9bRDb3vSTg-qkPAZg,Gweilo-60,2019-02-13 23:08:31.215031,10668,0
UChXOhG9bRDb3vSTg-qkPAZg,Gweilo-60,2019-02-13 23:07:31.174397,10668,0
UChXOhG9bRDb3vSTg-qkPAZg,Gweilo-60,2019-02-13 23:06:31.858967,10668,0
UChXOhG9bRDb3vSTg-qkPAZg,Gweilo-60,2019-02-13 23:05:32.093361,10668,0
UChXOhG9bRDb3vSTg-qkPAZg,Gweilo-60,2019-02-13 23:04:32.19745,10668,0
UChXOhG9bRDb3vSTg-qkPAZg,Gweilo-60,2019-02-13 23:03:31.368965,10668,0
UChXOhG9bRDb3vSTg-qkPAZg,Gweilo-60,2019-02-13 23:02:31.701398,10668,0
UChXOhG9bRDb3vSTg-qkPAZg,Gweilo-60,2019-02-13 23:01:31.892154,10668,0
UChXOhG9bRDb3vSTg-qkPAZg,Gweilo-60,2019-02-13 23:00:31.520754,10668,0
UChXOhG9bRDb3vSTg-qkPAZg,Gweilo-60,2019-02-13 22:59:31.100281,10668,0
UChXOhG9bRDb3vSTg-qkPAZg,Gweilo-60,2019-02-13 22:58:31.726384,10668,0
UChXOhG9bRDb3vSTg-qkPAZg,Gweilo-60,2019-02-13 22:57:31.566781,10668,0
UChXOhG9bRDb3vSTg-qkPAZg,Gweilo-60,2019-02-13 22:56:31.482242,10668,0
UChXOhG9bRDb3vSTg-qkPAZg,Gweilo-60,2019-02-13 22:55:31.397121,10668,0
UChXOhG9bRDb3vSTg-qkPAZg,Gweilo-60,2019-02-13 22:54:31.095956,10668,0
UChXOhG9bRDb3vSTg-qkPAZg,Gweilo-60,2019-02-13 22:53:31.654489,10668,0
UChXOhG9bRDb3vSTg-qkPAZg,Gweilo-60,2019-02-13 22:52:31.212336,10668,0
UChXOhG9bRDb3vSTg-qkPAZg,Gweilo-60,2019-02-13 22:51:31.794348,10668,0
UChXOhG9bRDb3vSTg-qkPAZg,Gweilo-60,2019-02-13 22:50:31.845007,10668,0
UChXOhG9bRDb3vSTg-qkPAZg,Gweilo-60,2019-02-13 22:49:31.710605,10668,0
UChXOhG9bRDb3vSTg-qkPAZg,Gweilo-60,2019-02-13 22:48:30.923246,10668,0
UChXOhG9bRDb3vSTg-qkPAZg,Gweilo-60,2019-02-13 22:47:32.05982,10668,0
UChXOhG9bRDb3vSTg-qkPAZg,Gweilo-60,2019-02-13 22:46:32.348864,10668,0
UChXOhG9bRDb3vSTg-qkPAZg,Gweilo-60,2019-02-13 22:45:31.830689,10668,0
UChXOhG9bRDb3vSTg-qkPAZg,Gweilo-60,2019-02-13 22:44:31.161477,10668,0
UChXOhG9bRDb3vSTg-qkPAZg,Gweilo-60,2019-02-13 22:43:32.322741,10668,0
UChXOhG9bRDb3vSTg-qkPAZg,Gweilo-60,2019-02-13 22:42:32.632974,10668,0
UChXOhG9bRDb3vSTg-qkPAZg,Gweilo-60,2019-02-13 22:41:31.916705,10668,0
UChXOhG9bRDb3vSTg-qkPAZg,Gweilo-60,2019-02-13 22:40:32.545843,10668,0
UChXOhG9bRDb3vSTg-qkPAZg,Gweilo-60,2019-02-13 22:39:31.505085,10668,0
UChXOhG9bRDb3vSTg-qkPAZg,Gweilo-60,2019-02-13 22:38:31.587134,10668,0
UChXOhG9bRDb3vSTg-qkPAZg,Gweilo-60,2019-02-13 22:37:31.76797,10668,0
UChXOhG9bRDb3vSTg-qkPAZg,Gweilo-60,2019-02-13 22:36:31.481821,10668,0
UChXOhG9bRDb3vSTg-qkPAZg,Gweilo-60,2019-02-13 22:35:31.121446,10668,0
UChXOhG9bRDb3vSTg-qkPAZg,Gweilo-60,2019-02-13 22:34:31.987012,10668,0
UChXOhG9bRDb3vSTg-qkPAZg,Gweilo-60,2019-02-13 22:33:31.529566,10668,0
UChXOhG9bRDb3vSTg-qkPAZg,Gweilo-60,2019-02-13 22:32:33.041238,10668,0
UChXOhG9bRDb3vSTg-qkPAZg,Gweilo-60,2019-02-13 22:31:31.657196,10668,0
UChXOhG9bRDb3vSTg-qkPAZg,Gweilo-60,2019-02-13 22:30:31.536902,10668,0
UChXOhG9bRDb3vSTg-qkPAZg,Gweilo-60,2019-02-13 22:29:32.166878,10668,0
UChXOhG9bRDb3vSTg-qkPAZg,Gweilo-60,2019-02-13 22:28:31.761137,10668,0
UChXOhG9bRDb3vSTg-qkPAZg,Gweilo-60,2019-02-13 22:27:31.341083,10668,0
UChXOhG9bRDb3vSTg-qkPAZg,Gweilo-60,2019-02-13 22:26:31.140046,10668,0
UChXOhG9bRDb3vSTg-qkPAZg,Gweilo-60,2019-02-13 22:25:32.000776,10668,0
UChXOhG9bRDb3vSTg-qkPAZg,Gweilo-60,2019-02-13 22:24:32.031287,10668,0
UChXOhG9bRDb3vSTg-qkPAZg,Gweilo-60,2019-02-13 22:23:31.790255,10668,0
UChXOhG9bRDb3vSTg-qkPAZg,Gweilo-60,2019-02-13 22:22:32.51485,10668,0
UChXOhG9bRDb3vSTg-qkPAZg,Gweilo-60,2019-02-13 22:21:31.431127,10668,0
UChXOhG9bRDb3vSTg-qkPAZg,Gweilo-60,2019-02-13 22:20:31.832324,10668,0
UChXOhG9bRDb3vSTg-qkPAZg,Gweilo-60,2019-02-13 22:19:31.602169,10668,0
UChXOhG9bRDb3vSTg-qkPAZg,Gweilo-60,2019-02-13 22:18:31.536666,10668,0
UChXOhG9bRDb3vSTg-qkPAZg,Gweilo-60,2019-02-13 22:17:31.599374,10668,0
UChXOhG9bRDb3vSTg-qkPAZg,Gweilo-60,2019-02-13 22:16:32.090818,10668,0
UChXOhG9bRDb3vSTg-qkPAZg,Gweilo-60,2019-02-13 22:15:31.921737,10668,0
UChXOhG9bRDb3vSTg-qkPAZg,Gweilo-60,2019-02-13 22:14:31.584419,10668,0
UChXOhG9bRDb3vSTg-qkPAZg,Gweilo-60,2019-02-13 22:13:32.422013,10668,0
UChXOhG9bRDb3vSTg-qkPAZg,Gweilo-60,2019-02-13 22:12:31.243011,10668,0
UChXOhG9bRDb3vSTg-qkPAZg,Gweilo-60,2019-02-13 22:11:31.502158,10668,0
UChXOhG9bRDb3vSTg-qkPAZg,Gweilo-60,2019-02-13 22:10:32.194789,10668,0
UChXOhG9bRDb3vSTg-qkPAZg,Gweilo-60,2019-02-13 22:09:31.902307,10668,0
UChXOhG9bRDb3vSTg-qkPAZg,Gweilo-60,2019-02-13 22:08:32.39706,10668,0
UChXOhG9bRDb3vSTg-qkPAZg,Gweilo-60,2019-02-13 22:07:32.126105,10668,0
UChXOhG9bRDb3vSTg-qkPAZg,Gweilo-60,2019-02-13 22:06:31.817118,10668,0
UChXOhG9bRDb3vSTg-qkPAZg,Gweilo-60,2019-02-13 22:05:31.378861,10668,0
UChXOhG9bRDb3vSTg-qkPAZg,Gweilo-60,2019-02-13 22:04:32.14848,10668,0
UChXOhG9bRDb3vSTg-qkPAZg,Gweilo-60,2019-02-13 22:03:32.442402,10668,0
UChXOhG9bRDb3vSTg-qkPAZg,Gweilo-60,2019-02-13 22:02:33.879745,10668,0
UChXOhG9bRDb3vSTg-qkPAZg,Gweilo-60,2019-02-13 22:01:32.22565,10668,0
UChXOhG9bRDb3vSTg-qkPAZg,Gweilo-60,2019-02-13 22:00:32.231914,10668,0
UChXOhG9bRDb3vSTg-qkPAZg,Gweilo-60,2019-02-13 21:59:32.002603,10668,0
UChXOhG9bRDb3vSTg-qkPAZg,Gweilo-60,2019-02-13 21:58:32.291182,10668,0
UChXOhG9bRDb3vSTg-qkPAZg,Gweilo-60,2019-02-13 21:57:32.19398,10668,0
UChXOhG9bRDb3vSTg-qkPAZg,Gweilo-60,2019-02-13 21:56:32.843446,10668,0
UChXOhG9bRDb3vSTg-qkPAZg,Gweilo-60,2019-02-13 21:55:33.534484,10668,0
UChXOhG9bRDb3vSTg-qkPAZg,Gweilo-60,2019-02-13 21:54:32.728636,10668,0
UChXOhG9bRDb3vSTg-qkPAZg,Gweilo-60,2019-02-13 21:53:32.263433,10668,0
UChXOhG9bRDb3vSTg-qkPAZg,Gweilo-60,2019-02-13 21:52:33.139673,10668,0
UChXOhG9bRDb3vSTg-qkPAZg,Gweilo-60,2019-02-13 21:51:32.502457,10668,1
UChXOhG9bRDb3vSTg-qkPAZg,Gweilo-60,2019-02-13 21:50:32.74253,10667,0
UChXOhG9bRDb3vSTg-qkPAZg,Gweilo-60,2019-02-13 21:49:32.398537,10667,0
UChXOhG9bRDb3vSTg-qkPAZg,Gweilo-60,2019-02-13 21:48:32.036288,10667,0
UChXOhG9bRDb3vSTg-qkPAZg,Gweilo-60,2019-02-13 21:47:32.072534,10667,0
UChXOhG9bRDb3vSTg-qkPAZg,Gweilo-60,2019-02-13 21:46:31.397128,10667,0
UChXOhG9bRDb3vSTg-qkPAZg,Gweilo-60,2019-02-13 21:45:32.301666,10667,0
UChXOhG9bRDb3vSTg-qkPAZg,Gweilo-60,2019-02-13 21:44:32.113379,10667,0
UChXOhG9bRDb3vSTg-qkPAZg,Gweilo-60,2019-02-13 21:43:32.777866,10667,0
UChXOhG9bRDb3vSTg-qkPAZg,Gweilo-60,2019-02-13 21:42:32.756749,10667,0
UChXOhG9bRDb3vSTg-qkPAZg,Gweilo-60,2019-02-13 21:41:32.82864,10667,0
UChXOhG9bRDb3vSTg-qkPAZg,Gweilo-60,2019-02-13 21:40:32.870711,10667,0
UChXOhG9bRDb3vSTg-qkPAZg,Gweilo-60,2019-02-13 21:39:32.186532,10667,0
UChXOhG9bRDb3vSTg-qkPAZg,Gweilo-60,2019-02-13 21:38:32.310958,10667,0
UChXOhG9bRDb3vSTg-qkPAZg,Gweilo-60,2019-02-13 21:37:32.219981,10667,0
UChXOhG9bRDb3vSTg-qkPAZg,Gweilo-60,2019-02-13 21:36:33.576665,10667,0
UChXOhG9bRDb3vSTg-qkPAZg,Gweilo-60,2019-02-13 21:35:33.261282,10667,0
UChXOhG9bRDb3vSTg-qkPAZg,Gweilo-60,2019-02-13 21:34:32.289886,10667,0
UChXOhG9bRDb3vSTg-qkPAZg,Gweilo-60,2019-02-13 21:33:33.019333,10667,0
UChXOhG9bRDb3vSTg-qkPAZg,Gweilo-60,2019-02-13 21:32:32.272847,10667,0
UChXOhG9bRDb3vSTg-qkPAZg,Gweilo-60,2019-02-13 21:31:32.020952,10667,0
UChXOhG9bRDb3vSTg-qkPAZg,Gweilo-60,2019-02-13 21:30:32.668094,10667,0
UChXOhG9bRDb3vSTg-qkPAZg,Gweilo-60,2019-02-13 21:29:32.838239,10667,0
UChXOhG9bRDb3vSTg-qkPAZg,Gweilo-60,2019-02-13 21:28:32.314429,10667,0
UChXOhG9bRDb3vSTg-qkPAZg,Gweilo-60,2019-02-13 21:27:32.394665,10667,0
UChXOhG9bRDb3vSTg-qkPAZg,Gweilo-60,2019-02-13 21:26:32.364754,10667,0
UChXOhG9bRDb3vSTg-qkPAZg,Gweilo-60,2019-02-13 21:25:32.62787,10667,0
UChXOhG9bRDb3vSTg-qkPAZg,Gweilo-60,2019-02-13 21:24:33.275371,10667,0
UChXOhG9bRDb3vSTg-qkPAZg,Gweilo-60,2019-02-13 21:23:32.330417,10667,0
UChXOhG9bRDb3vSTg-qkPAZg,Gweilo-60,2019-02-13 21:22:32.444046,10667,0
UChXOhG9bRDb3vSTg-qkPAZg,Gweilo-60,2019-02-13 21:21:32.63391,10667,0
UChXOhG9bRDb3vSTg-qkPAZg,Gweilo-60,2019-02-13 21:20:31.988804,10667,0
UChXOhG9bRDb3vSTg-qkPAZg,Gweilo-60,2019-02-13 21:19:31.822971,10667,0
UChXOhG9bRDb3vSTg-qkPAZg,Gweilo-60,2019-02-13 21:18:31.688371,10667,0
UChXOhG9bRDb3vSTg-qkPAZg,Gweilo-60,2019-02-13 21:17:33.367816,10667,0
UChXOhG9bRDb3vSTg-qkPAZg,Gweilo-60,2019-02-13 21:16:32.519269,10667,0
UChXOhG9bRDb3vSTg-qkPAZg,Gweilo-60,2019-02-13 21:15:33.095934,10667,0
UChXOhG9bRDb3vSTg-qkPAZg,Gweilo-60,2019-02-13 21:14:32.895912,10667,0
UChXOhG9bRDb3vSTg-qkPAZg,Gweilo-60,2019-02-13 21:13:32.425525,10667,0
UChXOhG9bRDb3vSTg-qkPAZg,Gweilo-60,2019-02-13 21:12:32.299244,10667,0
UChXOhG9bRDb3vSTg-qkPAZg,Gweilo-60,2019-02-13 21:11:32.593852,10667,0
UChXOhG9bRDb3vSTg-qkPAZg,Gweilo-60,2019-02-13 21:10:32.373792,10667,0
UChXOhG9bRDb3vSTg-qkPAZg,Gweilo-60,2019-02-13 21:09:32.122454,10667,0
UChXOhG9bRDb3vSTg-qkPAZg,Gweilo-60,2019-02-13 21:08:32.337885,10667,0
UChXOhG9bRDb3vSTg-qkPAZg,Gweilo-60,2019-02-13 21:07:32.402082,10667,0
UChXOhG9bRDb3vSTg-qkPAZg,Gweilo-60,2019-02-13 21:06:32.957373,10667,0
UChXOhG9bRDb3vSTg-qkPAZg,Gweilo-60,2019-02-13 21:05:32.466208,10667,0
UChXOhG9bRDb3vSTg-qkPAZg,Gweilo-60,2019-02-13 21:04:33.687996,10667,0
UChXOhG9bRDb3vSTg-qkPAZg,Gweilo-60,2019-02-13 21:03:32.019988,10667,0
UChXOhG9bRDb3vSTg-qkPAZg,Gweilo-60,2019-02-13 21:02:34.182925,10667,0
UChXOhG9bRDb3vSTg-qkPAZg,Gweilo-60,2019-02-13 21:01:32.842845,10667,0
UChXOhG9bRDb3vSTg-qkPAZg,Gweilo-60,2019-02-13 21:00:32.287874,10667,0
UChXOhG9bRDb3vSTg-qkPAZg,Gweilo-60,2019-02-13 20:59:32.106297,10667,0
UChXOhG9bRDb3vSTg-qkPAZg,Gweilo-60,2019-02-13 20:58:31.764162,10667,0
UChXOhG9bRDb3vSTg-qkPAZg,Gweilo-60,2019-02-13 20:57:32.542459,10667,0
UChXOhG9bRDb3vSTg-qkPAZg,Gweilo-60,2019-02-13 20:56:32.190009,10667,0
UChXOhG9bRDb3vSTg-qkPAZg,Gweilo-60,2019-02-13 20:55:32.366823,10667,0
UChXOhG9bRDb3vSTg-qkPAZg,Gweilo-60,2019-02-13 20:54:32.440163,10667,0
UChXOhG9bRDb3vSTg-qkPAZg,Gweilo-60,2019-02-13 20:53:32.605292,10667,0
UChXOhG9bRDb3vSTg-qkPAZg,Gweilo-60,2019-02-13 20:52:32.347024,10667,0
UChXOhG9bRDb3vSTg-qkPAZg,Gweilo-60,2019-02-13 20:51:32.239679,10667,0
UChXOhG9bRDb3vSTg-qkPAZg,Gweilo-60,2019-02-13 20:50:32.195696,10667,0
UChXOhG9bRDb3vSTg-qkPAZg,Gweilo-60,2019-02-13 20:49:32.36982,10667,0
UChXOhG9bRDb3vSTg-qkPAZg,Gweilo-60,2019-02-13 20:48:32.209796,10667,0
UChXOhG9bRDb3vSTg-qkPAZg,Gweilo-60,2019-02-13 20:47:33.039372,10667,0
UChXOhG9bRDb3vSTg-qkPAZg,Gweilo-60,2019-02-13 20:46:32.814748,10667,0
UChXOhG9bRDb3vSTg-qkPAZg,Gweilo-60,2019-02-13 20:45:33.977914,10667,0
UChXOhG9bRDb3vSTg-qkPAZg,Gweilo-60,2019-02-13 20:44:33.157088,10667,0
UChXOhG9bRDb3vSTg-qkPAZg,Gweilo-60,2019-02-13 20:43:47.922402,10667,-1
UChXOhG9bRDb3vSTg-qkPAZg,Gweilo-60,2019-02-13 20:23:40.981741,10668,0
UChXOhG9bRDb3vSTg-qkPAZg,Gweilo-60,2019-02-13 20:22:14.397521,10668,0
UChXOhG9bRDb3vSTg-qkPAZg,Gweilo-60,2019-02-13 20:21:49.972287,10668,0
UChXOhG9bRDb3vSTg-qkPAZg,Gweilo-60,2019-02-13 16:50:20.86658,10668,0
UChXOhG9bRDb3vSTg-qkPAZg,Gweilo-60,2019-02-13 16:43:21.493168,10668,\N
